# Exudyn: solution of belt drive, beam (axial) forces over belt length
# Exudyn output file
# Exudyn version=1.2.34.dev1
# endTime=0.5
# stepSize=5e-05
# nSegments=4
# nANCFnodes=240
# contactStiffnessPerArea=100000000.0
# frictionStiffnessPerArea=100000000.0
# contactStiffness=418879.02047863905
# frictionStiffness=523598.7755982988
# contactDamping=8.377580409572781
# frictionVelocityPenalty=33.70609928242229
# dryFriction=0.5
# 
1.525152747334251879e-03,5.236641262107549437e+02
4.143146625325749843e-03,5.234638739058423198e+02
6.761140503317247807e-03,5.234583126390397183e+02
9.379134381308745771e-03,5.234519691362833100e+02
1.199712825930024374e-02,5.234452759919814753e+02
1.461512213729174170e-02,5.234375277588731024e+02
1.723311601528323966e-02,5.234295582675990772e+02
1.985110989327473763e-02,5.234210029155888151e+02
2.246910377126623559e-02,5.234123723203647387e+02
2.508709764925773356e-02,5.234035685332728463e+02
2.770509152724923152e-02,5.233947667679120741e+02
3.032308540524072948e-02,5.233863080051681891e+02
3.294107928323219969e-02,5.233780445957992242e+02
3.555907316122369766e-02,5.233703507139606472e+02
3.817706703921519562e-02,5.233628259621274310e+02
4.079506091720669358e-02,5.233559488441713938e+02
4.341305479519819155e-02,5.233492259881410291e+02
4.603104867318968951e-02,5.233430356066324975e+02
4.864904255118118748e-02,5.233369721133291250e+02
5.126703642917268544e-02,5.233313068752222534e+02
5.388503030716418341e-02,5.233257083805199272e+02
5.650302418515568137e-02,5.233202485675578828e+02
5.912101806314717933e-02,5.233148115986804214e+02
6.173901194113867730e-02,5.233094344437081418e+02
6.435700581913017526e-02,5.233040537868432693e+02
6.697499969712167323e-02,5.232985635683135115e+02
6.959299357511317119e-02,5.232930449094041023e+02
7.221098745310466915e-02,5.232874177079895617e+02
7.482898133109616712e-02,5.232817600588515461e+02
7.744697520908766508e-02,5.232759480655965945e+02
8.006496908707916305e-02,5.232700970150585817e+02
8.268296296507066101e-02,5.232640949739806047e+02
8.530095684306215897e-02,5.232580556998958627e+02
8.791895072105365694e-02,5.232518356960196115e+02
9.053694459904515490e-02,5.232455729779584317e+02
9.315493847703665287e-02,5.232391956822401653e+02
9.577293235502815083e-02,5.232327944410516238e+02
9.839092623301964879e-02,5.232263072879384254e+02
1.010089201110111468e-01,5.232198104900807039e+02
1.036269139890026447e-01,5.232133212749615723e+02
1.062449078669941427e-01,5.232068814412102711e+02
1.088629017449856407e-01,5.232005604240504226e+02
1.114808956229771386e-01,5.231942925410380667e+02
1.140988895009686366e-01,5.231882106574726095e+02
1.167168833789601345e-01,5.231821871202212151e+02
1.193348772569516325e-01,5.231764725528255440e+02
1.219528711349431305e-01,5.231708640855855492e+02
1.245708650129346284e-01,5.231656382388106294e+02
1.271888588909261264e-01,5.231605321247428719e+02
1.298068527689176244e-01,5.231559397526939392e+02
1.324248466469091223e-01,5.231514511759263542e+02
1.350428405249006203e-01,5.231474996302863474e+02
1.376608344028921183e-01,5.231437318265484464e+02
1.402788282808836162e-01,5.231405343723572514e+02
1.428968221588751142e-01,5.231374964484963357e+02
1.455148160368666121e-01,5.231351504751539778e+02
1.481328099148581101e-01,5.231330221892076224e+02
1.507508037928496081e-01,5.231315829666242507e+02
1.533687976708411060e-01,5.231303455690788269e+02
1.559867915488326040e-01,5.231297814937906878e+02
1.586047854268241020e-01,5.231293675098520453e+02
1.612227793048155999e-01,5.231295234357087338e+02
1.638407731828070979e-01,5.231298360476127982e+02
1.664587670607985959e-01,5.231307178945378382e+02
1.690767609387900938e-01,5.231317605732183438e+02
1.716947548167815918e-01,5.231332756335489194e+02
1.743127486947730898e-01,5.231349013745007142e+02
1.769307425727645877e-01,5.231368465780719816e+02
1.795487364507560857e-01,5.231388516077680606e+02
1.821667303287475836e-01,5.231408259204087017e+02
1.847847242067390816e-01,5.231428207348606065e+02
1.874027180847305796e-01,5.231448701153468619e+02
1.900207119627220775e-01,5.231469474326625004e+02
1.926387058407135755e-01,5.231488421123430044e+02
1.952566997187050735e-01,5.231506643774604299e+02
1.978746935966965714e-01,5.231521488586299711e+02
2.004926874746880694e-01,5.231535331510805236e+02
2.031106813526795674e-01,5.231544260293215984e+02
2.057286752306710653e-01,5.231551714604329391e+02
2.083466691086625633e-01,5.231552510832742655e+02
2.109646629866540612e-01,5.231551812250017974e+02
2.135826568646455592e-01,5.231542629366113033e+02
2.162006507426370572e-01,5.231531056466515111e+02
2.188186446206285551e-01,5.231509545077203711e+02
2.214366384986200531e-01,5.231485300910601381e+02
2.240546323766115511e-01,5.231449487160082299e+02
2.266726262546030490e-01,5.231410858468369725e+02
2.292906201325945470e-01,5.231359885374655505e+02
2.319086140105860450e-01,5.231305769994671664e+02
2.345266078885775429e-01,5.231238279425044766e+02
2.371446017665690409e-01,5.231167405948996247e+02
2.397625956445605389e-01,5.231082541902960656e+02
2.423805895225520368e-01,5.230994226491598056e+02
2.449985834005435348e-01,5.230891405044253588e+02
2.476165772785350327e-01,5.230784928601502770e+02
2.502345711565265307e-01,5.230664331880520876e+02
2.528525650345180287e-01,5.230540937384771496e+02
2.554705589125095266e-01,5.230404584353407245e+02
2.580885527905010246e-01,5.230264839915923858e+02
2.607065466684925226e-01,5.230113091721184446e+02
2.633245405464840205e-01,5.229958748011503076e+02
2.659425344244755185e-01,5.229795884561848425e+02
2.685605283024670165e-01,5.229631399528715292e+02
2.711785221804585144e-01,5.229461679924017972e+02
2.737965160584500124e-01,5.229290855836607079e+02
2.764145099364415104e-01,5.229118837766827710e+02
2.790325038144330083e-01,5.228947289626599968e+02
2.816504976924245063e-01,5.228780049307080162e+02
2.842684915704159487e-01,5.228614622993447938e+02
2.868864854484073912e-01,5.228458663301967135e+02
2.895044793263989447e-01,5.228306049936313684e+02
2.921224732043903871e-01,5.228169610432131549e+02
2.947404670823819406e-01,5.228037827618131814e+02
2.973584609603733830e-01,5.227929785493796544e+02
2.999764548383649365e-01,5.227829429574726419e+02
3.025944487163563790e-01,5.227765449988729642e+02
3.052124425943479324e-01,5.228352847766129798e+02
3.078304364723393749e-01,5.226062834557640144e+02
3.104484303503309284e-01,5.206667629107198536e+02
3.130664242283223708e-01,5.128760086127630302e+02
3.156844181063139243e-01,5.060178172341646814e+02
3.183024119843053668e-01,4.992875673736027125e+02
3.209204058622969202e-01,4.927816232634175435e+02
3.235383997402883627e-01,4.862160067902036076e+02
3.261563936182799162e-01,4.798958230722894314e+02
3.287743874962713586e-01,4.735099658683326425e+02
3.313923813742629121e-01,4.673629197145958756e+02
3.340103752522543545e-01,4.611487065909158787e+02
3.366283691302459080e-01,4.551683420316278443e+02
3.392463630082373505e-01,4.491252901843397467e+02
3.418643568862289039e-01,4.433065289508001570e+02
3.444823507642203464e-01,4.374284154280159669e+02
3.471003446422118999e-01,4.317690473960748250e+02
3.497183385202033423e-01,4.260501367531404071e+02
3.523363323981948958e-01,4.205438951469687368e+02
3.549543262761863383e-01,4.149820947715575699e+02
3.575723201541778917e-01,4.094438703661018621e+02
3.601903140321693342e-01,4.050984390506897626e+02
3.628083079101608877e-01,4.019882863068185088e+02
3.654263017881523301e-01,4.006424623604041813e+02
3.680442956661438836e-01,3.996568178156950921e+02
3.706622895441353260e-01,3.989989737655022850e+02
3.732802834221268795e-01,3.985254823238444146e+02
3.758982773001183220e-01,3.976706941600987761e+02
3.785162711781098754e-01,3.968602146337548788e+02
3.811342650561013179e-01,3.946120556543630187e+02
3.837522589340928714e-01,3.917177554374788429e+02
3.863702528120843138e-01,3.864956643478527099e+02
3.889882466900758673e-01,3.815495923840088608e+02
3.916062405680673097e-01,3.765801082541732967e+02
3.942242344460588632e-01,3.718067380890904587e+02
3.968422283240503057e-01,3.670700072989048977e+02
3.994602222020418592e-01,3.625416808038357885e+02
4.020782160800333016e-01,3.582435880755995186e+02
4.046962099580248551e-01,3.542180094087026418e+02
4.073142038360162975e-01,3.510469337043916198e+02
4.099321977140078510e-01,3.484768951013111860e+02
4.125501915919992935e-01,3.476891799814407591e+02
4.151681854699908469e-01,3.478748822489679924e+02
4.177861793479822894e-01,3.510262858647076882e+02
4.204041732259738429e-01,3.542715839073904931e+02
4.230221671039652853e-01,3.562774110763299404e+02
4.256401609819568388e-01,3.578503388378795194e+02
4.282581548599482812e-01,3.571402371768114108e+02
4.308761487379398347e-01,3.559694574217032823e+02
4.334941426159312772e-01,3.526212982251337280e+02
4.361121364939228306e-01,3.488799420468700987e+02
4.387301303719142731e-01,3.444502822064443990e+02
4.413481242499058266e-01,3.403524927233320909e+02
4.439661181278972690e-01,3.367007259243192152e+02
4.465841120058888225e-01,3.334181491286825576e+02
4.492021058838802650e-01,3.308381839498408112e+02
4.518200997618718184e-01,3.285625779576125183e+02
4.544380936398632609e-01,3.269778963072791953e+02
4.570560875178548144e-01,3.256004745854939415e+02
4.596740813958462568e-01,3.247654073917747723e+02
4.622920752738378103e-01,3.240908314578566092e+02
4.649100691518292527e-01,3.238268385543283898e+02
4.675280630298208062e-01,3.238027580925492543e+02
4.701460569078122487e-01,3.239614778631690228e+02
4.727640507858038021e-01,3.242951047555585546e+02
4.753820446637952446e-01,3.246099213485906603e+02
4.780000385417867981e-01,3.250452274819651848e+02
4.806180324197782405e-01,3.253150119927897208e+02
4.832360262977697940e-01,3.256857275519419090e+02
4.858540201757612365e-01,3.257757641509122095e+02
4.884720140537527899e-01,3.259434126864729251e+02
4.910900079317442324e-01,3.257788816303043404e+02
4.937080018097357859e-01,3.256669112642586015e+02
4.963259956877272283e-01,3.251382909126897971e+02
4.989439895657187818e-01,3.246691133072999946e+02
5.015619834437101687e-01,3.237702874147110492e+02
5.041799773217017222e-01,3.229362947046303702e+02
5.067979711996932757e-01,3.217026543869089323e+02
5.094159650776848292e-01,3.205301059815409985e+02
5.120339589556761606e-01,3.191028400826342590e+02
5.146519528336677141e-01,3.176760915047524918e+02
5.172699467116592675e-01,3.161498329479907738e+02
5.198879405896508210e-01,3.146160976124546096e+02
5.225059344676421524e-01,3.130706689361182384e+02
5.251239283456337059e-01,3.115789801559980106e+02
5.277419222236252594e-01,3.101396907114594796e+02
5.303599161016168129e-01,3.087337045148018433e+02
5.329779099796081443e-01,3.073826408204213863e+02
5.355959038575996978e-01,3.061100358159583266e+02
5.382138977355912512e-01,3.049471303138110443e+02
5.408318916135828047e-01,3.038473636552390076e+02
5.434498854915741362e-01,3.028753164289651636e+02
5.460678793695656896e-01,3.019346924416311140e+02
5.486858732475572431e-01,3.011312153783940744e+02
5.513038671255487966e-01,3.003510198007820122e+02
5.539218610035401280e-01,2.996886877445526807e+02
5.565398548815316815e-01,2.990655001972942841e+02
5.591578487595232350e-01,2.985362795174565349e+02
5.617758426375147884e-01,2.980514570963102301e+02
5.643938365155061199e-01,2.976489330608104638e+02
5.670118303934976733e-01,2.972777256039772169e+02
5.696298242714892268e-01,2.969716913426983069e+02
5.722478181494807803e-01,2.966793721218305109e+02
5.748658120274721117e-01,2.964395174690328645e+02
5.774838059054636652e-01,2.962119558940663069e+02
5.801017997834552187e-01,2.960043141246883351e+02
5.827197936614467721e-01,2.957953760433443904e+02
5.853377875394381036e-01,2.956034992462502942e+02
5.879557814174296571e-01,2.953687601448725673e+02
5.905737752954212105e-01,2.951443867983289238e+02
5.931917691734127640e-01,2.949205895922534637e+02
5.958097630514040954e-01,2.946452545690950728e+02
5.984277569293956489e-01,2.943774529903749340e+02
6.010457508073872024e-01,2.940523453071282347e+02
6.036637446853787559e-01,2.936616048081849044e+02
6.062817385633700873e-01,2.932441756314143504e+02
6.088997324413616408e-01,2.928175328876632761e+02
6.115177263193531942e-01,2.921314206064223526e+02
6.141357201973447477e-01,2.913695923935183600e+02
6.167537140753360791e-01,2.899912348497844050e+02
6.193717079533276326e-01,2.881971894501202769e+02
6.219897018313191861e-01,2.843586930073479380e+02
6.246076957093107396e-01,2.813506297902141000e+02
6.272256895873020710e-01,2.817355569756809928e+02
6.298436834652936245e-01,2.817179061017558865e+02
6.324616773432851780e-01,2.817001701467825114e+02
6.350796712212767314e-01,2.816814060057567417e+02
6.376976650992680629e-01,2.816639415634675743e+02
6.403156589772596163e-01,2.816471182315835335e+02
6.429336528552511698e-01,2.816331625039416622e+02
6.455516467332427233e-01,2.816200509886967893e+02
6.481696406112340547e-01,2.816101942631077009e+02
6.507876344892256082e-01,2.816011683102683492e+02
6.534056283672171617e-01,2.815951172750120008e+02
6.560236222452087151e-01,2.815897593798536604e+02
6.586416161232000466e-01,2.815868570860326372e+02
6.612596100011916000e-01,2.815845017680046567e+02
6.638776038791831535e-01,2.815839053805694334e+02
6.664955977571747070e-01,2.815836333460795800e+02
6.691135916351660384e-01,2.815843621519636031e+02
6.717315855131575919e-01,2.815852668192605961e+02
6.743495793911491454e-01,2.815866760252039853e+02
6.769675732691406989e-01,2.815882369168907644e+02
6.795855671471320303e-01,2.815899120542774199e+02
6.822035610251235838e-01,2.815915371846660378e+02
6.848215549031151372e-01,2.815928197961559363e+02
6.874395487811066907e-01,2.815940047676169229e+02
6.900575426590980221e-01,2.815946239608202859e+02
6.926755365370895756e-01,2.815950504118309254e+02
6.952935304150811291e-01,2.815947447875508374e+02
6.979115242930726826e-01,2.815942761474508416e+02
7.005295181710640140e-01,2.815932103263475028e+02
7.031475120490555675e-01,2.815920231792492814e+02
7.057655059270471209e-01,2.815902095619553052e+02
7.083834998050386744e-01,2.815882014949558538e+02
7.110014936830300059e-01,2.815856628784561622e+02
7.136194875610215593e-01,2.815830636337183250e+02
7.162374814390131128e-01,2.815801428762866294e+02
7.188554753170046663e-01,2.815771543665910031e+02
7.214734691949959977e-01,2.815739371836561418e+02
7.240914630729875512e-01,2.815706734413420236e+02
7.267094569509791047e-01,2.815672295830452754e+02
7.293274508289706581e-01,2.815637494403484311e+02
7.319454447069619896e-01,2.815601593427116995e+02
7.345634385849535430e-01,2.815565477635831257e+02
7.371814324629450965e-01,2.815528969723932278e+02
7.397994263409366500e-01,2.815492296040028464e+02
7.424174202189279814e-01,2.815455081320348540e+02
7.450354140969195349e-01,2.815417931231567650e+02
7.476534079749110884e-01,2.815380829176842212e+02
7.502714018529026418e-01,2.815343731766197948e+02
7.528893957308939733e-01,2.815306063480065291e+02
7.555073896088855268e-01,2.815268222620134111e+02
7.581253834868770802e-01,2.815229957146125344e+02
7.607433773648686337e-01,2.815191597824063479e+02
7.633613712428599651e-01,2.815152246170806620e+02
7.659793651208515186e-01,2.815112662767026563e+02
7.685973589988430721e-01,2.815072203236464929e+02
7.712153528768346256e-01,2.815031465379747146e+02
7.738333467548259570e-01,2.814989861867417176e+02
7.764513406328175105e-01,2.814948134684178740e+02
7.790693345108090639e-01,2.814905702667990113e+02
7.816873283888006174e-01,2.814863165364072302e+02
7.843053222667921709e-01,2.814819816125359466e+02
7.869233161447835023e-01,2.814776263738181683e+02
7.895413100227750558e-01,2.814731751965007902e+02
7.921593039007663872e-01,2.814687254130249698e+02
7.947772977787579407e-01,2.814642429577648954e+02
7.973952916567492721e-01,2.814597448466149672e+02
8.000132855347408256e-01,2.814552381683020599e+02
8.026312794127321570e-01,2.814507287527657127e+02
8.052492732907237105e-01,2.814462228949702194e+02
8.078672671687150419e-01,2.814417574828512443e+02
8.104852610467065954e-01,2.814373435054047832e+02
8.131032549246979269e-01,2.814329320305487272e+02
8.157212488026894803e-01,2.814285948607355294e+02
8.183392426806808118e-01,2.814242782955316216e+02
8.209572365586723652e-01,2.814200624396662533e+02
8.235752304366636967e-01,2.814158790049498293e+02
8.261932243146552501e-01,2.814118426031675426e+02
8.288112181926465816e-01,2.814078422515460716e+02
8.314292120706381350e-01,2.814040001521755698e+02
8.340472059486294665e-01,2.814002279032284832e+02
8.366651998266210200e-01,2.813967147054989368e+02
8.392831937046123514e-01,2.813933178281425853e+02
8.419011875826039049e-01,2.813902445421817902e+02
8.445191814605952363e-01,2.813872579944229528e+02
8.471371753385867898e-01,2.813845864586017456e+02
8.497551692165781212e-01,2.813820008249820148e+02
8.523731630945696747e-01,2.813797818317813153e+02
8.549911569725610061e-01,2.813776951589001669e+02
8.576091508505525596e-01,2.813759551467139204e+02
8.602271447285438910e-01,2.813742934464259520e+02
8.628451386065354445e-01,2.813729439276073094e+02
8.654631324845267759e-01,2.813717148565799562e+02
8.680811263625183294e-01,2.813708784060356152e+02
8.706991202405096608e-01,2.813701730454537255e+02
8.733171141185012143e-01,2.813696716849232757e+02
8.759351079964925457e-01,2.813691905895866512e+02
8.785531018744840992e-01,2.813687998733954032e+02
8.811710957524754306e-01,2.813684415474783691e+02
8.837890896304669841e-01,2.813680919286333619e+02
8.864070835084583155e-01,2.813677600733535655e+02
8.890250773864498690e-01,2.813673494614794208e+02
8.916430712644412004e-01,2.813668921269151610e+02
8.942610651424327539e-01,2.813662980986047160e+02
8.968790590204240853e-01,2.813656784079043405e+02
8.994970528984156388e-01,2.813648816643685677e+02
9.021150467764069703e-01,2.813640463604025967e+02
9.047330406543985237e-01,2.813630829008574779e+02
9.073510345323898552e-01,2.813621236218547779e+02
9.099690284103814086e-01,2.813612145155057078e+02
9.125870222883727401e-01,2.813603416628847071e+02
9.152050161663642935e-01,2.813596867199768212e+02
9.178230100443556250e-01,2.813591499227084682e+02
9.204410039223471784e-01,2.813592023511704951e+02
9.230589978003385099e-01,2.813594342535259329e+02
9.256769916783300634e-01,2.813606391866883314e+02
9.282949855563213948e-01,2.813621400765476324e+02
9.309129794343129483e-01,2.813649800619625694e+02
9.335309733123042797e-01,2.813682135494901217e+02
9.361489671902958332e-01,2.813729553885942209e+02
9.387669610682871646e-01,2.813778887243499867e+02
9.413849549462787181e-01,2.813843731905803907e+02
9.440029488242700495e-01,2.809946144096323337e+02
9.466209427022616030e-01,2.830130558606260820e+02
9.492389365802529344e-01,2.869727885003415508e+02
9.518569304582444879e-01,2.909040390244923060e+02
9.544749243362358193e-01,2.947686505335357197e+02
9.570929182142273728e-01,2.985281624840098971e+02
9.597109120922187042e-01,3.024457170405945590e+02
9.623289059702102577e-01,3.063270095836183486e+02
9.649468998482015891e-01,3.103552719304569791e+02
9.675648937261931426e-01,3.143435561642668290e+02
9.701828876041844740e-01,3.184836474558068744e+02
9.728008814821760275e-01,3.225820437060799009e+02
9.754188753601673589e-01,3.268363643713793181e+02
9.780368692381589124e-01,3.310489465060310295e+02
9.806548631161502438e-01,3.354222695477607203e+02
9.832728569941417973e-01,3.397522427955831859e+02
9.858908508721331287e-01,3.442473941105739641e+02
9.885088447501246822e-01,3.486980512309326627e+02
9.911268386281160137e-01,3.533190433669229265e+02
9.937448325061075671e-01,3.578935208505187120e+02
9.963628263840988986e-01,3.626429079497863768e+02
9.989808202620904520e-01,3.673448442263223797e+02
1.001598814140081783e+00,3.722266119597497323e+02
1.004216808018073337e+00,3.770587959767172492e+02
1.006834801896064668e+00,3.820764664383312947e+02
1.009452795774056222e+00,3.870427959549779757e+02
1.012070789652047553e+00,3.921997909787697267e+02
1.014688783530039107e+00,3.973038896420064816e+02
1.017306777408030438e+00,4.026042495907122429e+02
1.019924771286021992e+00,4.078499402454408482e+02
1.022542765164013323e+00,4.132977345003760661e+02
1.025160759042004877e+00,4.186890221717968075e+02
1.027778752919996208e+00,4.242882800742723930e+02
1.030396746797987761e+00,4.298292213726168143e+02
1.033014740675979093e+00,4.356021677653588426e+02
1.035632734553970646e+00,4.412287320952095797e+02
1.038250728431965975e+00,4.469542595288938855e+02
1.040868722309957306e+00,4.511946796427527033e+02
1.043486716187948860e+00,4.553833421596847870e+02
1.046104710065940413e+00,4.553317826910713961e+02
1.048722703943931966e+00,4.532821214874903148e+02
1.051340697821923298e+00,4.494004738527832501e+02
1.053958691699914851e+00,4.462885850337869442e+02
1.056576685577906405e+00,4.450601728677960409e+02
1.059194679455897958e+00,4.447308366936150605e+02
1.061812673333889290e+00,4.464213540602916623e+02
1.064430667211880843e+00,4.488038300988535525e+02
1.067048661089872397e+00,4.522906351584556432e+02
1.069666654967863728e+00,4.561663532077042760e+02
1.072284648845855282e+00,4.601696325285331000e+02
1.074902642723846835e+00,4.643321441475956703e+02
1.077520636601838389e+00,4.679072150881869447e+02
1.080138630479829942e+00,4.715132573865753898e+02
1.082756624357821273e+00,4.741795103751999818e+02
1.085374618235812827e+00,4.768270314987569236e+02
1.087992612113804380e+00,4.784132651413644339e+02
1.090610605991795712e+00,4.800009381619949522e+02
1.093228599869787265e+00,4.806579250832810999e+02
1.095846593747778819e+00,4.813607521788352983e+02
1.098464587625770372e+00,4.813105878147137560e+02
1.101082581503761704e+00,4.813809333381151419e+02
1.103700575381753257e+00,4.809209392843285400e+02
1.106318569259744811e+00,4.806277799419274857e+02
1.108936563137736364e+00,4.800133959536535713e+02
1.111554557015727696e+00,4.796341629644986710e+02
1.114172550893719249e+00,4.791358359064009278e+02
1.116790544771710803e+00,4.789050555264432205e+02
1.119408538649702134e+00,4.786381114663259382e+02
1.122026532527693687e+00,4.786421910986525745e+02
1.124644526405685241e+00,4.787159858760605857e+02
1.127262520283676572e+00,4.790873979700750738e+02
1.129880514161668126e+00,4.795113726136272021e+02
1.132498508039659679e+00,4.802275267874780980e+02
1.135116501917651233e+00,4.809937402003330362e+02
1.137734495795642564e+00,4.820283019863082359e+02
1.140352489673634118e+00,4.830714243566914092e+02
1.142970483551625671e+00,4.843896299418170202e+02
1.145588477429617225e+00,4.856435237450336899e+02
1.148206471307608556e+00,4.871501467892724122e+02
1.150824465185600110e+00,4.884996064068214423e+02
1.153442459063591663e+00,4.900825537136898902e+02
1.156060452941582994e+00,4.914750605248182183e+02
1.158678446819574548e+00,4.930762352310451888e+02
1.161296440697566101e+00,4.944115102791451477e+02
1.163914434575557655e+00,4.959470336297566746e+02
1.166532428453548986e+00,4.971899310201181379e+02
1.169150422331540540e+00,4.986480919795650379e+02
1.171768416209532093e+00,4.997690089293062670e+02
1.174386410087523647e+00,5.010930416264703240e+02
1.177004403965514978e+00,5.020330720629905272e+02
1.179622397843506532e+00,5.031731779518754593e+02
1.182240391721498085e+00,5.039391732808015263e+02
1.184858385599489639e+00,5.049060617112393743e+02
1.187476379477480970e+00,5.055050610986592687e+02
1.190094373355472523e+00,5.062923715963299856e+02
1.192712367233464077e+00,5.067274957415016274e+02
1.195330361111455630e+00,5.073826266571786618e+02
1.197948354989446962e+00,5.076896359128016911e+02
1.200566348867438515e+00,5.082282593065789911e+02
1.203184342745430069e+00,5.084360916409950732e+02
1.205802336623421622e+00,5.088474276987673193e+02
1.208420330501412954e+00,5.089741034416555294e+02
1.211038324379404507e+00,5.093418842955187529e+02
1.213656318257396061e+00,5.094292054982398099e+02
1.216274312135387614e+00,5.097607397434320546e+02
1.218892306013378946e+00,5.098303455997295259e+02
1.221510299891370499e+00,5.101410266298860279e+02
1.224128293769362053e+00,5.101850275033310709e+02
1.226746287647353606e+00,5.104785855790933624e+02
1.229364281525344937e+00,5.105668080025606059e+02
1.231982275403336491e+00,5.108924064565708818e+02
1.234600269281328044e+00,5.110937617775464901e+02
1.237218263159319598e+00,5.115466838050478486e+02
1.239836257037310929e+00,5.119125249219930538e+02
1.242454250915302483e+00,5.126021077852300323e+02
1.245072244793294036e+00,5.134390058806997104e+02
1.247690238671285590e+00,5.145997776604440332e+02
1.250308232549276921e+00,5.167601271517443138e+02
1.252926226427268475e+00,5.203374770376376546e+02
1.255544220305260028e+00,5.232013534367955572e+02
