# Exudyn: solution of belt drive, beam velocities over belt length
# Exudyn output file
# Exudyn version=1.2.34.dev1
# endTime=2.45
# stepSize=1e-05
# nSegments=4
# nANCFnodes=480
# contactStiffnessPerArea=100000000.0
# frictionStiffnessPerArea=100000000.0
# contactStiffness=209439.51023931953
# frictionStiffness=261799.3877991494
# contactDamping=4.1887902047863905
# frictionVelocityPenalty=16.853049641211143
# dryFriction=0.5
# 
1.566108171402014193e-03,-1.200900668406134519e+00,9.608325851595463660e-04,0.000000000000000000e+00
4.184102049393567668e-03,-1.200939831190045659e+00,3.128761896404761919e-04,0.000000000000000000e+00
6.802095927385121144e-03,-1.200969753269362839e+00,-1.136891146646572606e-03,0.000000000000000000e+00
9.420089805376674619e-03,-1.200997028585854220e+00,-2.127292154291426235e-03,0.000000000000000000e+00
1.203808368336822809e-02,-1.201020874234090652e+00,-9.594143780867251357e-04,0.000000000000000000e+00
1.465607756135978157e-02,-1.201040726946824622e+00,5.186383430278943690e-04,0.000000000000000000e+00
1.727407143935133504e-02,-1.201056345689649030e+00,-8.192150068793120979e-05,0.000000000000000000e+00
1.989206531734288852e-02,-1.201067546875111081e+00,-8.714587369687257137e-04,0.000000000000000000e+00
2.251005919533444199e-02,-1.201074397375322178e+00,2.494834336018805256e-04,0.000000000000000000e+00
2.512805307332954818e-02,-1.201077108435439245e+00,-5.230741975631926933e-04,0.000000000000000000e+00
2.774604695132110166e-02,-1.201076193981856610e+00,-1.330494579772945572e-03,0.000000000000000000e+00
3.036404082931265513e-02,-1.201072173564843526e+00,-4.097445351989297425e-04,0.000000000000000000e+00
3.298203470730420861e-02,-1.201065697994726289e+00,1.790388253692966987e-03,0.000000000000000000e+00
3.560002858529554004e-02,-1.201057569367564692e+00,2.287967618837008672e-03,0.000000000000000000e+00
3.821802246328709352e-02,-1.201048394074436310e+00,8.227884115070611439e-04,0.000000000000000000e+00
4.083601634127864699e-02,-1.201038901725452357e+00,-3.032029520689781543e-04,0.000000000000000000e+00
4.345401021926997842e-02,-1.201029695700770450e+00,-1.565494735885329409e-04,0.000000000000000000e+00
4.607200409726153190e-02,-1.201021134240259025e+00,1.207490681918706480e-03,0.000000000000000000e+00
4.868999797525308537e-02,-1.201013649128217509e+00,9.512180427585527603e-04,0.000000000000000000e+00
5.130799185324463885e-02,-1.201007475408237823e+00,1.241980361427094800e-03,0.000000000000000000e+00
5.392598573123597028e-02,-1.201002687542995551e+00,2.354075123552276660e-03,0.000000000000000000e+00
5.654397960922752375e-02,-1.200999279251323992e+00,8.484537892508720036e-04,0.000000000000000000e+00
5.916197348721907723e-02,-1.200997419996449045e+00,-1.724938247163042282e-03,0.000000000000000000e+00
6.177996736521063070e-02,-1.200996947729320974e+00,-1.795185799293412196e-03,0.000000000000000000e+00
6.439796124320196213e-02,-1.200997550671372149e+00,2.396979032411017917e-05,0.000000000000000000e+00
6.701595512119351561e-02,-1.200999036988799284e+00,1.329913274634082895e-03,0.000000000000000000e+00
6.963394899918506908e-02,-1.201001264894758114e+00,5.054960827116706558e-04,0.000000000000000000e+00
7.225194287717640051e-02,-1.201004015278580139e+00,-4.838658485580382782e-04,0.000000000000000000e+00
7.486993675516795399e-02,-1.201007141548497081e+00,-1.291973940355967002e-03,0.000000000000000000e+00
7.748793063315950747e-02,-1.201010493991988559e+00,-2.364109658541826628e-03,0.000000000000000000e+00
8.010592451115106094e-02,-1.201013808620503109e+00,-2.565626793930554650e-03,0.000000000000000000e+00
8.272391838914239237e-02,-1.201016863244511068e+00,-1.362495046377671477e-03,0.000000000000000000e+00
8.534191226713394585e-02,-1.201019648479811019e+00,1.317264187341433013e-03,0.000000000000000000e+00
8.795990614512549932e-02,-1.201022056488369572e+00,1.329350619010734357e-03,0.000000000000000000e+00
9.057790002311705280e-02,-1.201024170046996575e+00,-1.437148608068251421e-03,0.000000000000000000e+00
9.319589390110838423e-02,-1.201026008372216625e+00,-2.765782460042348449e-03,0.000000000000000000e+00
9.581388777909993770e-02,-1.201027575159903327e+00,-2.392513604163983357e-03,0.000000000000000000e+00
9.843188165709149118e-02,-1.201028651449119744e+00,-1.035321322435261288e-03,0.000000000000000000e+00
1.010498755350830447e-01,-1.201029325487580568e+00,8.917766013776678730e-05,0.000000000000000000e+00
1.036678694130743761e-01,-1.201029692838663232e+00,1.248916854508791939e-03,0.000000000000000000e+00
1.062858632910659296e-01,-1.201029775268840138e+00,1.535493701089856930e-03,0.000000000000000000e+00
1.089038571690574830e-01,-1.201029678944127044e+00,-5.122721733983789114e-04,0.000000000000000000e+00
1.115218510470490365e-01,-1.201029529962836184e+00,-2.562670961340567446e-03,0.000000000000000000e+00
1.141398449250403679e-01,-1.201029240524628117e+00,-2.324232762540923061e-03,0.000000000000000000e+00
1.167578388030319214e-01,-1.201028943267360205e+00,-2.177910273448887255e-04,0.000000000000000000e+00
1.193758326810234749e-01,-1.201028543997560760e+00,2.017553267064577972e-03,0.000000000000000000e+00
1.219938265590150284e-01,-1.201028207543019199e+00,1.678624116389138433e-03,0.000000000000000000e+00
1.246118204370063598e-01,-1.201027946222372522e+00,3.715049102671143830e-04,0.000000000000000000e+00
1.272298143149979133e-01,-1.201027807498884714e+00,-6.329464820731553823e-04,0.000000000000000000e+00
1.298478081929894667e-01,-1.201027813324516691e+00,-1.656439088163843415e-03,0.000000000000000000e+00
1.324658020709810202e-01,-1.201027880398620962e+00,-1.542833470822638654e-03,0.000000000000000000e+00
1.350837959489723517e-01,-1.201028081983223528e+00,4.997687963369508522e-04,0.000000000000000000e+00
1.377017898269639051e-01,-1.201028324106939937e+00,2.577474223293229130e-03,0.000000000000000000e+00
1.403197837049554586e-01,-1.201028573747899175e+00,2.728964020784639590e-03,0.000000000000000000e+00
1.429377775829470121e-01,-1.201029095264257274e+00,6.720093375169683631e-04,0.000000000000000000e+00
1.455557714609383435e-01,-1.201029810563852607e+00,-7.271132197797869692e-04,0.000000000000000000e+00
1.481737653389298970e-01,-1.201030697680401271e+00,-1.112388500429298006e-03,0.000000000000000000e+00
1.507917592169214505e-01,-1.201031672447138376e+00,7.002480607462927562e-04,0.000000000000000000e+00
1.534097530949130039e-01,-1.201032763179831431e+00,2.309306907090362144e-03,0.000000000000000000e+00
1.560277469729043354e-01,-1.201033876349952845e+00,2.682506174261016507e-03,0.000000000000000000e+00
1.586457408508958888e-01,-1.201034907036489185e+00,2.707051264557056632e-03,0.000000000000000000e+00
1.612637347288874423e-01,-1.201036125545026811e+00,1.114809590548684849e-03,0.000000000000000000e+00
1.638817286068787737e-01,-1.201037551356672228e+00,-7.511293910614425711e-04,0.000000000000000000e+00
1.664997224848703272e-01,-1.201039047880752220e+00,-8.417542735326361079e-04,0.000000000000000000e+00
1.691177163628618807e-01,-1.201040604526693922e+00,9.005011291070016228e-04,0.000000000000000000e+00
1.717357102408534342e-01,-1.201042154831229558e+00,2.129135881636354515e-03,0.000000000000000000e+00
1.743537041188449876e-01,-1.201043716307157450e+00,2.287436822145204243e-03,0.000000000000000000e+00
1.769716979968363191e-01,-1.201045335599751240e+00,1.099336111953207792e-03,0.000000000000000000e+00
1.795896918748278726e-01,-1.201047080815505819e+00,-8.484869293021470287e-04,0.000000000000000000e+00
1.822076857528194260e-01,-1.201048884742732525e+00,-8.457311753845136179e-04,0.000000000000000000e+00
1.848256796308107575e-01,-1.201050660521559399e+00,-4.363604237332716724e-04,0.000000000000000000e+00
1.874436735088023109e-01,-1.201052461126279169e+00,8.029198679673299824e-06,0.000000000000000000e+00
1.900616673867938644e-01,-1.201054221757952734e+00,1.153087647964772672e-03,0.000000000000000000e+00
1.926796612647854179e-01,-1.201055834379032961e+00,1.916140029904165286e-03,0.000000000000000000e+00
1.952976551427769714e-01,-1.201057518020598680e+00,-3.306666273894619647e-04,0.000000000000000000e+00
1.979156490207683028e-01,-1.201059233103261681e+00,-1.487659597929924223e-03,0.000000000000000000e+00
2.005336428987598563e-01,-1.201060898524063392e+00,-1.401513580334983041e-03,0.000000000000000000e+00
2.031516367767514097e-01,-1.201062449314041158e+00,-1.275916030155652484e-04,0.000000000000000000e+00
2.057696306547427412e-01,-1.201063908989440820e+00,6.751121664595009786e-04,0.000000000000000000e+00
2.083876245327342946e-01,-1.201065234081362343e+00,7.175383704564527185e-04,0.000000000000000000e+00
2.110056184107258481e-01,-1.201066466760991158e+00,-3.955678869316595070e-05,0.000000000000000000e+00
2.136236122887174016e-01,-1.201067617823266653e+00,-2.725110369947911487e-04,0.000000000000000000e+00
2.162416061667089551e-01,-1.201068609975784351e+00,-8.316373102909087236e-04,0.000000000000000000e+00
2.188596000447002865e-01,-1.201069436360474363e+00,-2.028679563335935871e-03,0.000000000000000000e+00
2.214775939226918400e-01,-1.201070173626448856e+00,-3.579482387258802866e-04,0.000000000000000000e+00
2.240955878006833935e-01,-1.201070732398130225e+00,1.399265833660596949e-03,0.000000000000000000e+00
2.267135816786747249e-01,-1.201071155134663115e+00,5.426637248253971630e-04,0.000000000000000000e+00
2.293315755566662784e-01,-1.201071583529469189e+00,-9.950446456540775614e-04,0.000000000000000000e+00
2.319495694346578318e-01,-1.201072005110249474e+00,-1.225127207942776613e-03,0.000000000000000000e+00
2.345675633126493853e-01,-1.201072310198747495e+00,-8.202673958667607707e-04,0.000000000000000000e+00
2.371855571906409388e-01,-1.201072563375846114e+00,-5.736203319440082507e-04,0.000000000000000000e+00
2.398035510686322702e-01,-1.201072857281340500e+00,-3.547336739457749265e-05,0.000000000000000000e+00
2.424215449466238237e-01,-1.201073172626490049e+00,1.800500751133928944e-04,0.000000000000000000e+00
2.450395388246153772e-01,-1.201073443556585962e+00,8.360002388295544864e-04,0.000000000000000000e+00
2.476575327026067086e-01,-1.201073731699922709e+00,-1.570542231840357100e-04,0.000000000000000000e+00
2.502755265805982621e-01,-1.201074022328681323e+00,-1.650225201416683852e-03,0.000000000000000000e+00
2.528935204585898155e-01,-1.201074203563664566e+00,-7.242555315659700982e-04,0.000000000000000000e+00
2.555115143365813690e-01,-1.201074263110712081e+00,1.432444602858675906e-03,0.000000000000000000e+00
2.581295082145728115e-01,-1.201074074212189480e+00,4.344640927448687167e-04,0.000000000000000000e+00
2.607475020925642539e-01,-1.201073613483037317e+00,-5.555052090362600642e-04,0.000000000000000000e+00
2.633654959705558074e-01,-1.201072799690808823e+00,-4.560314652647555131e-04,0.000000000000000000e+00
2.659834898485473609e-01,-1.201071456955304484e+00,-3.973396005493390164e-05,0.000000000000000000e+00
2.686014837265388033e-01,-1.201069560875493547e+00,-1.649726756724429009e-04,0.000000000000000000e+00
2.712194776045302458e-01,-1.201067154411126658e+00,-3.644769856003039245e-04,0.000000000000000000e+00
2.738374714825217993e-01,-1.201064355987444765e+00,4.021491289391359268e-04,0.000000000000000000e+00
2.764554653605132417e-01,-1.201061331984367042e+00,6.083538179983722250e-04,0.000000000000000000e+00
2.790734592385046842e-01,-1.201058467435479615e+00,-3.895712596647582428e-04,0.000000000000000000e+00
2.816914531164962376e-01,-1.201056237083003797e+00,-1.726452363856408392e-03,0.000000000000000000e+00
2.843094469944877911e-01,-1.201055059075039289e+00,-6.369210592523251967e-04,0.000000000000000000e+00
2.869274408724792336e-01,-1.201055484655369376e+00,1.532388179827505730e-03,0.000000000000000000e+00
2.895454347504706760e-01,-1.201058174025314562e+00,8.272912789035911582e-04,0.000000000000000000e+00
2.921634286284622295e-01,-1.201063491428473906e+00,-4.275230609859050936e-04,0.000000000000000000e+00
2.947814225064537830e-01,-1.201071687109405151e+00,-3.066075902724675964e-04,0.000000000000000000e+00
2.973994163844452254e-01,-1.201082476145946876e+00,-4.081630706652197849e-04,0.000000000000000000e+00
3.000174102624366679e-01,-1.201093369806195632e+00,-7.528939188336922130e-04,0.000000000000000000e+00
3.026354041404282214e-01,-1.201113695988097696e+00,-8.068573751675588200e-04,0.000000000000000000e+00
3.052533980184197748e-01,-1.200466797698755528e+00,-4.094582785215475362e-04,0.000000000000000000e+00
3.078713918964112173e-01,-1.199160891213147506e+00,8.961389128673419302e-05,0.000000000000000000e+00
3.104893857744026597e-01,-1.197876575769049712e+00,3.049644352948605031e-04,0.000000000000000000e+00
3.131073796523942132e-01,-1.196598122176929291e+00,1.905710185891862363e-04,0.000000000000000000e+00
3.157253735303857667e-01,-1.195335558241741536e+00,-6.597945479497324683e-05,0.000000000000000000e+00
3.183433674083772091e-01,-1.194097407166889058e+00,-7.860100514517354142e-05,0.000000000000000000e+00
3.209613612863686516e-01,-1.192884386659849749e+00,4.528581056573166563e-05,0.000000000000000000e+00
3.235793551643602051e-01,-1.191692548006536345e+00,-4.718555574984018008e-05,0.000000000000000000e+00
3.261973490423517585e-01,-1.190519769026829433e+00,-3.698809646845990784e-06,0.000000000000000000e+00
3.288153429203432010e-01,-1.189368509537208851e+00,6.235351886485496209e-07,0.000000000000000000e+00
3.314333367983346434e-01,-1.188233401443356207e+00,6.819198983376573153e-05,0.000000000000000000e+00
3.340513306763261969e-01,-1.187115041100559321e+00,-3.030555964983472350e-05,0.000000000000000000e+00
3.366693245543177504e-01,-1.186015453753326510e+00,-1.290014316757126522e-05,0.000000000000000000e+00
3.392873184323091929e-01,-1.184933025844973287e+00,6.583824536221527524e-06,0.000000000000000000e+00
3.419053123103006353e-01,-1.183865792353216539e+00,1.754444650114983517e-07,0.000000000000000000e+00
3.445233061882921888e-01,-1.182814029487507579e+00,-4.859569080473136182e-07,0.000000000000000000e+00
3.471413000662837423e-01,-1.181778020011522212e+00,-6.283725500266790220e-06,0.000000000000000000e+00
3.497592939442751847e-01,-1.180756511279952736e+00,-3.252418917243371510e-06,0.000000000000000000e+00
3.523772878222666272e-01,-1.179749871147495410e+00,1.341725514292235744e-05,0.000000000000000000e+00
3.549952817002581806e-01,-1.178756661546618290e+00,-1.070347318021802607e-05,0.000000000000000000e+00
3.576132755782497341e-01,-1.177778487792034312e+00,3.451459024028658007e-06,0.000000000000000000e+00
3.602312694562411766e-01,-1.176813595181673389e+00,2.823000929685903770e-06,0.000000000000000000e+00
3.628492633342326190e-01,-1.175862367621651972e+00,-7.422580129423650419e-06,0.000000000000000000e+00
3.654672572122241725e-01,-1.174924503882215809e+00,5.284758204604500520e-06,0.000000000000000000e+00
3.680852510902157260e-01,-1.173999623097059519e+00,-2.342255618126287686e-06,0.000000000000000000e+00
3.707032449682071684e-01,-1.173087717708954258e+00,3.898369929200562467e-06,0.000000000000000000e+00
3.733212388461986109e-01,-1.172188175601176718e+00,1.992852485366292115e-06,0.000000000000000000e+00
3.759392327241901643e-01,-1.171301334313285203e+00,-2.122571812757101384e-07,0.000000000000000000e+00
3.785572266021817178e-01,-1.170426741249772196e+00,-9.021029855338369430e-07,0.000000000000000000e+00
3.811752204801731603e-01,-1.169564057687750402e+00,3.169673345015944221e-06,0.000000000000000000e+00
3.837932143581646027e-01,-1.168713474039026146e+00,-5.777909321103003037e-06,0.000000000000000000e+00
3.864112082361561562e-01,-1.167874335708674050e+00,1.058564528799710303e-05,0.000000000000000000e+00
3.890292021141477097e-01,-1.167046733534458980e+00,-5.439394129891361729e-06,0.000000000000000000e+00
3.916471959921391521e-01,-1.166230779868700385e+00,-3.162875102935558402e-07,0.000000000000000000e+00
3.942651898701305946e-01,-1.165425823694640428e+00,7.854079300262384322e-07,0.000000000000000000e+00
3.968831837481221481e-01,-1.164631998849007699e+00,1.699438748947734723e-06,0.000000000000000000e+00
3.995011776261137015e-01,-1.163848904809336560e+00,2.149115469918250199e-06,0.000000000000000000e+00
4.021191715041051440e-01,-1.163076792134090987e+00,-1.809445465017489596e-06,0.000000000000000000e+00
4.047371653820965864e-01,-1.162315144130610545e+00,1.531086148531812796e-06,0.000000000000000000e+00
4.073551592600881399e-01,-1.161563989745982184e+00,6.134224840304014492e-07,0.000000000000000000e+00
4.099731531380796934e-01,-1.160823064209544953e+00,2.149525572758825831e-06,0.000000000000000000e+00
4.125911470160711358e-01,-1.160092366197409630e+00,-2.946783417834275554e-07,0.000000000000000000e+00
4.152091408940625783e-01,-1.159371687356629765e+00,-7.144309707718399238e-07,0.000000000000000000e+00
4.178271347720541318e-01,-1.158660870759810724e+00,-8.433338275493085234e-07,0.000000000000000000e+00
4.204451286500456852e-01,-1.157959681595569723e+00,5.660381428573835194e-07,0.000000000000000000e+00
4.230631225280371277e-01,-1.157268012779434363e+00,-3.200285339510777760e-07,0.000000000000000000e+00
4.256811164060285702e-01,-1.156585825886930596e+00,-1.160689275914172924e-06,0.000000000000000000e+00
4.282991102840201236e-01,-1.155912826201841437e+00,1.857616969636044502e-06,0.000000000000000000e+00
4.309171041620116771e-01,-1.155248898622909248e+00,2.935860787811606087e-07,0.000000000000000000e+00
4.335350980400031196e-01,-1.154593910436041204e+00,1.336772041615752471e-06,0.000000000000000000e+00
4.361530919179945620e-01,-1.153947645938024902e+00,1.450582873208094981e-06,0.000000000000000000e+00
4.387710857959861155e-01,-1.153310100907674052e+00,-2.159567582926680274e-06,0.000000000000000000e+00
4.413890796739776690e-01,-1.152681124141745395e+00,-2.545622624916532573e-07,0.000000000000000000e+00
4.440070735519691114e-01,-1.152060468571581842e+00,3.535635813289861318e-07,0.000000000000000000e+00
4.466250674299605539e-01,-1.151448056134437126e+00,1.666167580793853631e-06,0.000000000000000000e+00
4.492430613079521073e-01,-1.150843699821448407e+00,1.982825723070846813e-06,0.000000000000000000e+00
4.518610551859436608e-01,-1.150247419433744644e+00,-2.936422980506780966e-06,0.000000000000000000e+00
4.544790490639351033e-01,-1.149659027970200809e+00,6.274984385989945679e-07,0.000000000000000000e+00
4.570970429419265457e-01,-1.149078267026876876e+00,1.671382677190247357e-07,0.000000000000000000e+00
4.597150368199180992e-01,-1.148505280795530270e+00,-2.009854991717480860e-06,0.000000000000000000e+00
4.623330306979096527e-01,-1.147939803007944182e+00,9.622682558517448026e-07,0.000000000000000000e+00
4.649510245759010951e-01,-1.147381703127444919e+00,3.171284266995089141e-07,0.000000000000000000e+00
4.675690184538925376e-01,-1.146830970630328572e+00,6.440953479597277820e-07,0.000000000000000000e+00
4.701870123318840911e-01,-1.146287409178108785e+00,3.428574497907344032e-06,0.000000000000000000e+00
4.728050062098756445e-01,-1.145750987447608171e+00,1.261521978157542634e-06,0.000000000000000000e+00
4.754230000878670870e-01,-1.145221807690164573e+00,-3.492950364308855526e-06,0.000000000000000000e+00
4.780409939658585294e-01,-1.144699612719718429e+00,3.652208140081381060e-07,0.000000000000000000e+00
4.806589878438500829e-01,-1.144184096866390998e+00,2.242332312579753406e-06,0.000000000000000000e+00
4.832769817218416364e-01,-1.143675524765989326e+00,-2.018884424692668489e-06,0.000000000000000000e+00
4.858949755998330788e-01,-1.143173759408720791e+00,-7.597385554003466268e-07,0.000000000000000000e+00
4.885129694778245213e-01,-1.142678594228690336e+00,1.456353213580285910e-07,0.000000000000000000e+00
4.911309633558160748e-01,-1.142189992498581441e+00,-1.968098882365598712e-06,0.000000000000000000e+00
4.937489572338076282e-01,-1.141707863546907564e+00,1.296709063625112179e-06,0.000000000000000000e+00
4.963669511117990707e-01,-1.141232049900557044e+00,2.465086318403919563e-07,0.000000000000000000e+00
4.989849449897905131e-01,-1.140762495827533307e+00,3.467760800235364371e-06,0.000000000000000000e+00
5.016029388677820666e-01,-1.140299087540936895e+00,5.816183195062052391e-07,0.000000000000000000e+00
5.042209327457736201e-01,-1.139841913421444142e+00,-3.122877886230224220e-06,0.000000000000000000e+00
5.068389266237650626e-01,-1.139390686778007256e+00,-3.590973349787418556e-07,0.000000000000000000e+00
5.094569205017565050e-01,-1.138945313678340288e+00,-3.523050352505219251e-06,0.000000000000000000e+00
5.120749143797480585e-01,-1.138505611898737557e+00,1.624521195731087886e-06,0.000000000000000000e+00
5.146929082577396120e-01,-1.138071551224759226e+00,-2.242006098884807841e-06,0.000000000000000000e+00
5.173109021357310544e-01,-1.137642951468957886e+00,3.914685593575661926e-06,0.000000000000000000e+00
5.199288960137224969e-01,-1.137219681154518103e+00,4.650315688081718690e-08,0.000000000000000000e+00
5.225468898917140503e-01,-1.136801845389709520e+00,-4.593255600315870879e-07,0.000000000000000000e+00
5.251648837697056038e-01,-1.136389231888730311e+00,-2.398929291214102477e-06,0.000000000000000000e+00
5.277828776476970463e-01,-1.135981618150075922e+00,1.188175632327315157e-06,0.000000000000000000e+00
5.304008715256884887e-01,-1.135579075974837204e+00,1.499348833422509131e-06,0.000000000000000000e+00
5.330188654036799312e-01,-1.135181521932168147e+00,-6.928907925085603381e-06,0.000000000000000000e+00
5.356368592816713736e-01,-1.134788974299704378e+00,4.105417431787827809e-06,0.000000000000000000e+00
5.382548531596628161e-01,-1.134401000728714415e+00,-1.095414781659975745e-06,0.000000000000000000e+00
5.408728470376542585e-01,-1.134017838344764773e+00,2.899330964534208022e-06,0.000000000000000000e+00
5.434908409156457010e-01,-1.133639560161911142e+00,-3.613576486261038667e-06,0.000000000000000000e+00
5.461088347936371434e-01,-1.133265587501736338e+00,-5.599734553829449624e-08,0.000000000000000000e+00
5.487268286716285859e-01,-1.132922390387264056e+00,-3.717914271450517560e-06,0.000000000000000000e+00
5.513448225496200283e-01,-1.132711997252098701e+00,2.975556750439700693e-06,0.000000000000000000e+00
5.539628164276114708e-01,-1.132592889426763172e+00,1.352681202804184579e-05,0.000000000000000000e+00
5.565808103056029132e-01,-1.132526059534755491e+00,-8.140679233381575841e-06,0.000000000000000000e+00
5.591988041835943557e-01,-1.132488797155786431e+00,-8.036859482696279144e-06,0.000000000000000000e+00
5.618167980615857982e-01,-1.132467764213408890e+00,3.112798633186919517e-06,0.000000000000000000e+00
5.644347919395772406e-01,-1.132456174140639371e+00,-3.265727123613615390e-06,0.000000000000000000e+00
5.670527858175686831e-01,-1.132449325408133145e+00,7.961693847702289162e-06,0.000000000000000000e+00
5.696707796955601255e-01,-1.132445363145255790e+00,-7.224975202835270949e-06,0.000000000000000000e+00
5.722887735735515680e-01,-1.132443734733143303e+00,1.321866405012972479e-05,0.000000000000000000e+00
5.749067674515430104e-01,-1.132442064005308335e+00,-6.447949661259055887e-06,0.000000000000000000e+00
5.775247613295344529e-01,-1.132441578010517480e+00,5.563489461901660604e-06,0.000000000000000000e+00
5.801427552075258953e-01,-1.132440635325438150e+00,-1.762323939086263280e-05,0.000000000000000000e+00
5.827607490855173378e-01,-1.132441304692342943e+00,2.105705629873444451e-05,0.000000000000000000e+00
5.853787429635087802e-01,-1.132440106981041250e+00,-1.192661909554804112e-05,0.000000000000000000e+00
5.879967368415002227e-01,-1.132438892564710642e+00,-2.218641287876632617e-05,0.000000000000000000e+00
5.906147307194916651e-01,-1.132440151312273491e+00,4.170597775815521047e-05,0.000000000000000000e+00
5.932327245974831076e-01,-1.132436147455099240e+00,-2.448079061395658229e-05,0.000000000000000000e+00
5.958507184754745500e-01,-1.132433086135461009e+00,-2.407757294498047429e-05,0.000000000000000000e+00
5.984687123534659925e-01,-1.132430776825815721e+00,1.507098582329002845e-05,0.000000000000000000e+00
6.010867062314574349e-01,-1.132424040319348624e+00,2.543240016272818593e-05,0.000000000000000000e+00
6.037047001094488774e-01,-1.132408991337832349e+00,-4.498593263790873209e-06,0.000000000000000000e+00
6.063226939874403199e-01,-1.132386897892972089e+00,-5.881190255158097457e-06,0.000000000000000000e+00
6.089406878654317623e-01,-1.132346890282352581e+00,1.382389173992804032e-06,0.000000000000000000e+00
6.115586817434232048e-01,-1.132260726711693977e+00,-1.194960579356668662e-04,0.000000000000000000e+00
6.141766756214146472e-01,-1.132059970444880381e+00,-1.088061049774602385e-04,0.000000000000000000e+00
6.167946694994060897e-01,-1.131714622573682494e+00,1.865388884862290153e-04,0.000000000000000000e+00
6.194126633773975321e-01,-1.131599561580560742e+00,4.233415759816797075e-04,0.000000000000000000e+00
6.220306572553889746e-01,-1.131549424768053091e+00,1.004093143397990703e-03,0.000000000000000000e+00
6.246486511333804170e-01,-1.131515214601238828e+00,1.306137358034196658e-03,0.000000000000000000e+00
6.272666450113718595e-01,-1.131492216550197494e+00,1.524872314805365836e-03,0.000000000000000000e+00
6.298846388893633019e-01,-1.131478238054605567e+00,1.454874622494987946e-03,0.000000000000000000e+00
6.325026327673547444e-01,-1.131471062567181551e+00,6.348249365959570192e-04,0.000000000000000000e+00
6.351206266453461868e-01,-1.131469011725751317e+00,1.070564490450162665e-03,0.000000000000000000e+00
6.377386205233376293e-01,-1.131470891215342167e+00,2.594184663473069266e-03,0.000000000000000000e+00
6.403566144013290717e-01,-1.131475345534847188e+00,2.079693499715371159e-03,0.000000000000000000e+00
6.429746082793205142e-01,-1.131481066793868395e+00,-2.966704376866982629e-05,0.000000000000000000e+00
6.455926021573119566e-01,-1.131487660089919522e+00,-5.147558485775654072e-04,0.000000000000000000e+00
6.482105960353033991e-01,-1.131494906154983271e+00,5.254895862754271549e-04,0.000000000000000000e+00
6.508285899132948416e-01,-1.131502593508092458e+00,5.154237072625871344e-04,0.000000000000000000e+00
6.534465837912862840e-01,-1.131510324413698365e+00,4.570422321631927021e-05,0.000000000000000000e+00
6.560645776692777265e-01,-1.131517985917870117e+00,-2.519254235068867434e-04,0.000000000000000000e+00
6.586825715472691689e-01,-1.131525438331357991e+00,-1.230971703649842361e-03,0.000000000000000000e+00
6.613005654252606114e-01,-1.131532500622338455e+00,-1.252181832960845044e-03,0.000000000000000000e+00
6.639185593032520538e-01,-1.131539290711572443e+00,6.870387513627481194e-04,0.000000000000000000e+00
6.665365531812434963e-01,-1.131545819913330142e+00,1.477050344538785240e-03,0.000000000000000000e+00
6.691545470592349387e-01,-1.131551699606095251e+00,4.225388361920809355e-05,0.000000000000000000e+00
6.717725409372263812e-01,-1.131556800273673780e+00,-1.447329597463909746e-03,0.000000000000000000e+00
6.743905348152178236e-01,-1.131561224846458158e+00,-6.058946118455039997e-05,0.000000000000000000e+00
6.770085286932092661e-01,-1.131565189753589662e+00,1.118091346624364504e-03,0.000000000000000000e+00
6.796265225712007085e-01,-1.131568524713658430e+00,5.666688689917364144e-04,0.000000000000000000e+00
6.822445164491921510e-01,-1.131571087858329605e+00,-1.227419882257208689e-04,0.000000000000000000e+00
6.848625103271835934e-01,-1.131573001393499034e+00,-7.485105987606243891e-04,0.000000000000000000e+00
6.874805042051750359e-01,-1.131574300003183042e+00,-1.100625328953499897e-03,0.000000000000000000e+00
6.900984980831664783e-01,-1.131575134655212533e+00,1.913427512575593611e-04,0.000000000000000000e+00
6.927164919611579208e-01,-1.131575867196478846e+00,1.805607398150333321e-03,0.000000000000000000e+00
6.953344858391493633e-01,-1.131576244074623094e+00,4.565421699236284388e-04,0.000000000000000000e+00
6.979524797171408057e-01,-1.131576122905404658e+00,-1.499554064542159976e-03,0.000000000000000000e+00
7.005704735951322482e-01,-1.131575727189949587e+00,-5.684176088818077011e-04,0.000000000000000000e+00
7.031884674731236906e-01,-1.131575444044579326e+00,1.395846920564459796e-03,0.000000000000000000e+00
7.058064613511151331e-01,-1.131575280930926075e+00,2.094533209860059871e-03,0.000000000000000000e+00
7.084244552291065755e-01,-1.131575002267623864e+00,1.059692990869401819e-03,0.000000000000000000e+00
7.110424491070980180e-01,-1.131574561549956393e+00,3.243568491727182902e-04,0.000000000000000000e+00
7.136604429850894604e-01,-1.131574114273022458e+00,2.568767524544100442e-04,0.000000000000000000e+00
7.162784368630809029e-01,-1.131573694112105288e+00,6.195568699135910878e-04,0.000000000000000000e+00
7.188964307410723453e-01,-1.131573382523454629e+00,2.083795783619395332e-03,0.000000000000000000e+00
7.215144246190637878e-01,-1.131573054620158558e+00,1.744965986365819115e-03,0.000000000000000000e+00
7.241324184970552302e-01,-1.131572595114631152e+00,-5.914145905729162669e-04,0.000000000000000000e+00
7.267504123750466727e-01,-1.131571919576687568e+00,-1.191476949688902512e-03,0.000000000000000000e+00
7.293684062530381151e-01,-1.131571286609191596e+00,3.495313785766953132e-04,0.000000000000000000e+00
7.319864001310295576e-01,-1.131570772895907240e+00,1.046535994294642410e-03,0.000000000000000000e+00
7.346043940090210000e-01,-1.131570194491020809e+00,5.726799747209066187e-04,0.000000000000000000e+00
7.372223878870124425e-01,-1.131569451595401121e+00,-2.753829269741226923e-04,0.000000000000000000e+00
7.398403817650038850e-01,-1.131568551359567243e+00,-6.109824909022055356e-04,0.000000000000000000e+00
7.424583756429953274e-01,-1.131567564554474492e+00,9.964605642801601521e-05,0.000000000000000000e+00
7.450763695209867699e-01,-1.131566701607307435e+00,1.397457734744379874e-03,0.000000000000000000e+00
7.476943633989782123e-01,-1.131565763077692299e+00,1.743749015775584782e-03,0.000000000000000000e+00
7.503123572769696548e-01,-1.131564687851796203e+00,1.050581528212032791e-03,0.000000000000000000e+00
7.529303511549610972e-01,-1.131563473938798525e+00,-9.281401428897243996e-05,0.000000000000000000e+00
7.555483450329525397e-01,-1.131562160856272259e+00,7.030347101858522426e-04,0.000000000000000000e+00
7.581663389109439821e-01,-1.131560923671440122e+00,1.635036069782911956e-03,0.000000000000000000e+00
7.607843327889354246e-01,-1.131559619507694459e+00,8.134279492357571932e-04,0.000000000000000000e+00
7.634023266669268670e-01,-1.131558159814581854e+00,-6.082094477843995838e-04,0.000000000000000000e+00
7.660203205449183095e-01,-1.131556550032425168e+00,-1.574370757601313347e-03,0.000000000000000000e+00
7.686383144229097519e-01,-1.131554822613903832e+00,-1.601660523721551779e-03,0.000000000000000000e+00
7.712563083009011944e-01,-1.131553159629488992e+00,-7.240837438372053035e-04,0.000000000000000000e+00
7.738743021788926368e-01,-1.131551652685015119e+00,-6.441287588429334739e-04,0.000000000000000000e+00
7.764922960568840793e-01,-1.131550187133509189e+00,-1.464835082112497626e-03,0.000000000000000000e+00
7.791102899348755217e-01,-1.131548633278330440e+00,-1.921127943104792082e-03,0.000000000000000000e+00
7.817282838128669642e-01,-1.131547015717694560e+00,-1.561996579317457244e-03,0.000000000000000000e+00
7.843462776908584067e-01,-1.131545624347274126e+00,-3.381292306365913151e-04,0.000000000000000000e+00
7.869642715688498491e-01,-1.131544432420383384e+00,6.298037067839959815e-04,0.000000000000000000e+00
7.895822654468412916e-01,-1.131543343245065003e+00,3.086022359900607694e-04,0.000000000000000000e+00
7.922002593248327340e-01,-1.131542282032425684e+00,-1.794420615953375890e-04,0.000000000000000000e+00
7.948182532028241765e-01,-1.131541299110484733e+00,4.901896119520363863e-04,0.000000000000000000e+00
7.974362470808156189e-01,-1.131540561550131052e+00,1.480874767329982186e-03,0.000000000000000000e+00
8.000542409588070614e-01,-1.131539972390649185e+00,1.978285564393563768e-03,0.000000000000000000e+00
8.026722348367985038e-01,-1.131539305302510900e+00,1.286339570405908980e-03,0.000000000000000000e+00
8.052902287147899463e-01,-1.131538729126375209e+00,9.060500082555171877e-04,0.000000000000000000e+00
8.079082225927813887e-01,-1.131538317349717992e+00,8.925954974645284885e-04,0.000000000000000000e+00
8.105262164707728312e-01,-1.131537981006559335e+00,9.472274900009423036e-04,0.000000000000000000e+00
8.131442103487642736e-01,-1.131537616998025131e+00,9.379558308340982167e-04,0.000000000000000000e+00
8.157622042267557161e-01,-1.131537286120718244e+00,8.794621868322579066e-04,0.000000000000000000e+00
8.183801981047471585e-01,-1.131536998493903212e+00,-9.394270823239510987e-05,0.000000000000000000e+00
8.209981919827386010e-01,-1.131536658966995734e+00,-4.049353588169127445e-04,0.000000000000000000e+00
8.236161858607300434e-01,-1.131536440563104540e+00,4.458646630169918121e-04,0.000000000000000000e+00
8.262341797387214859e-01,-1.131536351470320501e+00,5.970026508510480924e-04,0.000000000000000000e+00
8.288521736167129284e-01,-1.131536244004327063e+00,-2.827127036286328568e-04,0.000000000000000000e+00
8.314701674947043708e-01,-1.131536127929788194e+00,-5.518805737455567424e-04,0.000000000000000000e+00
8.340881613726958133e-01,-1.131536070172556974e+00,2.636313704943702742e-04,0.000000000000000000e+00
8.367061552506872557e-01,-1.131536157739177595e+00,3.660825600542302015e-04,0.000000000000000000e+00
8.393241491286786982e-01,-1.131536185610778178e+00,9.162599024550030849e-05,0.000000000000000000e+00
8.419421430066701406e-01,-1.131536213601913587e+00,2.431786035197143828e-04,0.000000000000000000e+00
8.445601368846615831e-01,-1.131536258554245000e+00,1.997281511318662814e-05,0.000000000000000000e+00
8.471781307626530255e-01,-1.131536281761099216e+00,-1.929795386262566845e-04,0.000000000000000000e+00
8.497961246406444680e-01,-1.131536332982787441e+00,6.674832404702092485e-04,0.000000000000000000e+00
8.524141185186359104e-01,-1.131536528523847451e+00,1.375176614170033930e-03,0.000000000000000000e+00
8.550321123966273529e-01,-1.131536650207021877e+00,3.151155724194351290e-04,0.000000000000000000e+00
8.576501062746187953e-01,-1.131536616326429101e+00,-7.303108886726372879e-04,0.000000000000000000e+00
8.602681001526102378e-01,-1.131536571768475996e+00,3.751200439487023704e-04,0.000000000000000000e+00
8.628860940306016802e-01,-1.131536763191321793e+00,1.293695856674057301e-03,0.000000000000000000e+00
8.655040879085931227e-01,-1.131536940250096990e+00,4.070203045479243303e-04,0.000000000000000000e+00
8.681220817865845651e-01,-1.131536963001221530e+00,-5.377829248971992965e-04,0.000000000000000000e+00
8.707400756645760076e-01,-1.131536982208507514e+00,-4.819386073745663378e-04,0.000000000000000000e+00
8.733580695425674500e-01,-1.131537057765314991e+00,-6.943629795852540761e-04,0.000000000000000000e+00
8.759760634205588925e-01,-1.131537167631780916e+00,-3.080721170659146343e-04,0.000000000000000000e+00
8.785940572985503350e-01,-1.131537546604020950e+00,7.761890701700642492e-04,0.000000000000000000e+00
8.812120511765417774e-01,-1.131538042707862290e+00,-3.750686977618440665e-04,0.000000000000000000e+00
8.838300450545332199e-01,-1.131538523908018679e+00,-2.060618765255676273e-03,0.000000000000000000e+00
8.864480389325246623e-01,-1.131539066720564479e+00,-1.370129191766063844e-03,0.000000000000000000e+00
8.890660328105161048e-01,-1.131539947771561305e+00,7.465773336201939753e-04,0.000000000000000000e+00
8.916840266885075472e-01,-1.131541206455736415e+00,1.084675709529301854e-03,0.000000000000000000e+00
8.943020205664989897e-01,-1.131542485690907540e+00,-4.855215849759540042e-04,0.000000000000000000e+00
8.969200144444904321e-01,-1.131543793781577767e+00,-7.984874573594641714e-04,0.000000000000000000e+00
8.995380083224818746e-01,-1.131545183981896852e+00,-4.137578668180728891e-04,0.000000000000000000e+00
9.021560022004733170e-01,-1.131546623414901864e+00,1.378852817782768442e-04,0.000000000000000000e+00
9.047739960784647595e-01,-1.131548130984563194e+00,1.257119537154177159e-03,0.000000000000000000e+00
9.073919899564562019e-01,-1.131549559529677396e+00,1.025865765345307032e-03,0.000000000000000000e+00
9.100099838344476444e-01,-1.131550674899234332e+00,-9.528488558717641485e-04,0.000000000000000000e+00
9.126279777124390868e-01,-1.131551408870826281e+00,-1.138802761797405930e-03,0.000000000000000000e+00
9.152459715904305293e-01,-1.131552103881277471e+00,1.326681352931629795e-03,0.000000000000000000e+00
9.178639654684219717e-01,-1.131552930724830430e+00,2.241640040721847374e-03,0.000000000000000000e+00
9.204819593464134142e-01,-1.131553561996063273e+00,9.211914360222790699e-04,0.000000000000000000e+00
9.230999532244048567e-01,-1.131554104485574364e+00,-9.738527647057404479e-05,0.000000000000000000e+00
9.257179471023962991e-01,-1.131554850811181012e+00,2.235666102388973037e-04,0.000000000000000000e+00
9.283359409803877416e-01,-1.131556193752158546e+00,1.230110497141320702e-03,0.000000000000000000e+00
9.309539348583791840e-01,-1.131558375607831790e+00,1.630448763698997758e-03,0.000000000000000000e+00
9.335719287363706265e-01,-1.131561416436104972e+00,1.710776237821109817e-03,0.000000000000000000e+00
9.361899226143620689e-01,-1.131565316754839401e+00,4.810350916347443800e-04,0.000000000000000000e+00
9.388079164923535114e-01,-1.131568780427242293e+00,-1.037964286725156365e-03,0.000000000000000000e+00
9.414259103703449538e-01,-1.131571661818034480e+00,2.586275164416559219e-04,0.000000000000000000e+00
9.440439042483363963e-01,-1.131577298585015434e+00,1.691468082920710020e-03,0.000000000000000000e+00
9.466618981263278387e-01,-1.131800758131354501e+00,6.316673366696945457e-04,0.000000000000000000e+00
9.492798920043192812e-01,-1.132252170209427700e+00,-1.110609277245877546e-04,0.000000000000000000e+00
9.518978858823107236e-01,-1.132617205298316332e+00,-1.308722841429632577e-04,0.000000000000000000e+00
9.545158797603021661e-01,-1.132969021634637308e+00,8.259787761671910644e-05,0.000000000000000000e+00
9.571338736382936085e-01,-1.133329773566593035e+00,1.611446958602047452e-05,0.000000000000000000e+00
9.597518675162850510e-01,-1.133695439482013345e+00,4.158022944314443414e-05,0.000000000000000000e+00
9.623698613942764934e-01,-1.134067349714708683e+00,-3.104627113850733089e-05,0.000000000000000000e+00
9.649878552722679359e-01,-1.134440873113166104e+00,-4.145307822309152179e-05,0.000000000000000000e+00
9.676058491502593784e-01,-1.134820721829976398e+00,4.477545622283418680e-05,0.000000000000000000e+00
9.702238430282508208e-01,-1.135206971512084051e+00,-5.188490081242669305e-06,0.000000000000000000e+00
9.728418369062422633e-01,-1.135597387802576019e+00,6.078755071137198485e-06,0.000000000000000000e+00
9.754598307842337057e-01,-1.135992744138484500e+00,-5.912296794641225262e-06,0.000000000000000000e+00
9.780778246622251482e-01,-1.136392873029896000e+00,-2.513615375343558611e-06,0.000000000000000000e+00
9.806958185402165906e-01,-1.136798971652839718e+00,-2.207382682417602382e-06,0.000000000000000000e+00
9.833138124182080331e-01,-1.137210019929172589e+00,4.653455611181023244e-06,0.000000000000000000e+00
9.859318062961994755e-01,-1.137627108975484802e+00,-6.568153349928440576e-06,0.000000000000000000e+00
9.885498001741909180e-01,-1.138050043789955446e+00,1.080532362651709377e-05,0.000000000000000000e+00
9.911677940521823604e-01,-1.138478643514131861e+00,-1.043322420130055050e-05,0.000000000000000000e+00
9.937857879301738029e-01,-1.138913829293546121e+00,-5.940285213723583979e-07,0.000000000000000000e+00
9.964037818081652453e-01,-1.139355708119527133e+00,3.001062547081101428e-06,0.000000000000000000e+00
9.990217756861566878e-01,-1.139803176631902559e+00,5.403876187637379758e-07,0.000000000000000000e+00
1.001639769564148130e+00,-1.140257451598991389e+00,3.940397252710781117e-06,0.000000000000000000e+00
1.004257763442139684e+00,-1.140718692821887537e+00,-9.740390329526782409e-06,0.000000000000000000e+00
1.006875757320131015e+00,-1.141186021300226505e+00,5.996309437650282348e-06,0.000000000000000000e+00
1.009493751198122347e+00,-1.141660187551456485e+00,-3.394262058864505605e-06,0.000000000000000000e+00
1.012111745076113900e+00,-1.142140794246811808e+00,-1.002784104309206725e-06,0.000000000000000000e+00
1.014729738954105454e+00,-1.142628330278622428e+00,-8.188152744725840648e-07,0.000000000000000000e+00
1.017347732832096785e+00,-1.143122263585520715e+00,1.856468751060269540e-06,0.000000000000000000e+00
1.019965726710088116e+00,-1.143622913589246615e+00,2.990845996309055010e-06,0.000000000000000000e+00
1.022583720588079670e+00,-1.144130315903475026e+00,2.191078336877261279e-06,0.000000000000000000e+00
1.025201714466071001e+00,-1.144644555491655780e+00,-2.385690406780938133e-06,0.000000000000000000e+00
1.027819708344062555e+00,-1.145165732566919337e+00,-1.008825760040465980e-06,0.000000000000000000e+00
1.030437702222054108e+00,-1.145693893596054336e+00,-1.928604916878740028e-06,0.000000000000000000e+00
1.033055696100045662e+00,-1.146229219952563438e+00,-3.985341647805284993e-06,0.000000000000000000e+00
1.035673689978037215e+00,-1.146771481137151660e+00,6.133602928115600150e-06,0.000000000000000000e+00
1.038291683856028769e+00,-1.147320940691928914e+00,7.880356545086897313e-07,0.000000000000000000e+00
1.040909677734020322e+00,-1.147877879566869153e+00,-3.398929454223598157e-06,0.000000000000000000e+00
1.043527671612011876e+00,-1.148442452416537085e+00,1.370826140045799946e-06,0.000000000000000000e+00
1.046145665490003429e+00,-1.149014352227636593e+00,1.104134369156462014e-06,0.000000000000000000e+00
1.048763659367994983e+00,-1.149594175845976007e+00,-9.702831665903133285e-07,0.000000000000000000e+00
1.051381653245986536e+00,-1.150181797438706965e+00,1.736586574152543250e-06,0.000000000000000000e+00
1.053999647123978090e+00,-1.150777331815763915e+00,-4.983593342999803610e-07,0.000000000000000000e+00
1.056617641001969643e+00,-1.151381141683173404e+00,-1.752737922411373717e-06,0.000000000000000000e+00
1.059235634879961196e+00,-1.151993121769329997e+00,-1.332813750143380105e-06,0.000000000000000000e+00
1.061853628757952750e+00,-1.152613444112799534e+00,1.189551953828527076e-06,0.000000000000000000e+00
1.064471622635944303e+00,-1.153242189308496313e+00,1.949694917569022579e-06,0.000000000000000000e+00
1.067089616513935857e+00,-1.153879542226392996e+00,1.558206872698253420e-06,0.000000000000000000e+00
1.069707610391927410e+00,-1.154525723731486986e+00,-3.435870007117980407e-06,0.000000000000000000e+00
1.072325604269918964e+00,-1.155180901464959886e+00,-1.159509604164998819e-06,0.000000000000000000e+00
1.074943598147910517e+00,-1.155844919149188188e+00,2.060335111964128885e-06,0.000000000000000000e+00
1.077561592025902071e+00,-1.156518097229259689e+00,-1.396995724767258196e-06,0.000000000000000000e+00
1.080179585903893624e+00,-1.157200648475552818e+00,-1.564284293487094857e-06,0.000000000000000000e+00
1.082797579781885178e+00,-1.157892477293142708e+00,2.425581047432734394e-06,0.000000000000000000e+00
1.085415573659876731e+00,-1.158593831814453967e+00,1.415054686343397705e-06,0.000000000000000000e+00
1.088033567537868285e+00,-1.159304891468277754e+00,-6.682434329219333335e-07,0.000000000000000000e+00
1.090651561415859838e+00,-1.160025834438383141e+00,-1.266622156964603008e-06,0.000000000000000000e+00
1.093269555293851392e+00,-1.160756757360813074e+00,-3.352681497315046499e-06,0.000000000000000000e+00
1.095887549171842945e+00,-1.161497781617671032e+00,-8.357113740475874408e-07,0.000000000000000000e+00
1.098505543049834499e+00,-1.162248881025812697e+00,2.373274508554734652e-06,0.000000000000000000e+00
1.101123536927826052e+00,-1.163010357845974285e+00,8.388102930856344841e-07,0.000000000000000000e+00
1.103741530805817606e+00,-1.163782307148636841e+00,4.098191251385510658e-06,0.000000000000000000e+00
1.106359524683809159e+00,-1.164564897168681945e+00,-6.720702252632770879e-07,0.000000000000000000e+00
1.108977518561800713e+00,-1.165358465399551902e+00,-3.227906090391696736e-06,0.000000000000000000e+00
1.111595512439792266e+00,-1.166162914929635086e+00,-1.210227034031952087e-06,0.000000000000000000e+00
1.114213506317783819e+00,-1.166978375557889969e+00,-1.759157238684361246e-06,0.000000000000000000e+00
1.116831500195775373e+00,-1.167804986095533515e+00,-4.119135740277002355e-07,0.000000000000000000e+00
1.119449494073766926e+00,-1.168643035929975538e+00,-2.893925689861909234e-06,0.000000000000000000e+00
1.122067487951758480e+00,-1.169492557394418819e+00,1.630992456952418124e-06,0.000000000000000000e+00
1.124685481829750033e+00,-1.170353656240396667e+00,1.803385653115219256e-06,0.000000000000000000e+00
1.127303475707741587e+00,-1.171226532175595469e+00,3.346954343841357371e-06,0.000000000000000000e+00
1.129921469585733140e+00,-1.172111480847893628e+00,-2.753010423128809947e-06,0.000000000000000000e+00
1.132539463463724694e+00,-1.173008739193929006e+00,-4.096960170174579474e-06,0.000000000000000000e+00
1.135157457341716247e+00,-1.173918281933400865e+00,2.181893294928016758e-07,0.000000000000000000e+00
1.137775451219707801e+00,-1.174840260957348503e+00,-3.752635936438153408e-07,0.000000000000000000e+00
1.140393445097699354e+00,-1.175775307811651293e+00,-7.052366792770214943e-06,0.000000000000000000e+00
1.143011438975690908e+00,-1.176723292579989533e+00,1.361926891707554432e-06,0.000000000000000000e+00
1.145629432853682461e+00,-1.177684253878642728e+00,6.465276717382284488e-06,0.000000000000000000e+00
1.148247426731674015e+00,-1.178658912512061452e+00,-1.235112317754527567e-06,0.000000000000000000e+00
1.150865420609665568e+00,-1.179647839081297889e+00,-8.465713579763889385e-06,0.000000000000000000e+00
1.153483414487657122e+00,-1.180650659091759813e+00,5.581279661215354793e-06,0.000000000000000000e+00
1.156101408365648675e+00,-1.181667720714490777e+00,3.080270055688671960e-06,0.000000000000000000e+00
1.158719402243640229e+00,-1.182700101506848123e+00,-6.894681537361613266e-06,0.000000000000000000e+00
1.161337396121631782e+00,-1.183747606564601096e+00,3.326607495690581118e-06,0.000000000000000000e+00
1.163955389999623335e+00,-1.184810446708827625e+00,2.046573173264398804e-06,0.000000000000000000e+00
1.166573383877614889e+00,-1.185889592839745488e+00,-7.619293848848407436e-06,0.000000000000000000e+00
1.169191377755606442e+00,-1.186984692914678341e+00,1.071489800863467678e-05,0.000000000000000000e+00
1.171809371633597996e+00,-1.188096491404310173e+00,-5.208736996720197965e-06,0.000000000000000000e+00
1.174427365511589549e+00,-1.189225600105375147e+00,2.352320792597950572e-06,0.000000000000000000e+00
1.177045359389581103e+00,-1.190371567472033210e+00,9.184916925919495156e-07,0.000000000000000000e+00
1.179663353267572656e+00,-1.191535678952556854e+00,-4.588594162635573070e-06,0.000000000000000000e+00
1.182281347145564210e+00,-1.192717269313940065e+00,-1.186699946087443891e-07,0.000000000000000000e+00
1.184899341023555763e+00,-1.193917186002747766e+00,-2.716525815182890824e-06,0.000000000000000000e+00
1.187517334901547317e+00,-1.195135445429336141e+00,3.504180037694482053e-06,0.000000000000000000e+00
1.190135328779538870e+00,-1.196371358710216715e+00,2.909996673627901487e-06,0.000000000000000000e+00
1.192753322657530424e+00,-1.197626491033999763e+00,-3.050140232607745361e-06,0.000000000000000000e+00
1.195371316535521977e+00,-1.198585117062076488e+00,1.526078395652774589e-06,0.000000000000000000e+00
1.197989310413513531e+00,-1.199111883109662990e+00,-1.074371733511547689e-05,0.000000000000000000e+00
1.200607304291505084e+00,-1.199400896157816199e+00,-8.100629727003649805e-07,0.000000000000000000e+00
1.203225298169496638e+00,-1.199559702532038585e+00,3.144623290096681956e-06,0.000000000000000000e+00
1.205843292047488191e+00,-1.199647269051826282e+00,-5.053928503473414935e-06,0.000000000000000000e+00
1.208461285925479745e+00,-1.199694388864539718e+00,9.355536721877832917e-06,0.000000000000000000e+00
1.211079279803471298e+00,-1.199721608985558907e+00,-4.037590086714004656e-07,0.000000000000000000e+00
1.213697273681462852e+00,-1.199735468215209266e+00,-9.116285808907775845e-06,0.000000000000000000e+00
1.216315267559454405e+00,-1.199743085795756725e+00,-1.455358632324044166e-05,0.000000000000000000e+00
1.218933261437445958e+00,-1.199747934707320107e+00,3.227211240264260539e-05,0.000000000000000000e+00
1.221551255315437512e+00,-1.199751365420802518e+00,-4.618136801565198013e-05,0.000000000000000000e+00
1.224169249193429065e+00,-1.199750476601375571e+00,3.224259349254854357e-05,0.000000000000000000e+00
1.226787243071420619e+00,-1.199753578920157437e+00,7.945847925738824813e-06,0.000000000000000000e+00
1.229405236949412172e+00,-1.199754477173717637e+00,1.835192661647777612e-05,0.000000000000000000e+00
1.232023230827403726e+00,-1.199758886189778329e+00,-7.052338436358551732e-05,0.000000000000000000e+00
1.234641224705395279e+00,-1.199762553399520426e+00,5.594441007189532300e-05,0.000000000000000000e+00
1.237259218583386833e+00,-1.199773398865696894e+00,-7.364012657790075522e-05,0.000000000000000000e+00
1.239877212461378386e+00,-1.199790536845076083e+00,5.811948378639519852e-05,0.000000000000000000e+00
1.242495206339369940e+00,-1.199833698767277523e+00,6.824476656563938093e-06,0.000000000000000000e+00
1.245113200217361493e+00,-1.199912275277193574e+00,-1.570208880263823659e-05,0.000000000000000000e+00
1.247731194095353047e+00,-1.200062595775096108e+00,9.718066975970829358e-05,0.000000000000000000e+00
1.250349187973344600e+00,-1.200351396516899483e+00,-4.432360499130594267e-05,0.000000000000000000e+00
1.252967181851336154e+00,-1.200826368906524610e+00,-1.428109930612306289e-04,0.000000000000000000e+00
1.255585175729327707e+00,-1.201038893156612497e+00,5.498024495921745303e-04,0.000000000000000000e+00
