# Exudyn: solution of belt drive, beam (axial) forces over belt length
# Exudyn output file
# Exudyn version=1.2.34.dev1
# endTime=2.45
# stepSize=1e-05
# nSegments=4
# nANCFnodes=480
# contactStiffnessPerArea=100000000.0
# frictionStiffnessPerArea=100000000.0
# contactStiffness=209439.51023931953
# frictionStiffness=261799.3877991494
# contactDamping=4.1887902047863905
# frictionVelocityPenalty=16.853049641211143
# dryFriction=0.5
# 
2.571112324063484778e-04,6.646867007557020770e+02
1.566108171402014193e-03,6.645233590385832940e+02
2.875105110397901953e-03,6.645017576299492248e+02
4.184102049393567668e-03,6.645112478528392330e+02
5.493098988389455428e-03,6.645127034073852883e+02
6.802095927385121144e-03,6.645140485405297568e+02
8.111092866381008903e-03,6.645153502185954721e+02
9.420089805376674619e-03,6.645165767809475028e+02
1.072908674437256238e-02,6.645177843229181462e+02
1.203808368336822809e-02,6.645189153007097502e+02
1.334708062236411585e-02,6.645200257588687691e+02
1.465607756135978157e-02,6.645210459718711036e+02
1.596507450035566933e-02,6.645220423703908637e+02
1.727407143935133504e-02,6.645229312164434532e+02
1.858306837834722280e-02,6.645237904440531338e+02
1.989206531734288852e-02,6.645245235999595934e+02
2.120106225633877628e-02,6.645252231565726788e+02
2.251005919533444199e-02,6.645257835799153554e+02
2.381905613433388247e-02,6.645263096038478352e+02
2.512805307332954818e-02,6.645266910997843297e+02
2.643705001232543594e-02,6.645270357135362929e+02
2.774604695132110166e-02,6.645272338597260386e+02
2.905504389031676737e-02,6.645273962336622162e+02
3.036404082931265513e-02,6.645274208346983187e+02
3.167303776830832085e-02,6.645274117926568351e+02
3.298203470730420861e-02,6.645272783452096519e+02
3.429103164629987432e-02,6.645271161902601307e+02
3.560002858529554004e-02,6.645268508580257958e+02
3.690902552429142780e-02,6.645265623401058974e+02
3.821802246328709352e-02,6.645261931430909499e+02
3.952701940228275923e-02,6.645258073866900759e+02
4.083601634127864699e-02,6.645253667722678301e+02
4.214501328027431271e-02,6.645249168194683307e+02
4.345401021926997842e-02,6.645244364690437351e+02
4.476300715826586618e-02,6.645239518070668510e+02
4.607200409726153190e-02,6.645234587923223444e+02
4.738100103625741966e-02,6.645229662686843994e+02
4.868999797525308537e-02,6.645224838005458423e+02
4.999899491424875109e-02,6.645220062321728847e+02
5.130799185324463885e-02,6.645215545382131950e+02
5.261698879224030456e-02,6.645211109241953409e+02
5.392598573123597028e-02,6.645207047633431330e+02
5.523498267023185804e-02,6.645203097794081941e+02
5.654397960922752375e-02,6.645199599301371336e+02
5.785297654822318947e-02,6.645196225275461757e+02
5.916197348721907723e-02,6.645193332797659878e+02
6.047097042621474294e-02,6.645190565277843007e+02
6.177996736521063070e-02,6.645188293745723058e+02
6.308896430420629642e-02,6.645186156810193552e+02
6.439796124320196213e-02,6.645184503246174472e+02
6.570695818219784989e-02,6.645182960616598393e+02
6.701595512119351561e-02,6.645181845313244366e+02
6.832495206018918132e-02,6.645180834757301227e+02
6.963394899918506908e-02,6.645180199346932568e+02
7.094294593818073480e-02,6.645179647965503591e+02
7.225194287717640051e-02,6.645179409709426182e+02
7.356093981617228827e-02,6.645179242975192437e+02
7.486993675516795399e-02,6.645179322895296536e+02
7.617893369416384175e-02,6.645179465131994903e+02
7.748793063315950747e-02,6.645179794889659206e+02
7.879692757215517318e-02,6.645180163939210161e+02
8.010592451115106094e-02,6.645180648508932109e+02
8.141492145014672666e-02,6.645181153754853085e+02
8.272391838914239237e-02,6.645181704848814661e+02
8.403291532813828013e-02,6.645182257189536585e+02
8.534191226713394585e-02,6.645182793877855829e+02
8.665090920612961156e-02,6.645183328665358431e+02
8.795990614512549932e-02,6.645183821250728897e+02
8.926890308412116504e-02,6.645184296669470996e+02
9.057790002311705280e-02,6.645184670552787338e+02
9.188689696211271851e-02,6.645185014296760073e+02
9.319589390110838423e-02,6.645185244876395245e+02
9.450489084010427199e-02,6.645185455280358156e+02
9.581388777909993770e-02,6.645185569474856493e+02
9.712288471809560342e-02,6.645185660084151777e+02
9.843188165709149118e-02,6.645185618761321393e+02
9.974087859608715689e-02,6.645185542687332827e+02
1.010498755350830447e-01,6.645185339164580682e+02
1.023588724740787104e-01,6.645185104069735189e+02
1.036678694130743761e-01,6.645184750402164582e+02
1.049768663520702638e-01,6.645184371483751420e+02
1.062858632910659296e-01,6.645183883052468445e+02
1.075948602300615953e-01,6.645183373162328735e+02
1.089038571690574830e-01,6.645182771120391862e+02
1.102128541080531487e-01,6.645182148150718149e+02
1.115218510470490365e-01,6.645181439596420887e+02
1.128308479860447022e-01,6.645180712723187071e+02
1.141398449250403679e-01,6.645179925377592554e+02
1.154488418640362557e-01,6.645179123348023040e+02
1.167578388030319214e-01,6.645178262650097167e+02
1.180668357420275871e-01,6.645177393995815009e+02
1.193758326810234749e-01,6.645176484841507545e+02
1.206848296200191406e-01,6.645175568221039839e+02
1.219938265590150284e-01,6.645174627819889110e+02
1.233028234980106941e-01,6.645173681054313874e+02
1.246118204370063598e-01,6.645172717483967517e+02
1.259208173760022476e-01,6.645171753580959830e+02
1.272298143149979133e-01,6.645170816805838285e+02
1.285388112539935790e-01,6.645169898144407625e+02
1.298478081929894667e-01,6.645168988551496341e+02
1.311568051319851325e-01,6.645168081408835405e+02
1.324658020709810202e-01,6.645167196602066042e+02
1.337747990099766859e-01,6.645166317361174606e+02
1.350837959489723517e-01,6.645165454358632360e+02
1.363927928879682394e-01,6.645164593031055347e+02
1.377017898269639051e-01,6.645163752607978722e+02
1.390107867659595708e-01,6.645162932978631716e+02
1.403197837049554586e-01,6.645162167681120309e+02
1.416287806439511243e-01,6.645161411843905626e+02
1.429377775829470121e-01,6.645160676831729916e+02
1.442467745219426778e-01,6.645159946773696902e+02
1.455557714609383435e-01,6.645159239949563243e+02
1.468647683999342313e-01,6.645158539347039550e+02
1.481737653389298970e-01,6.645157870136413294e+02
1.494827622779255627e-01,6.645157216849008819e+02
1.507917592169214505e-01,6.645156574817224282e+02
1.521007561559171162e-01,6.645155929528423258e+02
1.534097530949130039e-01,6.645155297296288381e+02
1.547187500339086696e-01,6.645154670025240193e+02
1.560277469729043354e-01,6.645154058130608519e+02
1.573367439119002231e-01,6.645153456644970902e+02
1.586457408508958888e-01,6.645152909875699834e+02
1.599547377898915546e-01,6.645152386957375938e+02
1.612637347288874423e-01,6.645151886164777579e+02
1.625727316678831080e-01,6.645151382152733959e+02
1.638817286068787737e-01,6.645150886291033885e+02
1.651907255458746615e-01,6.645150396540600468e+02
1.664997224848703272e-01,6.645149922656393073e+02
1.678087194238662150e-01,6.645149452352345634e+02
1.691177163628618807e-01,6.645148986586910951e+02
1.704267133018575464e-01,6.645148522583227759e+02
1.717357102408534342e-01,6.645148070546673580e+02
1.730447071798490999e-01,6.645147625388992765e+02
1.743537041188449876e-01,6.645147193744201104e+02
1.756627010578406534e-01,6.645146767424691916e+02
1.769716979968363191e-01,6.645146345590620740e+02
1.782806949358322068e-01,6.645145926030734245e+02
1.795896918748278726e-01,6.645145528858292892e+02
1.808986888138235383e-01,6.645145146617901446e+02
1.822076857528194260e-01,6.645144773931586997e+02
1.835166826918150917e-01,6.645144402147585652e+02
1.848256796308107575e-01,6.645144056654106635e+02
1.861346765698066452e-01,6.645143716383347510e+02
1.874436735088023109e-01,6.645143395692305148e+02
1.887526704477981987e-01,6.645143079240897350e+02
1.900616673867938644e-01,6.645142803511524789e+02
1.913706643257895301e-01,6.645142559758162406e+02
1.926796612647854179e-01,6.645142361342226422e+02
1.939886582037810836e-01,6.645142180173736506e+02
1.952976551427769714e-01,6.645142018677011038e+02
1.966066520817726371e-01,6.645141858063017253e+02
1.979156490207683028e-01,6.645141729902461520e+02
1.992246459597641906e-01,6.645141614011431557e+02
2.005336428987598563e-01,6.645141541003757766e+02
2.018426398377555220e-01,6.645141477412139466e+02
2.031516367767514097e-01,6.645141449098575777e+02
2.044606337157470755e-01,6.645141430000127230e+02
2.057696306547427412e-01,6.645141450143336215e+02
2.070786275937386289e-01,6.645141481755575796e+02
2.083876245327342946e-01,6.645141558220201432e+02
2.096966214717301824e-01,6.645141653746758266e+02
2.110056184107258481e-01,6.645141820485632707e+02
2.123146153497215138e-01,6.645142022155655468e+02
2.136236122887174016e-01,6.645142271771594551e+02
2.149326092277130673e-01,6.645142526811962398e+02
2.162416061667089551e-01,6.645142819983708478e+02
2.175506031057046208e-01,6.645143123787638615e+02
2.188596000447002865e-01,6.645143458008336665e+02
2.201685969836961743e-01,6.645143800190797947e+02
2.214775939226918400e-01,6.645144156803227133e+02
2.227865908616875057e-01,6.645144512321037382e+02
2.240955878006833935e-01,6.645144879011400008e+02
2.254045847396790592e-01,6.645145257120426550e+02
2.267135816786747249e-01,6.645145642448543413e+02
2.280225786176706126e-01,6.645146029218499280e+02
2.293315755566662784e-01,6.645146404020692898e+02
2.306405724956621661e-01,6.645146782661349789e+02
2.319495694346578318e-01,6.645147152433163455e+02
2.332585663736534975e-01,6.645147517221189446e+02
2.345675633126493853e-01,6.645147849778127238e+02
2.358765602516450510e-01,6.645148180135088296e+02
2.371855571906409388e-01,6.645148492877636954e+02
2.384945541296366045e-01,6.645148797662770903e+02
2.398035510686322702e-01,6.645149069072391512e+02
2.411125480076281580e-01,6.645149336748089581e+02
2.424215449466238237e-01,6.645149594601156195e+02
2.437305418856194894e-01,6.645149861268452014e+02
2.450395388246153772e-01,6.645150154490801242e+02
2.463485357636110429e-01,6.645150466874089261e+02
2.476575327026067086e-01,6.645150802001195416e+02
2.489665296416025964e-01,6.645151141550226157e+02
2.502755265805982621e-01,6.645151526252126359e+02
2.515845235195941498e-01,6.645151928380737445e+02
2.528935204585898155e-01,6.645152408936789925e+02
2.542025173975854813e-01,6.645152909949098330e+02
2.555115143365813690e-01,6.645153513221879393e+02
2.568205112755770347e-01,6.645154148732851809e+02
2.581295082145728115e-01,6.645154924992182259e+02
2.594385051535685882e-01,6.645155736248908624e+02
2.607475020925642539e-01,6.645156707981932414e+02
2.620564990315600307e-01,6.645157740105421453e+02
2.633654959705558074e-01,6.645158960359030971e+02
2.646744929095515841e-01,6.645160245422727030e+02
2.659834898485473609e-01,6.645161660890937583e+02
2.672924867875430266e-01,6.645163096645118230e+02
2.686014837265388033e-01,6.645164600620933015e+02
2.699104806655345801e-01,6.645166113453601611e+02
2.712194776045302458e-01,6.645167582483081787e+02
2.725284745435260225e-01,6.645169027127118397e+02
2.738374714825217993e-01,6.645170282391122782e+02
2.751464684215174650e-01,6.645171469300045146e+02
2.764554653605132417e-01,6.645172286077172430e+02
2.777644622995090185e-01,6.645172993297126141e+02
2.790734592385046842e-01,6.645173142768456955e+02
2.803824561775005719e-01,6.645173141556939527e+02
2.816914531164962376e-01,6.645172347098413184e+02
2.830004500554920144e-01,6.645171327510768151e+02
2.843094469944877911e-01,6.645169322148963147e+02
2.856184439334834568e-01,6.645167046134361044e+02
2.869274408724792336e-01,6.645163667247126114e+02
2.882364378114750103e-01,6.645160006748161550e+02
2.895454347504706760e-01,6.645155282478393701e+02
2.908544316894665638e-01,6.645150305102155244e+02
2.921634286284622295e-01,6.645144472362479746e+02
2.934724255674580062e-01,6.645138476602179480e+02
2.947814225064537830e-01,6.645132117939029968e+02
2.960904194454494487e-01,6.645125724689991102e+02
2.973994163844452254e-01,6.645119879664723612e+02
2.987084133234410022e-01,6.645113863816898174e+02
3.000174102624366679e-01,6.645109308553466008e+02
3.013264072014325556e-01,6.645380018278258376e+02
3.026354041404282214e-01,6.644367980017927948e+02
3.039444010794239981e-01,6.639063957268798504e+02
3.052533980184197748e-01,6.600779619401242826e+02
3.065623949574154405e-01,6.557005056816268507e+02
3.078713918964112173e-01,6.511605168049826489e+02
3.091803888354069940e-01,6.467641530400406964e+02
3.104893857744026597e-01,6.423888905784151575e+02
3.117983827133985475e-01,6.380933214533464479e+02
3.131073796523942132e-01,6.337818753540057060e+02
3.144163765913899899e-01,6.295507795238858080e+02
3.157253735303857667e-01,6.253008277953279048e+02
3.170343704693814324e-01,6.211310295819905605e+02
3.183433674083772091e-01,6.169440687220744621e+02
3.196523643473729859e-01,6.128361616925089947e+02
3.209613612863686516e-01,6.087099876848317308e+02
3.222703582253645394e-01,6.046608999818632810e+02
3.235793551643602051e-01,6.005922960260051013e+02
3.248883521033559818e-01,5.965999324369745409e+02
3.261973490423517585e-01,5.925908730940476516e+02
3.275063459813474243e-01,5.886569862631974956e+02
3.288153429203432010e-01,5.847044399490498563e+02
3.301243398593389777e-01,5.808257367589820888e+02
3.314333367983346434e-01,5.769296352867590940e+02
3.327423337373305312e-01,5.731057192375278646e+02
3.340513306763261969e-01,5.692641605891591325e+02
3.353603276153219737e-01,5.654945440357129200e+02
3.366693245543177504e-01,5.617079167160028419e+02
3.379783214933134161e-01,5.579919896873931293e+02
3.392873184323091929e-01,5.542588500325728091e+02
3.405963153713049696e-01,5.505950288751652124e+02
3.419053123103006353e-01,5.469144407179932159e+02
3.432143092492965231e-01,5.433022014159992068e+02
3.445233061882921888e-01,5.396735713384571227e+02
3.458323031272879655e-01,5.361123222754362132e+02
3.471413000662837423e-01,5.325344767125011458e+02
3.484502970052794080e-01,5.290229497668711929e+02
3.497592939442751847e-01,5.254954982709840579e+02
3.510682908832709614e-01,5.220334206171742153e+02
3.523772878222666272e-01,5.185552371681237673e+02
3.536862847612625149e-01,5.151411777419879172e+02
3.549952817002581806e-01,5.117116632247370376e+02
3.563042786392539574e-01,5.083456816461463745e+02
3.576132755782497341e-01,5.049640681236923001e+02
3.589222725172453998e-01,5.016448123418364275e+02
3.602312694562411766e-01,4.983103123072947938e+02
3.615402663952369533e-01,4.950372922344686799e+02
3.628492633342326190e-01,4.917491354710457472e+02
3.641582602732285068e-01,4.885215769627607756e+02
3.654672572122241725e-01,4.852792392457076289e+02
3.667762541512199492e-01,4.820965051856309742e+02
3.680852510902157260e-01,4.788990856975265729e+02
3.693942480292113917e-01,4.757604534855429961e+02
3.707032449682071684e-01,4.726073723151324089e+02
3.720122419072029452e-01,4.695121391007925240e+02
3.733212388461986109e-01,4.664027037462336693e+02
3.746302357851944986e-01,4.633503289158301754e+02
3.759392327241901643e-01,4.602838469649835815e+02
3.772482296631859411e-01,4.572735832531097344e+02
3.785572266021817178e-01,4.542494170446210546e+02
3.798662235411773835e-01,4.512806138995819083e+02
3.811752204801731603e-01,4.482981713615507715e+02
3.824842174191689370e-01,4.453703225665622085e+02
3.837932143581646027e-01,4.424288426149367979e+02
3.851022112971604905e-01,4.395411559863933348e+02
3.864112082361561562e-01,4.366402704528268259e+02
3.877202051751519329e-01,4.337923203366261760e+02
3.890292021141477097e-01,4.309311470274055864e+02
3.903381990531433754e-01,4.281222603776951701e+02
3.916471959921391521e-01,4.253003853397001421e+02
3.929561929311349289e-01,4.225299296427310765e+02
3.942651898701305946e-01,4.197467464819060865e+02
3.955741868091264823e-01,4.170142702487636370e+02
3.968831837481221481e-01,4.142691296949764137e+02
3.981921806871179248e-01,4.115739424943585618e+02
3.995011776261137015e-01,4.088663995077089339e+02
4.008101745651093673e-01,4.062080926665647667e+02
4.021191715041051440e-01,4.035374816795431343e+02
4.034281684431009207e-01,4.009153953109050690e+02
4.047371653820965864e-01,3.982812399178411624e+02
4.060461623210924742e-01,3.956949491484730856e+02
4.073551592600881399e-01,3.930966521435887557e+02
4.086641561990839167e-01,3.905455255959226974e+02
4.099731531380796934e-01,3.879826497650760757e+02
4.112821500770753591e-01,3.854662595190125671e+02
4.125911470160711358e-01,3.829382261879293878e+02
4.139001439550669126e-01,3.804560183576598433e+02
4.152091408940625783e-01,3.779623587685728126e+02
4.165181378330584661e-01,3.755138549065033544e+02
4.178271347720541318e-01,3.730540524619336225e+02
4.191361317110499085e-01,3.706387699231759143e+02
4.204451286500456852e-01,3.682123189737978350e+02
4.217541255890413510e-01,3.658297665805981751e+02
4.230631225280371277e-01,3.634362039544399181e+02
4.243721194670329044e-01,3.610859189507955307e+02
4.256811164060285702e-01,3.587247589578697102e+02
4.269901133450244579e-01,3.564062404123687884e+02
4.282991102840201236e-01,3.540770681771052182e+02
4.296081072230159004e-01,3.517898940589519157e+02
4.309171041620116771e-01,3.494922038838773233e+02
4.322261011010073428e-01,3.472359359227419304e+02
4.335350980400031196e-01,3.449692815996523905e+02
4.348440949789988963e-01,3.427434692806274370e+02
4.361530919179945620e-01,3.405074046471972338e+02
4.374620888569904498e-01,3.383116356629889196e+02
4.387710857959861155e-01,3.361056921156304611e+02
4.400800827349818922e-01,3.339395060632780883e+02
4.413890796739776690e-01,3.317633075960732185e+02
4.426980766129733347e-01,3.296262694176268724e+02
4.440070735519691114e-01,3.274793732373579473e+02
4.453160704909648882e-01,3.253711001953685695e+02
4.466250674299605539e-01,3.232531053155130394e+02
4.479340643689564416e-01,3.211731544332529893e+02
4.492430613079521073e-01,3.190836741905951044e+02
4.505520582469478841e-01,3.170317030370741804e+02
4.518610551859436608e-01,3.149702678130388449e+02
4.531700521249393265e-01,3.129458508503431631e+02
4.544790490639351033e-01,3.109121026489081032e+02
4.557880460029308800e-01,3.089148499262062728e+02
4.570970429419265457e-01,3.069083711887155346e+02
4.584060398809224335e-01,3.049379049345459975e+02
4.597150368199180992e-01,3.029583491671062347e+02
4.610240337589138759e-01,3.010142727185186686e+02
4.623330306979096527e-01,2.990612566380765429e+02
4.636420276369053184e-01,2.971432261737930389e+02
4.649510245759010951e-01,2.952163638429320258e+02
4.662600215148968719e-01,2.933240079166577061e+02
4.675690184538925376e-01,2.914229359667024255e+02
4.688780153928884253e-01,2.895558925891340323e+02
4.701870123318840911e-01,2.876802480789552305e+02
4.714960092708798678e-01,2.858381702634238195e+02
4.728050062098756445e-01,2.839876091509566436e+02
4.741140031488713102e-01,2.821701392856761572e+02
4.754230000878670870e-01,2.803443274972831887e+02
4.767319970268628637e-01,2.785511263066928223e+02
4.780409939658585294e-01,2.767496908750148350e+02
4.793499909048544172e-01,2.749804470223938893e+02
4.806589878438500829e-01,2.732030156532841261e+02
4.819679847828458596e-01,2.714573727726382231e+02
4.832769817218416364e-01,2.697036701020785472e+02
4.845859786608373021e-01,2.679812878874141688e+02
4.858949755998330788e-01,2.662509791610933121e+02
4.872039725388288556e-01,2.645515512170200623e+02
4.885129694778245213e-01,2.628443152597529888e+02
4.898219664168204091e-01,2.611675272368458991e+02
4.911309633558160748e-01,2.594830320605993847e+02
4.924399602948118515e-01,2.578285739068146540e+02
4.937489572338076282e-01,2.561664939878892824e+02
4.950579541728032940e-01,2.545340666884437724e+02
4.963669511117990707e-01,2.528941174738980067e+02
4.976759480507948474e-01,2.512833968315044615e+02
4.989849449897905131e-01,2.496652716072031808e+02
5.002939419287864009e-01,2.480759982036373685e+02
5.016029388677820666e-01,2.464793913344223313e+02
5.029119358067778434e-01,2.449112425132824455e+02
5.042209327457736201e-01,2.433358848786321573e+02
5.055299296847692858e-01,2.417885701514299797e+02
5.068389266237650626e-01,2.402341486546007161e+02
5.081479235627608393e-01,2.387074022192529412e+02
5.094569205017565050e-01,2.371736427585196338e+02
5.107659174407523928e-01,2.356671633472016651e+02
5.120749143797480585e-01,2.341537647366720591e+02
5.133839113187438352e-01,2.326673098249580391e+02
5.146929082577396120e-01,2.311740161459044032e+02
5.160019051967352777e-01,2.297072808896185734e+02
5.173109021357310544e-01,2.282338158097549297e+02
5.186198990747268311e-01,2.267865721831627752e+02
5.199288960137224969e-01,2.253326609335215380e+02
5.212378929527183846e-01,2.239046125809850878e+02
5.225468898917140503e-01,2.224700066775705807e+02
5.238558868307098271e-01,2.210609161518914618e+02
5.251648837697056038e-01,2.196453404925514974e+02
5.264738807087012695e-01,2.182549312429052577e+02
5.277828776476970463e-01,2.168581027965517478e+02
5.290918745866927120e-01,2.154861196867899480e+02
5.304008715256884887e-01,2.141078353021521821e+02
5.317098684646841544e-01,2.127540474398329593e+02
5.330188654036799312e-01,2.113940342485149699e+02
5.343278623426755969e-01,2.100581511652925997e+02
5.356368592816713736e-01,2.087161455454004511e+02
5.369458562206670393e-01,2.073980073315599668e+02
5.382548531596628161e-01,2.060737606856369553e+02
5.395638500986584818e-01,2.047730257673528058e+02
5.408728470376542585e-01,2.034662849226481569e+02
5.421818439766499242e-01,2.021827762119111185e+02
5.434908409156457010e-01,2.008935212247493780e+02
5.447998378546413667e-01,1.996272053589962354e+02
5.461088347936371434e-01,1.983559252000152640e+02
5.474178317326328091e-01,1.970921417590197393e+02
5.487268286716285859e-01,1.960381400022994285e+02
5.500358256106242516e-01,1.951216100650956662e+02
5.513448225496200283e-01,1.945458189258052357e+02
5.526538194886156941e-01,1.940256363280942367e+02
5.539628164276114708e-01,1.937023214291190811e+02
5.552718133666071365e-01,1.934131040750166335e+02
5.565808103056029132e-01,1.932331366363541179e+02
5.578898072445985790e-01,1.930663832082299791e+02
5.591988041835943557e-01,1.929620678537016261e+02
5.605078011225900214e-01,1.928595229576868064e+02
5.618167980615857982e-01,1.928009518225514114e+02
5.631257950005814639e-01,1.927457037764361019e+02
5.644347919395772406e-01,1.927153903507279153e+02
5.657437888785729063e-01,1.926885550727374152e+02
5.670527858175686831e-01,1.926728556034310884e+02
5.683617827565643488e-01,1.926510157916456762e+02
5.696707796955601255e-01,1.926422562950858719e+02
5.709797766345557912e-01,1.926355451049944918e+02
5.722887735735515680e-01,1.926352552223836767e+02
5.735977705125472337e-01,1.926272701257881579e+02
5.749067674515430104e-01,1.926242817251859947e+02
5.762157643905386761e-01,1.926208320799270837e+02
5.775247613295344529e-01,1.926224933122324217e+02
5.788337582685301186e-01,1.926195167716666674e+02
5.801427552075258953e-01,1.926206069729214221e+02
5.814517521465215610e-01,1.926179345306918833e+02
5.827607490855173378e-01,1.926210618655150029e+02
5.840697460245130035e-01,1.926168327150099060e+02
5.853787429635087802e-01,1.926171374395054556e+02
5.866877399025044459e-01,1.926121620044474980e+02
5.879967368415002227e-01,1.926091424726733408e+02
5.893057337804958884e-01,1.926022536019584095e+02
5.906147307194916651e-01,1.926054751070127224e+02
5.919237276584873308e-01,1.925997258260202329e+02
5.932327245974831076e-01,1.925938942667305867e+02
5.945417215364787733e-01,1.925834557140371430e+02
5.958507184754745500e-01,1.925760581936416145e+02
5.971597154144702158e-01,1.925611040542206354e+02
5.984687123534659925e-01,1.925478164648448001e+02
5.997777092924616582e-01,1.925326496894243746e+02
6.010867062314574349e-01,1.925104234495324249e+02
6.023957031704531007e-01,1.924785800161840257e+02
6.037047001094488774e-01,1.924360391541356421e+02
6.050136970484445431e-01,1.923833347221967074e+02
6.063226939874403199e-01,1.923024553728249657e+02
6.076316909264359856e-01,1.922073588534926216e+02
6.089406878654317623e-01,1.920545670737518833e+02
6.102496848044274280e-01,1.918762309228534093e+02
6.115586817434232048e-01,1.914887647402148332e+02
6.128676786824188705e-01,1.910071168156535748e+02
6.141766756214146472e-01,1.900184951471600812e+02
6.154856725604103129e-01,1.888529493933197898e+02
6.167946694994060897e-01,1.872736324226359272e+02
6.181036664384017554e-01,1.859911782607675548e+02
6.194126633773975321e-01,1.862738917292375049e+02
6.207216603163931978e-01,1.862989416189545295e+02
6.220306572553889746e-01,1.862924133204945463e+02
6.233396541943846403e-01,1.862892722031745905e+02
6.246486511333804170e-01,1.862868702438581749e+02
6.259576480723760827e-01,1.862841006104191024e+02
6.272666450113718595e-01,1.862819748921751284e+02
6.285756419503675252e-01,1.862799000266879830e+02
6.298846388893633019e-01,1.862783334781983626e+02
6.311936358283589676e-01,1.862768655748800199e+02
6.325026327673547444e-01,1.862758008390745772e+02
6.338116297063504101e-01,1.862748233401074742e+02
6.351206266453461868e-01,1.862741518804128873e+02
6.364296235843418525e-01,1.862735455640071791e+02
6.377386205233376293e-01,1.862731599841214347e+02
6.390476174623332950e-01,1.862728220831266128e+02
6.403566144013290717e-01,1.862726384851799821e+02
6.416656113403247375e-01,1.862724859241878050e+02
6.429746082793205142e-01,1.862724330877588557e+02
6.442836052183161799e-01,1.862723989176924988e+02
6.455926021573119566e-01,1.862724283242103525e+02
6.469015990963076224e-01,1.862724694088532544e+02
6.482105960353033991e-01,1.862725495678547247e+02
6.495195929742990648e-01,1.862726385162854399e+02
6.508285899132948416e-01,1.862727533411019465e+02
6.521375868522905073e-01,1.862728736098881370e+02
6.534465837912862840e-01,1.862730059074911537e+02
6.547555807302819497e-01,1.862731404205313765e+02
6.560645776692777265e-01,1.862732805652028958e+02
6.573735746082733922e-01,1.862734211466646741e+02
6.586825715472691689e-01,1.862735612455341254e+02
6.599915684862648346e-01,1.862737003270064520e+02
6.613005654252606114e-01,1.862738356174384080e+02
6.626095623642562771e-01,1.862739702152981351e+02
6.639185593032520538e-01,1.862740986244547514e+02
6.652275562422477195e-01,1.862742264950664719e+02
6.665365531812434963e-01,1.862743437453548268e+02
6.678455501202391620e-01,1.862744583680428718e+02
6.691545470592349387e-01,1.862745582933909816e+02
6.704635439982306044e-01,1.862746538015630051e+02
6.717725409372263812e-01,1.862747310559855691e+02
6.730815378762220469e-01,1.862748035931243180e+02
6.743905348152178236e-01,1.862748558082818988e+02
6.756995317542134893e-01,1.862749024261053137e+02
6.770085286932092661e-01,1.862749285155850885e+02
6.783175256322049318e-01,1.862749519531263331e+02
6.796265225712007085e-01,1.862749559471415068e+02
6.809355195101963742e-01,1.862749539223929105e+02
6.822445164491921510e-01,1.862749288629597686e+02
6.835535133881878167e-01,1.862748981802478454e+02
6.848625103271835934e-01,1.862748446385519401e+02
6.861715072661792592e-01,1.862747858726529842e+02
6.874805042051750359e-01,1.862747064093670701e+02
6.887895011441707016e-01,1.862746229449815871e+02
6.900984980831664783e-01,1.862745230872265836e+02
6.914074950221621441e-01,1.862744200288175023e+02
6.927164919611579208e-01,1.862743007893257641e+02
6.940254889001535865e-01,1.862741787543017438e+02
6.953344858391493633e-01,1.862740409142720068e+02
6.966434827781450290e-01,1.862738989741746707e+02
6.979524797171408057e-01,1.862737438385320843e+02
6.992614766561364714e-01,1.862735867415200914e+02
7.005704735951322482e-01,1.862734220180101374e+02
7.018794705341279139e-01,1.862732560961304955e+02
7.031884674731236906e-01,1.862730826478019139e+02
7.044974644121193563e-01,1.862729083271222237e+02
7.058064613511151331e-01,1.862727306326918324e+02
7.071154582901107988e-01,1.862725531218485742e+02
7.084244552291065755e-01,1.862723733055673279e+02
7.097334521681022412e-01,1.862721928464112011e+02
7.110424491070980180e-01,1.862720110233818218e+02
7.123514460460936837e-01,1.862718289872165087e+02
7.136604429850894604e-01,1.862716479069445654e+02
7.149694399240851261e-01,1.862714678840942781e+02
7.162784368630809029e-01,1.862712916237726972e+02
7.175874338020765686e-01,1.862711181371748239e+02
7.188964307410723453e-01,1.862709481267817750e+02
7.202054276800680110e-01,1.862707784061508107e+02
7.215144246190637878e-01,1.862706107342619646e+02
7.228234215580594535e-01,1.862704431497352857e+02
7.241324184970552302e-01,1.862702772198719003e+02
7.254414154360508959e-01,1.862701121527753401e+02
7.267504123750466727e-01,1.862699509249481764e+02
7.280594093140423384e-01,1.862697922529846721e+02
7.293684062530381151e-01,1.862696372437398225e+02
7.306774031920337809e-01,1.862694833742803837e+02
7.319864001310295576e-01,1.862693308578310507e+02
7.332953970700252233e-01,1.862691789733997894e+02
7.346043940090210000e-01,1.862690299639171769e+02
7.359133909480166658e-01,1.862688823471010267e+02
7.372223878870124425e-01,1.862687357624031677e+02
7.385313848260081082e-01,1.862685888763401749e+02
7.398403817650038850e-01,1.862684423763847406e+02
7.411493787039995507e-01,1.862682965148099754e+02
7.424583756429953274e-01,1.862681525846517161e+02
7.437673725819909931e-01,1.862680120277445610e+02
7.450763695209867699e-01,1.862678751468779410e+02
7.463853664599824356e-01,1.862677391412536849e+02
7.476943633989782123e-01,1.862676029246475764e+02
7.490033603379738780e-01,1.862674662298946089e+02
7.503123572769696548e-01,1.862673291689093560e+02
7.516213542159653205e-01,1.862671914753939575e+02
7.529303511549610972e-01,1.862670558691317240e+02
7.542393480939567629e-01,1.862669236705405922e+02
7.555483450329525397e-01,1.862667960698562410e+02
7.568573419719482054e-01,1.862666692062171592e+02
7.581663389109439821e-01,1.862665429532275141e+02
7.594753358499396478e-01,1.862664164362511485e+02
7.607843327889354246e-01,1.862662916263465718e+02
7.620933297279310903e-01,1.862661685188810452e+02
7.634023266669268670e-01,1.862660470814388702e+02
7.647113236059225327e-01,1.862659261682970850e+02
7.660203205449183095e-01,1.862658070929094265e+02
7.673293174839139752e-01,1.862656881710841787e+02
7.686383144229097519e-01,1.862655736444321235e+02
7.699473113619054176e-01,1.862654621558274073e+02
7.712563083009011944e-01,1.862653555798191576e+02
7.725653052398968601e-01,1.862652519907799160e+02
7.738743021788926368e-01,1.862651522223301583e+02
7.751832991178883026e-01,1.862650525723832686e+02
7.764922960568840793e-01,1.862649564104786748e+02
7.778012929958797450e-01,1.862648602808210683e+02
7.791102899348755217e-01,1.862647690006436960e+02
7.804192868738711875e-01,1.862646813152599350e+02
7.817282838128669642e-01,1.862646020792130912e+02
7.830372807518626299e-01,1.862645258412909186e+02
7.843462776908584067e-01,1.862644554453812304e+02
7.856552746298540724e-01,1.862643858918897024e+02
7.869642715688498491e-01,1.862643207638666922e+02
7.882732685078455148e-01,1.862642565417555431e+02
7.895822654468412916e-01,1.862641980447118613e+02
7.908912623858369573e-01,1.862641420566629336e+02
7.922002593248327340e-01,1.862640930452755867e+02
7.935092562638283997e-01,1.862640458516521846e+02
7.948182532028241765e-01,1.862640035386726254e+02
7.961272501418198422e-01,1.862639627729922154e+02
7.974362470808156189e-01,1.862639295311646208e+02
7.987452440198112846e-01,1.862639006776773272e+02
8.000542409588070614e-01,1.862638793759857379e+02
8.013632378978027271e-01,1.862638584782312989e+02
8.026722348367985038e-01,1.862638421679957048e+02
8.039812317757941695e-01,1.862638260856387262e+02
8.052902287147899463e-01,1.862638151800290416e+02
8.065992256537856120e-01,1.862638066075555798e+02
8.079082225927813887e-01,1.862638076997291989e+02
8.092172195317770544e-01,1.862638146197032256e+02
8.105262164707728312e-01,1.862638304772647757e+02
8.118352134097684969e-01,1.862638481148637766e+02
8.131442103487642736e-01,1.862638706231360288e+02
8.144532072877599393e-01,1.862638939541358525e+02
8.157622042267557161e-01,1.862639220389619084e+02
8.170712011657513818e-01,1.862639513695865219e+02
8.183801981047471585e-01,1.862639868119871949e+02
8.196891950437428243e-01,1.862640245083813966e+02
8.209981919827386010e-01,1.862640684028582996e+02
8.223071889217342667e-01,1.862641145228900541e+02
8.236161858607300434e-01,1.862641669375938136e+02
8.249251827997257092e-01,1.862642217851046098e+02
8.262341797387214859e-01,1.862642831742707301e+02
8.275431766777171516e-01,1.862643469161373844e+02
8.288521736167129284e-01,1.862644150174169511e+02
8.301611705557085941e-01,1.862644835772890417e+02
8.314701674947043708e-01,1.862645561326582708e+02
8.327791644337000365e-01,1.862646287639751392e+02
8.340881613726958133e-01,1.862647062065253465e+02
8.353971583116914790e-01,1.862647886471401080e+02
8.367061552506872557e-01,1.862648815058920775e+02
8.380151521896829214e-01,1.862649763900705295e+02
8.393241491286786982e-01,1.862650759343266884e+02
8.406331460676743639e-01,1.862651760923089626e+02
8.419421430066701406e-01,1.862652807984615890e+02
8.432511399456658063e-01,1.862653867980441476e+02
8.445601368846615831e-01,1.862654974952614282e+02
8.458691338236572488e-01,1.862656091211020737e+02
8.471781307626530255e-01,1.862657263837821802e+02
8.484871277016486912e-01,1.862658461905183742e+02
8.497961246406444680e-01,1.862659730388072603e+02
8.511051215796401337e-01,1.862661030400178390e+02
8.524141185186359104e-01,1.862662384825373465e+02
8.537231154576315761e-01,1.862663754816089181e+02
8.550321123966273529e-01,1.862665164254419494e+02
8.563411093356230186e-01,1.862666579247520247e+02
8.576501062746187953e-01,1.862668015883878070e+02
8.589591032136144610e-01,1.862669454414779580e+02
8.602681001526102378e-01,1.862670910488198217e+02
8.615770970916059035e-01,1.862672375563269895e+02
8.628860940306016802e-01,1.862673872391619625e+02
8.641950909695973460e-01,1.862675408912874104e+02
8.655040879085931227e-01,1.862676986008809195e+02
8.668130848475887884e-01,1.862678561214490003e+02
8.681220817865845651e-01,1.862680123419171707e+02
8.694310787255802309e-01,1.862681678661129183e+02
8.707400756645760076e-01,1.862683221723005147e+02
8.720490726035716733e-01,1.862684761289406197e+02
8.733580695425674500e-01,1.862686284841071824e+02
8.746670664815631158e-01,1.862687811343527642e+02
8.759760634205588925e-01,1.862689320577190699e+02
8.772850603595545582e-01,1.862690838164061233e+02
8.785940572985503350e-01,1.862692337879555566e+02
8.799030542375460007e-01,1.862693842846454118e+02
8.812120511765417774e-01,1.862695297084391655e+02
8.825210481155374431e-01,1.862696730302972696e+02
8.838300450545332199e-01,1.862698102865283261e+02
8.851390419935288856e-01,1.862699463034655025e+02
8.864480389325246623e-01,1.862700779796134327e+02
8.877570358715203280e-01,1.862702090567935329e+02
8.890660328105161048e-01,1.862703361120181569e+02
8.903750297495117705e-01,1.862704632237762326e+02
8.916840266885075472e-01,1.862705889265545807e+02
8.929930236275032129e-01,1.862707153039494870e+02
8.943020205664989897e-01,1.862708404879845432e+02
8.956110175054946554e-01,1.862709652723349620e+02
8.969200144444904321e-01,1.862710908992002885e+02
8.982290113834860978e-01,1.862712168146051681e+02
8.995380083224818746e-01,1.862713462671408422e+02
9.008470052614775403e-01,1.862714777388000016e+02
9.021560022004733170e-01,1.862716164663325742e+02
9.034649991394689827e-01,1.862717584152838697e+02
9.047739960784647595e-01,1.862719086647433926e+02
9.060829930174604252e-01,1.862720613873910054e+02
9.073919899564562019e-01,1.862722209734033640e+02
9.087009868954518677e-01,1.862723819582068359e+02
9.100099838344476444e-01,1.862725476641291209e+02
9.113189807734433101e-01,1.862727143058516788e+02
9.126279777124390868e-01,1.862728835331992627e+02
9.139369746514347526e-01,1.862730540217313262e+02
9.152459715904305293e-01,1.862732223259880016e+02
9.165549685294261950e-01,1.862733905266476597e+02
9.178639654684219717e-01,1.862735485731624578e+02
9.191729624074176375e-01,1.862737031092919153e+02
9.204819593464134142e-01,1.862738395718113793e+02
9.217909562854090799e-01,1.862739712229671341e+02
9.230999532244048567e-01,1.862740758281433386e+02
9.244089501634005224e-01,1.862741728663866638e+02
9.257179471023962991e-01,1.862742361105243845e+02
9.270269440413919648e-01,1.862742912626766838e+02
9.283359409803877416e-01,1.862743121046145802e+02
9.296449379193834073e-01,1.862743245389721949e+02
9.309539348583791840e-01,1.862743093331712316e+02
9.322629317973748497e-01,1.862742890713601867e+02
9.335719287363706265e-01,1.862742508395610059e+02
9.348809256753662922e-01,1.862742021991434740e+02
9.361899226143620689e-01,1.862741570376900597e+02
9.374989195533577346e-01,1.862740607105477579e+02
9.388079164923535114e-01,1.862739911137916806e+02
9.401169134313491771e-01,1.862735978230856801e+02
9.414259103703449538e-01,1.862732052283855921e+02
9.427349073093406195e-01,1.862704996453910837e+02
9.440439042483363963e-01,1.862668790714170370e+02
9.453529011873320620e-01,1.862451124261247060e+02
9.466618981263278387e-01,1.876108606711945583e+02
9.479708950653235044e-01,1.891910602921895759e+02
9.492798920043192812e-01,1.906145258152776023e+02
9.505888889433149469e-01,1.919886337619269909e+02
9.518978858823107236e-01,1.932182155589279375e+02
9.532068828213063894e-01,1.944620697385284700e+02
9.545158797603021661e-01,1.956786167266317875e+02
9.558248766992978318e-01,1.969196328095508761e+02
9.571338736382936085e-01,1.981585829423378300e+02
9.584428705772892743e-01,1.994209139219877329e+02
9.597518675162850510e-01,2.006790494756782266e+02
9.610608644552807167e-01,2.019602655779223142e+02
9.623698613942764934e-01,2.032359583026692462e+02
9.636788583332721592e-01,2.045347464015390244e+02
9.649878552722679359e-01,2.058269878955229046e+02
9.662968522112636016e-01,2.071424664600599215e+02
9.676058491502593784e-01,2.084517453811104986e+02
9.689148460892550441e-01,2.097850473768624795e+02
9.702238430282508208e-01,2.111124651587815322e+02
9.715328399672464865e-01,2.124639361977888257e+02
9.728418369062422633e-01,2.138090134321332414e+02
9.741508338452379290e-01,2.151785703160091430e+02
9.754598307842337057e-01,2.165417656038598295e+02
9.767688277232293714e-01,2.179297219279825981e+02
9.780778246622251482e-01,2.193111152140408251e+02
9.793868216012208139e-01,2.207176078382061633e+02
9.806958185402165906e-01,2.221176641515006054e+02
9.820048154792122563e-01,2.235431675733565555e+02
9.833138124182080331e-01,2.249620050063434746e+02
9.846228093572036988e-01,2.264066641545689720e+02
9.859318062961994755e-01,2.278446475571729195e+02
9.872408032351951412e-01,2.293087641248912689e+02
9.885498001741909180e-01,2.307661103670673697e+02
9.898587971131865837e-01,2.322500410666200708e+02
9.911677940521823604e-01,2.337270674338408867e+02
9.924767909911780261e-01,2.352309150070298926e+02
9.937857879301738029e-01,2.367278001526327103e+02
9.950947848691694686e-01,2.382519259027151861e+02
9.964037818081652453e-01,2.397691275713390837e+02
9.977127787471609111e-01,2.413139793854416553e+02
9.990217756861566878e-01,2.428516490119988305e+02
1.000330772625152242e+00,2.444173009266289398e+02
1.001639769564148130e+00,2.459757275218393318e+02
1.002948766503143796e+00,2.475625699862713986e+02
1.004257763442139684e+00,2.491421865650029872e+02
1.005566760381135349e+00,2.507505383168194442e+02
1.006875757320131015e+00,2.523514354686898287e+02
1.008184754259126681e+00,2.539815398937923590e+02
1.009493751198122347e+00,2.556042005912701711e+02
1.010802748137118012e+00,2.572564267116989072e+02
1.012111745076113900e+00,2.589010187255275355e+02
1.013420742015109566e+00,2.605755839035970780e+02
1.014729738954105454e+00,2.622425138983690545e+02
1.016038735893101119e+00,2.639398222037420396e+02
1.017347732832096785e+00,2.656293519193304178e+02
1.018656729771092451e+00,2.673496830803775879e+02
1.019965726710088116e+00,2.690621307422611039e+02
1.021274723649083782e+00,2.708058344294148583e+02
1.022583720588079670e+00,2.725415431569696807e+02
1.023892717527075336e+00,2.743089392423187860e+02
1.025201714466071001e+00,2.760682180011820606e+02
1.026510711405066889e+00,2.778596195339095516e+02
1.027819708344062555e+00,2.796427954733546244e+02
1.029128705283058443e+00,2.814585407804579518e+02
1.030437702222054108e+00,2.832659628770532549e+02
1.031746699161049996e+00,2.851063865634778267e+02
1.033055696100045662e+00,2.869384266470758575e+02
1.034364693039041549e+00,2.888039091966418255e+02
1.035673689978037215e+00,2.906608539796754940e+02
1.036982686917033103e+00,2.925517721934190263e+02
1.038291683856028769e+00,2.944340374133304863e+02
1.039600680795024656e+00,2.963507314826633774e+02
1.040909677734020322e+00,2.982586311990479544e+02
1.042218674673016210e+00,3.002014271959351959e+02
1.043527671612011876e+00,3.021353685942340803e+02
1.044836668551007763e+00,3.041047153434935240e+02
1.046145665490003429e+00,3.060650352419874594e+02
1.047454662428999317e+00,3.080612530063909844e+02
1.048763659367994983e+00,3.100483631166012515e+02
1.050072656306990870e+00,3.120718693563191550e+02
1.051381653245986536e+00,3.140861406122076573e+02
1.052690650184982424e+00,3.161373315839471161e+02
1.053999647123978090e+00,3.181791484400633294e+02
1.055308644062973977e+00,3.202583981773768755e+02
1.056617641001969643e+00,3.223281747252461855e+02
1.057926637940965531e+00,3.244359281567570861e+02
1.059235634879961196e+00,3.265340313925544251e+02
1.060544631818957084e+00,3.286706734332075825e+02
1.061853628757952750e+00,3.307975386899460659e+02
1.063162625696948638e+00,3.329634777971356243e+02
1.064471622635944303e+00,3.351195459004259760e+02
1.065780619574940191e+00,3.373152226950670070e+02
1.067089616513935857e+00,3.395008962908833041e+02
1.068398613452931745e+00,3.417267629474334854e+02
1.069707610391927410e+00,3.439424588176274256e+02
1.071016607330923298e+00,3.461989091343149880e+02
1.072325604269918964e+00,3.484450828237717133e+02
1.073634601208914852e+00,3.507325726996392063e+02
1.074943598147910517e+00,3.530096752699416811e+02
1.076252595086906405e+00,3.553286834985527207e+02
1.077561592025902071e+00,3.576371399903168822e+02
1.078870588964897959e+00,3.599881472573999304e+02
1.080179585903893624e+00,3.623284079784409641e+02
1.081488582842889512e+00,3.647118315676942188e+02
1.082797579781885178e+00,3.670844013309908291e+02
1.084106576720881066e+00,3.695007188449285422e+02
1.085415573659876731e+00,3.719060641017651392e+02
1.086724570598872619e+00,3.743558099867854594e+02
1.088033567537868285e+00,3.767943982155679237e+02
1.089342564476864172e+00,3.792780164474222602e+02
1.090651561415859838e+00,3.817503538023070746e+02
1.091960558354855726e+00,3.842683700348713955e+02
1.093269555293851392e+00,3.867749305305728171e+02
1.094578552232847279e+00,3.893278538898511556e+02
1.095887549171842945e+00,3.918691438025990124e+02
1.097196546110838833e+00,3.944574889263167847e+02
1.098505543049834499e+00,3.970340385370193985e+02
1.099814539988830386e+00,3.996583160372820771e+02
1.101123536927826052e+00,4.022706660337004223e+02
1.102432533866821940e+00,4.049314268062584006e+02
1.103741530805817606e+00,4.075801067344984858e+02
1.105050527744813493e+00,4.102778882928855069e+02
1.106359524683809159e+00,4.129634462794909382e+02
1.107668521622805047e+00,4.156988248646005673e+02
1.108977518561800713e+00,4.184217829520690657e+02
1.110286515500796600e+00,4.211953001502380971e+02
1.111595512439792266e+00,4.239562464908598827e+02
1.112904509378788154e+00,4.267685194017953449e+02
1.114213506317783819e+00,4.295679678018724417e+02
1.115522503256779707e+00,4.324195592080050687e+02
1.116831500195775373e+00,4.352581585501419568e+02
1.118140497134771261e+00,4.381496082440216924e+02
1.119449494073766926e+00,4.410279365823848821e+02
1.120758491012762814e+00,4.439599119999973595e+02
1.122067487951758480e+00,4.468785653545807008e+02
1.123376484890754368e+00,4.498516396848062300e+02
1.124685481829750033e+00,4.528112578673649296e+02
1.125994478768745921e+00,4.558260983933984676e+02
1.127303475707741587e+00,4.588272855862301185e+02
1.128612472646737475e+00,4.618845046763179880e+02
1.129921469585733140e+00,4.649279034135167876e+02
1.131230466524729028e+00,4.680281916857132956e+02
1.132539463463724694e+00,4.711143996448261646e+02
1.133848460402720582e+00,4.742583899910793548e+02
1.135157457341716247e+00,4.773880829637486158e+02
1.136466454280712135e+00,4.805763988407319403e+02
1.137775451219707801e+00,4.837503087428920026e+02
1.139084448158703688e+00,4.869836880221768638e+02
1.140393445097699354e+00,4.902024036132657443e+02
1.141702442036695242e+00,4.934815981316619400e+02
1.143011438975690908e+00,4.967458020730016415e+02
1.144320435914686795e+00,5.000713872432933158e+02
1.145629432853682461e+00,5.033819035033754403e+02
1.146938429792678349e+00,5.067545968237053557e+02
1.148247426731674015e+00,5.101121254324986012e+02
1.149556423670669902e+00,5.135327838619294880e+02
1.150865420609665568e+00,5.169379194904857968e+02
1.152174417548661456e+00,5.204073030393083172e+02
1.153483414487657122e+00,5.238608354769355628e+02
1.154792411426653009e+00,5.273794869449085354e+02
1.156101408365648675e+00,5.308823200539931122e+02
1.157410405304644563e+00,5.344511584573293703e+02
1.158719402243640229e+00,5.380038808426959349e+02
1.160028399182636116e+00,5.416237631806518493e+02
1.161337396121631782e+00,5.452272177296897553e+02
1.162646393060627670e+00,5.488988188129108039e+02
1.163955389999623335e+00,5.525538561663191786e+02
1.165264386938619223e+00,5.562780700156134799e+02
1.166573383877614889e+00,5.599853721022989248e+02
1.167882380816610777e+00,5.637630820270319418e+02
1.169191377755606442e+00,5.675236117199004866e+02
1.170500374694602330e+00,5.713554356857737275e+02
1.171809371633597996e+00,5.751700675972648469e+02
1.173118368572593884e+00,5.790571842358021968e+02
1.174427365511589549e+00,5.829265898701881952e+02
1.175736362450585437e+00,5.868695989827900803e+02
1.177045359389581103e+00,5.907950236312467496e+02
1.178354356328576991e+00,5.947951037274723376e+02
1.179663353267572656e+00,5.987769870332616620e+02
1.180972350206568544e+00,6.028348709425494008e+02
1.182281347145564210e+00,6.068745367481145649e+02
1.183590344084560098e+00,6.109913059563218667e+02
1.184899341023555763e+00,6.150894349588844534e+02
1.186208337962551651e+00,6.192659424344526542e+02
1.187517334901547317e+00,6.234236694760182900e+02
1.188826331840543205e+00,6.276610027079061638e+02
1.190135328779538870e+00,6.318797835340036499e+02
1.191444325718534758e+00,6.361902577816663324e+02
1.192753322657530424e+00,6.404349344900463166e+02
1.194062319596526311e+00,6.446223227088402155e+02
1.195371316535521977e+00,6.473657387920020483e+02
1.196680313474517865e+00,6.498226472535507128e+02
1.197989310413513531e+00,6.512858404686256790e+02
1.199298307352509418e+00,6.526537656974838910e+02
1.200607304291505084e+00,6.534409744946680121e+02
1.201916301230500972e+00,6.542100443627952018e+02
1.203225298169496638e+00,6.546311519710567381e+02
1.204534295108492525e+00,6.550722287728470974e+02
1.205843292047488191e+00,6.552877389185578068e+02
1.207152288986484079e+00,6.555460301149034876e+02
1.208461285925479745e+00,6.556484186255269151e+02
1.209770282864475632e+00,6.558070287805473981e+02
1.211079279803471298e+00,6.558482019547989239e+02
1.212388276742467186e+00,6.559524713598276549e+02
1.213697273681462852e+00,6.559606252276784062e+02
1.215006270620458739e+00,6.560334845430868427e+02
1.216315267559454405e+00,6.560211811619185482e+02
1.217624264498450293e+00,6.560782496579723784e+02
1.218933261437445958e+00,6.560593194946511630e+02
1.220242258376441846e+00,6.561082503908673971e+02
1.221551255315437512e+00,6.560828457738771249e+02
1.222860252254433400e+00,6.561283893811773851e+02
1.224169249193429065e+00,6.560985770393619987e+02
1.225478246132424953e+00,6.561389126922322248e+02
1.226787243071420619e+00,6.561105159687624564e+02
1.228096240010416507e+00,6.561525909462067148e+02
1.229405236949412172e+00,6.561294468933040207e+02
1.230714233888408060e+00,6.561759798882693531e+02
1.232023230827403726e+00,6.561592734284082553e+02
1.233332227766399614e+00,6.562158879937410347e+02
1.234641224705395279e+00,6.562137418235013229e+02
1.235950221644391167e+00,6.562861164482645790e+02
1.237259218583386833e+00,6.563141877538438393e+02
1.238568215522382721e+00,6.564205291180858239e+02
1.239877212461378386e+00,6.564948067296068075e+02
1.241186209400374274e+00,6.566508548368570928e+02
1.242495206339369940e+00,6.568200666844960551e+02
1.243804203278365828e+00,6.570849484767247759e+02
1.245113200217361493e+00,6.574259268972225527e+02
1.246422197156357381e+00,6.578837596523994762e+02
1.247731194095353047e+00,6.585330626477780243e+02
1.249040191034348934e+00,6.593384861778686172e+02
1.250349187973344600e+00,6.605355688417290594e+02
1.251658184912340488e+00,6.619733757642591172e+02
1.252967181851336154e+00,6.638335644457625904e+02
1.254276178790332041e+00,6.659603231138344199e+02
1.255585175729327707e+00,6.656938434043458983e+02
