# Exudyn: solution of belt drive, beam velocities over belt length
# Exudyn output file
# Exudyn version=1.2.34.dev1
# endTime=2.45
# stepSize=5e-05
# nSegments=4
# nANCFnodes=240
# contactStiffnessPerArea=10000000.0
# frictionStiffnessPerArea=100000000.0
# contactStiffness=41887.90204786391
# frictionStiffness=523598.7755982988
# contactDamping=8.377580409572781
# frictionVelocityPenalty=33.70609928242229
# dryFriction=0.5
# 
2.273614720562644465e-03,-1.199045258111923973e+00,-3.692996699732126881e-03,0.000000000000000000e+00
7.509602476545529370e-03,-1.199082570536079029e+00,-7.409205787685163927e-03,0.000000000000000000e+00
1.274559023252841428e-02,-1.199089840507382432e+00,-6.487953392557871055e-03,0.000000000000000000e+00
1.798157798851129918e-02,-1.199102114364989147e+00,2.121564807811130750e-03,0.000000000000000000e+00
2.321756574449418409e-02,-1.199115940233514754e+00,1.098777300766613091e-02,0.000000000000000000e+00
2.845355350048106580e-02,-1.199134730377677149e+00,3.683736314539941357e-03,0.000000000000000000e+00
3.368954125646395070e-02,-1.199160832843535474e+00,-5.032312867970355902e-03,0.000000000000000000e+00
3.892552901244705765e-02,-1.199189915679318430e+00,-4.337240215855701388e-03,0.000000000000000000e+00
4.416151676842994256e-02,-1.199223162602608195e+00,-4.775461769031721926e-03,0.000000000000000000e+00
4.939750452441304951e-02,-1.199256927403198780e+00,1.510278048148733145e-03,0.000000000000000000e+00
5.463349228039593442e-02,-1.199288601005797039e+00,5.853675611523376232e-03,0.000000000000000000e+00
5.986948003637904137e-02,-1.199314254650903910e+00,7.642688611158112745e-03,0.000000000000000000e+00
6.510546779236192627e-02,-1.199337297621891452e+00,-3.064696477092855673e-03,0.000000000000000000e+00
7.034145554834481118e-02,-1.199353692563622342e+00,-6.217670712388052856e-03,0.000000000000000000e+00
7.557744330432791813e-02,-1.199363875717398109e+00,-1.690725749392421508e-03,0.000000000000000000e+00
8.081343106031080303e-02,-1.199368502785560953e+00,-5.800994283223698039e-04,0.000000000000000000e+00
8.604941881629390998e-02,-1.199366808018089481e+00,3.571048009985941171e-03,0.000000000000000000e+00
9.128540657227679489e-02,-1.199357841772108468e+00,4.509685706919795527e-03,0.000000000000000000e+00
9.652139432825990184e-02,-1.199345175151373510e+00,2.288145162558710959e-03,0.000000000000000000e+00
1.017573820842427867e-01,-1.199329267375583541e+00,-3.713737265345005024e-03,0.000000000000000000e+00
1.069933698402258937e-01,-1.199308823249321643e+00,-2.740059243600171703e-03,0.000000000000000000e+00
1.122293575962087786e-01,-1.199287408461529258e+00,1.583416782329680021e-03,0.000000000000000000e+00
1.174653453521918856e-01,-1.199264779661651348e+00,-1.047186509351752913e-03,0.000000000000000000e+00
1.227013331081747705e-01,-1.199242169841112204e+00,2.957481250037344214e-03,0.000000000000000000e+00
1.279373208641576554e-01,-1.199219704352955995e+00,1.432845459263381530e-03,0.000000000000000000e+00
1.331733086201407623e-01,-1.199201023951658396e+00,-7.585589531739587044e-04,0.000000000000000000e+00
1.384092963761236472e-01,-1.199186863519068336e+00,8.953201105672601136e-04,0.000000000000000000e+00
1.436452841321067542e-01,-1.199177369753567257e+00,-1.649975550049814429e-03,0.000000000000000000e+00
1.488812718880896391e-01,-1.199174217233064832e+00,6.809373613884500383e-04,0.000000000000000000e+00
1.541172596440727460e-01,-1.199178487185918796e+00,-1.765955636284800064e-03,0.000000000000000000e+00
1.593532474000556309e-01,-1.199190266790147508e+00,4.512839997512054012e-04,0.000000000000000000e+00
1.645892351560387379e-01,-1.199210702929335737e+00,2.513781254670856107e-03,0.000000000000000000e+00
1.698252229120216228e-01,-1.199240220017268932e+00,3.063768166656696389e-03,0.000000000000000000e+00
1.750612106680047297e-01,-1.199277518254257435e+00,1.466498240751576768e-03,0.000000000000000000e+00
1.802971984239876146e-01,-1.199321040417318240e+00,-5.892787310860686176e-03,0.000000000000000000e+00
1.855331861799707216e-01,-1.199369424729533229e+00,-1.803618357511868305e-03,0.000000000000000000e+00
1.907691739359536065e-01,-1.199417972900346463e+00,-9.521029510752318341e-04,0.000000000000000000e+00
1.960051616919367135e-01,-1.199464809261507670e+00,2.651976316309396977e-03,0.000000000000000000e+00
2.012411494479195984e-01,-1.199507061217083503e+00,4.552195641173800884e-03,0.000000000000000000e+00
2.064771372039027053e-01,-1.199541862295819605e+00,4.428865705958551745e-03,0.000000000000000000e+00
2.117131249598855902e-01,-1.199562454712415960e+00,-4.830501498361210871e-03,0.000000000000000000e+00
2.169491127158686972e-01,-1.199568256474224937e+00,-5.309083204351985885e-03,0.000000000000000000e+00
2.221851004718515821e-01,-1.199553013423410697e+00,-2.447394824086973012e-04,0.000000000000000000e+00
2.274210882278346890e-01,-1.199515709057418000e+00,3.477256512788759121e-03,0.000000000000000000e+00
2.326570759838175739e-01,-1.199457999969161692e+00,4.914746546448424923e-03,0.000000000000000000e+00
2.378930637398006809e-01,-1.199380342720481218e+00,5.397060350742188296e-03,0.000000000000000000e+00
2.431290514957835658e-01,-1.199287042968758987e+00,-2.050124740670276804e-03,0.000000000000000000e+00
2.483650392517666727e-01,-1.199186788338055587e+00,-1.146839795917128577e-02,0.000000000000000000e+00
2.536010270077495576e-01,-1.199083758529320587e+00,-3.746472427013078366e-03,0.000000000000000000e+00
2.588370147637325536e-01,-1.198984780738427958e+00,4.510566745412719972e-03,0.000000000000000000e+00
2.640730025197155495e-01,-1.198902708633107217e+00,7.521706489174001184e-03,0.000000000000000000e+00
2.693089902756985454e-01,-1.198845933794171259e+00,5.153856552856651146e-03,0.000000000000000000e+00
2.745449780316815414e-01,-1.198821405344568714e+00,-1.080617013996518433e-03,0.000000000000000000e+00
2.797809657876645373e-01,-1.198835514394041679e+00,-9.304146071585146782e-03,0.000000000000000000e+00
2.850169535436475332e-01,-1.198893145355962142e+00,-8.260364619012125487e-03,0.000000000000000000e+00
2.902529412996305291e-01,-1.198988290043485838e+00,5.686560989769691779e-03,0.000000000000000000e+00
2.954889290556135251e-01,-1.199115189029291928e+00,9.473861411258548137e-03,0.000000000000000000e+00
3.007249168115965210e-01,-1.199254675082384480e+00,4.568689032258147452e-03,0.000000000000000000e+00
3.059609045675795169e-01,-1.198182041937457365e+00,3.002805358059870700e-03,0.000000000000000000e+00
3.111968923235625128e-01,-1.195789673382122942e+00,8.602861449248655479e-04,0.000000000000000000e+00
3.164328800795455088e-01,-1.193164657252934635e+00,-4.868118589370085125e-04,0.000000000000000000e+00
3.216688678355285047e-01,-1.190582486496112979e+00,-2.614966123030137979e-04,0.000000000000000000e+00
3.269048555915115006e-01,-1.188179908710944144e+00,-2.470474200240158069e-04,0.000000000000000000e+00
3.321408433474944966e-01,-1.185896359139217537e+00,1.816106654920490726e-04,0.000000000000000000e+00
3.373768311034774925e-01,-1.183726753733209902e+00,1.024848742888773145e-04,0.000000000000000000e+00
3.426128188594604884e-01,-1.181656351661565463e+00,1.029895689581006302e-04,0.000000000000000000e+00
3.478488066154434843e-01,-1.179677290519005162e+00,1.625319655181867162e-04,0.000000000000000000e+00
3.530847943714264803e-01,-1.177772711126878757e+00,7.013634446911831688e-05,0.000000000000000000e+00
3.583207821274094762e-01,-1.175928110867743737e+00,1.059060076581408438e-04,0.000000000000000000e+00
3.635567698833924721e-01,-1.174129864205572860e+00,5.133045756244847269e-05,0.000000000000000000e+00
3.687927576393754681e-01,-1.172375380381953658e+00,2.641103912925935049e-05,0.000000000000000000e+00
3.740287453953584640e-01,-1.170653239998165507e+00,1.708578394987725346e-05,0.000000000000000000e+00
3.792647331513414599e-01,-1.168960371192363290e+00,1.370211817841582302e-05,0.000000000000000000e+00
3.845007209073244558e-01,-1.167293257951243390e+00,2.484121484402912472e-06,0.000000000000000000e+00
3.897367086633074518e-01,-1.165654121308408842e+00,-1.150331023391792939e-05,0.000000000000000000e+00
3.949726964192904477e-01,-1.164042240826977936e+00,1.882220015403390789e-06,0.000000000000000000e+00
4.002086841752734436e-01,-1.162458439907717356e+00,5.126566593904868796e-06,0.000000000000000000e+00
4.054446719312564396e-01,-1.160906502096203496e+00,-1.448615884735993120e-05,0.000000000000000000e+00
4.106806596872394355e-01,-1.159389856189263046e+00,-2.331981176723063598e-05,0.000000000000000000e+00
4.159166474432224314e-01,-1.157909755276245400e+00,-2.077760242963355708e-05,0.000000000000000000e+00
4.211526351992054273e-01,-1.156466976392454438e+00,5.363215144216226804e-07,0.000000000000000000e+00
4.263886229551884233e-01,-1.155061584634409222e+00,1.652861902057267685e-05,0.000000000000000000e+00
4.316246107111714192e-01,-1.153695940185228919e+00,5.240982299148377876e-06,0.000000000000000000e+00
4.368605984671544151e-01,-1.152371303803872316e+00,2.234267279910273629e-06,0.000000000000000000e+00
4.420965862231374111e-01,-1.151086438197916451e+00,7.782988046656225123e-06,0.000000000000000000e+00
4.473325739791204070e-01,-1.149840245414536444e+00,1.461480883060972680e-05,0.000000000000000000e+00
4.525685617351034029e-01,-1.148631850903903295e+00,1.867002855841792819e-05,0.000000000000000000e+00
4.578045494910863988e-01,-1.147460530996729178e+00,1.589329556580393321e-05,0.000000000000000000e+00
4.630405372470693948e-01,-1.146325256200977805e+00,1.071581722351250265e-05,0.000000000000000000e+00
4.682765250030523907e-01,-1.145224519477862080e+00,9.121218823890386851e-06,0.000000000000000000e+00
4.735125127590353866e-01,-1.144156372659066667e+00,1.438310018578303762e-05,0.000000000000000000e+00
4.787485005150183826e-01,-1.143119311497723167e+00,1.659130223471971810e-05,0.000000000000000000e+00
4.839844882710013785e-01,-1.142112604497798500e+00,1.290825785904559098e-05,0.000000000000000000e+00
4.892204760269843744e-01,-1.141135306376166891e+00,7.435235970520981397e-06,0.000000000000000000e+00
4.944564637829673703e-01,-1.140185908194244035e+00,1.238163094041677681e-05,0.000000000000000000e+00
4.996924515389503663e-01,-1.139262351967074149e+00,2.580220780451503160e-05,0.000000000000000000e+00
5.049284392949333622e-01,-1.138364459471437051e+00,1.192503293157010091e-05,0.000000000000000000e+00
5.101644270509163581e-01,-1.137492702617554086e+00,-3.772074836261296582e-06,0.000000000000000000e+00
5.154004148068993540e-01,-1.136643673997529191e+00,1.042447651378175522e-05,0.000000000000000000e+00
5.206364025628823500e-01,-1.135815195004130640e+00,1.468400375570499961e-05,0.000000000000000000e+00
5.258723903188653459e-01,-1.135006107238743178e+00,3.395883495727058943e-05,0.000000000000000000e+00
5.311083780748482308e-01,-1.134214761533402616e+00,2.732607619582161362e-05,0.000000000000000000e+00
5.363443658308312267e-01,-1.133442542950024556e+00,4.078564198595202583e-07,0.000000000000000000e+00
5.415803535868142227e-01,-1.132687776113437517e+00,-5.063301641627937499e-06,0.000000000000000000e+00
5.468163413427972186e-01,-1.131946837702115793e+00,-2.057395941068573819e-05,0.000000000000000000e+00
5.520523290987802145e-01,-1.131310895408460082e+00,-1.293938032909114355e-05,0.000000000000000000e+00
5.572883168547632105e-01,-1.131055004982842949e+00,6.431419789620917982e-06,0.000000000000000000e+00
5.625243046107462064e-01,-1.130962297693166807e+00,1.061861943840725075e-05,0.000000000000000000e+00
5.677602923667292023e-01,-1.130926584029154469e+00,-3.094579402623809372e-05,0.000000000000000000e+00
5.729962801227121982e-01,-1.130918864588775996e+00,4.141448077055187582e-05,0.000000000000000000e+00
5.782322678786951942e-01,-1.130907104307360633e+00,-2.005628878248844060e-05,0.000000000000000000e+00
5.834682556346781901e-01,-1.130908178229049987e+00,6.253357692642680377e-05,0.000000000000000000e+00
5.887042433906611860e-01,-1.130907598823811311e+00,-4.684817908090499472e-05,0.000000000000000000e+00
5.939402311466441819e-01,-1.130903016244454440e+00,-2.815535118333434283e-05,0.000000000000000000e+00
5.991762189026271779e-01,-1.130898488170782645e+00,4.856810597550498265e-05,0.000000000000000000e+00
6.044122066586101738e-01,-1.130900171300756041e+00,-8.020369473871191701e-05,0.000000000000000000e+00
6.096481944145931697e-01,-1.130878331298414974e+00,5.066115546846494677e-04,0.000000000000000000e+00
6.148841821705761657e-01,-1.130726017607971201e+00,5.707154377664058753e-05,0.000000000000000000e+00
6.201201699265591616e-01,-1.130866942331646419e+00,-4.766696960563227004e-04,0.000000000000000000e+00
6.253561576825421575e-01,-1.130906491180260653e+00,-1.811074318628719954e-03,0.000000000000000000e+00
6.305921454385251534e-01,-1.130785200201134488e+00,-2.311912437954966731e-03,0.000000000000000000e+00
6.358281331945081494e-01,-1.130600020464200384e+00,2.025223916087438153e-04,0.000000000000000000e+00
6.410641209504911453e-01,-1.130386116342117830e+00,1.867623753190311015e-03,0.000000000000000000e+00
6.463001087064741412e-01,-1.130167642523687288e+00,-8.525003256343623159e-04,0.000000000000000000e+00
6.515360964624571372e-01,-1.129960049275952061e+00,-2.136473375868753501e-03,0.000000000000000000e+00
6.567720842184401331e-01,-1.129776103870763437e+00,-1.571246922641274246e-03,0.000000000000000000e+00
6.620080719744231290e-01,-1.129624152080827004e+00,7.894804455133800497e-05,0.000000000000000000e+00
6.672440597304061249e-01,-1.129507870660243496e+00,1.249855247896294874e-03,0.000000000000000000e+00
6.724800474863891209e-01,-1.129428357749080902e+00,-1.151767039875724839e-03,0.000000000000000000e+00
6.777160352423721168e-01,-1.129383089349003999e+00,-2.282138851624015627e-03,0.000000000000000000e+00
6.829520229983551127e-01,-1.129369626032634910e+00,-4.997691542403094947e-04,0.000000000000000000e+00
6.881880107543381087e-01,-1.129382478811519652e+00,5.058500798133082690e-04,0.000000000000000000e+00
6.934239985103211046e-01,-1.129416119444851541e+00,1.364185665151241775e-03,0.000000000000000000e+00
6.986599862663041005e-01,-1.129462991585612253e+00,-2.638808988409571503e-03,0.000000000000000000e+00
7.038959740222870964e-01,-1.129517628718343047e+00,-3.015701161830993890e-03,0.000000000000000000e+00
7.091319617782700924e-01,-1.129574486509959508e+00,2.141511800146432207e-03,0.000000000000000000e+00
7.143679495342530883e-01,-1.129630134512324524e+00,1.672341139939650294e-03,0.000000000000000000e+00
7.196039372902360842e-01,-1.129678536510777098e+00,-1.703935476250351393e-03,0.000000000000000000e+00
7.248399250462190802e-01,-1.129718612370426145e+00,-3.406806851850160359e-03,0.000000000000000000e+00
7.300759128022020761e-01,-1.129749085316867907e+00,-7.990280773814365661e-04,0.000000000000000000e+00
7.353119005581850720e-01,-1.129770750299412985e+00,4.670651766663853552e-03,0.000000000000000000e+00
7.405478883141680679e-01,-1.129782376901966812e+00,-8.056638188308755822e-04,0.000000000000000000e+00
7.457838760701510639e-01,-1.129783718523655445e+00,-5.174756953719789748e-03,0.000000000000000000e+00
7.510198638261340598e-01,-1.129777799351311618e+00,2.288459790210459633e-04,0.000000000000000000e+00
7.562558515821170557e-01,-1.129766860546503882e+00,3.263559646826758032e-03,0.000000000000000000e+00
7.614918393381000516e-01,-1.129751986456836832e+00,7.036841206113785170e-04,0.000000000000000000e+00
7.667278270940830476e-01,-1.129732914093784180e+00,-5.417441900864459689e-03,0.000000000000000000e+00
7.719638148500660435e-01,-1.129711917023564771e+00,-3.184742877737384032e-03,0.000000000000000000e+00
7.771998026060490394e-01,-1.129692163125110005e+00,5.982605951110832668e-03,0.000000000000000000e+00
7.824357903620320354e-01,-1.129674406510890350e+00,1.967261436266296460e-04,0.000000000000000000e+00
7.876717781180150313e-01,-1.129656356868442790e+00,-4.376321424839219217e-03,0.000000000000000000e+00
7.929077658739980272e-01,-1.129640185502471139e+00,-2.946188739424727369e-03,0.000000000000000000e+00
7.981437536299810231e-01,-1.129627221874532683e+00,2.756414528176927975e-03,0.000000000000000000e+00
8.033797413859640191e-01,-1.129617120719337064e+00,3.500478728446126779e-03,0.000000000000000000e+00
8.086157291419470150e-01,-1.129608501001268195e+00,-4.040489577772325182e-03,0.000000000000000000e+00
8.138517168979300109e-01,-1.129599544377105635e+00,-4.490723245579163192e-03,0.000000000000000000e+00
8.190877046539130069e-01,-1.129595344127484191e+00,2.711955236135009384e-03,0.000000000000000000e+00
8.243236924098960028e-01,-1.129594280728756894e+00,3.068905602466901698e-03,0.000000000000000000e+00
8.295596801658789987e-01,-1.129595755317856609e+00,-1.474947621227247051e-03,0.000000000000000000e+00
8.347956679218619946e-01,-1.129598536593639846e+00,-4.011647926244670502e-03,0.000000000000000000e+00
8.400316556778449906e-01,-1.129605100877838053e+00,9.058590266080228208e-04,0.000000000000000000e+00
8.452676434338279865e-01,-1.129615787067940857e+00,4.489233601279918676e-03,0.000000000000000000e+00
8.505036311898109824e-01,-1.129630348839548715e+00,2.293512482252611263e-04,0.000000000000000000e+00
8.557396189457939784e-01,-1.129646143868041852e+00,-3.656124554258401507e-03,0.000000000000000000e+00
8.609756067017769743e-01,-1.129665644910236688e+00,4.754021810732004735e-04,0.000000000000000000e+00
8.662115944577599702e-01,-1.129687400491896865e+00,3.428841693118132514e-03,0.000000000000000000e+00
8.714475822137429661e-01,-1.129709737757635279e+00,9.706357671145915411e-04,0.000000000000000000e+00
8.766835699697259621e-01,-1.129730755479081639e+00,-1.788800857789034793e-03,0.000000000000000000e+00
8.819195577257089580e-01,-1.129748139010487318e+00,-7.615171493809266487e-04,0.000000000000000000e+00
8.871555454816919539e-01,-1.129761432646880337e+00,2.235947236948481083e-03,0.000000000000000000e+00
8.923915332376749499e-01,-1.129768191251594889e+00,2.762063782573763102e-03,0.000000000000000000e+00
8.976275209936579458e-01,-1.129766557289944018e+00,-5.939919951341385979e-04,0.000000000000000000e+00
9.028635087496409417e-01,-1.129753489131186228e+00,-1.072060347340821583e-03,0.000000000000000000e+00
9.080994965056239376e-01,-1.129729697283712087e+00,1.226500781068234555e-03,0.000000000000000000e+00
9.133354842616069336e-01,-1.129694378790732312e+00,1.554648313726228644e-03,0.000000000000000000e+00
9.185714720175899295e-01,-1.129648972509699645e+00,2.021170925098660087e-03,0.000000000000000000e+00
9.238074597735729254e-01,-1.129593311633777519e+00,-1.153053796154294638e-03,0.000000000000000000e+00
9.290434475295559213e-01,-1.129528926935322142e+00,-1.207207960414248202e-03,0.000000000000000000e+00
9.342794352855389173e-01,-1.129459870036452873e+00,2.065515983925519591e-03,0.000000000000000000e+00
9.395154230415219132e-01,-1.129397350865566807e+00,1.193004138250200463e-03,0.000000000000000000e+00
9.447514107975049091e-01,-1.129429317539819566e+00,1.174471895978416308e-03,0.000000000000000000e+00
9.499873985534879051e-01,-1.130137370912940309e+00,6.412542480695310187e-04,0.000000000000000000e+00
9.552233863094709010e-01,-1.130950072330944911e+00,6.841999594581205102e-06,0.000000000000000000e+00
9.604593740654538969e-01,-1.131745388551151477e+00,-1.512200647135752973e-04,0.000000000000000000e+00
9.656953618214368928e-01,-1.132538108156649237e+00,-4.113055549462285576e-05,0.000000000000000000e+00
9.709313495774198888e-01,-1.133336918571956176e+00,8.122471018745525129e-05,0.000000000000000000e+00
9.761673373334028847e-01,-1.134138175795224690e+00,-8.202736667350940536e-05,0.000000000000000000e+00
9.814033250893858806e-01,-1.134951165242147120e+00,-5.384837071337189585e-05,0.000000000000000000e+00
9.866393128453688766e-01,-1.135766322247745430e+00,-9.082634684243195977e-06,0.000000000000000000e+00
9.918753006013518725e-01,-1.136585603280072743e+00,-2.062875988501078339e-05,0.000000000000000000e+00
9.971112883573348684e-01,-1.137421109369103789e+00,-7.235693071494520012e-05,0.000000000000000000e+00
1.002347276113317864e+00,-1.138272631750056441e+00,-2.041360700610894696e-05,0.000000000000000000e+00
1.007583263869300971e+00,-1.139140208792686515e+00,1.231021997116776845e-06,0.000000000000000000e+00
1.012819251625283856e+00,-1.140031390768384778e+00,-7.939075668206285741e-06,0.000000000000000000e+00
1.018055239381266741e+00,-1.140950775708493126e+00,-2.334844999940521859e-05,0.000000000000000000e+00
1.023291227137249848e+00,-1.141904125382072088e+00,-5.595004687131144294e-05,0.000000000000000000e+00
1.028527214893232955e+00,-1.142892681382607467e+00,-2.521771794861127347e-05,0.000000000000000000e+00
1.033763202649215840e+00,-1.143914407991596605e+00,9.887354016524518840e-06,0.000000000000000000e+00
1.038999190405198725e+00,-1.144973242986581319e+00,-1.300115569091708778e-06,0.000000000000000000e+00
1.044235178161181610e+00,-1.146072037499154650e+00,-5.797849292221712858e-06,0.000000000000000000e+00
1.049471165917164495e+00,-1.147208993731282156e+00,5.483075028900330494e-06,0.000000000000000000e+00
1.054707153673147380e+00,-1.148384417406781655e+00,-6.246736934056862367e-06,0.000000000000000000e+00
1.059943141429130264e+00,-1.149598399268302762e+00,-4.001442073353622675e-06,0.000000000000000000e+00
1.065179129185113149e+00,-1.150848538479983585e+00,9.380635783207136313e-06,0.000000000000000000e+00
1.070415116941096034e+00,-1.152134413785037115e+00,4.434844338652155216e-06,0.000000000000000000e+00
1.075651104697078919e+00,-1.153456477749347231e+00,-8.553974041369816206e-06,0.000000000000000000e+00
1.080887092453061804e+00,-1.154814067162725832e+00,-1.047440912096964105e-05,0.000000000000000000e+00
1.086123080209044689e+00,-1.156205951407160981e+00,-5.263267185279252303e-06,0.000000000000000000e+00
1.091359067965027574e+00,-1.157632327691150209e+00,-8.909703602066887385e-06,0.000000000000000000e+00
1.096595055721010459e+00,-1.159094047731323407e+00,-1.163287222145925615e-05,0.000000000000000000e+00
1.101831043476993344e+00,-1.160591266378564246e+00,-8.345256854098634380e-06,0.000000000000000000e+00
1.107067031232976229e+00,-1.162125194429465269e+00,-1.521696007582284960e-05,0.000000000000000000e+00
1.112303018988959113e+00,-1.163698069726671003e+00,-2.115583528018716297e-05,0.000000000000000000e+00
1.117539006744941998e+00,-1.165311386802307059e+00,-1.823919429524978320e-05,0.000000000000000000e+00
1.122774994500924883e+00,-1.166967789880294815e+00,-2.772413424356745537e-05,0.000000000000000000e+00
1.128010982256907768e+00,-1.168669930009879732e+00,-2.971635705351083345e-05,0.000000000000000000e+00
1.133246970012890653e+00,-1.170419679833686111e+00,-2.052317055717400862e-05,0.000000000000000000e+00
1.138482957768873538e+00,-1.172220516526423006e+00,-2.067698204688550589e-05,0.000000000000000000e+00
1.143718945524856423e+00,-1.174076295027603578e+00,-2.367458885677020675e-05,0.000000000000000000e+00
1.148954933280839308e+00,-1.175989997409255805e+00,-2.531834774943675370e-05,0.000000000000000000e+00
1.154190921036822193e+00,-1.177964201213530515e+00,-1.742105320057252271e-05,0.000000000000000000e+00
1.159426908792805078e+00,-1.180001134388569017e+00,-2.516541965924545821e-06,0.000000000000000000e+00
1.164662896548787963e+00,-1.182104057547686438e+00,-6.055463444454289856e-06,0.000000000000000000e+00
1.169898884304770847e+00,-1.184278337978523998e+00,-5.549666848225776050e-05,0.000000000000000000e+00
1.175134872060753732e+00,-1.186523616840280626e+00,-1.449680138931874751e-06,0.000000000000000000e+00
1.180370859816736617e+00,-1.188837384099639571e+00,2.808391771713658613e-05,0.000000000000000000e+00
1.185606847572719502e+00,-1.191226713376310808e+00,-1.614091590240729346e-05,0.000000000000000000e+00
1.190842835328702387e+00,-1.193684330376666658e+00,2.380568803372895559e-05,0.000000000000000000e+00
1.196078823084685272e+00,-1.196112150689812470e+00,1.681232929151565969e-05,0.000000000000000000e+00
1.201314810840668157e+00,-1.197219341535159298e+00,2.115807609781583665e-05,0.000000000000000000e+00
1.206550798596651042e+00,-1.197490922882086473e+00,-8.415572242292945759e-06,0.000000000000000000e+00
1.211786786352633927e+00,-1.197541773110143426e+00,-1.775828554206881904e-06,0.000000000000000000e+00
1.217022774108616812e+00,-1.197548428151232525e+00,-4.360403480241359375e-05,0.000000000000000000e+00
1.222258761864599697e+00,-1.197550180732949388e+00,2.552234368311534496e-04,0.000000000000000000e+00
1.227494749620582581e+00,-1.197603532017290640e+00,-4.581283446016271022e-04,0.000000000000000000e+00
1.232730737376565466e+00,-1.197618285232336044e+00,-1.614107041825185718e-05,0.000000000000000000e+00
1.237966725132548351e+00,-1.197806182837427125e+00,6.189424080925154392e-04,0.000000000000000000e+00
1.243202712888531236e+00,-1.198327236762734005e+00,3.633497875497326834e-04,0.000000000000000000e+00
1.248438700644514121e+00,-1.199102498943188655e+00,8.158399853379211253e-04,0.000000000000000000e+00
1.253674688400497006e+00,-1.198990927011497565e+00,-5.543806778162546633e-05,0.000000000000000000e+00
