# Exudyn: solution of belt drive, beam velocities over belt length
# Exudyn output file
# Exudyn version=1.2.34.dev1
# endTime=2.45
# stepSize=5e-05
# nSegments=8
# nANCFnodes=240
# contactStiffnessPerArea=100000000.0
# frictionStiffnessPerArea=100000000.0
# contactStiffness=209439.51023931953
# frictionStiffness=261799.3877991494
# contactDamping=4.1887902047863905
# frictionVelocityPenalty=16.853049641211143
# dryFriction=0.5
# 
3.014875258529059465e-04,-1.200969586411306356e+00,5.853069641057317279e-04,0.000000000000000000e+00
5.537475281835790852e-03,-1.200969419496531687e+00,-5.907032941700651914e-04,0.000000000000000000e+00
1.077346303781867576e-02,-1.201050557656901274e+00,-6.366331593513619141e-04,0.000000000000000000e+00
1.600945079380156066e-02,-1.201098343093565779e+00,2.366298612604231417e-03,0.000000000000000000e+00
2.124543854978444557e-02,-1.201116464986631938e+00,2.497824106396451596e-05,0.000000000000000000e+00
2.648142630577132728e-02,-1.201115867186815844e+00,-1.871518225678853176e-03,0.000000000000000000e+00
3.171741406175421218e-02,-1.201105755983054246e+00,3.049675272296353823e-03,0.000000000000000000e+00
3.695340181773731913e-02,-1.201093888280750921e+00,6.855297589820963985e-04,0.000000000000000000e+00
4.218938957372020404e-02,-1.201086784945387675e+00,-3.201739659619319989e-03,0.000000000000000000e+00
4.742537732970331099e-02,-1.201086563736974533e+00,2.413326082907161097e-03,0.000000000000000000e+00
5.266136508568619590e-02,-1.201093031400134015e+00,2.294443586446560761e-03,0.000000000000000000e+00
5.789735284166930285e-02,-1.201106723737654702e+00,-4.873842193644762309e-03,0.000000000000000000e+00
6.313334059765218775e-02,-1.201125295079487731e+00,-7.575884413526460647e-04,0.000000000000000000e+00
6.836932835363507266e-02,-1.201145959370569116e+00,4.884973780342168406e-04,0.000000000000000000e+00
7.360531610961817961e-02,-1.201166651570932720e+00,-5.180769511805510298e-03,0.000000000000000000e+00
7.884130386560106452e-02,-1.201185899784254163e+00,-4.375605753937967038e-03,0.000000000000000000e+00
8.407729162158417147e-02,-1.201202520041933841e+00,8.544047053023574390e-04,0.000000000000000000e+00
8.931327937756705637e-02,-1.201215345567718584e+00,-2.297978857572920662e-03,0.000000000000000000e+00
9.454926713355016332e-02,-1.201223798695904676e+00,-4.023656062985444572e-03,0.000000000000000000e+00
9.978525488953304823e-02,-1.201229455290973025e+00,7.637013132139822960e-04,0.000000000000000000e+00
1.050212426455161552e-01,-1.201230935374329345e+00,5.452015824977846396e-04,0.000000000000000000e+00
1.102572304014990401e-01,-1.201229229790206077e+00,-2.774928199027981886e-03,0.000000000000000000e+00
1.154932181574821470e-01,-1.201225480042447558e+00,-2.121475955021032362e-04,0.000000000000000000e+00
1.207292059134650319e-01,-1.201219286088204274e+00,3.850809702012319979e-03,0.000000000000000000e+00
1.259651936694479168e-01,-1.201211857037433051e+00,-8.996672401682696482e-04,0.000000000000000000e+00
1.312011814254310238e-01,-1.201203526985334280e+00,3.257322639188555378e-04,0.000000000000000000e+00
1.364371691814139087e-01,-1.201194025649131358e+00,4.068893171551502680e-03,0.000000000000000000e+00
1.416731569373970157e-01,-1.201184440171496615e+00,2.845580527940834610e-03,0.000000000000000000e+00
1.469091446933799006e-01,-1.201174834620952758e+00,-8.302027195774514890e-04,0.000000000000000000e+00
1.521451324493630075e-01,-1.201165215825044985e+00,4.172763550717272472e-03,0.000000000000000000e+00
1.573811202053458924e-01,-1.201155688720051185e+00,9.740955917375161005e-04,0.000000000000000000e+00
1.626171079613289994e-01,-1.201146996818841073e+00,-5.207893019150472338e-04,0.000000000000000000e+00
1.678530957173118843e-01,-1.201138884907601234e+00,-1.026333161973493578e-03,0.000000000000000000e+00
1.730890834732949912e-01,-1.201131466738594611e+00,-9.155400645296728982e-04,0.000000000000000000e+00
1.783250712292778761e-01,-1.201124753184998450e+00,-2.276014848073894779e-03,0.000000000000000000e+00
1.835610589852609831e-01,-1.201118404703720666e+00,-4.367429265362816719e-05,0.000000000000000000e+00
1.887970467412438680e-01,-1.201112873991790009e+00,-3.030141181153897523e-04,0.000000000000000000e+00
1.940330344972269749e-01,-1.201108308228058474e+00,1.563918735771802071e-03,0.000000000000000000e+00
1.992690222532098598e-01,-1.201105375197411451e+00,2.188192744057063620e-03,0.000000000000000000e+00
2.045050100091929668e-01,-1.201103756585243598e+00,7.487817651544018734e-05,0.000000000000000000e+00
2.097409977651758517e-01,-1.201104292272602514e+00,1.901019838964751072e-03,0.000000000000000000e+00
2.149769855211589586e-01,-1.201107530376942290e+00,2.215940357796292604e-03,0.000000000000000000e+00
2.202129732771418436e-01,-1.201113729781102313e+00,-4.577236303803830335e-03,0.000000000000000000e+00
2.254489610331249505e-01,-1.201123746956046290e+00,-1.786371793590296698e-03,0.000000000000000000e+00
2.306849487891078354e-01,-1.201135150549894837e+00,6.510709728795485273e-04,0.000000000000000000e+00
2.359209365450909424e-01,-1.201147612702249345e+00,-6.836907447907309907e-03,0.000000000000000000e+00
2.411569243010738273e-01,-1.201159624918397562e+00,-4.043423758411077845e-03,0.000000000000000000e+00
2.463929120570569342e-01,-1.201166633364851188e+00,3.170156393221826557e-03,0.000000000000000000e+00
2.516288998130398191e-01,-1.201165749902600499e+00,-3.289919372729999299e-03,0.000000000000000000e+00
2.568648875690228151e-01,-1.201153903852010929e+00,-2.644406973680696153e-03,0.000000000000000000e+00
2.621008753250058110e-01,-1.201128380283826180e+00,4.214779592195959899e-03,0.000000000000000000e+00
2.673368630809888069e-01,-1.201090558340938363e+00,3.472520345676479402e-04,0.000000000000000000e+00
2.725728508369718028e-01,-1.201044685540612278e+00,-3.835027288359872406e-03,0.000000000000000000e+00
2.778088385929547988e-01,-1.200999710552389965e+00,1.112214141016707250e-03,0.000000000000000000e+00
2.830448263489377947e-01,-1.200968177543212168e+00,-1.862324480354068858e-03,0.000000000000000000e+00
2.882808141049207906e-01,-1.200964928392901809e+00,-5.420789928075632480e-03,0.000000000000000000e+00
2.935168018609037865e-01,-1.201003486865536152e+00,-2.860037132936634093e-03,0.000000000000000000e+00
2.987527896168867825e-01,-1.201072601325372968e+00,6.468947839769669667e-04,0.000000000000000000e+00
3.039887773728697784e-01,-1.200998779886007561e+00,-7.204435209854373814e-04,0.000000000000000000e+00
3.092247651288527743e-01,-1.198569543865614095e+00,1.321527166822655808e-06,0.000000000000000000e+00
3.144607528848357703e-01,-1.196043970957649583e+00,1.821653523264576968e-04,0.000000000000000000e+00
3.196967406408187662e-01,-1.193586463580986967e+00,-5.100318200432218951e-05,0.000000000000000000e+00
3.249327283968017621e-01,-1.191246780571021624e+00,1.089225097183899038e-05,0.000000000000000000e+00
3.301687161527847580e-01,-1.188995060878132337e+00,4.994441929268012004e-05,0.000000000000000000e+00
3.354047039087677540e-01,-1.186821383716181844e+00,-3.049909713948029122e-06,0.000000000000000000e+00
3.406406916647507499e-01,-1.184715044985590549e+00,4.307190773711333520e-05,0.000000000000000000e+00
3.458766794207337458e-01,-1.182660091386743995e+00,3.962735061491251543e-05,0.000000000000000000e+00
3.511126671767167418e-01,-1.180653729163343879e+00,2.061156553156973104e-05,0.000000000000000000e+00
3.563486549326997377e-01,-1.178693142461069154e+00,1.560492876939711948e-05,0.000000000000000000e+00
3.615846426886827336e-01,-1.176775703660936090e+00,2.471671209158810001e-05,0.000000000000000000e+00
3.668206304446657295e-01,-1.174902083133140263e+00,1.686782864529501325e-05,0.000000000000000000e+00
3.720566182006487255e-01,-1.173074119120738557e+00,1.026329892228616814e-05,0.000000000000000000e+00
3.772926059566317214e-01,-1.171291788196981543e+00,2.236692921719907190e-05,0.000000000000000000e+00
3.825285937126147173e-01,-1.169554457534649039e+00,2.642058723578699642e-05,0.000000000000000000e+00
3.877645814685977133e-01,-1.167862909188053244e+00,1.671594742613802254e-05,0.000000000000000000e+00
3.930005692245807092e-01,-1.166216805737599449e+00,1.648716968694063922e-05,0.000000000000000000e+00
3.982365569805637051e-01,-1.164614470831530246e+00,1.876680593104751438e-05,0.000000000000000000e+00
4.034725447365467010e-01,-1.163054836920963897e+00,1.612903762426842746e-05,0.000000000000000000e+00
4.087085324925296970e-01,-1.161536793058221440e+00,1.646818962997009805e-05,0.000000000000000000e+00
4.139445202485126929e-01,-1.160058863368997661e+00,1.703365838939818744e-05,0.000000000000000000e+00
4.191805080044956888e-01,-1.158619954810121921e+00,1.491713354112578216e-05,0.000000000000000000e+00
4.244164957604786848e-01,-1.157219044181436063e+00,1.412607288264755567e-05,0.000000000000000000e+00
4.296524835164616807e-01,-1.155854975613809899e+00,1.424981831482652339e-05,0.000000000000000000e+00
4.348884712724446766e-01,-1.154526749379417350e+00,1.383965014206678390e-05,0.000000000000000000e+00
4.401244590284276725e-01,-1.153233440190984949e+00,1.381559226076856106e-05,0.000000000000000000e+00
4.453604467844106685e-01,-1.151974098786300971e+00,1.389235840340563577e-05,0.000000000000000000e+00
4.505964345403936644e-01,-1.150747829610295092e+00,1.332297484547828592e-05,0.000000000000000000e+00
4.558324222963766603e-01,-1.149553778805998849e+00,1.250567890360293477e-05,0.000000000000000000e+00
4.610684100523596562e-01,-1.148391068173509444e+00,1.218092758581944268e-05,0.000000000000000000e+00
4.663043978083426522e-01,-1.147258779573593568e+00,1.240547373158873423e-05,0.000000000000000000e+00
4.715403855643256481e-01,-1.146156061232775691e+00,1.215748096214386287e-05,0.000000000000000000e+00
4.767763733203086440e-01,-1.145082166395508194e+00,1.131698517933821257e-05,0.000000000000000000e+00
4.820123610762916400e-01,-1.144036310326154826e+00,1.112519521589971916e-05,0.000000000000000000e+00
4.872483488322746359e-01,-1.143017681879114678e+00,1.132116685165218684e-05,0.000000000000000000e+00
4.924843365882576318e-01,-1.142025599085416454e+00,1.075550970003336104e-05,0.000000000000000000e+00
4.977203243442406277e-01,-1.141059428351922422e+00,1.021442706578001847e-05,0.000000000000000000e+00
5.029563121002236237e-01,-1.140118449814328194e+00,1.053269399764467096e-05,0.000000000000000000e+00
5.081922998562066196e-01,-1.139202029538645133e+00,1.007080490722511712e-05,0.000000000000000000e+00
5.134282876121896155e-01,-1.138309643547136929e+00,9.392618517178874527e-06,0.000000000000000000e+00
5.186642753681726115e-01,-1.137440660502892387e+00,9.606631288905376209e-06,0.000000000000000000e+00
5.239002631241556074e-01,-1.136594547199821781e+00,8.531938822331497363e-06,0.000000000000000000e+00
5.291362508801384923e-01,-1.135770919676561075e+00,8.674529457963764401e-06,0.000000000000000000e+00
5.343722386361214882e-01,-1.134969275906254849e+00,1.093061327306354968e-05,0.000000000000000000e+00
5.396082263921044841e-01,-1.134189819948030475e+00,9.905030043722007349e-06,0.000000000000000000e+00
5.448442141480874801e-01,-1.133433505571610933e+00,1.017254699442471377e-05,0.000000000000000000e+00
5.500802019040704760e-01,-1.132780988159034052e+00,1.295636050580029064e-05,0.000000000000000000e+00
5.553161896600534719e-01,-1.132528026454402426e+00,1.817137418314018760e-06,0.000000000000000000e+00
5.605521774160364679e-01,-1.132448622096500213e+00,-1.257434949719637984e-06,0.000000000000000000e+00
5.657881651720194638e-01,-1.132423869034691721e+00,3.594505153525773267e-06,0.000000000000000000e+00
5.710241529280024597e-01,-1.132415971280386291e+00,1.284566890136229489e-06,0.000000000000000000e+00
5.762601406839854556e-01,-1.132413823032285105e+00,-6.910902068724134040e-06,0.000000000000000000e+00
5.814961284399684516e-01,-1.132414055751056248e+00,5.828566647381183685e-06,0.000000000000000000e+00
5.867321161959514475e-01,-1.132413636891622444e+00,-4.974250865985574421e-06,0.000000000000000000e+00
5.919681039519344434e-01,-1.132416017372150252e+00,-1.373181000074996660e-06,0.000000000000000000e+00
5.972040917079174394e-01,-1.132415385664441887e+00,1.753959022404716350e-05,0.000000000000000000e+00
6.024400794639004353e-01,-1.132413264040518452e+00,1.704582263206688708e-05,0.000000000000000000e+00
6.076760672198834312e-01,-1.132397741070837016e+00,-6.641273066876340891e-06,0.000000000000000000e+00
6.129120549758664271e-01,-1.132286656900181265e+00,-1.396396698087748467e-04,0.000000000000000000e+00
6.181480427318494231e-01,-1.131766206302943001e+00,1.996988033709550664e-03,0.000000000000000000e+00
6.233840304878324190e-01,-1.131680882229968876e+00,5.194093195522138731e-03,0.000000000000000000e+00
6.286200182438154149e-01,-1.131561038666354158e+00,-1.468655808845972105e-03,0.000000000000000000e+00
6.338560059997984109e-01,-1.131489530149992540e+00,5.169130813290558242e-03,0.000000000000000000e+00
6.390919937557814068e-01,-1.131467292816627168e+00,1.776479164252182247e-03,0.000000000000000000e+00
6.443279815117644027e-01,-1.131479115826156345e+00,-4.311257479544157618e-03,0.000000000000000000e+00
6.495639692677473986e-01,-1.131516735455923239e+00,3.239584635450808939e-03,0.000000000000000000e+00
6.547999570237303946e-01,-1.131565964906148469e+00,-6.174559454255356024e-03,0.000000000000000000e+00
6.600359447797133905e-01,-1.131614698226724336e+00,2.514167272656504457e-04,0.000000000000000000e+00
6.652719325356963864e-01,-1.131657375222985040e+00,4.185956447229227835e-03,0.000000000000000000e+00
6.705079202916793824e-01,-1.131685073320201740e+00,-3.425305819304910390e-03,0.000000000000000000e+00
6.757439080476623783e-01,-1.131698947270265432e+00,7.542527031237120788e-03,0.000000000000000000e+00
6.809798958036453742e-01,-1.131700965902372458e+00,-1.080927460672106988e-03,0.000000000000000000e+00
6.862158835596283701e-01,-1.131690314343839709e+00,-2.771772409080267528e-03,0.000000000000000000e+00
6.914518713156113661e-01,-1.131676020100131907e+00,2.942525830348883490e-03,0.000000000000000000e+00
6.966878590715943620e-01,-1.131658364287922991e+00,-7.490729907644378717e-03,0.000000000000000000e+00
7.019238468275773579e-01,-1.131640701272060845e+00,1.060105139148633576e-03,0.000000000000000000e+00
7.071598345835603538e-01,-1.131627402276612626e+00,9.152308306117624796e-04,0.000000000000000000e+00
7.123958223395433498e-01,-1.131615935272518136e+00,-2.038566282710584012e-03,0.000000000000000000e+00
7.176318100955263457e-01,-1.131609116679319849e+00,6.262702886067310869e-03,0.000000000000000000e+00
7.228677978515093416e-01,-1.131605230631518522e+00,-7.907831452237572625e-04,0.000000000000000000e+00
7.281037856074923376e-01,-1.131601937907278588e+00,1.295837563349304042e-03,0.000000000000000000e+00
7.333397733634753335e-01,-1.131600080210939385e+00,2.887956612979329304e-03,0.000000000000000000e+00
7.385757611194583294e-01,-1.131597920240643873e+00,-3.275884652228305393e-03,0.000000000000000000e+00
7.438117488754413253e-01,-1.131595216329808196e+00,1.814206189560057386e-03,0.000000000000000000e+00
7.490477366314243213e-01,-1.131591869089186853e+00,9.937513324228099479e-05,0.000000000000000000e+00
7.542837243874073172e-01,-1.131586599229527090e+00,-7.518364901043306844e-04,0.000000000000000000e+00
7.595197121433903131e-01,-1.131580483277757621e+00,3.650049261138350355e-03,0.000000000000000000e+00
7.647556998993733091e-01,-1.131573700483500033e+00,-1.019212576106563739e-06,0.000000000000000000e+00
7.699916876553563050e-01,-1.131565099991196588e+00,-2.968828737413851189e-04,0.000000000000000000e+00
7.752276754113393009e-01,-1.131555722404097297e+00,-3.595526763355974065e-04,0.000000000000000000e+00
7.804636631673222968e-01,-1.131544551978136637e+00,-2.111103464037891904e-03,0.000000000000000000e+00
7.856996509233052928e-01,-1.131532891728687762e+00,-1.240343109173746954e-03,0.000000000000000000e+00
7.909356386792882887e-01,-1.131520995657071316e+00,1.215403513905646219e-03,0.000000000000000000e+00
7.961716264352712846e-01,-1.131509595524459622e+00,1.537070283263490544e-03,0.000000000000000000e+00
8.014076141912542806e-01,-1.131496234953302427e+00,1.379987835140384419e-03,0.000000000000000000e+00
8.066436019472372765e-01,-1.131484328258631988e+00,3.407963168937426079e-03,0.000000000000000000e+00
8.118795897032202724e-01,-1.131471223271651283e+00,-1.562488796889014526e-03,0.000000000000000000e+00
8.171155774592032683e-01,-1.131458129952888747e+00,1.265227279217766808e-04,0.000000000000000000e+00
8.223515652151862643e-01,-1.131446211930575707e+00,-1.179151552497901406e-03,0.000000000000000000e+00
8.275875529711692602e-01,-1.131434870792901837e+00,-4.979992460667696623e-03,0.000000000000000000e+00
8.328235407271522561e-01,-1.131425185568988079e+00,3.203208276762846939e-03,0.000000000000000000e+00
8.380595284831352521e-01,-1.131418556662158403e+00,-1.513467450014530742e-03,0.000000000000000000e+00
8.432955162391182480e-01,-1.131413559638438260e+00,8.682470708443958303e-04,0.000000000000000000e+00
8.485315039951012439e-01,-1.131412681452923952e+00,4.547973959571644659e-03,0.000000000000000000e+00
8.537674917510842398e-01,-1.131412225671988292e+00,-4.573988621571192272e-03,0.000000000000000000e+00
8.590034795070672358e-01,-1.131413158173815159e+00,3.538004998467593736e-03,0.000000000000000000e+00
8.642394672630502317e-01,-1.131416787908631205e+00,-3.587390597573668696e-04,0.000000000000000000e+00
8.694754550190332276e-01,-1.131416917118065024e+00,-2.712374588680514093e-03,0.000000000000000000e+00
8.747114427750162235e-01,-1.131417247506020463e+00,6.882205796835497505e-03,0.000000000000000000e+00
8.799474305309992195e-01,-1.131414374498590503e+00,-3.532368573068865505e-03,0.000000000000000000e+00
8.851834182869822154e-01,-1.131407038311554869e+00,3.369536578110776497e-03,0.000000000000000000e+00
8.904194060429652113e-01,-1.131398639714015886e+00,3.019158354085450281e-03,0.000000000000000000e+00
8.956553937989482073e-01,-1.131388472691431835e+00,-4.882827245332435964e-03,0.000000000000000000e+00
9.008913815549312032e-01,-1.131382644809805216e+00,6.312636044547462882e-03,0.000000000000000000e+00
9.061273693109141991e-01,-1.131386713893947960e+00,-2.517623139385798126e-03,0.000000000000000000e+00
9.113633570668971950e-01,-1.131402232033693611e+00,-1.481270657750085977e-03,0.000000000000000000e+00
9.165993448228801910e-01,-1.131441791537139752e+00,4.173473909968942672e-03,0.000000000000000000e+00
9.218353325788631869e-01,-1.131504240418177654e+00,-6.298269421150640840e-03,0.000000000000000000e+00
9.270713203348461828e-01,-1.131589783383537329e+00,7.377184877841820240e-04,0.000000000000000000e+00
9.323073080908291788e-01,-1.131693672227982006e+00,-1.441260231391716315e-03,0.000000000000000000e+00
9.375432958468121747e-01,-1.131792932503692395e+00,-4.740919063775899181e-03,0.000000000000000000e+00
9.427792836027951706e-01,-1.131871539340178145e+00,3.243465160221219168e-03,0.000000000000000000e+00
9.480152713587781665e-01,-1.132326281051013295e+00,4.542301747998550576e-04,0.000000000000000000e+00
9.532512591147611625e-01,-1.133046108499719207e+00,-1.889835676241596873e-04,0.000000000000000000e+00
9.584872468707441584e-01,-1.133642361324474379e+00,2.529548979879336912e-05,0.000000000000000000e+00
9.637232346267271543e-01,-1.134273551646788336e+00,-1.772277156547596988e-05,0.000000000000000000e+00
9.689592223827101503e-01,-1.134945079720017347e+00,-2.822432280191744525e-05,0.000000000000000000e+00
9.741952101386931462e-01,-1.135673527759667234e+00,-3.132109588083187290e-05,0.000000000000000000e+00
9.794311978946761421e-01,-1.136449258569350196e+00,1.804781727954285486e-07,0.000000000000000000e+00
9.846671856506591380e-01,-1.137272369205273082e+00,-1.705073079427688043e-05,0.000000000000000000e+00
9.899031734066421340e-01,-1.138135291461666476e+00,-1.873899386389821231e-05,0.000000000000000000e+00
9.951391611626251299e-01,-1.139029115083066479e+00,3.143182956133472317e-07,0.000000000000000000e+00
1.000375148918608126e+00,-1.139947713438675736e+00,-6.721385755525943750e-06,0.000000000000000000e+00
1.005611136674591233e+00,-1.140888285454138451e+00,-1.084841379939138761e-05,0.000000000000000000e+00
1.010847124430574118e+00,-1.141848497903567239e+00,-1.230743069324802264e-05,0.000000000000000000e+00
1.016083112186557003e+00,-1.142827989599133121e+00,-8.972405324492171985e-06,0.000000000000000000e+00
1.021319099942540110e+00,-1.143828300732981029e+00,-1.169457383698446762e-05,0.000000000000000000e+00
1.026555087698523216e+00,-1.144852242387951691e+00,-1.496507857645656969e-05,0.000000000000000000e+00
1.031791075454506101e+00,-1.145902292440688530e+00,-1.292317449630431270e-05,0.000000000000000000e+00
1.037027063210488986e+00,-1.146980758485906637e+00,-1.125861204154254835e-05,0.000000000000000000e+00
1.042263050966471871e+00,-1.148090162935232250e+00,-1.347818246844045831e-05,0.000000000000000000e+00
1.047499038722454756e+00,-1.149232419600023647e+00,-1.438650163498866874e-05,0.000000000000000000e+00
1.052735026478437641e+00,-1.150408568832213874e+00,-1.347872941054317764e-05,0.000000000000000000e+00
1.057971014234420526e+00,-1.151619574352905406e+00,-1.528685166496401848e-05,0.000000000000000000e+00
1.063207001990403411e+00,-1.152866183559447144e+00,-1.576389395108179770e-05,0.000000000000000000e+00
1.068442989746386296e+00,-1.154148604957584201e+00,-1.392639630520831062e-05,0.000000000000000000e+00
1.073678977502369181e+00,-1.155467329861294745e+00,-1.489537413262853605e-05,0.000000000000000000e+00
1.078914965258352066e+00,-1.156823122345113308e+00,-1.633343963441946656e-05,0.000000000000000000e+00
1.084150953014334950e+00,-1.158216518575608367e+00,-1.560441942927148773e-05,0.000000000000000000e+00
1.089386940770317835e+00,-1.159648271365860461e+00,-1.587583409914938848e-05,0.000000000000000000e+00
1.094622928526300720e+00,-1.161119491307688989e+00,-1.703885849231590033e-05,0.000000000000000000e+00
1.099858916282283605e+00,-1.162631264778888118e+00,-1.705314579730082825e-05,0.000000000000000000e+00
1.105094904038266490e+00,-1.164184677816457070e+00,-1.677512891032351128e-05,0.000000000000000000e+00
1.110330891794249375e+00,-1.165780914611725283e+00,-1.684069819513078770e-05,0.000000000000000000e+00
1.115566879550232260e+00,-1.167421170234684169e+00,-1.790511967389440962e-05,0.000000000000000000e+00
1.120802867306215145e+00,-1.169106577549056558e+00,-1.947527151777150856e-05,0.000000000000000000e+00
1.126038855062198030e+00,-1.170838103968325328e+00,-1.964326331926891100e-05,0.000000000000000000e+00
1.131274842818180915e+00,-1.172616757685625011e+00,-2.078019705337164069e-05,0.000000000000000000e+00
1.136510830574163800e+00,-1.174443631714678027e+00,-2.219341116238560119e-05,0.000000000000000000e+00
1.141746818330146684e+00,-1.176319765491381286e+00,-2.208366993405874723e-05,0.000000000000000000e+00
1.146982806086129569e+00,-1.178246534010557012e+00,-2.302514476965056289e-05,0.000000000000000000e+00
1.152218793842112454e+00,-1.180225465613406577e+00,-1.971456691690631757e-05,0.000000000000000000e+00
1.157454781598095339e+00,-1.182258494490877609e+00,-1.712603919257205121e-05,0.000000000000000000e+00
1.162690769354078224e+00,-1.184348721841218532e+00,-2.339639776238744417e-05,0.000000000000000000e+00
1.167926757110061109e+00,-1.186499206522905636e+00,-2.525463135161221118e-05,0.000000000000000000e+00
1.173162744866043994e+00,-1.188713072071298615e+00,-2.605290880697275213e-05,0.000000000000000000e+00
1.178398732622026879e+00,-1.190993970161383864e+00,-2.421381635409058930e-05,0.000000000000000000e+00
1.183634720378009764e+00,-1.193345216954225130e+00,-2.008839465017508985e-05,0.000000000000000000e+00
1.188870708133992649e+00,-1.195765534681148878e+00,-2.440792920110901321e-05,0.000000000000000000e+00
1.194106695889975533e+00,-1.198166462148422928e+00,-1.361533021293492851e-05,0.000000000000000000e+00
1.199342683645958418e+00,-1.199277958427883206e+00,-1.344086720134196611e-05,0.000000000000000000e+00
1.204578671401941303e+00,-1.199610242130899618e+00,-2.778018025928474799e-05,0.000000000000000000e+00
1.209814659157924188e+00,-1.199710853521278153e+00,5.506598751980895656e-07,0.000000000000000000e+00
1.215050646913907073e+00,-1.199741672407781623e+00,-9.292755413781161877e-06,0.000000000000000000e+00
1.220286634669889958e+00,-1.199748362006433755e+00,3.253403169228841207e-05,0.000000000000000000e+00
1.225522622425872843e+00,-1.199752479099293723e+00,7.732939508287017816e-06,0.000000000000000000e+00
1.230758610181855728e+00,-1.199757873406345432e+00,-4.955478461476925389e-05,0.000000000000000000e+00
1.235994597937838613e+00,-1.199759077880514724e+00,5.683285815050176382e-05,0.000000000000000000e+00
1.241230585693821498e+00,-1.199809655641757900e+00,-1.301676539519625031e-05,0.000000000000000000e+00
1.246466573449804383e+00,-1.199965831430591656e+00,-1.676860749054986943e-04,0.000000000000000000e+00
1.251702561205787267e+00,-1.200473747380136791e+00,4.419556089203871552e-04,0.000000000000000000e+00
