# Exudyn: solution of belt drive, slip and gap over belt length
# Exudyn output file
# Exudyn version=1.2.34.dev1
# endTime=0.01
# stepSize=5e-05
# nSegments=4
# nANCFnodes=240
# contactStiffnessPerArea=100000000.0
# frictionStiffnessPerArea=100000000.0
# contactStiffness=418879.02047863905
# frictionStiffness=523598.7755982988
# contactDamping=8.377580409572781
# frictionVelocityPenalty=33.70609928242229
# dryFriction=0.5
# 
6.544987436982021905e-04,-2.251265285302395114e-10,-4.059165195996472519e-06
1.963495682693949113e-03,0.000000000000000000e+00,0.000000000000000000e+00
3.272492621689696360e-03,0.000000000000000000e+00,0.000000000000000000e+00
4.581489560685443607e-03,0.000000000000000000e+00,0.000000000000000000e+00
5.890486499681190855e-03,0.000000000000000000e+00,0.000000000000000000e+00
7.199483438676938102e-03,0.000000000000000000e+00,0.000000000000000000e+00
8.508480377672685349e-03,0.000000000000000000e+00,0.000000000000000000e+00
9.817477316668432596e-03,0.000000000000000000e+00,0.000000000000000000e+00
1.112647425566417811e-02,0.000000000000000000e+00,0.000000000000000000e+00
1.243547119465992536e-02,0.000000000000000000e+00,0.000000000000000000e+00
1.374446813365567260e-02,0.000000000000000000e+00,0.000000000000000000e+00
1.505346507265141985e-02,0.000000000000000000e+00,0.000000000000000000e+00
1.636246201164716710e-02,0.000000000000000000e+00,0.000000000000000000e+00
1.767145895064291261e-02,0.000000000000000000e+00,0.000000000000000000e+00
1.898045588963866159e-02,0.000000000000000000e+00,0.000000000000000000e+00
2.028945282863440711e-02,0.000000000000000000e+00,0.000000000000000000e+00
2.159844976763015609e-02,0.000000000000000000e+00,0.000000000000000000e+00
2.290744670662590160e-02,0.000000000000000000e+00,0.000000000000000000e+00
2.421644364562165058e-02,0.000000000000000000e+00,0.000000000000000000e+00
2.552544058461739609e-02,0.000000000000000000e+00,0.000000000000000000e+00
2.683443752361314508e-02,0.000000000000000000e+00,0.000000000000000000e+00
2.814343446260889059e-02,0.000000000000000000e+00,0.000000000000000000e+00
2.945243140160463957e-02,0.000000000000000000e+00,0.000000000000000000e+00
3.076142834060038508e-02,0.000000000000000000e+00,0.000000000000000000e+00
3.207042527959613060e-02,0.000000000000000000e+00,0.000000000000000000e+00
3.337942221859187958e-02,0.000000000000000000e+00,0.000000000000000000e+00
3.468841915758762162e-02,0.000000000000000000e+00,0.000000000000000000e+00
3.599741609658337060e-02,0.000000000000000000e+00,0.000000000000000000e+00
3.730641303557911959e-02,0.000000000000000000e+00,0.000000000000000000e+00
3.861540997457486857e-02,0.000000000000000000e+00,0.000000000000000000e+00
3.992440691357061061e-02,0.000000000000000000e+00,0.000000000000000000e+00
4.123340385256635959e-02,0.000000000000000000e+00,0.000000000000000000e+00
4.254240079156210858e-02,0.000000000000000000e+00,0.000000000000000000e+00
4.385139773055785756e-02,0.000000000000000000e+00,0.000000000000000000e+00
4.516039466955359960e-02,0.000000000000000000e+00,0.000000000000000000e+00
4.646939160854934858e-02,0.000000000000000000e+00,0.000000000000000000e+00
4.777838854754509756e-02,0.000000000000000000e+00,0.000000000000000000e+00
4.908738548654084655e-02,0.000000000000000000e+00,0.000000000000000000e+00
5.039638242553658859e-02,0.000000000000000000e+00,0.000000000000000000e+00
5.170537936453233757e-02,0.000000000000000000e+00,0.000000000000000000e+00
5.301437630352808655e-02,0.000000000000000000e+00,0.000000000000000000e+00
5.432337324252383554e-02,0.000000000000000000e+00,0.000000000000000000e+00
5.563237018151957758e-02,0.000000000000000000e+00,0.000000000000000000e+00
5.694136712051532656e-02,0.000000000000000000e+00,0.000000000000000000e+00
5.825036405951107554e-02,0.000000000000000000e+00,0.000000000000000000e+00
5.955936099850682452e-02,0.000000000000000000e+00,0.000000000000000000e+00
6.086835793750256657e-02,0.000000000000000000e+00,0.000000000000000000e+00
6.217735487649831555e-02,0.000000000000000000e+00,0.000000000000000000e+00
6.348635181549405759e-02,0.000000000000000000e+00,0.000000000000000000e+00
6.479534875448980658e-02,0.000000000000000000e+00,0.000000000000000000e+00
6.610434569348555556e-02,0.000000000000000000e+00,0.000000000000000000e+00
6.741334263248130454e-02,0.000000000000000000e+00,0.000000000000000000e+00
6.872233957147703964e-02,0.000000000000000000e+00,0.000000000000000000e+00
7.003133651047278863e-02,0.000000000000000000e+00,0.000000000000000000e+00
7.134033344946853761e-02,0.000000000000000000e+00,0.000000000000000000e+00
7.264933038846427271e-02,0.000000000000000000e+00,0.000000000000000000e+00
7.395832732746002169e-02,0.000000000000000000e+00,0.000000000000000000e+00
7.526732426645577068e-02,0.000000000000000000e+00,0.000000000000000000e+00
7.657632120545151966e-02,0.000000000000000000e+00,0.000000000000000000e+00
7.788531814444726864e-02,0.000000000000000000e+00,0.000000000000000000e+00
7.919431508344300374e-02,0.000000000000000000e+00,0.000000000000000000e+00
8.050331202243875273e-02,0.000000000000000000e+00,0.000000000000000000e+00
8.181230896143450171e-02,0.000000000000000000e+00,0.000000000000000000e+00
8.312130590043023681e-02,0.000000000000000000e+00,0.000000000000000000e+00
8.443030283942598579e-02,0.000000000000000000e+00,0.000000000000000000e+00
8.573929977842173478e-02,0.000000000000000000e+00,0.000000000000000000e+00
8.704829671741748376e-02,0.000000000000000000e+00,0.000000000000000000e+00
8.835729365641323274e-02,0.000000000000000000e+00,0.000000000000000000e+00
8.966629059540896785e-02,0.000000000000000000e+00,0.000000000000000000e+00
9.097528753440471683e-02,0.000000000000000000e+00,0.000000000000000000e+00
9.228428447340046581e-02,0.000000000000000000e+00,0.000000000000000000e+00
9.359328141239620091e-02,0.000000000000000000e+00,0.000000000000000000e+00
9.490227835139194990e-02,0.000000000000000000e+00,0.000000000000000000e+00
9.621127529038769888e-02,0.000000000000000000e+00,0.000000000000000000e+00
9.752027222938344786e-02,0.000000000000000000e+00,0.000000000000000000e+00
9.882926916837919684e-02,0.000000000000000000e+00,0.000000000000000000e+00
1.001382661073749319e-01,0.000000000000000000e+00,0.000000000000000000e+00
1.014472630463706809e-01,0.000000000000000000e+00,0.000000000000000000e+00
1.027562599853664299e-01,0.000000000000000000e+00,0.000000000000000000e+00
1.040652569243621650e-01,0.000000000000000000e+00,0.000000000000000000e+00
1.053742538633579140e-01,0.000000000000000000e+00,0.000000000000000000e+00
1.066832508023536630e-01,0.000000000000000000e+00,0.000000000000000000e+00
1.079922477413494120e-01,0.000000000000000000e+00,0.000000000000000000e+00
1.093012446803451609e-01,0.000000000000000000e+00,0.000000000000000000e+00
1.106102416193408960e-01,0.000000000000000000e+00,0.000000000000000000e+00
1.119192385583366450e-01,0.000000000000000000e+00,0.000000000000000000e+00
1.132282354973323940e-01,0.000000000000000000e+00,0.000000000000000000e+00
1.145372324363281291e-01,0.000000000000000000e+00,0.000000000000000000e+00
1.158462293753238781e-01,0.000000000000000000e+00,0.000000000000000000e+00
1.171552263143196271e-01,0.000000000000000000e+00,0.000000000000000000e+00
1.184642232533153761e-01,0.000000000000000000e+00,0.000000000000000000e+00
1.197732201923111250e-01,0.000000000000000000e+00,0.000000000000000000e+00
1.210822171313068601e-01,0.000000000000000000e+00,0.000000000000000000e+00
1.223912140703026091e-01,0.000000000000000000e+00,0.000000000000000000e+00
1.237002110092983581e-01,0.000000000000000000e+00,0.000000000000000000e+00
1.250092079482940932e-01,0.000000000000000000e+00,0.000000000000000000e+00
1.263182048872898422e-01,0.000000000000000000e+00,0.000000000000000000e+00
1.276272018262855912e-01,0.000000000000000000e+00,0.000000000000000000e+00
1.289361987652813402e-01,0.000000000000000000e+00,0.000000000000000000e+00
1.302451957042770891e-01,0.000000000000000000e+00,0.000000000000000000e+00
1.315541926432728381e-01,0.000000000000000000e+00,0.000000000000000000e+00
1.328631895822685871e-01,0.000000000000000000e+00,0.000000000000000000e+00
1.341721865212643361e-01,0.000000000000000000e+00,0.000000000000000000e+00
1.354811834602600851e-01,0.000000000000000000e+00,0.000000000000000000e+00
1.367901803992558341e-01,0.000000000000000000e+00,0.000000000000000000e+00
1.380991773382515830e-01,0.000000000000000000e+00,0.000000000000000000e+00
1.394081742772473320e-01,0.000000000000000000e+00,0.000000000000000000e+00
1.407171712162430810e-01,0.000000000000000000e+00,0.000000000000000000e+00
1.420261681552388300e-01,0.000000000000000000e+00,0.000000000000000000e+00
1.433351650942345790e-01,0.000000000000000000e+00,0.000000000000000000e+00
1.446441620332303279e-01,0.000000000000000000e+00,0.000000000000000000e+00
1.459531589722260769e-01,0.000000000000000000e+00,0.000000000000000000e+00
1.472621559112218259e-01,0.000000000000000000e+00,0.000000000000000000e+00
1.485711528502175749e-01,0.000000000000000000e+00,0.000000000000000000e+00
1.498801497892133239e-01,0.000000000000000000e+00,0.000000000000000000e+00
1.511891467282090729e-01,0.000000000000000000e+00,0.000000000000000000e+00
1.524981436672048218e-01,0.000000000000000000e+00,0.000000000000000000e+00
1.538071406062005708e-01,0.000000000000000000e+00,0.000000000000000000e+00
1.551161375451963198e-01,0.000000000000000000e+00,0.000000000000000000e+00
1.564251344841920688e-01,0.000000000000000000e+00,0.000000000000000000e+00
1.577341314231878178e-01,0.000000000000000000e+00,0.000000000000000000e+00
1.590431283621835667e-01,0.000000000000000000e+00,0.000000000000000000e+00
1.603521253011793157e-01,0.000000000000000000e+00,0.000000000000000000e+00
1.616611222401750647e-01,0.000000000000000000e+00,0.000000000000000000e+00
1.629701191791708137e-01,0.000000000000000000e+00,0.000000000000000000e+00
1.642791161181665627e-01,0.000000000000000000e+00,0.000000000000000000e+00
1.655881130571623117e-01,0.000000000000000000e+00,0.000000000000000000e+00
1.668971099961580606e-01,0.000000000000000000e+00,0.000000000000000000e+00
1.682061069351538096e-01,0.000000000000000000e+00,0.000000000000000000e+00
1.695151038741495586e-01,0.000000000000000000e+00,0.000000000000000000e+00
1.708241008131453076e-01,0.000000000000000000e+00,0.000000000000000000e+00
1.721330977521410566e-01,0.000000000000000000e+00,0.000000000000000000e+00
1.734420946911368056e-01,0.000000000000000000e+00,0.000000000000000000e+00
1.747510916301325545e-01,0.000000000000000000e+00,0.000000000000000000e+00
1.760600885691283035e-01,0.000000000000000000e+00,0.000000000000000000e+00
1.773690855081240525e-01,0.000000000000000000e+00,0.000000000000000000e+00
1.786780824471198015e-01,0.000000000000000000e+00,0.000000000000000000e+00
1.799870793861155505e-01,0.000000000000000000e+00,0.000000000000000000e+00
1.812960763251112994e-01,0.000000000000000000e+00,0.000000000000000000e+00
1.826050732641070484e-01,0.000000000000000000e+00,0.000000000000000000e+00
1.839140702031027974e-01,0.000000000000000000e+00,0.000000000000000000e+00
1.852230671420985464e-01,0.000000000000000000e+00,0.000000000000000000e+00
1.865320640810942954e-01,0.000000000000000000e+00,0.000000000000000000e+00
1.878410610200900444e-01,0.000000000000000000e+00,0.000000000000000000e+00
1.891500579590857933e-01,0.000000000000000000e+00,0.000000000000000000e+00
1.904590548980815423e-01,0.000000000000000000e+00,0.000000000000000000e+00
1.917680518370772913e-01,0.000000000000000000e+00,0.000000000000000000e+00
1.930770487760730403e-01,0.000000000000000000e+00,0.000000000000000000e+00
1.943860457150687893e-01,0.000000000000000000e+00,0.000000000000000000e+00
1.956950426540645382e-01,0.000000000000000000e+00,0.000000000000000000e+00
1.970040395930602872e-01,0.000000000000000000e+00,0.000000000000000000e+00
1.983130365320560362e-01,0.000000000000000000e+00,0.000000000000000000e+00
1.996220334710517852e-01,0.000000000000000000e+00,0.000000000000000000e+00
2.009310304100475342e-01,0.000000000000000000e+00,0.000000000000000000e+00
2.022400273490432832e-01,0.000000000000000000e+00,0.000000000000000000e+00
2.035490242880390321e-01,0.000000000000000000e+00,0.000000000000000000e+00
2.048580212270347811e-01,0.000000000000000000e+00,0.000000000000000000e+00
2.061670181660305301e-01,0.000000000000000000e+00,0.000000000000000000e+00
2.074760151050262791e-01,0.000000000000000000e+00,0.000000000000000000e+00
2.087850120440220281e-01,0.000000000000000000e+00,0.000000000000000000e+00
2.100940089830177770e-01,0.000000000000000000e+00,0.000000000000000000e+00
2.114030059220135260e-01,0.000000000000000000e+00,0.000000000000000000e+00
2.127120028610092750e-01,0.000000000000000000e+00,0.000000000000000000e+00
2.140209998000050240e-01,0.000000000000000000e+00,0.000000000000000000e+00
2.153299967390007730e-01,0.000000000000000000e+00,0.000000000000000000e+00
2.166389936779965220e-01,0.000000000000000000e+00,0.000000000000000000e+00
2.179479906169922709e-01,0.000000000000000000e+00,0.000000000000000000e+00
2.192569875559880199e-01,0.000000000000000000e+00,0.000000000000000000e+00
2.205659844949837689e-01,0.000000000000000000e+00,0.000000000000000000e+00
2.218749814339795179e-01,0.000000000000000000e+00,0.000000000000000000e+00
2.231839783729752669e-01,0.000000000000000000e+00,0.000000000000000000e+00
2.244929753119710159e-01,0.000000000000000000e+00,0.000000000000000000e+00
2.258019722509667648e-01,0.000000000000000000e+00,0.000000000000000000e+00
2.271109691899625138e-01,0.000000000000000000e+00,0.000000000000000000e+00
2.284199661289582628e-01,0.000000000000000000e+00,0.000000000000000000e+00
2.297289630679540118e-01,0.000000000000000000e+00,0.000000000000000000e+00
2.310379600069497608e-01,0.000000000000000000e+00,0.000000000000000000e+00
2.323469569459455097e-01,0.000000000000000000e+00,0.000000000000000000e+00
2.336559538849412587e-01,0.000000000000000000e+00,0.000000000000000000e+00
2.349649508239370077e-01,0.000000000000000000e+00,0.000000000000000000e+00
2.362739477629327567e-01,0.000000000000000000e+00,0.000000000000000000e+00
2.375829447019285057e-01,0.000000000000000000e+00,0.000000000000000000e+00
2.388919416409242547e-01,0.000000000000000000e+00,0.000000000000000000e+00
2.402009385799200036e-01,0.000000000000000000e+00,0.000000000000000000e+00
2.415099355189157526e-01,0.000000000000000000e+00,0.000000000000000000e+00
2.428189324579115016e-01,0.000000000000000000e+00,0.000000000000000000e+00
2.441279293969072506e-01,0.000000000000000000e+00,0.000000000000000000e+00
2.454369263359029996e-01,0.000000000000000000e+00,0.000000000000000000e+00
2.467459232748987485e-01,0.000000000000000000e+00,0.000000000000000000e+00
2.480549202138944975e-01,0.000000000000000000e+00,0.000000000000000000e+00
2.493639171528902465e-01,0.000000000000000000e+00,0.000000000000000000e+00
2.506729140918860232e-01,0.000000000000000000e+00,0.000000000000000000e+00
2.519819110308817445e-01,0.000000000000000000e+00,0.000000000000000000e+00
2.532909079698774657e-01,0.000000000000000000e+00,0.000000000000000000e+00
2.545999049088732424e-01,0.000000000000000000e+00,0.000000000000000000e+00
2.559089018478689637e-01,0.000000000000000000e+00,0.000000000000000000e+00
2.572178987868647404e-01,0.000000000000000000e+00,0.000000000000000000e+00
2.585268957258604616e-01,0.000000000000000000e+00,0.000000000000000000e+00
2.598358926648562384e-01,0.000000000000000000e+00,0.000000000000000000e+00
2.611448896038519596e-01,0.000000000000000000e+00,0.000000000000000000e+00
2.624538865428477363e-01,0.000000000000000000e+00,0.000000000000000000e+00
2.637628834818434576e-01,0.000000000000000000e+00,0.000000000000000000e+00
2.650718804208392343e-01,0.000000000000000000e+00,0.000000000000000000e+00
2.663808773598349555e-01,0.000000000000000000e+00,0.000000000000000000e+00
2.676898742988307323e-01,0.000000000000000000e+00,0.000000000000000000e+00
2.689988712378264535e-01,0.000000000000000000e+00,0.000000000000000000e+00
2.703078681768222302e-01,0.000000000000000000e+00,0.000000000000000000e+00
2.716168651158179514e-01,0.000000000000000000e+00,0.000000000000000000e+00
2.729258620548137282e-01,0.000000000000000000e+00,0.000000000000000000e+00
2.742348589938094494e-01,0.000000000000000000e+00,0.000000000000000000e+00
2.755438559328052261e-01,0.000000000000000000e+00,0.000000000000000000e+00
2.768528528718009474e-01,0.000000000000000000e+00,0.000000000000000000e+00
2.781618498107967241e-01,0.000000000000000000e+00,0.000000000000000000e+00
2.794708467497924453e-01,0.000000000000000000e+00,0.000000000000000000e+00
2.807798436887882221e-01,0.000000000000000000e+00,0.000000000000000000e+00
2.820888406277839433e-01,0.000000000000000000e+00,0.000000000000000000e+00
2.833978375667797200e-01,0.000000000000000000e+00,0.000000000000000000e+00
2.847068345057754413e-01,0.000000000000000000e+00,0.000000000000000000e+00
2.860158314447712180e-01,0.000000000000000000e+00,0.000000000000000000e+00
2.873248283837669392e-01,0.000000000000000000e+00,0.000000000000000000e+00
2.886338253227627160e-01,0.000000000000000000e+00,0.000000000000000000e+00
2.899428222617584372e-01,0.000000000000000000e+00,0.000000000000000000e+00
2.912518192007542139e-01,0.000000000000000000e+00,0.000000000000000000e+00
2.925608161397499352e-01,0.000000000000000000e+00,0.000000000000000000e+00
2.938698130787457119e-01,0.000000000000000000e+00,0.000000000000000000e+00
2.951788100177414331e-01,0.000000000000000000e+00,0.000000000000000000e+00
2.964878069567372099e-01,0.000000000000000000e+00,0.000000000000000000e+00
2.977968038957329311e-01,0.000000000000000000e+00,0.000000000000000000e+00
2.991058008347287078e-01,0.000000000000000000e+00,0.000000000000000000e+00
3.004147977737244291e-01,0.000000000000000000e+00,0.000000000000000000e+00
3.017237947127202058e-01,0.000000000000000000e+00,0.000000000000000000e+00
3.030327916517159270e-01,0.000000000000000000e+00,0.000000000000000000e+00
3.043417885907117038e-01,0.000000000000000000e+00,0.000000000000000000e+00
3.056507855297074250e-01,0.000000000000000000e+00,0.000000000000000000e+00
3.069597824687032017e-01,0.000000000000000000e+00,0.000000000000000000e+00
3.082687794076989229e-01,0.000000000000000000e+00,0.000000000000000000e+00
3.095777763466946997e-01,0.000000000000000000e+00,0.000000000000000000e+00
3.108867732856904209e-01,0.000000000000000000e+00,0.000000000000000000e+00
3.121957702246861976e-01,0.000000000000000000e+00,0.000000000000000000e+00
3.135047671636819189e-01,3.739953347015045892e-10,-4.166675305602995927e-06
3.148137641026776956e-01,2.916907548833336250e-10,-9.843390629718506979e-06
3.161227610416734168e-01,2.497416995428380915e-10,-1.266700546634358382e-05
3.174317579806691936e-01,2.011847910488029356e-10,-1.336719990083223841e-05
3.187407549196649148e-01,1.397576221418006526e-10,-1.302331654430555208e-05
3.200497518586606915e-01,1.156655604628298306e-10,-1.271105358771618121e-05
3.213587487976564128e-01,1.217612399795342526e-10,-1.262735076615340013e-05
3.226677457366521895e-01,9.494779962260224693e-11,-1.257462447186441512e-05
3.239767426756479107e-01,3.600730824615538950e-11,-1.254740299679035775e-05
3.252857396146436875e-01,2.282005140408216448e-11,-1.253872765696883995e-05
3.265947365536394087e-01,5.383690715454747533e-11,-1.253805878828617715e-05
3.279037334926351854e-01,4.994027413829371653e-11,-1.253834625861149910e-05
3.292127304316309067e-01,1.073105493354375994e-11,-1.253807432670395183e-05
3.305217273706266834e-01,-3.254202463054411965e-12,-1.253811394345827335e-05
3.318307243096224046e-01,1.784980496744026368e-11,-1.253881208264362446e-05
3.331397212486181814e-01,2.375383223451876802e-11,-1.253880930018880235e-05
3.344487181876139026e-01,1.316902142889375682e-11,-1.253795308500671446e-05
3.357577151266096793e-01,1.609268274194164405e-13,-1.253781373204698735e-05
3.370667120656054006e-01,-2.952194044780753757e-12,-1.253840964787755752e-05
3.383757090046011773e-01,2.319949787832342736e-12,-1.253817291291259295e-05
3.396847059435968985e-01,1.484135037088663012e-11,-1.253722411836966089e-05
3.409937028825926753e-01,9.443168469402962728e-12,-1.253717768598394677e-05
3.423026998215883965e-01,-8.884171176504196410e-12,-1.253781392650255011e-05
3.436116967605841732e-01,-1.004346605881778487e-11,-1.253747748970746034e-05
3.449206936995798944e-01,5.832223592960872338e-12,-1.253640412267331694e-05
3.462296906385756712e-01,1.095368240555671946e-11,-1.253631486701489717e-05
3.475386875775713924e-01,-8.131134654476568357e-13,-1.253700415723701944e-05
3.488476845165671691e-01,-8.112080451816439108e-12,-1.253671313510007490e-05
3.501566814555628904e-01,-9.988704308128149023e-12,-1.253554044371163467e-05
3.514656783945586671e-01,1.355360268462391105e-12,-1.253528198370823521e-05
3.527746753335543883e-01,1.330702215085466378e-11,-1.253597234505965385e-05
3.540836722725501651e-01,5.140526893043784185e-12,-1.253580899522599434e-05
3.553926692115458863e-01,-2.183368763564175197e-11,-1.253461117545207060e-05
3.567016661505416630e-01,-1.297824347989973148e-11,-1.253416207193380760e-05
3.580106630895373843e-01,2.213752792190604168e-11,-1.253477564924776466e-05
3.593196600285331610e-01,1.917720149346990866e-11,-1.253469808092100291e-05
3.606286569675288822e-01,-2.119256159449633969e-11,-1.253354291105845952e-05
3.619376539065246590e-01,-2.155256528801885452e-11,-1.253300322869022043e-05
3.632466508455203802e-01,1.877818733841962739e-11,-1.253349618686450118e-05
3.645556477845161569e-01,2.316229152921067680e-11,-1.253337143214405813e-05
3.658646447235118782e-01,-8.873707324497104310e-12,-1.253226915112759521e-05
3.671736416625076549e-01,-1.806210736532420924e-11,-1.253178425469902990e-05
3.684826386015033761e-01,5.869971175798127661e-12,-1.253218115790377674e-05
3.697916355404991529e-01,1.413802408478659345e-11,-1.253188820635187106e-05
3.711006324794948741e-01,5.521111345885287847e-12,-1.253078455129563729e-05
3.724096294184906508e-01,-5.375491718417890752e-12,-1.253043355826932714e-05
3.737186263574863720e-01,-6.604494728890131228e-12,-1.253080749753776590e-05
3.750276232964821488e-01,-6.855349621304185348e-13,-1.253033002482362157e-05
3.763366202354778700e-01,1.136706007098808868e-11,-1.252915148321209760e-05
3.776456171744736467e-01,6.766198712426785278e-12,-1.252889005706747660e-05
3.789546141134693680e-01,-9.523368205144322474e-12,-1.252930292236498211e-05
3.802636110524651447e-01,-9.771683462389546548e-12,-1.252873614414340420e-05
3.815726079914608659e-01,5.922054513440855317e-12,-1.252745228194629412e-05
3.828816049304566427e-01,9.800257827485836515e-12,-1.252715860408648574e-05
3.841906018694523639e-01,-2.340933002997758194e-12,-1.252761073830543914e-05
3.854995988084481406e-01,-7.059172690837556274e-12,-1.252707500037919530e-05
3.868085957474438619e-01,-3.666497661036771660e-12,-1.252572346807645509e-05
3.881175926864396386e-01,3.401556813997785866e-12,-1.252530813015961808e-05
3.894265896254353598e-01,6.626671433807018730e-12,-1.252574184672228252e-05
3.907355865644311366e-01,2.857547531931459162e-12,-1.252527771528066936e-05
3.920445835034268578e-01,-7.234934873423526369e-12,-1.252392774944710574e-05
3.933535804424226345e-01,-4.587413782175531196e-12,-1.252341004710777472e-05
3.946625773814183558e-01,8.134201645582095352e-12,-1.252376658811282795e-05
3.959715743204141325e-01,9.232697939509648677e-12,-1.252330772424925520e-05
3.972805712594098537e-01,-1.334529708962861605e-12,-1.252199477702609087e-05
3.985895681984056305e-01,-5.662428859132262460e-12,-1.252147492135369244e-05
3.998985651374013517e-01,1.012384620580064620e-12,-1.252175272344058232e-05
4.012075620763971284e-01,5.625375165685397860e-12,-1.252120226091779642e-05
4.025165590153928497e-01,7.505454591161253575e-12,-1.251989576821210814e-05
4.038255559543886264e-01,1.053698794883928258e-12,-1.251944845041819132e-05
4.051345528933843476e-01,-6.879594116604437204e-12,-1.251970345254871386e-05
4.064435498323801244e-01,-3.811825854960204651e-12,-1.251903758192618454e-05
4.077525467713758456e-01,9.703196579557982204e-12,-1.251767561341599055e-05
4.090615437103716223e-01,8.180456312345540937e-12,-1.251727286766257663e-05
4.103705406493673435e-01,-6.921192785558361038e-12,-1.251755996424519513e-05
4.116795375883631203e-01,-8.690666242205935532e-12,-1.251685399070168181e-05
4.129885345273588415e-01,3.023775674293460725e-12,-1.251541238157793945e-05
4.142975314663546182e-01,7.970388238298653505e-12,-1.251495743506692016e-05
4.156065284053503395e-01,7.643261024092851130e-13,-1.251527224421788986e-05
4.169155253443461162e-01,-3.771816192710275573e-12,-1.251461833469413865e-05
4.182245222833418374e-01,-4.996572600113324825e-12,-1.251313866117154117e-05
4.195335192223376142e-01,6.541989172603734914e-13,-1.251257466611255253e-05
4.208425161613333354e-01,7.193967643814858093e-12,-1.251285928417777971e-05
4.221515131003291121e-01,5.058363450327618693e-12,-1.251226471184196942e-05
4.234605100393248334e-01,-5.393380186902163587e-12,-1.251080920236513627e-05
4.247695069783206101e-01,-5.406390612971989640e-12,-1.251018588030450296e-05
4.260785039173163313e-01,5.085203091947931853e-12,-1.251039949620724734e-05
4.273875008563121081e-01,7.390719980460147553e-12,-1.250978277407555073e-05
4.286964977953078293e-01,1.205174848806223054e-12,-1.250835987677556549e-05
4.300054947343036060e-01,-3.499804612783208313e-12,-1.250777107306144664e-05
4.313144916732993273e-01,-1.780020575381513481e-12,-1.250794328039317449e-05
4.326234886122951040e-01,1.312838726619247609e-12,-1.250724137681624715e-05
4.339324855512908252e-01,5.293307459020013539e-12,-1.250579744752067235e-05
4.352414824902866020e-01,2.650282771021750250e-12,-1.250526037739618790e-05
4.365504794292823232e-01,-3.801174652817707056e-12,-1.250545030756500253e-05
4.378594763682780999e-01,-3.786589097831694062e-12,-1.250470120527091833e-05
4.391684733072738211e-01,2.628043616059727583e-12,-1.250320559527395847e-05
4.404774702462695979e-01,4.157250932390610387e-12,-1.250265465567446110e-05
4.417864671852653191e-01,-7.215339437038892356e-13,-1.250286220334795306e-05
4.430954641242610959e-01,-2.256982795101336592e-12,-1.250212829320695995e-05
4.444044610632568171e-01,-2.210974459071479714e-13,-1.250061437009508669e-05
4.457134580022525938e-01,1.592163900721033087e-12,-1.250002135237682221e-05
4.470224549412483150e-01,1.238089492039406991e-12,-1.250021161373904288e-05
4.483314518802440918e-01,6.500008864485096183e-13,-1.249948953366275539e-05
4.496404488192398130e-01,1.166775009942000452e-14,-1.249797892874382477e-05
4.509494457582355897e-01,7.017823822064173100e-13,-1.249736854197491809e-05
4.522584426972313110e-01,2.045429797759013013e-12,-1.249754329869789959e-05
4.535674396362270877e-01,2.067013227247116447e-12,-1.249681836672233981e-05
4.548764365752228089e-01,8.169576126704214403e-13,-1.249530745317528613e-05
4.561854335142185857e-01,-2.027510104252172596e-13,-1.249468691104371754e-05
4.574944304532143069e-01,3.266709819316204744e-13,-1.249483980055032806e-05
4.588034273922100836e-01,2.166399004632779679e-12,-1.249410089752822639e-05
4.601124243312058049e-01,5.001400335546968279e-12,-1.249261216361430282e-05
4.614214212702015816e-01,8.185917221847915926e-13,-1.249202216783984465e-05
4.627304182091973028e-01,-6.157978640897177058e-12,-1.249214914821050737e-05
4.640394151481930796e-01,-3.742626000780013840e-12,-1.249134802634721542e-05
4.653484120871888008e-01,7.737239668403894655e-12,-1.248984650910334171e-05
4.666574090261845775e-01,7.072747769398812778e-12,-1.248930914227175393e-05
4.679664059651802988e-01,-5.136942954342416101e-12,-1.248947652021659138e-05
4.692754029041760755e-01,-6.962797092363581797e-12,-1.248866037435736320e-05
4.705843998431717967e-01,1.984550978412213951e-12,-1.248710309886824632e-05
4.718933967821675735e-01,6.896280530140075360e-12,-1.248652475210887403e-05
4.732023937211632947e-01,2.763269214139940644e-12,-1.248672479675638769e-05
4.745113906601590714e-01,-4.001907312478625300e-13,-1.248597629720238356e-05
4.758203875991547926e-01,-2.093281277482095248e-12,-1.248442323144305366e-05
4.771293845381505694e-01,9.198891648409812660e-13,-1.248378404909711303e-05
4.784383814771462906e-01,5.167709142550602763e-12,-1.248396264821871604e-05
4.797473784161420673e-01,4.033818418180956655e-12,-1.248325273317529849e-05
4.810563753551377886e-01,-2.430252180052328015e-12,-1.248172649388756827e-05
4.823653722941335653e-01,-2.850072608473475100e-12,-1.248107162278577764e-05
4.836743692331292865e-01,3.311476093337262228e-12,-1.248122861403910822e-05
4.849833661721250633e-01,5.046565595967500428e-12,-1.248052591533432842e-05
4.862923631111207845e-01,1.985453468300590885e-12,-1.247904250241405055e-05
4.876013600501165612e-01,-3.807738846450803294e-12,-1.247841890618384131e-05
4.889103569891122825e-01,-6.099159371997231460e-12,-1.247853294783496381e-05
4.902193539281080592e-01,-9.543546508616884694e-13,-1.247776248802789922e-05
4.915283508671037804e-01,1.097968591046161180e-11,-1.247630919068432043e-05
4.928373478060995572e-01,6.122078538561837036e-12,-1.247579972601942089e-05
4.941463447450952784e-01,-1.083097153631307208e-11,-1.247595212677810039e-05
4.954553416840910551e-01,-1.150271544680947500e-11,-1.247510800167495049e-05
4.967643386230867764e-01,4.421345234373319499e-12,-1.247356479661121398e-05
4.980733355620825531e-01,1.363946108834390714e-11,-1.247306037198414597e-05
4.993823325010782743e-01,6.206753860871216943e-12,-1.247334287628187877e-05
5.006913294400739955e-01,-3.981544260955871550e-12,-1.247262349100830559e-05
5.020003263790697723e-01,-1.550228348468074557e-11,-1.247100535008149880e-05
5.033093233180654380e-01,-9.984235660454032768e-13,-1.247030963522077762e-05
5.046183202570612147e-01,2.428758583139511984e-11,-1.247060927078713632e-05
5.059273171960569915e-01,1.808563021565845474e-11,-1.247010579755181148e-05
5.072363141350527682e-01,-1.910705621499531048e-11,-1.246859634261576755e-05
5.085453110740484339e-01,-2.206349686284525546e-11,-1.246778379854207586e-05
5.098543080130442107e-01,1.255967552182823965e-11,-1.246793077519514625e-05
5.111633049520399874e-01,2.224335993172843473e-11,-1.246741992154409839e-05
5.124723018910357641e-01,5.326079854928167379e-12,-1.246610166101558281e-05
5.137812988300314299e-01,-1.668860882819700464e-11,-1.246548513186840346e-05
5.150902957690272066e-01,-2.028894413586002088e-11,-1.246552428545155689e-05
5.163992927080229833e-01,-4.584825574749373800e-12,-1.246474082385040649e-05
5.177082896470187601e-01,2.847338337330640456e-11,-1.246343802543958823e-05
5.190172865860144258e-01,1.527469817297344434e-11,-1.246313921084152287e-05
5.203262835250102025e-01,-3.009518328989102542e-11,-1.246331506436770820e-05
5.216352804640059793e-01,-3.007952914524381072e-11,-1.246235783186611101e-05
5.229442774030017560e-01,1.590524933980930200e-11,-1.246085124004259193e-05
5.242532743419974217e-01,3.299428785741298498e-11,-1.246057090002750112e-05
5.255622712809931985e-01,2.870953474953807927e-12,-1.246100316980303102e-05
5.268712682199889752e-01,-1.651456055240529963e-11,-1.246027114469583363e-05
5.281802651589847519e-01,-2.229369466810737777e-11,-1.245861300216977163e-05
5.294892620979804176e-01,8.050476951737550735e-12,-1.245798455724866916e-05
5.307982590369761944e-01,4.179977891594077732e-11,-1.245848334273380598e-05
5.321072559759719711e-01,2.519044695059591277e-11,-1.245817092107581736e-05
5.334162529149677479e-01,-4.004754861064441229e-11,-1.245664961606329779e-05
5.347252498539634136e-01,-3.437039541864805869e-11,-1.245572696290109249e-05
5.360342467929591903e-01,3.604259946055066166e-11,-1.245600680771508095e-05
5.373432437319549670e-01,4.495932792725199079e-11,-1.245581635279935373e-05
5.386522406709507438e-01,-9.574160908520923385e-12,-1.245461873897180105e-05
5.399612376099464095e-01,-4.143786702659468801e-11,-1.245387853783530563e-05
5.412702345489421862e-01,-1.602705468339848949e-11,-1.245391274383444991e-05
5.425792314879379630e-01,1.269667704306698397e-11,-1.245335804676839242e-05
5.438882284269337397e-01,4.079780957511047745e-11,-1.245232170707377684e-05
5.451972253659294054e-01,2.751979200077414589e-12,-1.245212583046717558e-05
5.465062223049251822e-01,-5.976762140758040687e-11,-1.245220648089795379e-05
5.478152192439209589e-01,-4.149956767118823109e-11,-1.245118440401649096e-05
5.491242161829167356e-01,5.597035335203059958e-11,-1.244996300950318435e-05
5.504332131219124014e-01,5.490671806107627617e-11,-1.245011962605624412e-05
5.517422100609081781e-01,-4.321988600342052678e-11,-1.245055310029885565e-05
5.530512069999039548e-01,-5.822446691450267053e-11,-1.244951426264406802e-05
5.543602039388997316e-01,1.289660045422635903e-11,-1.244795216069627397e-05
5.556692008778953973e-01,5.622094456647630523e-11,-1.244786309267942315e-05
5.569781978168911740e-01,2.415778688202863123e-11,-1.244862826220438645e-05
5.582871947558869508e-01,-1.338423816221734342e-11,-1.244813902269437111e-05
5.595961916948827275e-01,-5.132387570494501006e-11,-1.244645558595713908e-05
5.609051886338783932e-01,-2.385591724163305116e-12,-1.244572713868241642e-05
5.622141855728741699e-01,7.904520094026423749e-11,-1.244648338807885501e-05
5.635231825118699467e-01,5.420966453506537164e-11,-1.244664405133932839e-05
5.648321794508657234e-01,-7.462325202212127806e-11,-1.244523082734316777e-05
5.661411763898613891e-01,-6.829699306099001888e-11,-1.244409783918154488e-05
5.674501733288571659e-01,6.549394360177984709e-11,-1.244451218472553133e-05
5.687591702678529426e-01,7.901525267417497389e-11,-1.244481588383306025e-05
5.700681672068487194e-01,-3.078332033723540917e-11,-1.244385293221184074e-05
5.713771641458443851e-01,-7.720728223414852209e-11,-1.244299019789729677e-05
5.726861610848401618e-01,-9.161713054872677731e-12,-1.244306514883164461e-05
5.739951580238359385e-01,3.340849819011282307e-11,-1.244285497381536487e-05
5.753041549628317153e-01,4.455118218782416761e-11,-1.244213347174893958e-05
5.766131519018273810e-01,-1.534242177747557889e-11,-1.244203914860242399e-05
5.779221488408231577e-01,-7.931474921285541768e-11,-1.244212576195780073e-05
5.792311457798189345e-01,-4.502717643184439567e-11,-1.244120823060135272e-05
5.805401427188147112e-01,8.399839157569033432e-11,-1.244030987432309665e-05
5.818491396578103769e-01,6.511229055927714171e-11,-1.244083008232477194e-05
5.831581365968061537e-01,-7.976681815069497361e-11,-1.244131894456712573e-05
5.844671335358019304e-01,-8.635607506857212456e-11,-1.244016916888968094e-05
5.857761304747977071e-01,4.773663409007866676e-11,-1.243883343704510480e-05
5.870851274137933729e-01,9.184031313225204940e-11,-1.243926263792827225e-05
5.883941243527891496e-01,-2.666172838061697803e-12,-1.244024362695439478e-05
5.897031212917849263e-01,-4.918392082498002083e-11,-1.243962709279733403e-05
5.910121182307807031e-01,-4.086797567026678735e-11,-1.243798238895199582e-05
5.923211151697763688e-01,3.576906826285863872e-11,-1.243764532696256531e-05
5.936301121087721455e-01,9.496710362544291684e-11,-1.243882328545720117e-05
5.949391090477679223e-01,4.362102346000540365e-11,-1.243915879782508949e-05
5.962481059867636990e-01,-1.122243825646407345e-10,-1.243762599695275028e-05
5.975571029257593647e-01,-6.198988544703354364e-11,-1.243644652235142978e-05
5.988660998647551414e-01,1.383323455783624922e-10,-1.243737350796469965e-05
6.001750968037509182e-01,1.248313952206814292e-10,-1.243836997655289878e-05
6.014840937427466949e-01,-1.021757123353950192e-10,-1.243733613917608061e-05
6.027930906817423606e-01,-1.184467801618183103e-10,-1.243593806185550044e-05
6.041020876207381374e-01,9.791661925717676240e-11,-1.243636609964127171e-05
6.054110845597339141e-01,1.412108763254593669e-10,-1.243721259779062560e-05
6.067200814987296908e-01,5.323436136350778725e-12,-1.243672600194367650e-05
6.080290784377253566e-01,-6.406808417125375854e-11,-1.243597038942667599e-05
6.093380753767211333e-01,2.564318202225024379e-11,-1.243600533322453128e-05
6.106470723157169100e-01,1.141858274600338063e-10,-1.243588487832847367e-05
6.119560692547126868e-01,1.934012672233365038e-10,-1.243548316312570456e-05
6.132650661937083525e-01,1.434932173083325324e-10,-1.243536348022322713e-05
6.145740631327041292e-01,7.393544110279037795e-11,-1.243463780759013204e-05
6.158830600716999060e-01,2.078776317748776137e-10,-1.243357453561966253e-05
6.171920570106956827e-01,5.411087133921910208e-10,-1.243573439990708351e-05
6.185010539496913484e-01,7.082364139598951169e-10,-1.245216084959366309e-05
6.198100508886871252e-01,6.955444831202584055e-10,-1.249732423262706060e-05
6.211190478276829019e-01,8.804074136392614491e-10,-1.257711063437638721e-05
6.224280447666786786e-01,1.317753517415809483e-09,-1.269298003957197718e-05
6.237370417056743443e-01,-1.224494061702330328e-09,-1.305413259734822251e-05
6.250460386446701211e-01,-5.355838328391371306e-09,-1.324686612289016630e-05
6.263550355836658978e-01,-6.834761506757658367e-09,-1.184158379770317016e-05
6.276640325226616746e-01,-2.405301624541777983e-09,-7.758128592494362152e-06
6.289730294616573403e-01,0.000000000000000000e+00,0.000000000000000000e+00
6.302820264006531170e-01,0.000000000000000000e+00,0.000000000000000000e+00
6.315910233396488938e-01,0.000000000000000000e+00,0.000000000000000000e+00
6.329000202786446705e-01,0.000000000000000000e+00,0.000000000000000000e+00
6.342090172176403362e-01,0.000000000000000000e+00,0.000000000000000000e+00
6.355180141566361129e-01,0.000000000000000000e+00,0.000000000000000000e+00
6.368270110956318897e-01,0.000000000000000000e+00,0.000000000000000000e+00
6.381360080346276664e-01,0.000000000000000000e+00,0.000000000000000000e+00
6.394450049736233321e-01,0.000000000000000000e+00,0.000000000000000000e+00
6.407540019126191089e-01,0.000000000000000000e+00,0.000000000000000000e+00
6.420629988516148856e-01,0.000000000000000000e+00,0.000000000000000000e+00
6.433719957906106623e-01,0.000000000000000000e+00,0.000000000000000000e+00
6.446809927296063281e-01,0.000000000000000000e+00,0.000000000000000000e+00
6.459899896686021048e-01,0.000000000000000000e+00,0.000000000000000000e+00
6.472989866075978815e-01,0.000000000000000000e+00,0.000000000000000000e+00
6.486079835465936583e-01,0.000000000000000000e+00,0.000000000000000000e+00
6.499169804855893240e-01,0.000000000000000000e+00,0.000000000000000000e+00
6.512259774245851007e-01,0.000000000000000000e+00,0.000000000000000000e+00
6.525349743635808775e-01,0.000000000000000000e+00,0.000000000000000000e+00
6.538439713025766542e-01,0.000000000000000000e+00,0.000000000000000000e+00
6.551529682415723199e-01,0.000000000000000000e+00,0.000000000000000000e+00
6.564619651805680967e-01,0.000000000000000000e+00,0.000000000000000000e+00
6.577709621195638734e-01,0.000000000000000000e+00,0.000000000000000000e+00
6.590799590585596501e-01,0.000000000000000000e+00,0.000000000000000000e+00
6.603889559975553158e-01,0.000000000000000000e+00,0.000000000000000000e+00
6.616979529365510926e-01,0.000000000000000000e+00,0.000000000000000000e+00
6.630069498755468693e-01,0.000000000000000000e+00,0.000000000000000000e+00
6.643159468145426461e-01,0.000000000000000000e+00,0.000000000000000000e+00
6.656249437535383118e-01,0.000000000000000000e+00,0.000000000000000000e+00
6.669339406925340885e-01,0.000000000000000000e+00,0.000000000000000000e+00
6.682429376315298653e-01,0.000000000000000000e+00,0.000000000000000000e+00
6.695519345705256420e-01,0.000000000000000000e+00,0.000000000000000000e+00
6.708609315095213077e-01,0.000000000000000000e+00,0.000000000000000000e+00
6.721699284485170844e-01,0.000000000000000000e+00,0.000000000000000000e+00
6.734789253875128612e-01,0.000000000000000000e+00,0.000000000000000000e+00
6.747879223265086379e-01,0.000000000000000000e+00,0.000000000000000000e+00
6.760969192655043036e-01,0.000000000000000000e+00,0.000000000000000000e+00
6.774059162045000804e-01,0.000000000000000000e+00,0.000000000000000000e+00
6.787149131434958571e-01,0.000000000000000000e+00,0.000000000000000000e+00
6.800239100824916338e-01,0.000000000000000000e+00,0.000000000000000000e+00
6.813329070214872996e-01,0.000000000000000000e+00,0.000000000000000000e+00
6.826419039604830763e-01,0.000000000000000000e+00,0.000000000000000000e+00
6.839509008994788530e-01,0.000000000000000000e+00,0.000000000000000000e+00
6.852598978384746298e-01,0.000000000000000000e+00,0.000000000000000000e+00
6.865688947774702955e-01,0.000000000000000000e+00,0.000000000000000000e+00
6.878778917164660722e-01,0.000000000000000000e+00,0.000000000000000000e+00
6.891868886554618490e-01,0.000000000000000000e+00,0.000000000000000000e+00
6.904958855944576257e-01,0.000000000000000000e+00,0.000000000000000000e+00
6.918048825334532914e-01,0.000000000000000000e+00,0.000000000000000000e+00
6.931138794724490682e-01,0.000000000000000000e+00,0.000000000000000000e+00
6.944228764114448449e-01,0.000000000000000000e+00,0.000000000000000000e+00
6.957318733504406216e-01,0.000000000000000000e+00,0.000000000000000000e+00
6.970408702894362873e-01,0.000000000000000000e+00,0.000000000000000000e+00
6.983498672284320641e-01,0.000000000000000000e+00,0.000000000000000000e+00
6.996588641674278408e-01,0.000000000000000000e+00,0.000000000000000000e+00
7.009678611064236176e-01,0.000000000000000000e+00,0.000000000000000000e+00
7.022768580454192833e-01,0.000000000000000000e+00,0.000000000000000000e+00
7.035858549844150600e-01,0.000000000000000000e+00,0.000000000000000000e+00
7.048948519234108367e-01,0.000000000000000000e+00,0.000000000000000000e+00
7.062038488624066135e-01,0.000000000000000000e+00,0.000000000000000000e+00
7.075128458014022792e-01,0.000000000000000000e+00,0.000000000000000000e+00
7.088218427403980559e-01,0.000000000000000000e+00,0.000000000000000000e+00
7.101308396793938327e-01,0.000000000000000000e+00,0.000000000000000000e+00
7.114398366183896094e-01,0.000000000000000000e+00,0.000000000000000000e+00
7.127488335573852751e-01,0.000000000000000000e+00,0.000000000000000000e+00
7.140578304963810519e-01,0.000000000000000000e+00,0.000000000000000000e+00
7.153668274353768286e-01,0.000000000000000000e+00,0.000000000000000000e+00
7.166758243743726053e-01,0.000000000000000000e+00,0.000000000000000000e+00
7.179848213133682711e-01,0.000000000000000000e+00,0.000000000000000000e+00
7.192938182523640478e-01,0.000000000000000000e+00,0.000000000000000000e+00
7.206028151913598245e-01,0.000000000000000000e+00,0.000000000000000000e+00
7.219118121303556013e-01,0.000000000000000000e+00,0.000000000000000000e+00
7.232208090693512670e-01,0.000000000000000000e+00,0.000000000000000000e+00
7.245298060083470437e-01,0.000000000000000000e+00,0.000000000000000000e+00
7.258388029473428205e-01,0.000000000000000000e+00,0.000000000000000000e+00
7.271477998863385972e-01,0.000000000000000000e+00,0.000000000000000000e+00
7.284567968253342629e-01,0.000000000000000000e+00,0.000000000000000000e+00
7.297657937643300397e-01,0.000000000000000000e+00,0.000000000000000000e+00
7.310747907033258164e-01,0.000000000000000000e+00,0.000000000000000000e+00
7.323837876423215931e-01,0.000000000000000000e+00,0.000000000000000000e+00
7.336927845813172588e-01,0.000000000000000000e+00,0.000000000000000000e+00
7.350017815203130356e-01,0.000000000000000000e+00,0.000000000000000000e+00
7.363107784593088123e-01,0.000000000000000000e+00,0.000000000000000000e+00
7.376197753983045891e-01,0.000000000000000000e+00,0.000000000000000000e+00
7.389287723373002548e-01,0.000000000000000000e+00,0.000000000000000000e+00
7.402377692762960315e-01,0.000000000000000000e+00,0.000000000000000000e+00
7.415467662152918082e-01,0.000000000000000000e+00,0.000000000000000000e+00
7.428557631542875850e-01,0.000000000000000000e+00,0.000000000000000000e+00
7.441647600932832507e-01,0.000000000000000000e+00,0.000000000000000000e+00
7.454737570322790274e-01,0.000000000000000000e+00,0.000000000000000000e+00
7.467827539712748042e-01,0.000000000000000000e+00,0.000000000000000000e+00
7.480917509102705809e-01,0.000000000000000000e+00,0.000000000000000000e+00
7.494007478492662466e-01,0.000000000000000000e+00,0.000000000000000000e+00
7.507097447882620234e-01,0.000000000000000000e+00,0.000000000000000000e+00
7.520187417272578001e-01,0.000000000000000000e+00,0.000000000000000000e+00
7.533277386662535768e-01,0.000000000000000000e+00,0.000000000000000000e+00
7.546367356052492426e-01,0.000000000000000000e+00,0.000000000000000000e+00
7.559457325442450193e-01,0.000000000000000000e+00,0.000000000000000000e+00
7.572547294832407960e-01,0.000000000000000000e+00,0.000000000000000000e+00
7.585637264222365728e-01,0.000000000000000000e+00,0.000000000000000000e+00
7.598727233612322385e-01,0.000000000000000000e+00,0.000000000000000000e+00
7.611817203002280152e-01,0.000000000000000000e+00,0.000000000000000000e+00
7.624907172392237920e-01,0.000000000000000000e+00,0.000000000000000000e+00
7.637997141782195687e-01,0.000000000000000000e+00,0.000000000000000000e+00
7.651087111172152344e-01,0.000000000000000000e+00,0.000000000000000000e+00
7.664177080562110111e-01,0.000000000000000000e+00,0.000000000000000000e+00
7.677267049952067879e-01,0.000000000000000000e+00,0.000000000000000000e+00
7.690357019342025646e-01,0.000000000000000000e+00,0.000000000000000000e+00
7.703446988731982303e-01,0.000000000000000000e+00,0.000000000000000000e+00
7.716536958121940071e-01,0.000000000000000000e+00,0.000000000000000000e+00
7.729626927511897838e-01,0.000000000000000000e+00,0.000000000000000000e+00
7.742716896901855606e-01,0.000000000000000000e+00,0.000000000000000000e+00
7.755806866291812263e-01,0.000000000000000000e+00,0.000000000000000000e+00
7.768896835681770030e-01,0.000000000000000000e+00,0.000000000000000000e+00
7.781986805071727797e-01,0.000000000000000000e+00,0.000000000000000000e+00
7.795076774461685565e-01,0.000000000000000000e+00,0.000000000000000000e+00
7.808166743851642222e-01,0.000000000000000000e+00,0.000000000000000000e+00
7.821256713241599989e-01,0.000000000000000000e+00,0.000000000000000000e+00
7.834346682631557757e-01,0.000000000000000000e+00,0.000000000000000000e+00
7.847436652021515524e-01,0.000000000000000000e+00,0.000000000000000000e+00
7.860526621411472181e-01,0.000000000000000000e+00,0.000000000000000000e+00
7.873616590801429949e-01,0.000000000000000000e+00,0.000000000000000000e+00
7.886706560191387716e-01,0.000000000000000000e+00,0.000000000000000000e+00
7.899796529581345483e-01,0.000000000000000000e+00,0.000000000000000000e+00
7.912886498971302141e-01,0.000000000000000000e+00,0.000000000000000000e+00
7.925976468361259908e-01,0.000000000000000000e+00,0.000000000000000000e+00
7.939066437751217675e-01,0.000000000000000000e+00,0.000000000000000000e+00
7.952156407141175443e-01,0.000000000000000000e+00,0.000000000000000000e+00
7.965246376531132100e-01,0.000000000000000000e+00,0.000000000000000000e+00
7.978336345921089867e-01,0.000000000000000000e+00,0.000000000000000000e+00
7.991426315311047635e-01,0.000000000000000000e+00,0.000000000000000000e+00
8.004516284701005402e-01,0.000000000000000000e+00,0.000000000000000000e+00
8.017606254090962059e-01,0.000000000000000000e+00,0.000000000000000000e+00
8.030696223480919826e-01,0.000000000000000000e+00,0.000000000000000000e+00
8.043786192870877594e-01,0.000000000000000000e+00,0.000000000000000000e+00
8.056876162260835361e-01,0.000000000000000000e+00,0.000000000000000000e+00
8.069966131650792018e-01,0.000000000000000000e+00,0.000000000000000000e+00
8.083056101040749786e-01,0.000000000000000000e+00,0.000000000000000000e+00
8.096146070430707553e-01,0.000000000000000000e+00,0.000000000000000000e+00
8.109236039820665320e-01,0.000000000000000000e+00,0.000000000000000000e+00
8.122326009210621978e-01,0.000000000000000000e+00,0.000000000000000000e+00
8.135415978600579745e-01,0.000000000000000000e+00,0.000000000000000000e+00
8.148505947990537512e-01,0.000000000000000000e+00,0.000000000000000000e+00
8.161595917380495280e-01,0.000000000000000000e+00,0.000000000000000000e+00
8.174685886770451937e-01,0.000000000000000000e+00,0.000000000000000000e+00
8.187775856160409704e-01,0.000000000000000000e+00,0.000000000000000000e+00
8.200865825550367472e-01,0.000000000000000000e+00,0.000000000000000000e+00
8.213955794940325239e-01,0.000000000000000000e+00,0.000000000000000000e+00
8.227045764330281896e-01,0.000000000000000000e+00,0.000000000000000000e+00
8.240135733720239664e-01,0.000000000000000000e+00,0.000000000000000000e+00
8.253225703110197431e-01,0.000000000000000000e+00,0.000000000000000000e+00
8.266315672500155198e-01,0.000000000000000000e+00,0.000000000000000000e+00
8.279405641890111855e-01,0.000000000000000000e+00,0.000000000000000000e+00
8.292495611280069623e-01,0.000000000000000000e+00,0.000000000000000000e+00
8.305585580670027390e-01,0.000000000000000000e+00,0.000000000000000000e+00
8.318675550059985158e-01,0.000000000000000000e+00,0.000000000000000000e+00
8.331765519449941815e-01,0.000000000000000000e+00,0.000000000000000000e+00
8.344855488839899582e-01,0.000000000000000000e+00,0.000000000000000000e+00
8.357945458229857350e-01,0.000000000000000000e+00,0.000000000000000000e+00
8.371035427619815117e-01,0.000000000000000000e+00,0.000000000000000000e+00
8.384125397009771774e-01,0.000000000000000000e+00,0.000000000000000000e+00
8.397215366399729541e-01,0.000000000000000000e+00,0.000000000000000000e+00
8.410305335789687309e-01,0.000000000000000000e+00,0.000000000000000000e+00
8.423395305179645076e-01,0.000000000000000000e+00,0.000000000000000000e+00
8.436485274569601733e-01,0.000000000000000000e+00,0.000000000000000000e+00
8.449575243959559501e-01,0.000000000000000000e+00,0.000000000000000000e+00
8.462665213349517268e-01,0.000000000000000000e+00,0.000000000000000000e+00
8.475755182739475035e-01,0.000000000000000000e+00,0.000000000000000000e+00
8.488845152129431693e-01,0.000000000000000000e+00,0.000000000000000000e+00
8.501935121519389460e-01,0.000000000000000000e+00,0.000000000000000000e+00
8.515025090909347227e-01,0.000000000000000000e+00,0.000000000000000000e+00
8.528115060299304995e-01,0.000000000000000000e+00,0.000000000000000000e+00
8.541205029689261652e-01,0.000000000000000000e+00,0.000000000000000000e+00
8.554294999079219419e-01,0.000000000000000000e+00,0.000000000000000000e+00
8.567384968469177187e-01,0.000000000000000000e+00,0.000000000000000000e+00
8.580474937859134954e-01,0.000000000000000000e+00,0.000000000000000000e+00
8.593564907249091611e-01,0.000000000000000000e+00,0.000000000000000000e+00
8.606654876639049379e-01,0.000000000000000000e+00,0.000000000000000000e+00
8.619744846029007146e-01,0.000000000000000000e+00,0.000000000000000000e+00
8.632834815418964913e-01,0.000000000000000000e+00,0.000000000000000000e+00
8.645924784808921570e-01,0.000000000000000000e+00,0.000000000000000000e+00
8.659014754198879338e-01,0.000000000000000000e+00,0.000000000000000000e+00
8.672104723588837105e-01,0.000000000000000000e+00,0.000000000000000000e+00
8.685194692978794873e-01,0.000000000000000000e+00,0.000000000000000000e+00
8.698284662368751530e-01,0.000000000000000000e+00,0.000000000000000000e+00
8.711374631758709297e-01,0.000000000000000000e+00,0.000000000000000000e+00
8.724464601148667064e-01,0.000000000000000000e+00,0.000000000000000000e+00
8.737554570538624832e-01,0.000000000000000000e+00,0.000000000000000000e+00
8.750644539928581489e-01,0.000000000000000000e+00,0.000000000000000000e+00
8.763734509318539256e-01,0.000000000000000000e+00,0.000000000000000000e+00
8.776824478708497024e-01,0.000000000000000000e+00,0.000000000000000000e+00
8.789914448098454791e-01,0.000000000000000000e+00,0.000000000000000000e+00
8.803004417488411448e-01,0.000000000000000000e+00,0.000000000000000000e+00
8.816094386878369216e-01,0.000000000000000000e+00,0.000000000000000000e+00
8.829184356268326983e-01,0.000000000000000000e+00,0.000000000000000000e+00
8.842274325658284750e-01,0.000000000000000000e+00,0.000000000000000000e+00
8.855364295048241408e-01,0.000000000000000000e+00,0.000000000000000000e+00
8.868454264438199175e-01,0.000000000000000000e+00,0.000000000000000000e+00
8.881544233828156942e-01,0.000000000000000000e+00,0.000000000000000000e+00
8.894634203218114710e-01,0.000000000000000000e+00,0.000000000000000000e+00
8.907724172608071367e-01,0.000000000000000000e+00,0.000000000000000000e+00
8.920814141998029134e-01,0.000000000000000000e+00,0.000000000000000000e+00
8.933904111387986902e-01,0.000000000000000000e+00,0.000000000000000000e+00
8.946994080777944669e-01,0.000000000000000000e+00,0.000000000000000000e+00
8.960084050167901326e-01,0.000000000000000000e+00,0.000000000000000000e+00
8.973174019557859094e-01,0.000000000000000000e+00,0.000000000000000000e+00
8.986263988947816861e-01,0.000000000000000000e+00,0.000000000000000000e+00
8.999353958337774628e-01,0.000000000000000000e+00,0.000000000000000000e+00
9.012443927727731285e-01,0.000000000000000000e+00,0.000000000000000000e+00
9.025533897117689053e-01,0.000000000000000000e+00,0.000000000000000000e+00
9.038623866507646820e-01,0.000000000000000000e+00,0.000000000000000000e+00
9.051713835897604588e-01,0.000000000000000000e+00,0.000000000000000000e+00
9.064803805287561245e-01,0.000000000000000000e+00,0.000000000000000000e+00
9.077893774677519012e-01,0.000000000000000000e+00,0.000000000000000000e+00
9.090983744067476779e-01,0.000000000000000000e+00,0.000000000000000000e+00
9.104073713457434547e-01,0.000000000000000000e+00,0.000000000000000000e+00
9.117163682847391204e-01,0.000000000000000000e+00,0.000000000000000000e+00
9.130253652237348971e-01,0.000000000000000000e+00,0.000000000000000000e+00
9.143343621627306739e-01,0.000000000000000000e+00,0.000000000000000000e+00
9.156433591017264506e-01,0.000000000000000000e+00,0.000000000000000000e+00
9.169523560407221163e-01,0.000000000000000000e+00,0.000000000000000000e+00
9.182613529797178931e-01,0.000000000000000000e+00,0.000000000000000000e+00
9.195703499187136698e-01,0.000000000000000000e+00,0.000000000000000000e+00
9.208793468577094465e-01,0.000000000000000000e+00,0.000000000000000000e+00
9.221883437967051123e-01,0.000000000000000000e+00,0.000000000000000000e+00
9.234973407357008890e-01,0.000000000000000000e+00,0.000000000000000000e+00
9.248063376746966657e-01,0.000000000000000000e+00,0.000000000000000000e+00
9.261153346136924425e-01,0.000000000000000000e+00,0.000000000000000000e+00
9.274243315526881082e-01,0.000000000000000000e+00,0.000000000000000000e+00
9.287333284916838849e-01,0.000000000000000000e+00,0.000000000000000000e+00
9.300423254306796617e-01,0.000000000000000000e+00,0.000000000000000000e+00
9.313513223696754384e-01,0.000000000000000000e+00,0.000000000000000000e+00
9.326603193086711041e-01,0.000000000000000000e+00,0.000000000000000000e+00
9.339693162476668808e-01,0.000000000000000000e+00,0.000000000000000000e+00
9.352783131866626576e-01,0.000000000000000000e+00,0.000000000000000000e+00
9.365873101256584343e-01,0.000000000000000000e+00,0.000000000000000000e+00
9.378963070646541000e-01,0.000000000000000000e+00,0.000000000000000000e+00
9.392053040036498768e-01,0.000000000000000000e+00,0.000000000000000000e+00
9.405143009426456535e-01,0.000000000000000000e+00,0.000000000000000000e+00
9.418232978816414303e-01,0.000000000000000000e+00,0.000000000000000000e+00
9.431322948206370960e-01,3.155827182910186934e-09,-7.857643860686991388e-06
9.444412917596328727e-01,4.246073576075204414e-09,-1.189256865648247175e-05
9.457502886986286494e-01,3.422657102181148048e-09,-1.326069047831446301e-05
9.470592856376244262e-01,7.057996409542965921e-10,-1.305175208070330495e-05
9.483682825766200919e-01,-1.173330765880109539e-09,-1.269019940292048787e-05
9.496772795156158686e-01,-1.059639070932760774e-09,-1.257552171007869646e-05
9.509862764546116454e-01,-8.734099277152296281e-10,-1.249521493239258429e-05
9.522952733936074221e-01,-5.709566153200285044e-10,-1.245079476656918427e-05
9.536042703326030878e-01,-3.851869101456628641e-10,-1.243645914104918315e-05
9.549132672715988646e-01,-3.587505570390447929e-10,-1.243477086562694289e-05
9.562222642105946413e-01,-2.792862607847723666e-10,-1.243442601510380552e-05
9.575312611495904180e-01,-1.454785458765428530e-10,-1.243442189832744127e-05
9.588402580885860838e-01,-8.774533877264900639e-11,-1.243536653645904710e-05
9.601492550275818605e-01,-1.157366424919814563e-10,-1.243659514349459982e-05
9.614582519665776372e-01,-1.069821453647534781e-10,-1.243655690470746311e-05
9.627672489055734140e-01,-5.919548184962764026e-11,-1.243569631446950208e-05
9.640762458445690797e-01,-2.401034926435841044e-11,-1.243592024915973759e-05
9.653852427835648564e-01,-2.487374195503377905e-11,-1.243706643135056300e-05
9.666942397225606332e-01,-3.139594140222357055e-11,-1.243726043452519914e-05
9.680032366615564099e-01,-4.138672737852289174e-11,-1.243644606631344462e-05
9.693122336005520756e-01,-1.819508432809868737e-11,-1.243648115949180788e-05
9.706212305395478523e-01,1.735656063317492226e-11,-1.243764235321631606e-05
9.719302274785436291e-01,9.831913061475461291e-12,-1.243809364061265743e-05
9.732392244175394058e-01,-3.887226651677622158e-11,-1.243738321150822390e-05
9.745482213565350715e-01,-3.292410788446886727e-11,-1.243726693803126615e-05
9.758572182955308483e-01,2.257707909514294897e-11,-1.243831523682625839e-05
9.771662152345266250e-01,2.772576612741772806e-11,-1.243884343406220783e-05
9.784752121735224017e-01,-1.741454203063597106e-11,-1.243830818369040525e-05
9.797842091125180675e-01,-2.775563112678014477e-11,-1.243831132899386738e-05
9.810932060515138442e-01,8.817058194665605697e-12,-1.243931224866046126e-05
9.824022029905096209e-01,1.896224843811467053e-11,-1.243973699911748998e-05
9.837111999295053977e-01,1.691230488987116587e-12,-1.243926855233612461e-05
9.850201968685010634e-01,-1.171060470817053556e-11,-1.243946788209715493e-05
9.863291938074968401e-01,-6.045747236171905570e-12,-1.244050256581086256e-05
9.876381907464926169e-01,1.660310777751305977e-12,-1.244080054309260053e-05
9.889471876854883936e-01,1.035471708377144751e-11,-1.244032241129455763e-05
9.902561846244840593e-01,3.278988192079168584e-12,-1.244067675874871437e-05
9.915651815634798361e-01,-1.160990747983703386e-11,-1.244180175809239675e-05
9.928741785024756128e-01,-1.030392438039484659e-11,-1.244205701628198213e-05
9.941831754414713895e-01,6.801476049034249627e-12,-1.244154154270149526e-05
9.954921723804670552e-01,1.025984852631722788e-11,-1.244195371519207782e-05
9.968011693194628320e-01,-4.191119673535581569e-12,-1.244319658369463788e-05
9.981101662584586087e-01,-1.122846260415144570e-11,-1.244352898764622406e-05
9.994191631974543855e-01,-1.006178473872409995e-11,-1.244295960217689512e-05
1.000728160136449940e+00,2.304711976819362462e-12,-1.244327529437150304e-05
1.002037157075445828e+00,1.236519220348952786e-11,-1.244459111288120923e-05
1.003346154014441494e+00,4.500150252439993892e-12,-1.244511457569597024e-05
1.004655150953437159e+00,-2.011943389668147120e-11,-1.244459626080496317e-05
1.005964147892432825e+00,-1.285982431653565072e-11,-1.244479861634006923e-05
1.007273144831428713e+00,1.827543671950593307e-11,-1.244608235775879201e-05
1.008582141770424379e+00,1.742753164002408539e-11,-1.244671994633794743e-05
1.009891138709420044e+00,-1.500077839722280260e-11,-1.244631119055872315e-05
1.011200135648415710e+00,-1.869984722624451479e-11,-1.244652280099622921e-05
1.012509132587411598e+00,1.063968357861710956e-11,-1.244775213765647592e-05
1.013818129526407263e+00,1.702218921373344074e-11,-1.244836924878256479e-05
1.015127126465402929e+00,-1.947608740948680861e-13,-1.244805528713421872e-05
1.016436123404398595e+00,-1.122962833832730212e-11,-1.244840091368937252e-05
1.017745120343394483e+00,-3.727351760574038053e-12,-1.244961891809504007e-05
1.019054117282390148e+00,4.214795179535713032e-12,-1.245012692686897626e-05
1.020363114221385814e+00,1.151628792328551754e-11,-1.244983585725611963e-05
1.021672111160381480e+00,2.556094225170113532e-12,-1.245034050176285767e-05
1.022981108099377368e+00,-1.250746728409524167e-11,-1.245161649673920401e-05
1.024290105038373033e+00,-8.677253360289682860e-12,-1.245204815485123628e-05
1.025599101977368699e+00,1.334346522163798454e-11,-1.245173119969467113e-05
1.026908098916364365e+00,1.153668827136300479e-11,-1.245232114474581486e-05
1.028217095855360252e+00,-1.198494081755541174e-11,-1.245367867058755351e-05
1.029526092794355918e+00,-1.348088307651096329e-11,-1.245412063657913571e-05
1.030835089733351584e+00,7.061129458918458113e-12,-1.245377371376921172e-05
1.032144086672347250e+00,1.149533246369571771e-11,-1.245435455732302188e-05
1.033453083611343137e+00,-4.887562576882942267e-12,-1.245577270130027170e-05
1.034762080550338803e+00,-8.580219867937444178e-12,-1.245629962619287934e-05
1.036071077489334469e+00,8.558154185323019192e-13,-1.245596512790270172e-05
1.037380074428330134e+00,5.105804667948632414e-12,-1.245649550130067951e-05
1.038689071367326022e+00,-3.452238495071924262e-13,-1.245791895239378722e-05
1.039998068306321688e+00,-1.499966817419817744e-12,-1.245852213334341929e-05
1.041307065245317354e+00,1.841915509004365958e-12,-1.245824466750145021e-05
1.042616062184313019e+00,1.055433518359905065e-12,-1.245877168522258049e-05
1.043925059123308907e+00,-2.974398505273256887e-12,-1.246017416105249520e-05
1.045234056062304573e+00,-7.721601136267963739e-13,-1.246078469924194465e-05
1.046543053001300239e+00,7.379707955834646782e-12,-1.246055737526285956e-05
1.047852049940295904e+00,3.393341163615559708e-12,-1.246114231784334336e-05
1.049161046879291792e+00,-8.376799254250499871e-12,-1.246254770574661830e-05
1.050470043818287458e+00,-5.780542711164571301e-12,-1.246312580911734802e-05
1.051779040757283123e+00,1.074013100677007060e-11,-1.246291081005712620e-05
1.053088037696278789e+00,8.420153463362112234e-12,-1.246356038502038910e-05
1.054397034635274677e+00,-1.027355978067134856e-11,-1.246500476892453690e-05
1.055706031574270343e+00,-1.039746067021951603e-11,-1.246557202218279148e-05
1.057015028513266008e+00,7.922662526027579588e-12,-1.246533833457186269e-05
1.058324025452261674e+00,1.007577354883437692e-11,-1.246600044460532963e-05
1.059633022391257562e+00,-6.291966947458149662e-12,-1.246749358503607130e-05
1.060942019330253228e+00,-8.993195077522386782e-12,-1.246810706925782775e-05
1.062251016269248893e+00,2.249977981705342245e-12,-1.246786573454172764e-05
1.063560013208244559e+00,6.375844296968580238e-12,-1.246849060350385674e-05
1.064869010147240447e+00,-1.133926286200903633e-12,-1.247000355289462625e-05
1.066178007086236112e+00,-3.621214439419873088e-12,-1.247068442755683293e-05
1.067487004025231778e+00,-7.566169912820441823e-13,-1.247046625678371878e-05
1.068796000964227444e+00,1.293853912898157432e-12,-1.247105703074125049e-05
1.070104997903223332e+00,1.917355163527645345e-13,-1.247255922337542344e-05
1.071413994842218997e+00,-1.342259636771814257e-13,-1.247327629301520080e-05
1.072722991781214663e+00,3.730904474252838554e-13,-1.247309351214143103e-05
1.074031988720210329e+00,-2.416955524608965789e-13,-1.247369227228012356e-05
1.075340985659206217e+00,-1.535660487661516527e-12,-1.247518787211854274e-05
1.076649982598201882e+00,-1.100508573159686421e-12,-1.247590281409916013e-05
1.077958979537197548e+00,9.980904991380157298e-13,-1.247572945332897643e-05
1.079267976476193214e+00,1.054711873393898713e-12,-1.247634866306801538e-05
1.080576973415189102e+00,-1.105893154829118430e-12,-1.247786348497481601e-05
1.081885970354184767e+00,-1.949884698149162432e-12,-1.247858568517723477e-05
1.083194967293180433e+00,-1.373678948368706187e-12,-1.247840248226605997e-05
1.084503964232176099e+00,5.196398866758045187e-13,-1.247901199830092622e-05
1.085812961171171986e+00,1.750932732136334380e-12,-1.248054508160012510e-05
1.087121958110167652e+00,4.914402218503255426e-13,-1.248130102890487869e-05
1.088430955049163318e+00,-3.093969525025386247e-12,-1.248112630111708476e-05
1.089739951988158984e+00,-2.645939023437904325e-12,-1.248171305995304792e-05
1.091048948927154871e+00,1.341537991805807906e-12,-1.248323105622339835e-05
1.092357945866150537e+00,2.041311564227044073e-12,-1.248399860440119191e-05
1.093666942805146203e+00,-6.409317521161028708e-13,-1.248385144418662218e-05
1.094975939744141868e+00,-2.265077014840244374e-12,-1.248445890736360475e-05
1.096284936683137756e+00,-1.362465695819992106e-12,-1.248596907577059767e-05
1.097593933622133422e+00,-8.826828157282307075e-13,-1.248671082372532215e-05
1.098902930561129088e+00,-8.601452883283400297e-13,-1.248654929593417950e-05
1.100211927500124753e+00,3.751443600208403950e-13,-1.248717076408889515e-05
1.101520924439120641e+00,1.603939203675963654e-12,-1.248871007286656010e-05
1.102829921378116307e+00,-3.108624468950438313e-15,-1.248946887784374571e-05
1.104138918317111973e+00,-4.177824752815695319e-12,-1.248928877344013255e-05
1.105447915256107638e+00,-2.247313446446241869e-12,-1.248987194012174395e-05
1.106756912195103526e+00,3.889721877925467197e-12,-1.249140395892522903e-05
1.108065909134099192e+00,3.721634111997218497e-12,-1.249219053071903840e-05
1.109374906073094857e+00,-2.729372283738484839e-12,-1.249203551111077726e-05
1.110683903012090523e+00,-4.469147274477336396e-12,-1.249261231492382329e-05
1.111992899951086411e+00,2.393640841091837501e-13,-1.249411109720266477e-05
1.113301896890082077e+00,2.128464071660118861e-12,-1.249486977115965569e-05
1.114610893829077742e+00,9.071077222699841514e-13,-1.249472769493387148e-05
1.115919890768073408e+00,-1.843747376994997467e-12,-1.249533997109419925e-05
1.117228887707069296e+00,-3.224087663511454593e-12,-1.249683290641123712e-05
1.118537884646064962e+00,-1.952493722257031550e-12,-1.249754731053043244e-05
1.119846881585060627e+00,1.823596829098050875e-12,-1.249738354647256244e-05
1.121155878524056293e+00,1.833921903227064831e-12,-1.249801566317876311e-05
1.122464875463052181e+00,-1.907307645154787679e-12,-1.249952749605987012e-05
1.123773872402047846e+00,-3.079814181461415501e-12,-1.250023072732475704e-05
1.125082869341043512e+00,-1.450228825916610731e-12,-1.250002906000302616e-05
1.126391866280039178e+00,1.827260565079313892e-12,-1.250063005034385277e-05
1.127700863219035066e+00,3.306632745392334982e-12,-1.250215710936475322e-05
1.129009860158030731e+00,7.682743330406083260e-13,-1.250289492034373229e-05
1.130318857097026397e+00,-5.411560088930400525e-12,-1.250267794426773715e-05
1.131627854036022063e+00,-2.971345391955537707e-12,-1.250321722233438404e-05
1.132936850975017951e+00,5.490274901376324124e-12,-1.250471788012685881e-05
1.134245847914013616e+00,5.145495141078981760e-12,-1.250548133020779051e-05
1.135554844853009282e+00,-3.997191466709182350e-12,-1.250528874174872129e-05
1.136863841792004948e+00,-6.299627486328063242e-12,-1.250581017941954087e-05
1.138172838731000835e+00,5.886957588074892556e-13,-1.250725684912024072e-05
1.139481835669996501e+00,3.379074797749126446e-12,-1.250797610755083333e-05
1.140790832608992167e+00,1.652955550213164315e-12,-1.250780021729014369e-05
1.142099829547987833e+00,-2.612632332699149629e-12,-1.250836850583136872e-05
1.143408826486983720e+00,-4.965750033392168916e-12,-1.250979494062109953e-05
1.144717823425979386e+00,-2.910172103298691582e-12,-1.251043521227623856e-05
1.146026820364975052e+00,3.314182261959786047e-12,-1.251021961561071816e-05
1.147335817303970718e+00,3.414435401083437682e-12,-1.251081732343839459e-05
1.148644814242966605e+00,-2.668087972779176198e-12,-1.251227240847696542e-05
1.149953811181962271e+00,-4.651556917423249615e-12,-1.251289200944472046e-05
1.151262808120957937e+00,-2.164435297657973933e-12,-1.251261038080764276e-05
1.152571805059953602e+00,3.050393271308848853e-12,-1.251315154990328971e-05
1.153880801998949490e+00,5.492772903181730726e-12,-1.251462637412437129e-05
1.155189798937945156e+00,1.437960861494502751e-12,-1.251529895224257061e-05
1.156498795876940822e+00,-8.510969706776450039e-12,-1.251499003195044590e-05
1.157807792815936487e+00,-4.260314323545344450e-12,-1.251543082148032227e-05
1.159116789754932375e+00,9.610423568062742561e-12,-1.251686605770185867e-05
1.160425786693928041e+00,8.414546837087755193e-12,-1.251758114419188050e-05
1.161734783632923707e+00,-7.758460540685518936e-12,-1.251730032324205322e-05
1.163043780571919372e+00,-9.998946115530316092e-12,-1.251769863599982990e-05
1.164352777510915260e+00,4.004685472125402157e-12,-1.251905431964850379e-05
1.165661774449910926e+00,7.630340803643775871e-12,-1.251971982094146618e-05
1.166970771388906591e+00,2.464695114667847520e-13,-1.251947081852555765e-05
1.168279768327902257e+00,-6.910472194476824370e-12,-1.251992292206072221e-05
1.169588765266898145e+00,-6.153466625136161383e-12,-1.252122336022065685e-05
1.170897762205893811e+00,-1.011052352950514432e-12,-1.252176440877383889e-05
1.172206759144889476e+00,7.751216335449839789e-12,-1.252149236974364754e-05
1.173515756083885142e+00,2.733813175836985465e-12,-1.252202595808382668e-05
1.174824753022881030e+00,-1.049846320988478965e-11,-1.252333323009668931e-05
1.176133749961876696e+00,-8.937156570354432006e-12,-1.252377394392323318e-05
1.177442746900872361e+00,7.273792679285406848e-12,-1.252342228433289684e-05
1.178751743839868027e+00,9.361789121697938754e-12,-1.252396196260718852e-05
1.180060740778863915e+00,-4.707151335381354329e-12,-1.252530783965588590e-05
1.181369737717859580e+00,-8.207823309902551046e-12,-1.252574675310313967e-05
1.182678734656855246e+00,-5.481448628330554129e-13,-1.252531523900091148e-05
1.183987731595850912e+00,6.332961932642433567e-12,-1.252575772929531706e-05
1.185296728534846800e+00,5.114020318330858572e-12,-1.252710888158259372e-05
1.186605725473842465e+00,2.959854583650667337e-13,-1.252761714572170337e-05
1.187914722412838131e+00,-7.452510830674441422e-12,-1.252716247684970696e-05
1.189223719351833797e+00,-3.167854867314190415e-12,-1.252748191961361446e-05
1.190532716290829685e+00,8.470224521772706794e-12,-1.252877067844937464e-05
1.191841713229825350e+00,7.664952006436465126e-12,-1.252931556054714957e-05
1.193150710168821016e+00,-5.620615084467317502e-12,-1.252889488667641160e-05
1.194459707107816682e+00,-9.234057962714814494e-12,-1.252917223881766517e-05
1.195768704046812569e+00,6.586120537832584887e-13,-1.253036029709442278e-05
1.197077700985808235e+00,5.686784376734976831e-12,-1.253082933169724633e-05
1.198386697924803901e+00,4.964473276913849986e-12,-1.253044443537409958e-05
1.199695694863799567e+00,-4.675870801662540543e-12,-1.253079518023780814e-05
1.201004691802795454e+00,-1.271804883629101823e-11,-1.253190970755546640e-05
1.202313688741791120e+00,-5.354550136615898737e-12,-1.253221133847015611e-05
1.203622685680786786e+00,1.633904123110596629e-11,-1.253180449484192494e-05
1.204931682619782451e+00,8.175765620066499650e-12,-1.253227258983524717e-05
1.206240679558778339e+00,-2.074004856744693370e-11,-1.253338264499415100e-05
1.207549676497774005e+00,-1.690034223678082981e-11,-1.253353000499335401e-05
1.208858673436769671e+00,1.932373705493262150e-11,-1.253303224604818134e-05
1.210167670375765336e+00,1.933739279813551093e-11,-1.253354512625870498e-05
1.211476667314761224e+00,-1.660663273561624464e-11,-1.253470167268677660e-05
1.212785664253756890e+00,-1.953032180423974751e-11,-1.253480667111339653e-05
1.214094661192752556e+00,1.125466386753259940e-11,-1.253419530893029599e-05
1.215403658131748221e+00,1.970573704213052224e-11,-1.253461834245517270e-05
1.216712655070744109e+00,-3.284844618534066285e-12,-1.253581075141840806e-05
1.218021652009739775e+00,-1.086689072060664785e-11,-1.253599546120753860e-05
1.219330648948735440e+00,-1.789318693212749167e-12,-1.253531299111321218e-05
1.220639645887731106e+00,8.607947687977457463e-12,-1.253555606284262325e-05
1.221948642826726994e+00,8.809009077737073312e-12,-1.253671921945531675e-05
1.223257639765722660e+00,2.372407825745881382e-12,-1.253701783104910206e-05
1.224566636704718325e+00,-9.852424431855411058e-12,-1.253633832579148510e-05
1.225875633643713991e+00,-5.752648357670864243e-12,-1.253642761948892126e-05
1.227184630582709879e+00,9.762690655890082780e-12,-1.253749161501949150e-05
1.228493627521705545e+00,9.410638934781445641e-12,-1.253782057616947831e-05
1.229802624460701210e+00,-7.043116090343914948e-12,-1.253719173659184616e-05
1.231111621399696876e+00,-1.302583041429272726e-11,-1.253725150617002182e-05
1.232420618338692764e+00,-2.697536638507358475e-12,-1.253819488652996306e-05
1.233729615277688429e+00,3.162636819098452179e-12,-1.253841414192158332e-05
1.235038612216684095e+00,3.364197809219149349e-12,-1.253782042105744399e-05
1.236347609155679761e+00,-9.339584661205435623e-12,-1.253797894734676177e-05
1.237656606094675649e+00,-2.240607699377505924e-11,-1.253883509223785442e-05
1.238965603033671314e+00,-1.581362818470211096e-11,-1.253881840063142405e-05
1.240274599972666980e+00,9.166833958573761265e-12,-1.253811616606925750e-05
1.241583596911662646e+00,-2.974370749697641259e-12,-1.253808951702517493e-05
1.242892593850658534e+00,-4.263098207779592030e-11,-1.253836121924145619e-05
1.244201590789654199e+00,-4.430059097337846197e-11,-1.253806512493960135e-05
1.245510587728649865e+00,-8.268108420139697046e-12,-1.253875551517069642e-05
1.246819584667645531e+00,-1.609612443331798204e-11,-1.254758360581809118e-05
1.248128581606641418e+00,-6.943956520899519091e-11,-1.257520225218800025e-05
1.249437578545637084e+00,-8.800990491941718119e-11,-1.262854399625146229e-05
1.250746575484632750e+00,-7.080419583971320208e-11,-1.271296666151278121e-05
1.252055572423628416e+00,-7.745151742177824872e-11,-1.302690006839413162e-05
1.253364569362624303e+00,-1.148796335836976823e-10,-1.336899778899003355e-05
1.254673566301619969e+00,-1.393699322616015479e-10,-1.265350220545913285e-05
1.255982563240615635e+00,-1.612594224820185218e-10,-9.797039708589472262e-06
