# Exudyn: solution of belt drive, contact forces over belt length
# Exudyn output file
# Exudyn version=1.2.34.dev1
# endTime=1.5
# stepSize=5e-05
# nSegments=4
# nANCFnodes=240
# contactStiffnessPerArea=100000000.0
# frictionStiffnessPerArea=100000000.0
# contactStiffness=418879.02047863905
# frictionStiffness=523598.7755982988
# contactDamping=8.377580409572781
# frictionVelocityPenalty=33.70609928242229
# dryFriction=0.5
# 
8.157457171580062560e-04,1.043460670507983014e+04,-3.610233050917078799e+04
2.124742656153755238e-03,0.000000000000000000e+00,0.000000000000000000e+00
3.433739595149504220e-03,0.000000000000000000e+00,0.000000000000000000e+00
4.742736534145253202e-03,0.000000000000000000e+00,0.000000000000000000e+00
6.051733473141002184e-03,0.000000000000000000e+00,0.000000000000000000e+00
7.360730412136751166e-03,0.000000000000000000e+00,0.000000000000000000e+00
8.669727351132500148e-03,0.000000000000000000e+00,0.000000000000000000e+00
9.978724290128249130e-03,0.000000000000000000e+00,0.000000000000000000e+00
1.128772122912399811e-02,0.000000000000000000e+00,0.000000000000000000e+00
1.259671816811974709e-02,0.000000000000000000e+00,0.000000000000000000e+00
1.390571510711549608e-02,0.000000000000000000e+00,0.000000000000000000e+00
1.521471204611124506e-02,0.000000000000000000e+00,0.000000000000000000e+00
1.652370898510699404e-02,0.000000000000000000e+00,0.000000000000000000e+00
1.783270592410274302e-02,0.000000000000000000e+00,0.000000000000000000e+00
1.914170286309849200e-02,0.000000000000000000e+00,0.000000000000000000e+00
2.045069980209424099e-02,0.000000000000000000e+00,0.000000000000000000e+00
2.175969674108998997e-02,0.000000000000000000e+00,0.000000000000000000e+00
2.306869368008573895e-02,0.000000000000000000e+00,0.000000000000000000e+00
2.437769061908148793e-02,0.000000000000000000e+00,0.000000000000000000e+00
2.568668755807723691e-02,0.000000000000000000e+00,0.000000000000000000e+00
2.699568449707298590e-02,0.000000000000000000e+00,0.000000000000000000e+00
2.830468143606873488e-02,0.000000000000000000e+00,0.000000000000000000e+00
2.961367837506448386e-02,0.000000000000000000e+00,0.000000000000000000e+00
3.092267531406023284e-02,0.000000000000000000e+00,0.000000000000000000e+00
3.223167225305598182e-02,0.000000000000000000e+00,0.000000000000000000e+00
3.354066919205173081e-02,0.000000000000000000e+00,0.000000000000000000e+00
3.484966613104747979e-02,0.000000000000000000e+00,0.000000000000000000e+00
3.615866307004322877e-02,0.000000000000000000e+00,0.000000000000000000e+00
3.746766000903897775e-02,0.000000000000000000e+00,0.000000000000000000e+00
3.877665694803472674e-02,0.000000000000000000e+00,0.000000000000000000e+00
4.008565388703047572e-02,0.000000000000000000e+00,0.000000000000000000e+00
4.139465082602622470e-02,0.000000000000000000e+00,0.000000000000000000e+00
4.270364776502197368e-02,0.000000000000000000e+00,0.000000000000000000e+00
4.401264470401772266e-02,0.000000000000000000e+00,0.000000000000000000e+00
4.532164164301347165e-02,0.000000000000000000e+00,0.000000000000000000e+00
4.663063858200922063e-02,0.000000000000000000e+00,0.000000000000000000e+00
4.793963552100496961e-02,0.000000000000000000e+00,0.000000000000000000e+00
4.924863246000071859e-02,0.000000000000000000e+00,0.000000000000000000e+00
5.055762939899646757e-02,0.000000000000000000e+00,0.000000000000000000e+00
5.186662633799221656e-02,0.000000000000000000e+00,0.000000000000000000e+00
5.317562327698796554e-02,0.000000000000000000e+00,0.000000000000000000e+00
5.448462021598371452e-02,0.000000000000000000e+00,0.000000000000000000e+00
5.579361715497946350e-02,0.000000000000000000e+00,0.000000000000000000e+00
5.710261409397521248e-02,0.000000000000000000e+00,0.000000000000000000e+00
5.841161103297096147e-02,0.000000000000000000e+00,0.000000000000000000e+00
5.972060797196671045e-02,0.000000000000000000e+00,0.000000000000000000e+00
6.102960491096245943e-02,0.000000000000000000e+00,0.000000000000000000e+00
6.233860184995820841e-02,0.000000000000000000e+00,0.000000000000000000e+00
6.364759878895395739e-02,0.000000000000000000e+00,0.000000000000000000e+00
6.495659572794970638e-02,0.000000000000000000e+00,0.000000000000000000e+00
6.626559266694545536e-02,0.000000000000000000e+00,0.000000000000000000e+00
6.757458960594120434e-02,0.000000000000000000e+00,0.000000000000000000e+00
6.888358654493695332e-02,0.000000000000000000e+00,0.000000000000000000e+00
7.019258348393270230e-02,0.000000000000000000e+00,0.000000000000000000e+00
7.150158042292845129e-02,0.000000000000000000e+00,0.000000000000000000e+00
7.281057736192420027e-02,0.000000000000000000e+00,0.000000000000000000e+00
7.411957430091994925e-02,0.000000000000000000e+00,0.000000000000000000e+00
7.542857123991569823e-02,0.000000000000000000e+00,0.000000000000000000e+00
7.673756817891144721e-02,0.000000000000000000e+00,0.000000000000000000e+00
7.804656511790719620e-02,0.000000000000000000e+00,0.000000000000000000e+00
7.935556205690294518e-02,0.000000000000000000e+00,0.000000000000000000e+00
8.066455899589869416e-02,0.000000000000000000e+00,0.000000000000000000e+00
8.197355593489444314e-02,0.000000000000000000e+00,0.000000000000000000e+00
8.328255287389019212e-02,0.000000000000000000e+00,0.000000000000000000e+00
8.459154981288594111e-02,0.000000000000000000e+00,0.000000000000000000e+00
8.590054675188169009e-02,0.000000000000000000e+00,0.000000000000000000e+00
8.720954369087743907e-02,0.000000000000000000e+00,0.000000000000000000e+00
8.851854062987318805e-02,0.000000000000000000e+00,0.000000000000000000e+00
8.982753756886893703e-02,0.000000000000000000e+00,0.000000000000000000e+00
9.113653450786468602e-02,0.000000000000000000e+00,0.000000000000000000e+00
9.244553144686043500e-02,0.000000000000000000e+00,0.000000000000000000e+00
9.375452838585618398e-02,0.000000000000000000e+00,0.000000000000000000e+00
9.506352532485193296e-02,0.000000000000000000e+00,0.000000000000000000e+00
9.637252226384768194e-02,0.000000000000000000e+00,0.000000000000000000e+00
9.768151920284343093e-02,0.000000000000000000e+00,0.000000000000000000e+00
9.899051614183917991e-02,0.000000000000000000e+00,0.000000000000000000e+00
1.002995130808349289e-01,0.000000000000000000e+00,0.000000000000000000e+00
1.016085100198306779e-01,0.000000000000000000e+00,0.000000000000000000e+00
1.029175069588264269e-01,0.000000000000000000e+00,0.000000000000000000e+00
1.042265038978221758e-01,0.000000000000000000e+00,0.000000000000000000e+00
1.055355008368179248e-01,0.000000000000000000e+00,0.000000000000000000e+00
1.068444977758136738e-01,0.000000000000000000e+00,0.000000000000000000e+00
1.081534947148094228e-01,0.000000000000000000e+00,0.000000000000000000e+00
1.094624916538051718e-01,0.000000000000000000e+00,0.000000000000000000e+00
1.107714885928009207e-01,0.000000000000000000e+00,0.000000000000000000e+00
1.120804855317966697e-01,0.000000000000000000e+00,0.000000000000000000e+00
1.133894824707924187e-01,0.000000000000000000e+00,0.000000000000000000e+00
1.146984794097881677e-01,0.000000000000000000e+00,0.000000000000000000e+00
1.160074763487839167e-01,0.000000000000000000e+00,0.000000000000000000e+00
1.173164732877796657e-01,0.000000000000000000e+00,0.000000000000000000e+00
1.186254702267754146e-01,0.000000000000000000e+00,0.000000000000000000e+00
1.199344671657711636e-01,0.000000000000000000e+00,0.000000000000000000e+00
1.212434641047669404e-01,0.000000000000000000e+00,0.000000000000000000e+00
1.225524610437626616e-01,0.000000000000000000e+00,0.000000000000000000e+00
1.238614579827583828e-01,0.000000000000000000e+00,0.000000000000000000e+00
1.251704549217541595e-01,0.000000000000000000e+00,0.000000000000000000e+00
1.264794518607498808e-01,0.000000000000000000e+00,0.000000000000000000e+00
1.277884487997456575e-01,0.000000000000000000e+00,0.000000000000000000e+00
1.290974457387413787e-01,0.000000000000000000e+00,0.000000000000000000e+00
1.304064426777371555e-01,0.000000000000000000e+00,0.000000000000000000e+00
1.317154396167328767e-01,0.000000000000000000e+00,0.000000000000000000e+00
1.330244365557286534e-01,0.000000000000000000e+00,0.000000000000000000e+00
1.343334334947243747e-01,0.000000000000000000e+00,0.000000000000000000e+00
1.356424304337201514e-01,0.000000000000000000e+00,0.000000000000000000e+00
1.369514273727158726e-01,0.000000000000000000e+00,0.000000000000000000e+00
1.382604243117116494e-01,0.000000000000000000e+00,0.000000000000000000e+00
1.395694212507073706e-01,0.000000000000000000e+00,0.000000000000000000e+00
1.408784181897031473e-01,0.000000000000000000e+00,0.000000000000000000e+00
1.421874151286988686e-01,0.000000000000000000e+00,0.000000000000000000e+00
1.434964120676946453e-01,0.000000000000000000e+00,0.000000000000000000e+00
1.448054090066903665e-01,0.000000000000000000e+00,0.000000000000000000e+00
1.461144059456861433e-01,0.000000000000000000e+00,0.000000000000000000e+00
1.474234028846818645e-01,0.000000000000000000e+00,0.000000000000000000e+00
1.487323998236776412e-01,0.000000000000000000e+00,0.000000000000000000e+00
1.500413967626733625e-01,0.000000000000000000e+00,0.000000000000000000e+00
1.513503937016691392e-01,0.000000000000000000e+00,0.000000000000000000e+00
1.526593906406648604e-01,0.000000000000000000e+00,0.000000000000000000e+00
1.539683875796606372e-01,0.000000000000000000e+00,0.000000000000000000e+00
1.552773845186563584e-01,0.000000000000000000e+00,0.000000000000000000e+00
1.565863814576521351e-01,0.000000000000000000e+00,0.000000000000000000e+00
1.578953783966478563e-01,0.000000000000000000e+00,0.000000000000000000e+00
1.592043753356436331e-01,0.000000000000000000e+00,0.000000000000000000e+00
1.605133722746393543e-01,0.000000000000000000e+00,0.000000000000000000e+00
1.618223692136351310e-01,0.000000000000000000e+00,0.000000000000000000e+00
1.631313661526308523e-01,0.000000000000000000e+00,0.000000000000000000e+00
1.644403630916266290e-01,0.000000000000000000e+00,0.000000000000000000e+00
1.657493600306223502e-01,0.000000000000000000e+00,0.000000000000000000e+00
1.670583569696181270e-01,0.000000000000000000e+00,0.000000000000000000e+00
1.683673539086138482e-01,0.000000000000000000e+00,0.000000000000000000e+00
1.696763508476096249e-01,0.000000000000000000e+00,0.000000000000000000e+00
1.709853477866053462e-01,0.000000000000000000e+00,0.000000000000000000e+00
1.722943447256011229e-01,0.000000000000000000e+00,0.000000000000000000e+00
1.736033416645968441e-01,0.000000000000000000e+00,0.000000000000000000e+00
1.749123386035926209e-01,0.000000000000000000e+00,0.000000000000000000e+00
1.762213355425883421e-01,0.000000000000000000e+00,0.000000000000000000e+00
1.775303324815841188e-01,0.000000000000000000e+00,0.000000000000000000e+00
1.788393294205798401e-01,0.000000000000000000e+00,0.000000000000000000e+00
1.801483263595756168e-01,0.000000000000000000e+00,0.000000000000000000e+00
1.814573232985713380e-01,0.000000000000000000e+00,0.000000000000000000e+00
1.827663202375671148e-01,0.000000000000000000e+00,0.000000000000000000e+00
1.840753171765628360e-01,0.000000000000000000e+00,0.000000000000000000e+00
1.853843141155586127e-01,0.000000000000000000e+00,0.000000000000000000e+00
1.866933110545543339e-01,0.000000000000000000e+00,0.000000000000000000e+00
1.880023079935501107e-01,0.000000000000000000e+00,0.000000000000000000e+00
1.893113049325458319e-01,0.000000000000000000e+00,0.000000000000000000e+00
1.906203018715416087e-01,0.000000000000000000e+00,0.000000000000000000e+00
1.919292988105373299e-01,0.000000000000000000e+00,0.000000000000000000e+00
1.932382957495331066e-01,0.000000000000000000e+00,0.000000000000000000e+00
1.945472926885288278e-01,0.000000000000000000e+00,0.000000000000000000e+00
1.958562896275246046e-01,0.000000000000000000e+00,0.000000000000000000e+00
1.971652865665203258e-01,0.000000000000000000e+00,0.000000000000000000e+00
1.984742835055161025e-01,0.000000000000000000e+00,0.000000000000000000e+00
1.997832804445118238e-01,0.000000000000000000e+00,0.000000000000000000e+00
2.010922773835076005e-01,0.000000000000000000e+00,0.000000000000000000e+00
2.024012743225033217e-01,0.000000000000000000e+00,0.000000000000000000e+00
2.037102712614990985e-01,0.000000000000000000e+00,0.000000000000000000e+00
2.050192682004948197e-01,0.000000000000000000e+00,0.000000000000000000e+00
2.063282651394905964e-01,0.000000000000000000e+00,0.000000000000000000e+00
2.076372620784863177e-01,0.000000000000000000e+00,0.000000000000000000e+00
2.089462590174820944e-01,0.000000000000000000e+00,0.000000000000000000e+00
2.102552559564778156e-01,0.000000000000000000e+00,0.000000000000000000e+00
2.115642528954735924e-01,0.000000000000000000e+00,0.000000000000000000e+00
2.128732498344693136e-01,0.000000000000000000e+00,0.000000000000000000e+00
2.141822467734650903e-01,0.000000000000000000e+00,0.000000000000000000e+00
2.154912437124608116e-01,0.000000000000000000e+00,0.000000000000000000e+00
2.168002406514565883e-01,0.000000000000000000e+00,0.000000000000000000e+00
2.181092375904523095e-01,0.000000000000000000e+00,0.000000000000000000e+00
2.194182345294480863e-01,0.000000000000000000e+00,0.000000000000000000e+00
2.207272314684438075e-01,0.000000000000000000e+00,0.000000000000000000e+00
2.220362284074395842e-01,0.000000000000000000e+00,0.000000000000000000e+00
2.233452253464353054e-01,0.000000000000000000e+00,0.000000000000000000e+00
2.246542222854310822e-01,0.000000000000000000e+00,0.000000000000000000e+00
2.259632192244268034e-01,0.000000000000000000e+00,0.000000000000000000e+00
2.272722161634225801e-01,0.000000000000000000e+00,0.000000000000000000e+00
2.285812131024183014e-01,0.000000000000000000e+00,0.000000000000000000e+00
2.298902100414140781e-01,0.000000000000000000e+00,0.000000000000000000e+00
2.311992069804097993e-01,0.000000000000000000e+00,0.000000000000000000e+00
2.325082039194055761e-01,0.000000000000000000e+00,0.000000000000000000e+00
2.338172008584012973e-01,0.000000000000000000e+00,0.000000000000000000e+00
2.351261977973970740e-01,0.000000000000000000e+00,0.000000000000000000e+00
2.364351947363927953e-01,0.000000000000000000e+00,0.000000000000000000e+00
2.377441916753885720e-01,0.000000000000000000e+00,0.000000000000000000e+00
2.390531886143842932e-01,0.000000000000000000e+00,0.000000000000000000e+00
2.403621855533800700e-01,0.000000000000000000e+00,0.000000000000000000e+00
2.416711824923757912e-01,0.000000000000000000e+00,0.000000000000000000e+00
2.429801794313715679e-01,0.000000000000000000e+00,0.000000000000000000e+00
2.442891763703672892e-01,0.000000000000000000e+00,0.000000000000000000e+00
2.455981733093630659e-01,0.000000000000000000e+00,0.000000000000000000e+00
2.469071702483587871e-01,0.000000000000000000e+00,0.000000000000000000e+00
2.482161671873545639e-01,0.000000000000000000e+00,0.000000000000000000e+00
2.495251641263502851e-01,0.000000000000000000e+00,0.000000000000000000e+00
2.508341610653460618e-01,0.000000000000000000e+00,0.000000000000000000e+00
2.521431580043417831e-01,0.000000000000000000e+00,0.000000000000000000e+00
2.534521549433375598e-01,0.000000000000000000e+00,0.000000000000000000e+00
2.547611518823332810e-01,0.000000000000000000e+00,0.000000000000000000e+00
2.560701488213290578e-01,0.000000000000000000e+00,0.000000000000000000e+00
2.573791457603247790e-01,0.000000000000000000e+00,0.000000000000000000e+00
2.586881426993205557e-01,0.000000000000000000e+00,0.000000000000000000e+00
2.599971396383162769e-01,0.000000000000000000e+00,0.000000000000000000e+00
2.613061365773120537e-01,0.000000000000000000e+00,0.000000000000000000e+00
2.626151335163077749e-01,0.000000000000000000e+00,0.000000000000000000e+00
2.639241304553035516e-01,0.000000000000000000e+00,0.000000000000000000e+00
2.652331273942992729e-01,0.000000000000000000e+00,0.000000000000000000e+00
2.665421243332950496e-01,0.000000000000000000e+00,0.000000000000000000e+00
2.678511212722907708e-01,0.000000000000000000e+00,0.000000000000000000e+00
2.691601182112865476e-01,0.000000000000000000e+00,0.000000000000000000e+00
2.704691151502822688e-01,0.000000000000000000e+00,0.000000000000000000e+00
2.717781120892780455e-01,0.000000000000000000e+00,0.000000000000000000e+00
2.730871090282737668e-01,0.000000000000000000e+00,0.000000000000000000e+00
2.743961059672695435e-01,0.000000000000000000e+00,0.000000000000000000e+00
2.757051029062652647e-01,0.000000000000000000e+00,0.000000000000000000e+00
2.770140998452610415e-01,0.000000000000000000e+00,0.000000000000000000e+00
2.783230967842567627e-01,0.000000000000000000e+00,0.000000000000000000e+00
2.796320937232525394e-01,0.000000000000000000e+00,0.000000000000000000e+00
2.809410906622482607e-01,0.000000000000000000e+00,0.000000000000000000e+00
2.822500876012440374e-01,0.000000000000000000e+00,0.000000000000000000e+00
2.835590845402397586e-01,0.000000000000000000e+00,0.000000000000000000e+00
2.848680814792355354e-01,0.000000000000000000e+00,0.000000000000000000e+00
2.861770784182312566e-01,0.000000000000000000e+00,0.000000000000000000e+00
2.874860753572270333e-01,0.000000000000000000e+00,0.000000000000000000e+00
2.887950722962227545e-01,0.000000000000000000e+00,0.000000000000000000e+00
2.901040692352185313e-01,0.000000000000000000e+00,0.000000000000000000e+00
2.914130661742142525e-01,0.000000000000000000e+00,0.000000000000000000e+00
2.927220631132100293e-01,0.000000000000000000e+00,0.000000000000000000e+00
2.940310600522057505e-01,0.000000000000000000e+00,0.000000000000000000e+00
2.953400569912015272e-01,0.000000000000000000e+00,0.000000000000000000e+00
2.966490539301972484e-01,0.000000000000000000e+00,0.000000000000000000e+00
2.979580508691930252e-01,0.000000000000000000e+00,0.000000000000000000e+00
2.992670478081887464e-01,0.000000000000000000e+00,0.000000000000000000e+00
3.005760447471845231e-01,0.000000000000000000e+00,0.000000000000000000e+00
3.018850416861802444e-01,0.000000000000000000e+00,0.000000000000000000e+00
3.031940386251760211e-01,1.679138702409298639e+04,-3.358277404818597279e+04
3.045030355641717423e-01,3.145808141045918455e+04,-6.291616282091836911e+04
3.058120325031675191e-01,3.821142995006960700e+04,-7.642285990013921401e+04
3.071210294421632403e-01,4.091005368449569505e+04,-8.182010736899139010e+04
3.084300263811590170e-01,4.168162629019024462e+04,-8.336325258038048923e+04
3.097390233201547383e-01,4.156631377461963712e+04,-8.313262754923927423e+04
3.110480202591505150e-01,4.134945753519425489e+04,-8.269891507038850978e+04
3.123570171981462362e-01,4.112547046230559499e+04,-8.225094092461118998e+04
3.136660141371420130e-01,4.080633186527298676e+04,-8.161266373054597352e+04
3.149750110761377342e-01,4.049404428952454327e+04,-8.098808857904908655e+04
3.162840080151335109e-01,4.021946094482366607e+04,-8.043892188964733214e+04
3.175930049541292322e-01,3.992272551942971040e+04,-7.984545103885942081e+04
3.189020018931250089e-01,3.960068280581125146e+04,-7.920136561162250291e+04
3.202109988321207301e-01,3.932581613131491031e+04,-7.865163226262982062e+04
3.215199957711165069e-01,3.909313428392171772e+04,-7.818626856784343545e+04
3.228289927101122281e-01,3.881581974513243767e+04,-7.763163949026487535e+04
3.241379896491080048e-01,3.849173922884619969e+04,-7.698347845769239939e+04
3.254469865881037260e-01,3.820758885823572928e+04,-7.641517771647145855e+04
3.267559835270995028e-01,3.797288746692457062e+04,-7.594577493384914123e+04
3.280649804660952240e-01,3.770684216953442956e+04,-7.541368433906885912e+04
3.293739774050910007e-01,3.740034192191147304e+04,-7.480068384382294607e+04
3.306829743440867220e-01,3.712851339590847056e+04,-7.425702679181694111e+04
3.319919712830824987e-01,3.689845213426183182e+04,-7.379690426852366363e+04
3.333009682220782199e-01,3.663832105247298750e+04,-7.327664210494597501e+04
3.346099651610739967e-01,3.634148461448062153e+04,-7.268296922896124306e+04
3.359189621000697179e-01,3.607698797958374780e+04,-7.215397595916749560e+04
3.372279590390654946e-01,3.585182458610093454e+04,-7.170364917220186908e+04
3.385369559780612159e-01,3.560036531688760442e+04,-7.120073063377520884e+04
3.398459529170569926e-01,3.531632409818243468e+04,-7.063264819636486936e+04
3.411549498560527138e-01,3.506294091379374731e+04,-7.012588182758749463e+04
3.424639467950484906e-01,3.484445263259037893e+04,-6.968890526518075785e+04
3.437729437340442118e-01,3.459797380608574895e+04,-6.919594761217149789e+04
3.450819406730399885e-01,3.432028635975010548e+04,-6.864057271950021095e+04
3.463909376120357098e-01,3.407567305353541451e+04,-6.815134610707082902e+04
3.476999345510314865e-01,3.386711971245166933e+04,-6.773423942490333866e+04
3.490089314900272077e-01,3.362861739352271252e+04,-6.725723478704542504e+04
3.503179284290229845e-01,3.335675575888691674e+04,-6.671351151777383348e+04
3.516269253680187057e-01,3.311812780775804276e+04,-6.623625561551608553e+04
3.529359223070144824e-01,3.291750143918588583e+04,-6.583500287837177166e+04
3.542449192460102037e-01,3.268858998729441373e+04,-6.537717997458882746e+04
3.555539161850059804e-01,3.242593384070795946e+04,-6.485186768141591892e+04
3.568629131240017016e-01,3.219377549528080635e+04,-6.438755099056161271e+04
3.581719100629974784e-01,3.199739672403945224e+04,-6.399479344807890448e+04
3.594809070019931996e-01,3.177417582874340951e+04,-6.354835165748681902e+04
3.607899039409889763e-01,3.151970956295312135e+04,-6.303941912590624270e+04
3.620989008799846975e-01,3.129642802025373385e+04,-6.259285604050746770e+04
3.634078978189804743e-01,3.110808961817216186e+04,-6.221617923634432373e+04
3.647168947579761955e-01,3.089161701670261391e+04,-6.178323403340522782e+04
3.660258916969719722e-01,3.064289991033912520e+04,-6.128579982067825040e+04
3.673348886359676935e-01,3.042465602294177734e+04,-6.084931204588355467e+04
3.686438855749634702e-01,3.024219784876371341e+04,-6.048439569752742682e+04
3.699528825139591914e-01,3.003403215102908507e+04,-6.006806430205817014e+04
3.712618794529549127e-01,2.979443753440830551e+04,-5.958887506881661102e+04
3.725708763919506894e-01,2.958252113616359566e+04,-5.916504227232719131e+04
3.738798733309463551e-01,2.940371257194226564e+04,-5.880742514388453128e+04
3.751888702699421319e-01,2.920080272049256746e+04,-5.840160544098513492e+04
3.764978672089379086e-01,2.896907345975230419e+04,-5.793814691950460838e+04
3.778068641479336853e-01,2.876495217289540960e+04,-5.752990434579081921e+04
3.791158610869293510e-01,2.859242982046063844e+04,-5.718485964092127688e+04
3.804248580259251278e-01,2.839504571633857631e+04,-5.679009143267715262e+04
3.817338549649209045e-01,2.816886162553999020e+04,-5.633772325107998040e+04
3.830428519039166813e-01,2.797020325573118680e+04,-5.594040651146237360e+04
3.843518488429123470e-01,2.780363816422838499e+04,-5.560727632845676999e+04
3.856608457819081237e-01,2.761334059447717664e+04,-5.522668118895435327e+04
3.869698427209039004e-01,2.739433168233896868e+04,-5.478866336467793735e+04
3.882788396598996772e-01,2.720082068164732846e+04,-5.440164136329465691e+04
3.895878365988953429e-01,2.703812089433110668e+04,-5.407624178866221337e+04
3.908968335378911196e-01,2.685368472940215725e+04,-5.370736945880431449e+04
3.922058304768868964e-01,2.664230869023965715e+04,-5.328461738047931431e+04
3.935148274158826731e-01,2.645481057281228277e+04,-5.290962114562456554e+04
3.948238243548783388e-01,2.629611820074299612e+04,-5.259223640148599225e+04
3.961328212938741156e-01,2.611676676262366891e+04,-5.223353352524733782e+04
3.974418182328698923e-01,2.591214905623580853e+04,-5.182429811247161706e+04
3.987508151718656690e-01,2.573076046125045104e+04,-5.146152092250090209e+04
4.000598121108613348e-01,2.557673111590941335e+04,-5.115346223181882669e+04
4.013688090498571115e-01,2.540202601761697588e+04,-5.080405203523395176e+04
4.026778059888528882e-01,2.520288048157766389e+04,-5.040576096315532777e+04
4.039868029278486650e-01,2.502736757902526369e+04,-5.005473515805052739e+04
4.052957998668443307e-01,2.487898840653406296e+04,-4.975797681306812592e+04
4.066047968058401074e-01,2.470925928173408465e+04,-4.941851856346816930e+04
4.079137937448358842e-01,2.451470910245210689e+04,-4.902941820490421378e+04
4.092227906838316609e-01,2.434406470249311315e+04,-4.868812940498622629e+04
4.105317876228273266e-01,2.420107484016580565e+04,-4.840214968033161131e+04
4.118407845618231033e-01,2.403682076099596088e+04,-4.807364152199192176e+04
4.131497815008188801e-01,2.384736695751471780e+04,-4.769473391502943559e+04
4.144587784398146568e-01,2.368121064257353646e+04,-4.736242128514707292e+04
4.157677753788103225e-01,2.354259061337196545e+04,-4.708518122674393089e+04
4.170767723178060993e-01,2.338347960292200514e+04,-4.676695920584401028e+04
4.183857692568018760e-01,2.319958195882522705e+04,-4.639916391765045410e+04
4.196947661957976528e-01,2.303809535128035714e+04,-4.607619070256071427e+04
4.210037631347933185e-01,2.290336883003152616e+04,-4.580673766006305232e+04
4.223127600737890952e-01,2.274890063210247536e+04,-4.549780126420495071e+04
4.236217570127848719e-01,2.257043454363534693e+04,-4.514086908727069385e+04
4.249307539517806487e-01,2.241372285379239474e+04,-4.482744570758478949e+04
4.262397508907763144e-01,2.228291826347062306e+04,-4.456583652694124612e+04
4.275487478297720911e-01,2.213277674334832409e+04,-4.426555348669664818e+04
4.288577447687678679e-01,2.195927600671983237e+04,-4.391855201343966473e+04
4.301667417077636446e-01,2.180718405100749442e+04,-4.361436810201498884e+04
4.314757386467593103e-01,2.168048976188320739e+04,-4.336097952376641479e+04
4.327847355857550871e-01,2.153471267868713403e+04,-4.306942535737426806e+04
4.340937325247508638e-01,2.136586860740023258e+04,-4.273173721480046515e+04
4.354027294637466405e-01,2.121793665447677995e+04,-4.243587330895355990e+04
4.367117264027423063e-01,2.109507958574627628e+04,-4.219015917149255256e+04
4.380207233417380830e-01,2.095380646769860323e+04,-4.190761293539720646e+04
4.393297202807338597e-01,2.078987790138325363e+04,-4.157975580276650726e+04
4.406387172197296365e-01,2.064592017398362805e+04,-4.129184034796725609e+04
4.419477141587253022e-01,2.052629328603327667e+04,-4.105258657206655334e+04
4.432567110977210789e-01,2.038918300977199760e+04,-4.077836601954399521e+04
4.445657080367168557e-01,2.023029352985782680e+04,-4.046058705971565360e+04
4.458747049757126324e-01,2.009053825684550975e+04,-4.018107651369101950e+04
4.471837019147082981e-01,1.997410294649319985e+04,-3.994820589298639970e+04
4.484926988537040748e-01,1.984074189340484736e+04,-3.968148378680969472e+04
4.498016957926998516e-01,1.968641390222154951e+04,-3.937282780444309901e+04
4.511106927316956283e-01,1.955078152529738873e+04,-3.910156305059477745e+04
4.524196896706912940e-01,1.943781399402262468e+04,-3.887562798804524937e+04
4.537286866096870708e-01,1.930824040862175752e+04,-3.861648081724351505e+04
4.550376835486828475e-01,1.915813138961627192e+04,-3.831626277923254383e+04
4.563466804876786242e-01,1.902624914013495072e+04,-3.805249828026990144e+04
4.576556774266742900e-01,1.891660866146166882e+04,-3.783321732292333763e+04
4.589646743656700667e-01,1.879089461066248623e+04,-3.758178922132497246e+04
4.602736713046658434e-01,1.864507786438336916e+04,-3.729015572876673832e+04
4.615826682436616202e-01,1.851680496214506275e+04,-3.703360992429012549e+04
4.628916651826572859e-01,1.841014775826438199e+04,-3.682029551652876398e+04
4.642006621216530626e-01,1.828803839158573828e+04,-3.657607678317147656e+04
4.655096590606488394e-01,1.814649088889083214e+04,-3.629298177778166428e+04
4.668186559996446161e-01,1.802197848656983479e+04,-3.604395697313966957e+04
4.681276529386402818e-01,1.791834695711265886e+04,-3.583669391422531771e+04
4.694366498776360586e-01,1.779948286645807821e+04,-3.559896573291615641e+04
4.707456468166318353e-01,1.766170231108177177e+04,-3.532340462216354354e+04
4.720546437556276120e-01,1.754090409278608058e+04,-3.508180818557216116e+04
4.733636406946232777e-01,1.744068288114800453e+04,-3.488136576229600905e+04
4.746726376336190545e-01,1.732515088124760587e+04,-3.465030176249521173e+04
4.759816345726148312e-01,1.719071987120979975e+04,-3.438143974241959950e+04
4.772906315116106080e-01,1.707310433879417542e+04,-3.414620867758835084e+04
4.785996284506062737e-01,1.697611769253022067e+04,-3.395223538506044133e+04
4.799086253896020504e-01,1.686426656097420346e+04,-3.372853312194840692e+04
4.812176223285978272e-01,1.673358244172981722e+04,-3.346716488345963444e+04
4.825266192675936039e-01,1.661884829713789077e+04,-3.323769659427578154e+04
4.838356162065892696e-01,1.652424977767321616e+04,-3.304849955534643232e+04
4.851446131455850463e-01,1.641577298588897611e+04,-3.283154597177795222e+04
4.864536100845808231e-01,1.628927920821048247e+04,-3.257855841642096493e+04
4.877626070235765998e-01,1.617793096826430519e+04,-3.235586193652861039e+04
4.890716039625722655e-01,1.608564103898515714e+04,-3.217128207797031428e+04
4.903806009015680423e-01,1.597980064205469171e+04,-3.195960128410938341e+04
4.916895978405638190e-01,1.585676383382153290e+04,-3.171352766764306580e+04
4.929985947795595957e-01,1.574895661024145738e+04,-3.149791322048291477e+04
4.943075917185552615e-01,1.565978858744495665e+04,-3.131957717488991329e+04
4.956165886575510382e-01,1.555672369103573874e+04,-3.111344738207147748e+04
4.969255855965468149e-01,1.543643562852396099e+04,-3.087287125704792197e+04
4.982345825355425917e-01,1.533158086087969787e+04,-3.066316172175939573e+04
4.995435794745382574e-01,1.524556585382415506e+04,-3.049113170764831011e+04
5.008525764135340896e-01,1.514557060541803367e+04,-3.029114121083606733e+04
5.021615733525297554e-01,1.502813541222809909e+04,-3.005627082445619817e+04
5.034705702915256431e-01,1.492597695874114834e+04,-2.985195391748229667e+04
5.047795672305213088e-01,1.484274661695717805e+04,-2.968549323391435610e+04
5.060885641695169745e-01,1.474584168421678078e+04,-2.949168336843356155e+04
5.073975611085128623e-01,1.463149720777064795e+04,-2.926299441554129589e+04
5.087065580475085280e-01,1.453181019983934493e+04,-2.906362039967868986e+04
5.100155549865041937e-01,1.445081175875058943e+04,-2.890162351750117887e+04
5.113245519255000815e-01,1.435699008590633821e+04,-2.871398017181267642e+04
5.126335488644957472e-01,1.424620156355078143e+04,-2.849240312710156286e+04
5.139425458034916350e-01,1.414898322889520023e+04,-2.829796645779040045e+04
5.152515427424873007e-01,1.406966162574575173e+04,-2.813932325149150347e+04
5.165605396814829664e-01,1.397869422040539575e+04,-2.795738844081079151e+04
5.178695366204788542e-01,1.387171907085807834e+04,-2.774343814171615668e+04
5.191785335594745199e-01,1.377705691948406457e+04,-2.755411383896812913e+04
5.204875304984701856e-01,1.369904452800665968e+04,-2.739808905601331935e+04
5.217965274374660734e-01,1.361049222844495853e+04,-2.722098445688991706e+04
5.231055243764617391e-01,1.350726931227571367e+04,-2.701453862455142735e+04
5.244145213154576268e-01,1.341570485411442678e+04,-2.683140970822885356e+04
5.257235182544532925e-01,1.333954761554212382e+04,-2.667909523108424764e+04
5.270325151934489583e-01,1.325292042743326056e+04,-2.650584085486652111e+04
5.283415121324448460e-01,1.315229174879692073e+04,-2.630458349759384146e+04
5.296505090714405117e-01,1.306339489740441422e+04,-2.612678979480882845e+04
5.309595060104361774e-01,1.298976817260692223e+04,-2.597953634521384447e+04
5.322685029494320652e-01,1.290577467797680038e+04,-2.581154935595360075e+04
5.335774998884277309e-01,1.280781045070974506e+04,-2.561562090141949011e+04
5.348864968274236187e-01,1.272116009828614006e+04,-2.544232019657228011e+04
5.361954937664192844e-01,1.264952724679411585e+04,-2.529905449358823171e+04
5.375044907054149501e-01,1.256796181833495575e+04,-2.513592363666991150e+04
5.388134876444108379e-01,1.247277300511114117e+04,-2.494554601022228235e+04
5.401224845834065036e-01,1.238848274974086235e+04,-2.477696549948172469e+04
5.414314815224021693e-01,1.231615212255738516e+04,-2.463230424511477031e+04
5.427404784613980571e-01,1.222912860644751527e+04,-2.445825721289503053e+04
5.440494754003937228e-01,1.212801634007922075e+04,-2.425603268015844151e+04
5.453584723393896105e-01,1.184185385421694991e+04,-2.408943648689637121e+04
5.466674692783852763e-01,6.430390925838410112e+03,-2.398385565720399245e+04
5.479764662173809420e-01,5.405870679928789286e+03,-2.389939081727675512e+04
5.492854631563768297e-01,6.654170380571067653e+03,-2.381542982932260202e+04
5.505944600953724954e-01,5.220890046165309286e+03,-2.375686281352960577e+04
5.519034570343681612e-01,1.208802926831393734e+03,-2.372808171279657472e+04
5.532124539733640489e-01,1.887773910309781513e+03,-2.369829586999932508e+04
5.545214509123597146e-01,4.550332188091827447e+03,-2.365517201186446255e+04
5.558304478513556024e-01,3.378454432139163146e+03,-2.362035103749595874e+04
5.571394447903512681e-01,-1.804823179003473115e+02,-2.360309122228869455e+04
5.584484417293469338e-01,5.268553130797946551e+02,-2.358382064418425216e+04
5.597574386683428216e-01,3.655772965116034811e+03,-2.355381769815734515e+04
5.610664356073384873e-01,2.427131801097310927e+03,-2.353152478344997144e+04
5.623754325463341530e-01,-1.430400364713118279e+03,-2.352570591838744076e+04
5.636844294853300408e-01,1.383208750225778374e+02,-2.351785640563752895e+04
5.649934264243257065e-01,3.147293960166071884e+03,-2.349611030591208691e+04
5.663024233633215943e-01,2.579534876688252098e+03,-2.347309470566974778e+04
5.676114203023172600e-01,-9.630028721192350076e+02,-2.345962231958616758e+04
5.689204172413129257e-01,-3.263183736787377143e+02,-2.344806611913944289e+04
5.702294141803088134e-01,2.896362638250691361e+03,-2.343182010155659009e+04
5.715384111193044792e-01,1.745912110730841277e+03,-2.342146531487914763e+04
5.728474080583001449e-01,-1.582265858764353652e+03,-2.342034067798219985e+04
5.741564049972960326e-01,2.481637574216905051e+01,-2.341140796737554047e+04
5.754654019362916983e-01,2.901090229242024634e+03,-2.338812134651334782e+04
5.767743988752875861e-01,2.372172199070213537e+03,-2.336783579433223713e+04
5.780833958142832518e-01,-1.373545332633992302e+03,-2.336181647042755503e+04
5.793923927532789175e-01,-2.211645021854388347e+02,-2.335675708427944846e+04
5.807013896922748053e-01,2.418983386351569152e+03,-2.334182050614251057e+04
5.820103866312704710e-01,1.932110429905068941e+03,-2.332676127316047859e+04
5.833193835702661367e-01,-1.490717168853421299e+03,-2.332048656095900878e+04
5.846283805092620245e-01,-2.107457400708722162e+02,-2.331474739561538445e+04
5.859373774482576902e-01,3.012219340315232330e+03,-2.330079266295786510e+04
5.872463743872535780e-01,2.093504872276305377e+03,-2.328580700180188796e+04
5.885553713262492437e-01,-1.598205399853183508e+03,-2.327743128020590666e+04
5.898643682652449094e-01,-5.945054471808368817e+02,-2.326899158261781849e+04
5.911733652042407972e-01,2.428829314653217807e+03,-2.325504615059710704e+04
5.924823621432364629e-01,1.817841691425948284e+03,-2.324603050145415909e+04
5.937913590822321286e-01,-1.541003168051465991e+03,-2.324667240040866818e+04
5.951003560212280163e-01,-6.205476650490219725e+01,-2.324182085325128719e+04
5.964093529602236821e-01,2.888050832498099226e+03,-2.322404417191159519e+04
5.977183498992195698e-01,1.624644926623703896e+03,-2.320765735947831490e+04
5.990273468382152355e-01,-1.983820349430964143e+03,-2.320484593945850793e+04
6.003363437772109013e-01,-8.444682554684592333e+02,-2.320691661991623550e+04
6.016453407162067890e-01,2.310291246688415413e+03,-2.320270343378514008e+04
6.029543376552024547e-01,1.862627175731787247e+03,-2.319745832689782037e+04
6.042633345941981204e-01,-1.632464781683627052e+03,-2.319288822751048792e+04
6.055723315331940082e-01,-1.114542566741664587e+02,-2.317547729163378972e+04
6.068813284721896739e-01,3.105065119882353429e+03,-2.314136119850914838e+04
6.081903254111855617e-01,1.960730483840956595e+03,-2.310770006920129526e+04
6.094993223501812274e-01,-1.186944733345915665e+03,-2.308748941701455988e+04
6.108083192891768931e-01,9.379747200788763166e+02,-2.313563490782496228e+04
6.121173162281727809e-01,5.529024708319196179e+03,-2.340608278536203579e+04
6.134263131671684466e-01,7.347248561432409588e+03,-2.410865135222411482e+04
6.147353101061641123e-01,1.224013809919278719e+04,-2.639661387027466481e+04
6.160443070451600001e-01,1.472226954654036672e+04,-2.944453909308073344e+04
6.173533039841556658e-01,1.411115428884314315e+04,-2.822230857768628630e+04
6.186623009231515535e-01,9.038430482218291218e+03,-1.807686096443658244e+04
6.199712978621472192e-01,0.000000000000000000e+00,0.000000000000000000e+00
6.212802948011428850e-01,0.000000000000000000e+00,0.000000000000000000e+00
6.225892917401387727e-01,0.000000000000000000e+00,0.000000000000000000e+00
6.238982886791344384e-01,0.000000000000000000e+00,0.000000000000000000e+00
6.252072856181301042e-01,0.000000000000000000e+00,0.000000000000000000e+00
6.265162825571259919e-01,0.000000000000000000e+00,0.000000000000000000e+00
6.278252794961216576e-01,0.000000000000000000e+00,0.000000000000000000e+00
6.291342764351175454e-01,0.000000000000000000e+00,0.000000000000000000e+00
6.304432733741132111e-01,0.000000000000000000e+00,0.000000000000000000e+00
6.317522703131088768e-01,0.000000000000000000e+00,0.000000000000000000e+00
6.330612672521047646e-01,0.000000000000000000e+00,0.000000000000000000e+00
6.343702641911004303e-01,0.000000000000000000e+00,0.000000000000000000e+00
6.356792611300960960e-01,0.000000000000000000e+00,0.000000000000000000e+00
6.369882580690919838e-01,0.000000000000000000e+00,0.000000000000000000e+00
6.382972550080876495e-01,0.000000000000000000e+00,0.000000000000000000e+00
6.396062519470835372e-01,0.000000000000000000e+00,0.000000000000000000e+00
6.409152488860792030e-01,0.000000000000000000e+00,0.000000000000000000e+00
6.422242458250748687e-01,0.000000000000000000e+00,0.000000000000000000e+00
6.435332427640707564e-01,0.000000000000000000e+00,0.000000000000000000e+00
6.448422397030664222e-01,0.000000000000000000e+00,0.000000000000000000e+00
6.461512366420620879e-01,0.000000000000000000e+00,0.000000000000000000e+00
6.474602335810579756e-01,0.000000000000000000e+00,0.000000000000000000e+00
6.487692305200536413e-01,0.000000000000000000e+00,0.000000000000000000e+00
6.500782274590495291e-01,0.000000000000000000e+00,0.000000000000000000e+00
6.513872243980451948e-01,0.000000000000000000e+00,0.000000000000000000e+00
6.526962213370408605e-01,0.000000000000000000e+00,0.000000000000000000e+00
6.540052182760367483e-01,0.000000000000000000e+00,0.000000000000000000e+00
6.553142152150324140e-01,0.000000000000000000e+00,0.000000000000000000e+00
6.566232121540280797e-01,0.000000000000000000e+00,0.000000000000000000e+00
6.579322090930239675e-01,0.000000000000000000e+00,0.000000000000000000e+00
6.592412060320196332e-01,0.000000000000000000e+00,0.000000000000000000e+00
6.605502029710155210e-01,0.000000000000000000e+00,0.000000000000000000e+00
6.618591999100111867e-01,0.000000000000000000e+00,0.000000000000000000e+00
6.631681968490068524e-01,0.000000000000000000e+00,0.000000000000000000e+00
6.644771937880027401e-01,0.000000000000000000e+00,0.000000000000000000e+00
6.657861907269984059e-01,0.000000000000000000e+00,0.000000000000000000e+00
6.670951876659940716e-01,0.000000000000000000e+00,0.000000000000000000e+00
6.684041846049899593e-01,0.000000000000000000e+00,0.000000000000000000e+00
6.697131815439856251e-01,0.000000000000000000e+00,0.000000000000000000e+00
6.710221784829815128e-01,0.000000000000000000e+00,0.000000000000000000e+00
6.723311754219771785e-01,0.000000000000000000e+00,0.000000000000000000e+00
6.736401723609728442e-01,0.000000000000000000e+00,0.000000000000000000e+00
6.749491692999687320e-01,0.000000000000000000e+00,0.000000000000000000e+00
6.762581662389643977e-01,0.000000000000000000e+00,0.000000000000000000e+00
6.775671631779600634e-01,0.000000000000000000e+00,0.000000000000000000e+00
6.788761601169559512e-01,0.000000000000000000e+00,0.000000000000000000e+00
6.801851570559516169e-01,0.000000000000000000e+00,0.000000000000000000e+00
6.814941539949475047e-01,0.000000000000000000e+00,0.000000000000000000e+00
6.828031509339431704e-01,0.000000000000000000e+00,0.000000000000000000e+00
6.841121478729388361e-01,0.000000000000000000e+00,0.000000000000000000e+00
6.854211448119347239e-01,0.000000000000000000e+00,0.000000000000000000e+00
6.867301417509303896e-01,0.000000000000000000e+00,0.000000000000000000e+00
6.880391386899260553e-01,0.000000000000000000e+00,0.000000000000000000e+00
6.893481356289219431e-01,0.000000000000000000e+00,0.000000000000000000e+00
6.906571325679176088e-01,0.000000000000000000e+00,0.000000000000000000e+00
6.919661295069134965e-01,0.000000000000000000e+00,0.000000000000000000e+00
6.932751264459091622e-01,0.000000000000000000e+00,0.000000000000000000e+00
6.945841233849048280e-01,0.000000000000000000e+00,0.000000000000000000e+00
6.958931203239007157e-01,0.000000000000000000e+00,0.000000000000000000e+00
6.972021172628963814e-01,0.000000000000000000e+00,0.000000000000000000e+00
6.985111142018920471e-01,0.000000000000000000e+00,0.000000000000000000e+00
6.998201111408879349e-01,0.000000000000000000e+00,0.000000000000000000e+00
7.011291080798836006e-01,0.000000000000000000e+00,0.000000000000000000e+00
7.024381050188794884e-01,0.000000000000000000e+00,0.000000000000000000e+00
7.037471019578751541e-01,0.000000000000000000e+00,0.000000000000000000e+00
7.050560988968708198e-01,0.000000000000000000e+00,0.000000000000000000e+00
7.063650958358667076e-01,0.000000000000000000e+00,0.000000000000000000e+00
7.076740927748623733e-01,0.000000000000000000e+00,0.000000000000000000e+00
7.089830897138580390e-01,0.000000000000000000e+00,0.000000000000000000e+00
7.102920866528539268e-01,0.000000000000000000e+00,0.000000000000000000e+00
7.116010835918495925e-01,0.000000000000000000e+00,0.000000000000000000e+00
7.129100805308454802e-01,0.000000000000000000e+00,0.000000000000000000e+00
7.142190774698411460e-01,0.000000000000000000e+00,0.000000000000000000e+00
7.155280744088368117e-01,0.000000000000000000e+00,0.000000000000000000e+00
7.168370713478326994e-01,0.000000000000000000e+00,0.000000000000000000e+00
7.181460682868283651e-01,0.000000000000000000e+00,0.000000000000000000e+00
7.194550652258240309e-01,0.000000000000000000e+00,0.000000000000000000e+00
7.207640621648199186e-01,0.000000000000000000e+00,0.000000000000000000e+00
7.220730591038155843e-01,0.000000000000000000e+00,0.000000000000000000e+00
7.233820560428114721e-01,0.000000000000000000e+00,0.000000000000000000e+00
7.246910529818071378e-01,0.000000000000000000e+00,0.000000000000000000e+00
7.260000499208028035e-01,0.000000000000000000e+00,0.000000000000000000e+00
7.273090468597986913e-01,0.000000000000000000e+00,0.000000000000000000e+00
7.286180437987943570e-01,0.000000000000000000e+00,0.000000000000000000e+00
7.299270407377900227e-01,0.000000000000000000e+00,0.000000000000000000e+00
7.312360376767859105e-01,0.000000000000000000e+00,0.000000000000000000e+00
7.325450346157815762e-01,0.000000000000000000e+00,0.000000000000000000e+00
7.338540315547774640e-01,0.000000000000000000e+00,0.000000000000000000e+00
7.351630284937731297e-01,0.000000000000000000e+00,0.000000000000000000e+00
7.364720254327687954e-01,0.000000000000000000e+00,0.000000000000000000e+00
7.377810223717646831e-01,0.000000000000000000e+00,0.000000000000000000e+00
7.390900193107603489e-01,0.000000000000000000e+00,0.000000000000000000e+00
7.403990162497560146e-01,0.000000000000000000e+00,0.000000000000000000e+00
7.417080131887519023e-01,0.000000000000000000e+00,0.000000000000000000e+00
7.430170101277475680e-01,0.000000000000000000e+00,0.000000000000000000e+00
7.443260070667434558e-01,0.000000000000000000e+00,0.000000000000000000e+00
7.456350040057391215e-01,0.000000000000000000e+00,0.000000000000000000e+00
7.469440009447347872e-01,0.000000000000000000e+00,0.000000000000000000e+00
7.482529978837306750e-01,0.000000000000000000e+00,0.000000000000000000e+00
7.495619948227263407e-01,0.000000000000000000e+00,0.000000000000000000e+00
7.508709917617220064e-01,0.000000000000000000e+00,0.000000000000000000e+00
7.521799887007178942e-01,0.000000000000000000e+00,0.000000000000000000e+00
7.534889856397135599e-01,0.000000000000000000e+00,0.000000000000000000e+00
7.547979825787094477e-01,0.000000000000000000e+00,0.000000000000000000e+00
7.561069795177051134e-01,0.000000000000000000e+00,0.000000000000000000e+00
7.574159764567007791e-01,0.000000000000000000e+00,0.000000000000000000e+00
7.587249733956966669e-01,0.000000000000000000e+00,0.000000000000000000e+00
7.600339703346923326e-01,0.000000000000000000e+00,0.000000000000000000e+00
7.613429672736879983e-01,0.000000000000000000e+00,0.000000000000000000e+00
7.626519642126838860e-01,0.000000000000000000e+00,0.000000000000000000e+00
7.639609611516795518e-01,0.000000000000000000e+00,0.000000000000000000e+00
7.652699580906754395e-01,0.000000000000000000e+00,0.000000000000000000e+00
7.665789550296711052e-01,0.000000000000000000e+00,0.000000000000000000e+00
7.678879519686667710e-01,0.000000000000000000e+00,0.000000000000000000e+00
7.691969489076626587e-01,0.000000000000000000e+00,0.000000000000000000e+00
7.705059458466583244e-01,0.000000000000000000e+00,0.000000000000000000e+00
7.718149427856539901e-01,0.000000000000000000e+00,0.000000000000000000e+00
7.731239397246498779e-01,0.000000000000000000e+00,0.000000000000000000e+00
7.744329366636455436e-01,0.000000000000000000e+00,0.000000000000000000e+00
7.757419336026414314e-01,0.000000000000000000e+00,0.000000000000000000e+00
7.770509305416370971e-01,0.000000000000000000e+00,0.000000000000000000e+00
7.783599274806327628e-01,0.000000000000000000e+00,0.000000000000000000e+00
7.796689244196286506e-01,0.000000000000000000e+00,0.000000000000000000e+00
7.809779213586243163e-01,0.000000000000000000e+00,0.000000000000000000e+00
7.822869182976199820e-01,0.000000000000000000e+00,0.000000000000000000e+00
7.835959152366158698e-01,0.000000000000000000e+00,0.000000000000000000e+00
7.849049121756115355e-01,0.000000000000000000e+00,0.000000000000000000e+00
7.862139091146074232e-01,0.000000000000000000e+00,0.000000000000000000e+00
7.875229060536030889e-01,0.000000000000000000e+00,0.000000000000000000e+00
7.888319029925987547e-01,0.000000000000000000e+00,0.000000000000000000e+00
7.901408999315946424e-01,0.000000000000000000e+00,0.000000000000000000e+00
7.914498968705903081e-01,0.000000000000000000e+00,0.000000000000000000e+00
7.927588938095859739e-01,0.000000000000000000e+00,0.000000000000000000e+00
7.940678907485818616e-01,0.000000000000000000e+00,0.000000000000000000e+00
7.953768876875775273e-01,0.000000000000000000e+00,0.000000000000000000e+00
7.966858846265734151e-01,0.000000000000000000e+00,0.000000000000000000e+00
7.979948815655690808e-01,0.000000000000000000e+00,0.000000000000000000e+00
7.993038785045647465e-01,0.000000000000000000e+00,0.000000000000000000e+00
8.006128754435606343e-01,0.000000000000000000e+00,0.000000000000000000e+00
8.019218723825563000e-01,0.000000000000000000e+00,0.000000000000000000e+00
8.032308693215519657e-01,0.000000000000000000e+00,0.000000000000000000e+00
8.045398662605478535e-01,0.000000000000000000e+00,0.000000000000000000e+00
8.058488631995435192e-01,0.000000000000000000e+00,0.000000000000000000e+00
8.071578601385394069e-01,0.000000000000000000e+00,0.000000000000000000e+00
8.084668570775350727e-01,0.000000000000000000e+00,0.000000000000000000e+00
8.097758540165307384e-01,0.000000000000000000e+00,0.000000000000000000e+00
8.110848509555266261e-01,0.000000000000000000e+00,0.000000000000000000e+00
8.123938478945222919e-01,0.000000000000000000e+00,0.000000000000000000e+00
8.137028448335179576e-01,0.000000000000000000e+00,0.000000000000000000e+00
8.150118417725138453e-01,0.000000000000000000e+00,0.000000000000000000e+00
8.163208387115095110e-01,0.000000000000000000e+00,0.000000000000000000e+00
8.176298356505053988e-01,0.000000000000000000e+00,0.000000000000000000e+00
8.189388325895010645e-01,0.000000000000000000e+00,0.000000000000000000e+00
8.202478295284967302e-01,0.000000000000000000e+00,0.000000000000000000e+00
8.215568264674926180e-01,0.000000000000000000e+00,0.000000000000000000e+00
8.228658234064882837e-01,0.000000000000000000e+00,0.000000000000000000e+00
8.241748203454839494e-01,0.000000000000000000e+00,0.000000000000000000e+00
8.254838172844798372e-01,0.000000000000000000e+00,0.000000000000000000e+00
8.267928142234755029e-01,0.000000000000000000e+00,0.000000000000000000e+00
8.281018111624713907e-01,0.000000000000000000e+00,0.000000000000000000e+00
8.294108081014670564e-01,0.000000000000000000e+00,0.000000000000000000e+00
8.307198050404627221e-01,0.000000000000000000e+00,0.000000000000000000e+00
8.320288019794586098e-01,0.000000000000000000e+00,0.000000000000000000e+00
8.333377989184542756e-01,0.000000000000000000e+00,0.000000000000000000e+00
8.346467958574499413e-01,0.000000000000000000e+00,0.000000000000000000e+00
8.359557927964458290e-01,0.000000000000000000e+00,0.000000000000000000e+00
8.372647897354414948e-01,0.000000000000000000e+00,0.000000000000000000e+00
8.385737866744373825e-01,0.000000000000000000e+00,0.000000000000000000e+00
8.398827836134330482e-01,0.000000000000000000e+00,0.000000000000000000e+00
8.411917805524287139e-01,0.000000000000000000e+00,0.000000000000000000e+00
8.425007774914246017e-01,0.000000000000000000e+00,0.000000000000000000e+00
8.438097744304202674e-01,0.000000000000000000e+00,0.000000000000000000e+00
8.451187713694159331e-01,0.000000000000000000e+00,0.000000000000000000e+00
8.464277683084118209e-01,0.000000000000000000e+00,0.000000000000000000e+00
8.477367652474074866e-01,0.000000000000000000e+00,0.000000000000000000e+00
8.490457621864033744e-01,0.000000000000000000e+00,0.000000000000000000e+00
8.503547591253990401e-01,0.000000000000000000e+00,0.000000000000000000e+00
8.516637560643947058e-01,0.000000000000000000e+00,0.000000000000000000e+00
8.529727530033905936e-01,0.000000000000000000e+00,0.000000000000000000e+00
8.542817499423862593e-01,0.000000000000000000e+00,0.000000000000000000e+00
8.555907468813819250e-01,0.000000000000000000e+00,0.000000000000000000e+00
8.568997438203778128e-01,0.000000000000000000e+00,0.000000000000000000e+00
8.582087407593734785e-01,0.000000000000000000e+00,0.000000000000000000e+00
8.595177376983693662e-01,0.000000000000000000e+00,0.000000000000000000e+00
8.608267346373650319e-01,0.000000000000000000e+00,0.000000000000000000e+00
8.621357315763606977e-01,0.000000000000000000e+00,0.000000000000000000e+00
8.634447285153565854e-01,0.000000000000000000e+00,0.000000000000000000e+00
8.647537254543522511e-01,0.000000000000000000e+00,0.000000000000000000e+00
8.660627223933479168e-01,0.000000000000000000e+00,0.000000000000000000e+00
8.673717193323438046e-01,0.000000000000000000e+00,0.000000000000000000e+00
8.686807162713394703e-01,0.000000000000000000e+00,0.000000000000000000e+00
8.699897132103353581e-01,0.000000000000000000e+00,0.000000000000000000e+00
8.712987101493310238e-01,0.000000000000000000e+00,0.000000000000000000e+00
8.726077070883269116e-01,0.000000000000000000e+00,0.000000000000000000e+00
8.739167040273225773e-01,0.000000000000000000e+00,0.000000000000000000e+00
8.752257009663182430e-01,0.000000000000000000e+00,0.000000000000000000e+00
8.765346979053139087e-01,0.000000000000000000e+00,0.000000000000000000e+00
8.778436948443097965e-01,0.000000000000000000e+00,0.000000000000000000e+00
8.791526917833054622e-01,0.000000000000000000e+00,0.000000000000000000e+00
8.804616887223011279e-01,0.000000000000000000e+00,0.000000000000000000e+00
8.817706856612967936e-01,0.000000000000000000e+00,0.000000000000000000e+00
8.830796826002926814e-01,0.000000000000000000e+00,0.000000000000000000e+00
8.843886795392883471e-01,0.000000000000000000e+00,0.000000000000000000e+00
8.856976764782840128e-01,0.000000000000000000e+00,0.000000000000000000e+00
8.870066734172796785e-01,0.000000000000000000e+00,0.000000000000000000e+00
8.883156703562755663e-01,0.000000000000000000e+00,0.000000000000000000e+00
8.896246672952712320e-01,0.000000000000000000e+00,0.000000000000000000e+00
8.909336642342668977e-01,0.000000000000000000e+00,0.000000000000000000e+00
8.922426611732625634e-01,0.000000000000000000e+00,0.000000000000000000e+00
8.935516581122584512e-01,0.000000000000000000e+00,0.000000000000000000e+00
8.948606550512541169e-01,0.000000000000000000e+00,0.000000000000000000e+00
8.961696519902497826e-01,0.000000000000000000e+00,0.000000000000000000e+00
8.974786489292454483e-01,0.000000000000000000e+00,0.000000000000000000e+00
8.987876458682413361e-01,0.000000000000000000e+00,0.000000000000000000e+00
9.000966428072370018e-01,0.000000000000000000e+00,0.000000000000000000e+00
9.014056397462326675e-01,0.000000000000000000e+00,0.000000000000000000e+00
9.027146366852283332e-01,0.000000000000000000e+00,0.000000000000000000e+00
9.040236336242242210e-01,0.000000000000000000e+00,0.000000000000000000e+00
9.053326305632198867e-01,0.000000000000000000e+00,0.000000000000000000e+00
9.066416275022155524e-01,0.000000000000000000e+00,0.000000000000000000e+00
9.079506244412112181e-01,0.000000000000000000e+00,0.000000000000000000e+00
9.092596213802071059e-01,0.000000000000000000e+00,0.000000000000000000e+00
9.105686183192027716e-01,0.000000000000000000e+00,0.000000000000000000e+00
9.118776152581984373e-01,0.000000000000000000e+00,0.000000000000000000e+00
9.131866121971941030e-01,0.000000000000000000e+00,0.000000000000000000e+00
9.144956091361899908e-01,0.000000000000000000e+00,0.000000000000000000e+00
9.158046060751856565e-01,0.000000000000000000e+00,0.000000000000000000e+00
9.171136030141813222e-01,0.000000000000000000e+00,0.000000000000000000e+00
9.184225999531769880e-01,0.000000000000000000e+00,0.000000000000000000e+00
9.197315968921728757e-01,0.000000000000000000e+00,0.000000000000000000e+00
9.210405938311685414e-01,0.000000000000000000e+00,0.000000000000000000e+00
9.223495907701642071e-01,0.000000000000000000e+00,0.000000000000000000e+00
9.236585877091598729e-01,0.000000000000000000e+00,0.000000000000000000e+00
9.249675846481557606e-01,0.000000000000000000e+00,0.000000000000000000e+00
9.262765815871514263e-01,0.000000000000000000e+00,0.000000000000000000e+00
9.275855785261470920e-01,0.000000000000000000e+00,0.000000000000000000e+00
9.288945754651427578e-01,0.000000000000000000e+00,0.000000000000000000e+00
9.302035724041386455e-01,0.000000000000000000e+00,0.000000000000000000e+00
9.315125693431343112e-01,0.000000000000000000e+00,0.000000000000000000e+00
9.328215662821299770e-01,0.000000000000000000e+00,0.000000000000000000e+00
9.341305632211256427e-01,0.000000000000000000e+00,0.000000000000000000e+00
9.354395601601215304e-01,0.000000000000000000e+00,0.000000000000000000e+00
9.367485570991171961e-01,0.000000000000000000e+00,0.000000000000000000e+00
9.380575540381128619e-01,0.000000000000000000e+00,0.000000000000000000e+00
9.393665509771085276e-01,0.000000000000000000e+00,0.000000000000000000e+00
9.406755479161044153e-01,0.000000000000000000e+00,0.000000000000000000e+00
9.419845448551000811e-01,0.000000000000000000e+00,0.000000000000000000e+00
9.432935417940957468e-01,0.000000000000000000e+00,0.000000000000000000e+00
9.446025387330914125e-01,-6.970911003350217925e+02,-1.394182200670043585e+03
9.459115356720873002e-01,-1.049234444674529186e+04,-2.098468889349058372e+04
9.472205326110829660e-01,-1.432280423333898398e+04,-2.864560846667796795e+04
9.485295295500786317e-01,-1.413314699442932215e+04,-2.826629398885864430e+04
9.498385264890742974e-01,-1.289037424552366429e+04,-2.578074849104732857e+04
9.511475234280701851e-01,-1.216829058733425154e+04,-2.433658117466850308e+04
9.524565203670658509e-01,-1.178778107939347137e+04,-2.357556215878694275e+04
9.537655173060615166e-01,-1.165895169918836655e+04,-2.331790339837673309e+04
9.550745142450571823e-01,-1.169008759872919109e+04,-2.338017519745838217e+04
9.563835111840530701e-01,-1.179657526129574580e+04,-2.359315052259149161e+04
9.576925081230487358e-01,-1.192125050851639753e+04,-2.384250101703279506e+04
9.590015050620444015e-01,-1.202457057615325721e+04,-2.404914115230651441e+04
9.603105020010400672e-01,-1.210187767933292344e+04,-2.420375535866584687e+04
9.616194989400359550e-01,-1.218234798547699938e+04,-2.436469597095399877e+04
9.629284958790316207e-01,-1.226889447524200659e+04,-2.453778895048401318e+04
9.642374928180272864e-01,-1.233923060515103316e+04,-2.467846121030206632e+04
9.655464897570229521e-01,-1.240284172631582260e+04,-2.480568345263164520e+04
9.668554866960188399e-01,-1.249044328197862160e+04,-2.498088656395724320e+04
9.681644836350145056e-01,-1.259503812581200509e+04,-2.519007625162401018e+04
9.694734805740101713e-01,-1.268269548662922170e+04,-2.536539097325844341e+04
9.707824775130058370e-01,-1.275204618271921208e+04,-2.550409236543842417e+04
9.720914744520017248e-01,-1.283175611815416414e+04,-2.566351223630832828e+04
9.734004713909973905e-01,-1.292426081522630375e+04,-2.584852163045260750e+04
9.747094683299930562e-01,-1.300833884732996194e+04,-2.601667769465992387e+04
9.760184652689887219e-01,-1.308696461218120203e+04,-2.617392922436240406e+04
9.773274622079846097e-01,-1.317957337972292407e+04,-2.635914675944584815e+04
9.786364591469802754e-01,-1.327977689764689421e+04,-2.655955379529378843e+04
9.799454560859759411e-01,-1.336321166090143925e+04,-2.672642332180287849e+04
9.812544530249716068e-01,-1.343600191142434960e+04,-2.687200382284869920e+04
9.825634499639674946e-01,-1.352679998869816700e+04,-2.705359997739633400e+04
9.838724469029631603e-01,-1.363180956531488846e+04,-2.726361913062977692e+04
9.851814438419588260e-01,-1.372290162635269735e+04,-2.744580325270539470e+04
9.864904407809544917e-01,-1.380182189763334645e+04,-2.760364379526669290e+04
9.877994377199503795e-01,-1.389444919631565062e+04,-2.778889839263130125e+04
9.891084346589460452e-01,-1.399824946401216039e+04,-2.799649892802432078e+04
9.904174315979417109e-01,-1.408812204384663892e+04,-2.817624408769327783e+04
9.917264285369373766e-01,-1.416889924510063793e+04,-2.833779849020127585e+04
9.930354254759332644e-01,-1.426718169354048041e+04,-2.853436338708096082e+04
9.943444224149289301e-01,-1.437742867048429980e+04,-2.875485734096859960e+04
9.956534193539245958e-01,-1.447027456660258940e+04,-2.894054913320517880e+04
9.969624162929202615e-01,-1.455061224389526251e+04,-2.910122448779052502e+04
9.982714132319161493e-01,-1.464986399360167161e+04,-2.929972798720334322e+04
9.995804101709118150e-01,-1.476368909896091645e+04,-2.952737819792183291e+04
1.000889407109907481e+00,-1.485988252675116200e+04,-2.971976505350232401e+04
1.002198404048903146e+00,-1.494245491976323137e+04,-2.988490983952646275e+04
1.003507400987899034e+00,-1.504442351192434035e+04,-3.008884702384868069e+04
1.004816397926894700e+00,-1.516191776137736633e+04,-3.032383552275473266e+04
1.006125394865890366e+00,-1.526155985910459276e+04,-3.052311971820918552e+04
1.007434391804886031e+00,-1.534663213395519051e+04,-3.069326426791038102e+04
1.008743388743881919e+00,-1.545046821989861201e+04,-3.090093643979722401e+04
1.010052385682877585e+00,-1.557000817688391362e+04,-3.114001635376782724e+04
1.011361382621873251e+00,-1.567256538213648128e+04,-3.134513076427296255e+04
1.012670379560868916e+00,-1.576150880729587334e+04,-3.152301761459174668e+04
1.013979376499864804e+00,-1.586930135706581132e+04,-3.173860271413162263e+04
1.015288373438860470e+00,-1.599210293832307070e+04,-3.198420587664614141e+04
1.016597370377856135e+00,-1.609689302276835951e+04,-3.219378604553671903e+04
1.017906367316851801e+00,-1.618762910501043552e+04,-3.237525821002087105e+04
1.019215364255847689e+00,-1.629812472504905782e+04,-3.259624945009811563e+04
1.020524361194843355e+00,-1.642474337100979756e+04,-3.284948674201959511e+04
1.021833358133839020e+00,-1.653369038061932952e+04,-3.306738076123865903e+04
1.023142355072834686e+00,-1.662811430886848393e+04,-3.325622861773696786e+04
1.024451352011830574e+00,-1.674142880053333647e+04,-3.348285760106667294e+04
1.025760348950826240e+00,-1.687033901667256214e+04,-3.374067803334512428e+04
1.027069345889821905e+00,-1.698167607637489346e+04,-3.396335215274978691e+04
1.028378342828817571e+00,-1.707943948325099700e+04,-3.415887896650199400e+04
1.029687339767813459e+00,-1.719730202039677897e+04,-3.439460404079355794e+04
1.030996336706809124e+00,-1.733078776723890769e+04,-3.466157553447781538e+04
1.032305333645804790e+00,-1.744494254479150550e+04,-3.488988508958301099e+04
1.033614330584800456e+00,-1.754428170245847650e+04,-3.508856340491695300e+04
1.034923327523796344e+00,-1.766517385785785882e+04,-3.533034771571571764e+04
1.036232324462792009e+00,-1.780339566372838090e+04,-3.560679132745676179e+04
1.037541321401787675e+00,-1.792193992111505213e+04,-3.584387984223010426e+04
1.038850318340783341e+00,-1.802443942532958317e+04,-3.604887885065916635e+04
1.040159315279779229e+00,-1.814817946693348495e+04,-3.629635893386696989e+04
1.041468312218774894e+00,-1.828968666257227233e+04,-3.657937332514454465e+04
1.042777309157770560e+00,-1.841189774540920916e+04,-3.682379549081841833e+04
1.044086306096766226e+00,-1.851838743583728137e+04,-3.703677487167456275e+04
1.045395303035762113e+00,-1.864622969690531681e+04,-3.729245939381063363e+04
1.046704299974757779e+00,-1.879154561245386503e+04,-3.758309122490773007e+04
1.048013296913753445e+00,-1.891682511098354735e+04,-3.783365022196709469e+04
1.049322293852749111e+00,-1.902630885408170070e+04,-3.805261770816340140e+04
1.050631290791744998e+00,-1.915837242205931034e+04,-3.831674484411862068e+04
1.051940287730740664e+00,-1.930864028730323480e+04,-3.861728057460646960e+04
1.053249284669736330e+00,-1.943780183454837243e+04,-3.887560366909674485e+04
1.054558281608731996e+00,-1.955003487070561823e+04,-3.910006974141123646e+04
1.055867278547727883e+00,-1.968555283764921114e+04,-3.937110567529842228e+04
1.057176275486723549e+00,-1.984038052764019085e+04,-3.968076105528038170e+04
1.058485272425719215e+00,-1.997401206526186434e+04,-3.994802413052372867e+04
1.059794269364714880e+00,-2.009011854816223786e+04,-4.018023709632447571e+04
1.061103266303710768e+00,-2.022939510576257089e+04,-4.045879021152514179e+04
1.062412263242706434e+00,-2.038816436796086055e+04,-4.077632873592172109e+04
1.063721260181702100e+00,-2.052572825325581653e+04,-4.105145650651163305e+04
1.065030257120697765e+00,-2.064589411241449852e+04,-4.129178822482899704e+04
1.066339254059693653e+00,-2.078962687540057595e+04,-4.157925375080115191e+04
1.067648250998689319e+00,-2.095293406645370123e+04,-4.190586813290740247e+04
1.068957247937684985e+00,-2.109441748263797854e+04,-4.218883496527595707e+04
1.070266244876680650e+00,-2.121818697795202024e+04,-4.243637395590404049e+04
1.071575241815676538e+00,-2.136630092033982146e+04,-4.273260184067964292e+04
1.072884238754672204e+00,-2.153458364080854881e+04,-4.306916728161709761e+04
1.074193235693667869e+00,-2.168039843757797644e+04,-4.336079687515595288e+04
1.075502232632663535e+00,-2.180787414858682314e+04,-4.361574829717364628e+04
1.076811229571659423e+00,-2.196032587757055444e+04,-4.392065175514110888e+04
1.078120226510655089e+00,-2.213360453388727547e+04,-4.426720906777455093e+04
1.079429223449650754e+00,-2.228389540759686497e+04,-4.456779081519372994e+04
1.080738220388646420e+00,-2.241531622903572861e+04,-4.483063245807145722e+04
1.082047217327642308e+00,-2.257230899938851508e+04,-4.514461799877703015e+04
1.083356214266637974e+00,-2.275070014832233210e+04,-4.550140029664466419e+04
1.084665211205633639e+00,-2.290553344621047654e+04,-4.581106689242095308e+04
1.085974208144629305e+00,-2.304097881836865054e+04,-4.608195763673730107e+04
1.087283205083625193e+00,-2.320266121575707075e+04,-4.640532243151414150e+04
1.088592202022620858e+00,-2.338636191252830395e+04,-4.677272382505660789e+04
1.089901198961616524e+00,-2.354592091252191676e+04,-4.709184182504383352e+04
1.091210195900612190e+00,-2.368553979727591650e+04,-4.737107959455183300e+04
1.092519192839608078e+00,-2.385205145013911169e+04,-4.770410290027822339e+04
1.093828189778603743e+00,-2.404118513109705236e+04,-4.808237026219410473e+04
1.095137186717599409e+00,-2.420553443950605651e+04,-4.841106887901211303e+04
1.096446183656595075e+00,-2.434941833378713272e+04,-4.869883666757426545e+04
1.097755180595590963e+00,-2.452101937349686341e+04,-4.904203874699372682e+04
1.099064177534586628e+00,-2.471592284865067268e+04,-4.943184569730134535e+04
1.100373174473582294e+00,-2.488522568820244123e+04,-4.977045137640488247e+04
1.101682171412577960e+00,-2.503333458416468420e+04,-5.006666916832936840e+04
1.102991168351573847e+00,-2.521003760974449688e+04,-5.042007521948899375e+04
1.104300165290569513e+00,-2.541091607950071557e+04,-5.082183215900143114e+04
1.105609162229565179e+00,-2.558552903648873689e+04,-5.117105807297747378e+04
1.106918159168560845e+00,-2.573818392652028342e+04,-5.147636785304056684e+04
1.108227156107556732e+00,-2.592006277958432474e+04,-5.184012555916864949e+04
1.109536153046552398e+00,-2.612686436761563527e+04,-5.225372873523127055e+04
1.110845149985548064e+00,-2.630693810994098749e+04,-5.261387621988197498e+04
1.112154146924543729e+00,-2.646448967903705852e+04,-5.292897935807411704e+04
1.113463143863539617e+00,-2.665175657783493443e+04,-5.330351315566986887e+04
1.114772140802535283e+00,-2.686453536257139785e+04,-5.372907072514279571e+04
1.116081137741530949e+00,-2.705026829301611360e+04,-5.410053658603222721e+04
1.117390134680526614e+00,-2.721307596666211248e+04,-5.442615193332422496e+04
1.118699131619522502e+00,-2.740594722908634867e+04,-5.481189445817269734e+04
1.120008128558518168e+00,-2.762470196440984728e+04,-5.524940392881969456e+04
1.121317125497513834e+00,-2.781606423279993032e+04,-5.563212846559986065e+04
1.122626122436509499e+00,-2.798435561332084399e+04,-5.596871122664168797e+04
1.123935119375505387e+00,-2.818342212701213430e+04,-5.636684425402426859e+04
1.125244116314501053e+00,-2.840869816230504512e+04,-5.681739632461009023e+04
1.126553113253496718e+00,-2.860555274174651277e+04,-5.721110548349302553e+04
1.127862110192496381e+00,-2.877883040422769045e+04,-5.755766080845538090e+04
1.129171107131492047e+00,-2.898435538106455351e+04,-5.796871076212910702e+04
1.130480104070487934e+00,-2.921711506290896068e+04,-5.843423012581792136e+04
1.131789101009483600e+00,-2.942005148576542342e+04,-5.884010297153084684e+04
1.133098097948479266e+00,-2.959809179806162501e+04,-5.919618359612325003e+04
1.134407094887475154e+00,-2.980966394273834521e+04,-5.961932788547669043e+04
1.135716091826470819e+00,-3.004998519189938452e+04,-6.009997038379876903e+04
1.137025088765466485e+00,-3.025985388095783856e+04,-6.051970776191567711e+04
1.138334085704462373e+00,-3.044363294150397633e+04,-6.088726588300795265e+04
1.139643082643458039e+00,-3.066117500597558319e+04,-6.132235001195116638e+04
1.140952079582453926e+00,-3.090827733509709651e+04,-6.181655467019419302e+04
1.142261076521449592e+00,-3.112505488534415781e+04,-6.225010977068831562e+04
1.143570073460445258e+00,-3.131563633936158658e+04,-6.263127267872317316e+04
1.144879070399441146e+00,-3.154009641720890068e+04,-6.308019283441780135e+04
1.146188067338436811e+00,-3.179410235978338460e+04,-6.358820471956676920e+04
1.147497064277432477e+00,-3.201727760915382896e+04,-6.403455521830765792e+04
1.148806061216428365e+00,-3.221430138181884831e+04,-6.442860276363769663e+04
1.150115058155424030e+00,-3.244634551331548573e+04,-6.489269102663097146e+04
1.151424055094419696e+00,-3.270847000860469780e+04,-6.541694001720939559e+04
1.152733052033415584e+00,-3.293850208775326610e+04,-6.587700417550653219e+04
1.154042048972411250e+00,-3.314143826629925752e+04,-6.628287653259851504e+04
1.155351045911407137e+00,-3.338071227412568987e+04,-6.676142454825137975e+04
1.156660042850402803e+00,-3.365139969811497576e+04,-6.730279939622995153e+04
1.157969039789398469e+00,-3.388928103801888938e+04,-6.777856207603777875e+04
1.159278036728394357e+00,-3.409901125510020938e+04,-6.819802251020041876e+04
1.160587033667390022e+00,-3.434556716022677574e+04,-6.869113432045355148e+04
1.161896030606385688e+00,-3.462427033319314069e+04,-6.924854066638628137e+04
1.163205027545381576e+00,-3.486966806415010797e+04,-6.973933612830021593e+04
1.164514024484377241e+00,-3.508673059597091196e+04,-7.017346119194182393e+04
1.165823021423373129e+00,-3.534185703633970843e+04,-7.068371407267941686e+04
1.167132018362368795e+00,-3.562970140803172399e+04,-7.125940281606344797e+04
1.168441015301364461e+00,-3.588251595653043478e+04,-7.176503191306086956e+04
1.169750012240360348e+00,-3.610587769821504480e+04,-7.221175539643008960e+04
1.171059009179356014e+00,-3.636932375140814838e+04,-7.273864750281629676e+04
1.172368006118351680e+00,-3.666734259042127815e+04,-7.333468518084255629e+04
1.173677003057347568e+00,-3.692911635629595548e+04,-7.385823271259191097e+04
1.174985999996343233e+00,-3.715950119831618940e+04,-7.431900239663237880e+04
1.176294996935339121e+00,-3.743035482865416998e+04,-7.486070965730833996e+04
1.177603993874334787e+00,-3.773736263739298738e+04,-7.547472527478597476e+04
1.178912990813330453e+00,-3.800906897661292896e+04,-7.601813795322585793e+04
1.180221987752326340e+00,-3.824925693576876802e+04,-7.649851387153753603e+04
1.181530984691322006e+00,-3.852881944844408281e+04,-7.705763889688816562e+04
1.182839981630317672e+00,-3.884384542728590168e+04,-7.768769085457180336e+04
1.184148978569313559e+00,-3.912407629244904820e+04,-7.824815258489809639e+04
1.185457975508309225e+00,-3.937595253150837380e+04,-7.875190506301674759e+04
1.186766972447304891e+00,-3.967150931452574878e+04,-7.934301862905149756e+04
1.188075969386300779e+00,-4.000199162455066835e+04,-8.000398324910133670e+04
1.189384966325296444e+00,-4.028926894346650806e+04,-8.057853788693301613e+04
1.190693963264292332e+00,-2.974922624205253305e+04,-8.103068100441190472e+04
1.192002960203287998e+00,-2.493721779951673307e+04,-8.144845406769633701e+04
1.193311957142283664e+00,-2.339800134278458791e+04,-8.183045273745761369e+04
1.194620954081279551e+00,-1.359859527832146159e+04,-8.208660093579792010e+04
1.195929951020275217e+00,-7.608562422597356090e+03,-8.222690004692527873e+04
1.197238947959270883e+00,-8.546412488524791115e+03,-8.235236613027763087e+04
1.198547944898266771e+00,-1.088246220270549384e+04,-8.248597321599518182e+04
1.199856941837262436e+00,-4.765271784398041746e+03,-8.257655374907523219e+04
1.201165938776258102e+00,-1.310585418960314428e+03,-8.262572194187479909e+04
1.202474935715253990e+00,-3.615048760050987767e+03,-8.268163220611898578e+04
1.203783932654249655e+00,-7.904532325927917555e+03,-8.274927282143438060e+04
1.205092929593245543e+00,-1.911375743697211647e+03,-8.279616645567178784e+04
1.206401926532241209e+00,4.247030329632730741e+02,-8.282543278867859044e+04
1.207710923471236875e+00,-2.355895596514765657e+03,-8.286632023545830452e+04
1.209019920410232762e+00,-6.536148478713297663e+03,-8.291536385837057605e+04
1.210328917349228428e+00,-1.246590841017238290e+03,-8.294581639704553527e+04
1.211637914288224094e+00,1.149239663264865612e+03,-8.296350423988973489e+04
1.212946911227219982e+00,-1.457912878693294942e+03,-8.299522461848746752e+04
1.214255908166215647e+00,-5.965778979991194319e+03,-8.303441109018212592e+04
1.215564905105211313e+00,-5.705291550470648190e+02,-8.305291053770971484e+04
1.216873902044207201e+00,2.057755574646713740e+03,-8.305720075387928227e+04
1.218182898983202866e+00,-8.972774365083646444e+02,-8.307753005404084979e+04
1.219491895922198532e+00,-5.143022941180042835e+03,-8.310985527022949827e+04
1.220800892861194420e+00,-1.770329582000090340e+02,-8.312681513159384485e+04
1.222109889800190086e+00,2.259453824488368355e+03,-8.312935725917559466e+04
1.223418886739185751e+00,-1.062529625402721422e+03,-8.314030679633432010e+04
1.224727883678181639e+00,-5.785969443118489835e+03,-8.316127432574510749e+04
1.226036880617177305e+00,3.189068733172273795e+01,-8.317909009589358175e+04
1.227345877556173193e+00,1.830594880784979523e+03,-8.319970813407209062e+04
1.228654874495168858e+00,-1.239017941137889466e+03,-8.323397476094168087e+04
1.229963871434164524e+00,-5.892588468130042202e+03,-8.326871120596175024e+04
1.231272868373160412e+00,-2.292322356462354662e+02,-8.328103392406173225e+04
1.232581865312156078e+00,1.823715322940414808e+03,-8.327958037852299458e+04
1.233890862251151743e+00,-1.124796177925778693e+03,-8.329378612576849991e+04
1.235199859190147631e+00,-6.178775744531703822e+03,-8.332167394604870060e+04
1.236508856129143297e+00,-9.316684459001539835e+02,-8.334060854054101219e+04
1.237817853068138962e+00,1.738904599317747625e+03,-8.335812289585938561e+04
1.239126850007134850e+00,-1.981501144086351587e+03,-8.339871262872646912e+04
1.240435846946130516e+00,-7.020974234403985974e+03,-8.345261041520450090e+04
1.241744843885126404e+00,-2.819348605363631577e+03,-8.348893225639757293e+04
1.243053840824122069e+00,-1.061567152615072700e+03,-8.352354295883672603e+04
1.244362837763117735e+00,-6.310467108359366648e+03,-8.360363343791430816e+04
1.245671834702113623e+00,-1.295244958527967174e+04,-8.372137822596095793e+04
1.246980831641109289e+00,-1.012896757005248583e+04,-8.382875478817234398e+04
1.248289828580104954e+00,-1.145465021677660843e+04,-8.396011325943027623e+04
1.249598825519100842e+00,-1.917219579166951007e+04,-8.415316291356217698e+04
1.250907822458096508e+00,-2.958806327228306691e+04,-8.425012795542698586e+04
1.252216819397092173e+00,-3.205640711134277080e+04,-8.397120756284866366e+04
1.253525816336088061e+00,-4.023742872863045341e+04,-8.331071019434934715e+04
1.254834813275083727e+00,-3.720664559133590228e+04,-7.907233982481020212e+04
1.256143810214079615e+00,6.051254837739609684e+03,-6.543704431885931263e+04
