# Exudyn: solution of belt drive, contact forces over belt length
# Exudyn output file
# Exudyn version=1.2.34.dev1
# endTime=2.45
# stepSize=2e-05
# nSegments=4
# nANCFnodes=240
# contactStiffnessPerArea=100000000.0
# frictionStiffnessPerArea=100000000.0
# contactStiffness=418879.02047863905
# frictionStiffness=523598.7755982988
# contactDamping=8.377580409572781
# frictionVelocityPenalty=33.70609928242229
# dryFriction=0.5
# 
1.089401463558736793e-03,6.329550121248246796e+03,-2.464808307795199289e+04
2.398398402554624553e-03,0.000000000000000000e+00,0.000000000000000000e+00
3.707395341550290269e-03,0.000000000000000000e+00,0.000000000000000000e+00
5.016392280545955984e-03,0.000000000000000000e+00,0.000000000000000000e+00
6.325389219541621699e-03,0.000000000000000000e+00,0.000000000000000000e+00
7.634386158537509459e-03,0.000000000000000000e+00,0.000000000000000000e+00
8.943383097533175174e-03,0.000000000000000000e+00,0.000000000000000000e+00
1.025238003652884089e-02,0.000000000000000000e+00,0.000000000000000000e+00
1.156137697552450661e-02,0.000000000000000000e+00,0.000000000000000000e+00
1.287037391452039437e-02,0.000000000000000000e+00,0.000000000000000000e+00
1.417937085351606008e-02,0.000000000000000000e+00,0.000000000000000000e+00
1.548836779251172580e-02,0.000000000000000000e+00,0.000000000000000000e+00
1.679736473150739151e-02,0.000000000000000000e+00,0.000000000000000000e+00
1.810636167050327927e-02,0.000000000000000000e+00,0.000000000000000000e+00
1.941535860949894499e-02,0.000000000000000000e+00,0.000000000000000000e+00
2.072435554849461070e-02,0.000000000000000000e+00,0.000000000000000000e+00
2.203335248749427322e-02,0.000000000000000000e+00,0.000000000000000000e+00
2.334234942649016098e-02,0.000000000000000000e+00,0.000000000000000000e+00
2.465134636548582669e-02,0.000000000000000000e+00,0.000000000000000000e+00
2.596034330448149241e-02,0.000000000000000000e+00,0.000000000000000000e+00
2.726934024347738017e-02,0.000000000000000000e+00,0.000000000000000000e+00
2.857833718247304589e-02,0.000000000000000000e+00,0.000000000000000000e+00
2.988733412146871160e-02,0.000000000000000000e+00,0.000000000000000000e+00
3.119633106046459936e-02,0.000000000000000000e+00,0.000000000000000000e+00
3.250532799946026508e-02,0.000000000000000000e+00,0.000000000000000000e+00
3.381432493845593079e-02,0.000000000000000000e+00,0.000000000000000000e+00
3.512332187745181855e-02,0.000000000000000000e+00,0.000000000000000000e+00
3.643231881644748427e-02,0.000000000000000000e+00,0.000000000000000000e+00
3.774131575544337203e-02,0.000000000000000000e+00,0.000000000000000000e+00
3.905031269443903774e-02,0.000000000000000000e+00,0.000000000000000000e+00
4.035930963343470346e-02,0.000000000000000000e+00,0.000000000000000000e+00
4.166830657243059122e-02,0.000000000000000000e+00,0.000000000000000000e+00
4.297730351142625693e-02,0.000000000000000000e+00,0.000000000000000000e+00
4.428630045042192265e-02,0.000000000000000000e+00,0.000000000000000000e+00
4.559529738941781041e-02,0.000000000000000000e+00,0.000000000000000000e+00
4.690429432841347612e-02,0.000000000000000000e+00,0.000000000000000000e+00
4.821329126740936388e-02,0.000000000000000000e+00,0.000000000000000000e+00
4.952228820640502960e-02,0.000000000000000000e+00,0.000000000000000000e+00
5.083128514540069531e-02,0.000000000000000000e+00,0.000000000000000000e+00
5.214028208439658307e-02,0.000000000000000000e+00,0.000000000000000000e+00
5.344927902339224879e-02,0.000000000000000000e+00,0.000000000000000000e+00
5.475827596238791450e-02,0.000000000000000000e+00,0.000000000000000000e+00
5.606727290138380226e-02,0.000000000000000000e+00,0.000000000000000000e+00
5.737626984037946798e-02,0.000000000000000000e+00,0.000000000000000000e+00
5.868526677937513369e-02,0.000000000000000000e+00,0.000000000000000000e+00
5.999426371837102145e-02,0.000000000000000000e+00,0.000000000000000000e+00
6.130326065736668717e-02,0.000000000000000000e+00,0.000000000000000000e+00
6.261225759636257493e-02,0.000000000000000000e+00,0.000000000000000000e+00
6.392125453535824064e-02,0.000000000000000000e+00,0.000000000000000000e+00
6.523025147435390636e-02,0.000000000000000000e+00,0.000000000000000000e+00
6.653924841334979412e-02,0.000000000000000000e+00,0.000000000000000000e+00
6.784824535234545984e-02,0.000000000000000000e+00,0.000000000000000000e+00
6.915724229134112555e-02,0.000000000000000000e+00,0.000000000000000000e+00
7.046623923033701331e-02,0.000000000000000000e+00,0.000000000000000000e+00
7.177523616933267903e-02,0.000000000000000000e+00,0.000000000000000000e+00
7.308423310832834474e-02,0.000000000000000000e+00,0.000000000000000000e+00
7.439323004732423250e-02,0.000000000000000000e+00,0.000000000000000000e+00
7.570222698631989822e-02,0.000000000000000000e+00,0.000000000000000000e+00
7.701122392531578598e-02,0.000000000000000000e+00,0.000000000000000000e+00
7.832022086431145169e-02,0.000000000000000000e+00,0.000000000000000000e+00
7.962921780330711741e-02,0.000000000000000000e+00,0.000000000000000000e+00
8.093821474230300517e-02,0.000000000000000000e+00,0.000000000000000000e+00
8.224721168129867088e-02,0.000000000000000000e+00,0.000000000000000000e+00
8.355620862029433660e-02,0.000000000000000000e+00,0.000000000000000000e+00
8.486520555929022436e-02,0.000000000000000000e+00,0.000000000000000000e+00
8.617420249828589007e-02,0.000000000000000000e+00,0.000000000000000000e+00
8.748319943728155579e-02,0.000000000000000000e+00,0.000000000000000000e+00
8.879219637627744355e-02,0.000000000000000000e+00,0.000000000000000000e+00
9.010119331527310926e-02,0.000000000000000000e+00,0.000000000000000000e+00
9.141019025426899702e-02,0.000000000000000000e+00,0.000000000000000000e+00
9.271918719326466274e-02,0.000000000000000000e+00,0.000000000000000000e+00
9.402818413226032845e-02,0.000000000000000000e+00,0.000000000000000000e+00
9.533718107125621621e-02,0.000000000000000000e+00,0.000000000000000000e+00
9.664617801025188193e-02,0.000000000000000000e+00,0.000000000000000000e+00
9.795517494924754764e-02,0.000000000000000000e+00,0.000000000000000000e+00
9.926417188824343540e-02,0.000000000000000000e+00,0.000000000000000000e+00
1.005731688272391011e-01,0.000000000000000000e+00,0.000000000000000000e+00
1.018821657662347668e-01,0.000000000000000000e+00,0.000000000000000000e+00
1.031911627052306546e-01,0.000000000000000000e+00,0.000000000000000000e+00
1.045001596442263203e-01,0.000000000000000000e+00,0.000000000000000000e+00
1.058091565832222081e-01,0.000000000000000000e+00,0.000000000000000000e+00
1.071181535222178738e-01,0.000000000000000000e+00,0.000000000000000000e+00
1.084271504612135395e-01,0.000000000000000000e+00,0.000000000000000000e+00
1.097361474002094273e-01,0.000000000000000000e+00,0.000000000000000000e+00
1.110451443392050930e-01,0.000000000000000000e+00,0.000000000000000000e+00
1.123541412782007587e-01,0.000000000000000000e+00,0.000000000000000000e+00
1.136631382171966465e-01,0.000000000000000000e+00,0.000000000000000000e+00
1.149721351561923122e-01,0.000000000000000000e+00,0.000000000000000000e+00
1.162811320951879779e-01,0.000000000000000000e+00,0.000000000000000000e+00
1.175901290341838656e-01,0.000000000000000000e+00,0.000000000000000000e+00
1.188991259731795314e-01,0.000000000000000000e+00,0.000000000000000000e+00
1.202081229121754191e-01,0.000000000000000000e+00,0.000000000000000000e+00
1.215171198511710848e-01,0.000000000000000000e+00,0.000000000000000000e+00
1.228261167901667505e-01,0.000000000000000000e+00,0.000000000000000000e+00
1.241351137291626383e-01,0.000000000000000000e+00,0.000000000000000000e+00
1.254441106681583040e-01,0.000000000000000000e+00,0.000000000000000000e+00
1.267531076071539697e-01,0.000000000000000000e+00,0.000000000000000000e+00
1.280621045461498575e-01,0.000000000000000000e+00,0.000000000000000000e+00
1.293711014851455232e-01,0.000000000000000000e+00,0.000000000000000000e+00
1.306800984241411889e-01,0.000000000000000000e+00,0.000000000000000000e+00
1.319890953631370767e-01,0.000000000000000000e+00,0.000000000000000000e+00
1.332980923021327424e-01,0.000000000000000000e+00,0.000000000000000000e+00
1.346070892411284081e-01,0.000000000000000000e+00,0.000000000000000000e+00
1.359160861801242959e-01,0.000000000000000000e+00,0.000000000000000000e+00
1.372250831191199616e-01,0.000000000000000000e+00,0.000000000000000000e+00
1.385340800581156273e-01,0.000000000000000000e+00,0.000000000000000000e+00
1.398430769971115151e-01,0.000000000000000000e+00,0.000000000000000000e+00
1.411520739361071808e-01,0.000000000000000000e+00,0.000000000000000000e+00
1.424610708751030685e-01,0.000000000000000000e+00,0.000000000000000000e+00
1.437700678140987343e-01,0.000000000000000000e+00,0.000000000000000000e+00
1.450790647530944000e-01,0.000000000000000000e+00,0.000000000000000000e+00
1.463880616920902877e-01,0.000000000000000000e+00,0.000000000000000000e+00
1.476970586310859535e-01,0.000000000000000000e+00,0.000000000000000000e+00
1.490060555700816192e-01,0.000000000000000000e+00,0.000000000000000000e+00
1.503150525090775069e-01,0.000000000000000000e+00,0.000000000000000000e+00
1.516240494480731726e-01,0.000000000000000000e+00,0.000000000000000000e+00
1.529330463870688384e-01,0.000000000000000000e+00,0.000000000000000000e+00
1.542420433260647261e-01,0.000000000000000000e+00,0.000000000000000000e+00
1.555510402650603918e-01,0.000000000000000000e+00,0.000000000000000000e+00
1.568600372040562796e-01,0.000000000000000000e+00,0.000000000000000000e+00
1.581690341430519453e-01,0.000000000000000000e+00,0.000000000000000000e+00
1.594780310820476110e-01,0.000000000000000000e+00,0.000000000000000000e+00
1.607870280210434988e-01,0.000000000000000000e+00,0.000000000000000000e+00
1.620960249600391645e-01,0.000000000000000000e+00,0.000000000000000000e+00
1.634050218990350523e-01,0.000000000000000000e+00,0.000000000000000000e+00
1.647140188380307180e-01,0.000000000000000000e+00,0.000000000000000000e+00
1.660230157770263837e-01,0.000000000000000000e+00,0.000000000000000000e+00
1.673320127160222714e-01,0.000000000000000000e+00,0.000000000000000000e+00
1.686410096550179372e-01,0.000000000000000000e+00,0.000000000000000000e+00
1.699500065940136029e-01,0.000000000000000000e+00,0.000000000000000000e+00
1.712590035330094906e-01,0.000000000000000000e+00,0.000000000000000000e+00
1.725680004720051564e-01,0.000000000000000000e+00,0.000000000000000000e+00
1.738769974110008221e-01,0.000000000000000000e+00,0.000000000000000000e+00
1.751859943499967098e-01,0.000000000000000000e+00,0.000000000000000000e+00
1.764949912889923755e-01,0.000000000000000000e+00,0.000000000000000000e+00
1.778039882279882633e-01,0.000000000000000000e+00,0.000000000000000000e+00
1.791129851669839290e-01,0.000000000000000000e+00,0.000000000000000000e+00
1.804219821059795947e-01,0.000000000000000000e+00,0.000000000000000000e+00
1.817309790449754825e-01,0.000000000000000000e+00,0.000000000000000000e+00
1.830399759839711482e-01,0.000000000000000000e+00,0.000000000000000000e+00
1.843489729229670360e-01,0.000000000000000000e+00,0.000000000000000000e+00
1.856579698619627017e-01,0.000000000000000000e+00,0.000000000000000000e+00
1.869669668009583674e-01,0.000000000000000000e+00,0.000000000000000000e+00
1.882759637399542552e-01,0.000000000000000000e+00,0.000000000000000000e+00
1.895849606789499209e-01,0.000000000000000000e+00,0.000000000000000000e+00
1.908939576179455866e-01,0.000000000000000000e+00,0.000000000000000000e+00
1.922029545569414744e-01,0.000000000000000000e+00,0.000000000000000000e+00
1.935119514959371401e-01,0.000000000000000000e+00,0.000000000000000000e+00
1.948209484349328058e-01,0.000000000000000000e+00,0.000000000000000000e+00
1.961299453739286935e-01,0.000000000000000000e+00,0.000000000000000000e+00
1.974389423129243593e-01,0.000000000000000000e+00,0.000000000000000000e+00
1.987479392519202470e-01,0.000000000000000000e+00,0.000000000000000000e+00
2.000569361909159127e-01,0.000000000000000000e+00,0.000000000000000000e+00
2.013659331299115784e-01,0.000000000000000000e+00,0.000000000000000000e+00
2.026749300689074662e-01,0.000000000000000000e+00,0.000000000000000000e+00
2.039839270079031319e-01,0.000000000000000000e+00,0.000000000000000000e+00
2.052929239468990197e-01,0.000000000000000000e+00,0.000000000000000000e+00
2.066019208858946854e-01,0.000000000000000000e+00,0.000000000000000000e+00
2.079109178248903511e-01,0.000000000000000000e+00,0.000000000000000000e+00
2.092199147638862389e-01,0.000000000000000000e+00,0.000000000000000000e+00
2.105289117028819046e-01,0.000000000000000000e+00,0.000000000000000000e+00
2.118379086418775703e-01,0.000000000000000000e+00,0.000000000000000000e+00
2.131469055808734581e-01,0.000000000000000000e+00,0.000000000000000000e+00
2.144559025198691238e-01,0.000000000000000000e+00,0.000000000000000000e+00
2.157648994588647895e-01,0.000000000000000000e+00,0.000000000000000000e+00
2.170738963978606773e-01,0.000000000000000000e+00,0.000000000000000000e+00
2.183828933368563430e-01,0.000000000000000000e+00,0.000000000000000000e+00
2.196918902758522307e-01,0.000000000000000000e+00,0.000000000000000000e+00
2.210008872148478964e-01,0.000000000000000000e+00,0.000000000000000000e+00
2.223098841538435622e-01,0.000000000000000000e+00,0.000000000000000000e+00
2.236188810928394499e-01,0.000000000000000000e+00,0.000000000000000000e+00
2.249278780318351156e-01,0.000000000000000000e+00,0.000000000000000000e+00
2.262368749708310034e-01,0.000000000000000000e+00,0.000000000000000000e+00
2.275458719098266691e-01,0.000000000000000000e+00,0.000000000000000000e+00
2.288548688488223348e-01,0.000000000000000000e+00,0.000000000000000000e+00
2.301638657878182226e-01,0.000000000000000000e+00,0.000000000000000000e+00
2.314728627268138883e-01,0.000000000000000000e+00,0.000000000000000000e+00
2.327818596658095540e-01,0.000000000000000000e+00,0.000000000000000000e+00
2.340908566048054418e-01,0.000000000000000000e+00,0.000000000000000000e+00
2.353998535438011075e-01,0.000000000000000000e+00,0.000000000000000000e+00
2.367088504827967732e-01,0.000000000000000000e+00,0.000000000000000000e+00
2.380178474217926610e-01,0.000000000000000000e+00,0.000000000000000000e+00
2.393268443607883267e-01,0.000000000000000000e+00,0.000000000000000000e+00
2.406358412997842144e-01,0.000000000000000000e+00,0.000000000000000000e+00
2.419448382387798802e-01,0.000000000000000000e+00,0.000000000000000000e+00
2.432538351777755459e-01,0.000000000000000000e+00,0.000000000000000000e+00
2.445628321167714336e-01,0.000000000000000000e+00,0.000000000000000000e+00
2.458718290557670993e-01,0.000000000000000000e+00,0.000000000000000000e+00
2.471808259947629871e-01,0.000000000000000000e+00,0.000000000000000000e+00
2.484898229337586528e-01,0.000000000000000000e+00,0.000000000000000000e+00
2.497988198727543185e-01,0.000000000000000000e+00,0.000000000000000000e+00
2.511078168117502063e-01,0.000000000000000000e+00,0.000000000000000000e+00
2.524168137507458720e-01,0.000000000000000000e+00,0.000000000000000000e+00
2.537258106897415377e-01,0.000000000000000000e+00,0.000000000000000000e+00
2.550348076287374255e-01,0.000000000000000000e+00,0.000000000000000000e+00
2.563438045677330912e-01,0.000000000000000000e+00,0.000000000000000000e+00
2.576528015067288679e-01,0.000000000000000000e+00,0.000000000000000000e+00
2.589617984457246447e-01,0.000000000000000000e+00,0.000000000000000000e+00
2.602707953847203104e-01,0.000000000000000000e+00,0.000000000000000000e+00
2.615797923237160871e-01,0.000000000000000000e+00,0.000000000000000000e+00
2.628887892627118639e-01,0.000000000000000000e+00,0.000000000000000000e+00
2.641977862017076406e-01,0.000000000000000000e+00,0.000000000000000000e+00
2.655067831407034173e-01,0.000000000000000000e+00,0.000000000000000000e+00
2.668157800796990831e-01,0.000000000000000000e+00,0.000000000000000000e+00
2.681247770186948598e-01,0.000000000000000000e+00,0.000000000000000000e+00
2.694337739576906365e-01,0.000000000000000000e+00,0.000000000000000000e+00
2.707427708966863023e-01,0.000000000000000000e+00,0.000000000000000000e+00
2.720517678356821900e-01,0.000000000000000000e+00,0.000000000000000000e+00
2.733607647746778557e-01,0.000000000000000000e+00,0.000000000000000000e+00
2.746697617136735214e-01,0.000000000000000000e+00,0.000000000000000000e+00
2.759787586526694092e-01,0.000000000000000000e+00,0.000000000000000000e+00
2.772877555916650749e-01,0.000000000000000000e+00,0.000000000000000000e+00
2.785967525306608517e-01,0.000000000000000000e+00,0.000000000000000000e+00
2.799057494696566284e-01,0.000000000000000000e+00,0.000000000000000000e+00
2.812147464086522941e-01,0.000000000000000000e+00,0.000000000000000000e+00
2.825237433476480708e-01,0.000000000000000000e+00,0.000000000000000000e+00
2.838327402866438476e-01,0.000000000000000000e+00,0.000000000000000000e+00
2.851417372256395133e-01,0.000000000000000000e+00,0.000000000000000000e+00
2.864507341646354011e-01,0.000000000000000000e+00,0.000000000000000000e+00
2.877597311036310668e-01,0.000000000000000000e+00,0.000000000000000000e+00
2.890687280426268435e-01,0.000000000000000000e+00,0.000000000000000000e+00
2.903777249816226202e-01,0.000000000000000000e+00,0.000000000000000000e+00
2.916867219206182860e-01,0.000000000000000000e+00,0.000000000000000000e+00
2.929957188596140627e-01,0.000000000000000000e+00,0.000000000000000000e+00
2.943047157986098394e-01,0.000000000000000000e+00,0.000000000000000000e+00
2.956137127376055052e-01,0.000000000000000000e+00,0.000000000000000000e+00
2.969227096766013929e-01,0.000000000000000000e+00,0.000000000000000000e+00
2.982317066155970586e-01,0.000000000000000000e+00,0.000000000000000000e+00
2.995407035545928354e-01,0.000000000000000000e+00,0.000000000000000000e+00
3.008497004935886121e-01,0.000000000000000000e+00,0.000000000000000000e+00
3.021586974325842778e-01,0.000000000000000000e+00,0.000000000000000000e+00
3.034676943715800546e-01,2.021010580422823114e+04,-4.042021160845646227e+04
3.047766913105758313e-01,3.243117259670139174e+04,-6.486234519340278348e+04
3.060856882495714970e-01,3.901687472790438915e+04,-7.803374945580877829e+04
3.073946851885673848e-01,4.138520081819201005e+04,-8.277040163638402009e+04
3.087036821275630505e-01,4.153044497691428114e+04,-8.306088995382856228e+04
3.100126790665588272e-01,4.133025158689660020e+04,-8.266050317379320040e+04
3.113216760055546040e-01,4.119410849085393420e+04,-8.238821698170786840e+04
3.126306729445502697e-01,4.091371317574119894e+04,-8.182742635148239788e+04
3.139396698835460464e-01,4.061615099656845268e+04,-8.123230199313690537e+04
3.152486668225418232e-01,4.034745330115386605e+04,-8.069490660230773210e+04
3.165576637615374889e-01,4.004670068450686813e+04,-8.009340136901373626e+04
3.178666607005333766e-01,3.971124874697810446e+04,-7.942249749395620893e+04
3.191756576395290423e-01,3.942182610189252591e+04,-7.884365220378505182e+04
3.204846545785248191e-01,3.918028331056424940e+04,-7.836056662112849881e+04
3.217936515175205958e-01,3.890113897980459296e+04,-7.780227795960918593e+04
3.231026484565162615e-01,3.857928389133868041e+04,-7.715856778267736081e+04
3.244116453955120383e-01,3.829802466939612350e+04,-7.659604933879224700e+04
3.257206423345078150e-01,3.806500208734344778e+04,-7.613000417468689557e+04
3.270296392735034807e-01,3.779980803102389473e+04,-7.559961606204778946e+04
3.283386362124993685e-01,3.749314955135973287e+04,-7.498629910271946574e+04
3.296476331514950342e-01,3.721869409616672783e+04,-7.443738819233345566e+04
3.309566300904908109e-01,3.698529215471271891e+04,-7.397058430942543782e+04
3.322656270294865877e-01,3.672517992196798878e+04,-7.345035984393597755e+04
3.335746239684822534e-01,3.643113348785588460e+04,-7.286226697571176919e+04
3.348836209074780301e-01,3.616783222223057237e+04,-7.233566444446114474e+04
3.361926178464738069e-01,3.594038562903153797e+04,-7.188077125806307595e+04
3.375016147854694726e-01,3.568560283202474966e+04,-7.137120566404949932e+04
3.388106117244653603e-01,3.539974070160280098e+04,-7.079948140320560196e+04
3.401196086634610261e-01,3.514693086964956456e+04,-7.029386173929912911e+04
3.414286056024568028e-01,3.493044868020251306e+04,-6.986089736040502612e+04
3.427376025414525795e-01,3.468459934064215486e+04,-6.936919868128430971e+04
3.440465994804482452e-01,3.440527446152891935e+04,-6.881054892305783869e+04
3.453555964194440220e-01,3.415776584072905825e+04,-6.831553168145811651e+04
3.466645933584397987e-01,3.394747017649118061e+04,-6.789494035298236122e+04
3.479735902974354644e-01,3.371049609139739914e+04,-6.742099218279479828e+04
3.492825872364313522e-01,3.344161107096278283e+04,-6.688322214192556567e+04
3.505915841754270179e-01,3.320328976783138933e+04,-6.640657953566277865e+04
3.519005811144227946e-01,3.299941190982814442e+04,-6.599882381965628883e+04
3.532095780534185714e-01,3.276735813238771152e+04,-6.553471626477542304e+04
3.545185749924142371e-01,3.250393216445469807e+04,-6.500786432890939614e+04
3.558275719314100138e-01,3.227297989282268099e+04,-6.454595978564536199e+04
3.571365688704057906e-01,3.207841648153559800e+04,-6.415683296307119599e+04
3.584455658094014563e-01,3.185568534550734694e+04,-6.371137069101469388e+04
3.597545627483973441e-01,3.160002056016655115e+04,-6.320004112033310230e+04
3.610635596873930098e-01,3.137466429165759109e+04,-6.274932858331518219e+04
3.623725566263887865e-01,3.118477205281753049e+04,-6.236954410563506099e+04
3.636815535653845632e-01,3.096840447156137816e+04,-6.193680894312275632e+04
3.649905505043802290e-01,3.072076110830375183e+04,-6.144152221660750365e+04
3.662995474433760057e-01,3.050286056968239063e+04,-6.100572113936478127e+04
3.676085443823717824e-01,3.031944074740086216e+04,-6.063888149480172433e+04
3.689175413213674481e-01,3.011010996834286561e+04,-6.022021993668573123e+04
3.702265382603633359e-01,2.986988949550678808e+04,-5.973977899101357616e+04
3.715355351993590016e-01,2.965774607867018858e+04,-5.931549215734037716e+04
3.728445321383547784e-01,2.947894400338739797e+04,-5.895788800677479594e+04
3.741535290773505551e-01,2.927601307095940138e+04,-5.855202614191880275e+04
3.754625260163462208e-01,2.904389167403808096e+04,-5.808778334807616193e+04
3.767715229553419976e-01,2.883864871395314549e+04,-5.767729742790629098e+04
3.780805198943377743e-01,2.866497171848971993e+04,-5.732994343697943987e+04
3.793895168333334400e-01,2.846767374540398669e+04,-5.693534749080797337e+04
3.806985137723293278e-01,2.824229612305722912e+04,-5.648459224611445825e+04
3.820075107113249935e-01,2.804331957727338158e+04,-5.608663915454676317e+04
3.833165076503207702e-01,2.787510069804821978e+04,-5.575020139609643957e+04
3.846255045893165470e-01,2.768363413306211078e+04,-5.536726826612422155e+04
3.859345015283122127e-01,2.746465901512033815e+04,-5.492931803024067631e+04
3.872434984673079894e-01,2.727162579027672473e+04,-5.454325158055344946e+04
3.885524954063037661e-01,2.710881855347329110e+04,-5.421763710694658221e+04
3.898614923452994319e-01,2.692315823057694797e+04,-5.384631646115389594e+04
3.911704892842953196e-01,2.671032421044225703e+04,-5.342064842088451405e+04
3.924794862232909853e-01,2.652268414176980150e+04,-5.304536828353960300e+04
3.937884831622867621e-01,2.636474700930459949e+04,-5.272949401860919897e+04
3.950974801012825388e-01,2.618484944526818072e+04,-5.236969889053636143e+04
3.964064770402782045e-01,2.597851151668709281e+04,-5.195702303337418562e+04
3.977154739792739813e-01,2.579648467507200257e+04,-5.159296935014400515e+04
3.990244709182697580e-01,2.564306584642871894e+04,-5.128613169285743788e+04
4.003334678572654237e-01,2.546808526065592378e+04,-5.093617052131184755e+04
4.016424647962613115e-01,2.526750311452080132e+04,-5.053500622904160264e+04
4.029514617352569772e-01,2.509117076733332215e+04,-5.018234153466664429e+04
4.042604586742527539e-01,2.494300761029560454e+04,-4.988601522059120907e+04
4.055694556132485307e-01,2.477319202005605257e+04,-4.954638404011210514e+04
4.068784525522441964e-01,2.457774263882888772e+04,-4.915548527765777544e+04
4.081874494912399731e-01,2.440608229460792427e+04,-4.881216458921584854e+04
4.094964464302357499e-01,2.426258773455633127e+04,-4.852517546911266254e+04
4.108054433692314156e-01,2.409838450789334820e+04,-4.819676901578669640e+04
4.121144403082273033e-01,2.390889413073978722e+04,-4.781778826147957443e+04
4.134234372472229690e-01,2.374178565328667901e+04,-4.748357130657335802e+04
4.147324341862187458e-01,2.360182567280468720e+04,-4.720365134560937440e+04
4.160414311252145225e-01,2.344252887518051284e+04,-4.688505775036102568e+04
4.173504280642101882e-01,2.325923829798834049e+04,-4.651847659597668098e+04
4.186594250032059650e-01,2.309722895349712417e+04,-4.619445790699424833e+04
4.199684219422017417e-01,2.296088529924879185e+04,-4.592177059849758371e+04
4.212774188811974074e-01,2.280578092065756937e+04,-4.561156184131513874e+04
4.225864158201932952e-01,2.262783496198772264e+04,-4.525566992397544527e+04
4.238954127591889609e-01,2.247100794421105456e+04,-4.494201588842210913e+04
4.252044096981847376e-01,2.233905210302178966e+04,-4.467810420604357932e+04
4.265134066371805144e-01,2.218807380746111085e+04,-4.437614761492222169e+04
4.278224035761761801e-01,2.201449730242098667e+04,-4.402899460484197334e+04
4.291314005151719568e-01,2.186229095948950271e+04,-4.372458191897900542e+04
4.304403974541677336e-01,2.173505499920581133e+04,-4.347010999841162266e+04
4.317493943931633993e-01,2.158861614297806591e+04,-4.317723228595613182e+04
4.330583913321592870e-01,2.141929584057736065e+04,-4.283859168115472130e+04
4.343673882711549528e-01,2.127110156236368857e+04,-4.254220312472737714e+04
4.356763852101507295e-01,2.114798031842527416e+04,-4.229596063685054833e+04
4.369853821491465062e-01,2.100614182833726954e+04,-4.201228365667453909e+04
4.382943790881421720e-01,2.084153965437736042e+04,-4.168307930875472084e+04
4.396033760271379487e-01,2.069732716162653014e+04,-4.139465432325306028e+04
4.409123729661337254e-01,2.057769029300849797e+04,-4.115538058601699595e+04
4.422213699051293911e-01,2.044005738000802376e+04,-4.088011476001604751e+04
4.435303668441252789e-01,2.028027565964486712e+04,-4.056055131928973424e+04
4.448393637831209446e-01,2.014018288379271326e+04,-4.028036576758542651e+04
4.461483607221167214e-01,2.002389975827434318e+04,-4.004779951654868637e+04
4.474573576611124981e-01,1.989014709436115299e+04,-3.978029418872230599e+04
4.487663546001081638e-01,1.973490451381692037e+04,-3.946980902763384074e+04
4.500753515391039405e-01,1.959888313118073347e+04,-3.919776626236146694e+04
4.513843484780997173e-01,1.948605070738098584e+04,-3.897210141476197168e+04
4.526933454170953830e-01,1.935607970179484255e+04,-3.871215940358968510e+04
4.540023423560912708e-01,1.920506232168287897e+04,-3.841012464336575795e+04
4.553113392950869365e-01,1.907285936092677730e+04,-3.814571872185355460e+04
4.566203362340827132e-01,1.896343005905712198e+04,-3.792686011811424396e+04
4.579293331730784899e-01,1.883728201092254312e+04,-3.767456402184508624e+04
4.592383301120741557e-01,1.869045030661651981e+04,-3.738090061323303962e+04
4.605473270510699324e-01,1.856184780317244076e+04,-3.712369560634488153e+04
4.618563239900657091e-01,1.845552254282713329e+04,-3.691104508565426659e+04
4.631653209290613749e-01,1.833306892075861106e+04,-3.666613784151722211e+04
4.644743178680572626e-01,1.819045850804639849e+04,-3.638091701609279698e+04
4.657833148070529283e-01,1.806543291429935925e+04,-3.613086582859871851e+04
4.670923117460487051e-01,1.796205024617867093e+04,-3.592410049235734186e+04
4.684013086850444818e-01,1.784311560720741181e+04,-3.568623121441482363e+04
4.697103056240401475e-01,1.770459931453855097e+04,-3.540919862907710194e+04
4.710193025630359243e-01,1.758301659227722485e+04,-3.516603318455444969e+04
4.723282995020317010e-01,1.748244683558925317e+04,-3.496489367117850634e+04
4.736372964410273667e-01,1.736697052802052349e+04,-3.473394105604104698e+04
4.749462933800232545e-01,1.723253603640515576e+04,-3.446507207281031151e+04
4.762552903190189202e-01,1.711433909832777499e+04,-3.422867819665554998e+04
4.775642872580146969e-01,1.701640010270453058e+04,-3.403280020540906116e+04
4.788732841970104737e-01,1.690410688100435436e+04,-3.380821376200870873e+04
4.801822811360061394e-01,1.677355496498032153e+04,-3.354710992996064306e+04
4.814912780750019161e-01,1.665882968069674462e+04,-3.331765936139348923e+04
4.828002750139976929e-01,1.656372034234430248e+04,-3.312744068468860496e+04
4.841092719529933586e-01,1.645445742934680675e+04,-3.290891485869361350e+04
4.854182688919892463e-01,1.632734221084532692e+04,-3.265468442169065383e+04
4.867272658309849120e-01,1.621584219621737066e+04,-3.243168439243474131e+04
4.880362627699806888e-01,1.612367233184268480e+04,-3.224734466368536960e+04
4.893452597089764655e-01,1.601756917044669535e+04,-3.203513834089339070e+04
4.906542566479721312e-01,1.589381590745273570e+04,-3.178763181490547140e+04
4.919632535869679080e-01,1.578530321919414928e+04,-3.157060643838829856e+04
4.932722505259636847e-01,1.569582002077492507e+04,-3.139164004154985014e+04
4.945812474649593504e-01,1.559279128296338786e+04,-3.118558256592677571e+04
4.958902444039552382e-01,1.547244776046389597e+04,-3.094489552092779195e+04
4.971992413429509039e-01,1.536692509377112765e+04,-3.073385018754225530e+04
4.985082382819466806e-01,1.527998473232835568e+04,-3.055996946465671135e+04
4.998172352209424574e-01,1.517981636318409801e+04,-3.035963272636819602e+04
5.011262321599381231e-01,1.506274697902758999e+04,-3.012549395805517997e+04
5.024352290989338998e-01,1.496027972476345894e+04,-2.992055944952691789e+04
5.037442260379296766e-01,1.487598352115218586e+04,-2.975196704230437172e+04
5.050532229769253423e-01,1.477846688674004145e+04,-2.955693377348008289e+04
5.063622199159212300e-01,1.466426091316321981e+04,-2.932852182632643962e+04
5.076712168549168958e-01,1.456469126911793865e+04,-2.912938253823587729e+04
5.089802137939126725e-01,1.448327599021686001e+04,-2.896655198043372002e+04
5.102892107329084492e-01,1.438867042715140451e+04,-2.877734085430280902e+04
5.115982076719041149e-01,1.427726062193986581e+04,-2.855452124387973163e+04
5.129072046108998917e-01,1.418006301761638861e+04,-2.836012603523277721e+04
5.142162015498956684e-01,1.410097522197315811e+04,-2.820195044394631623e+04
5.155251984888913341e-01,1.400942493018541973e+04,-2.801884986037083945e+04
5.168341954278872219e-01,1.390140929965552823e+04,-2.780281859931105646e+04
5.181431923668828876e-01,1.380668838462574422e+04,-2.761337676925148844e+04
5.194521893058786643e-01,1.372934903611027767e+04,-2.745869807222055533e+04
5.207611862448744411e-01,1.364039348489195072e+04,-2.728078696978390144e+04
5.220701831838701068e-01,1.353580831000485523e+04,-2.707161662000971046e+04
5.233791801228658835e-01,1.344382558014542337e+04,-2.688765116029084675e+04
5.246881770618615493e-01,1.336835096348534353e+04,-2.673670192697068705e+04
5.259971740008573260e-01,1.328173279247175742e+04,-2.656346558494351484e+04
5.273061709398531027e-01,1.318017762814729394e+04,-2.636035525629458789e+04
5.286151678788488795e-01,1.309084124134072226e+04,-2.618168248268144453e+04
5.299241648178445452e-01,1.301748228453635966e+04,-2.603496456907271931e+04
5.312331617568403219e-01,1.293332078028041178e+04,-2.586664156056082356e+04
5.325421586958360987e-01,1.283460147814101583e+04,-2.566920295628203166e+04
5.338511556348318754e-01,1.274760131656041631e+04,-2.549520263312083262e+04
5.351601525738275411e-01,1.267613568688380110e+04,-2.535227137376760220e+04
5.364691495128233178e-01,1.259443318907074172e+04,-2.518886637814148344e+04
5.377781464518190946e-01,1.249880242941028337e+04,-2.499760485882056673e+04
5.390871433908148713e-01,1.241462800826021885e+04,-2.482925601652043770e+04
5.403961403298105370e-01,1.234518753221066981e+04,-2.469037506442133963e+04
5.417051372688063138e-01,1.226460685616993214e+04,-2.452921371233986429e+04
5.430141342078020905e-01,1.216890487705248779e+04,-2.433780975410497558e+04
5.443231311467978673e-01,1.208298572212235740e+04,-2.416597144424471480e+04
5.456321280857935330e-01,1.201038108114721581e+04,-2.402076216229443162e+04
5.469411250247893097e-01,1.060564375200367431e+04,-2.385777124793364783e+04
5.482501219637850864e-01,1.069617321951753729e+04,-2.368238630721809022e+04
5.495591189027808632e-01,7.744238291799610124e+03,-2.355695465636351219e+04
5.508681158417765289e-01,2.694809828194705915e+03,-2.350143607102946044e+04
5.521771127807723056e-01,2.929397329368160626e+03,-2.346682361700915862e+04
5.534861097197680824e-01,4.707180706984954668e+03,-2.342487184154988063e+04
5.547951066587638591e-01,2.896221336492665159e+03,-2.339546245489401554e+04
5.561041035977595248e-01,-1.010046134625735363e+03,-2.338779118999624552e+04
5.574131005367553016e-01,1.413518636407884230e+02,-2.338283744539034524e+04
5.587220974757510783e-01,2.877178825995658826e+03,-2.336783787739168110e+04
5.600310944147468550e-01,1.812014213809076409e+03,-2.335428043031607376e+04
5.613400913537425208e-01,-1.715714459638908238e+03,-2.335095604013942648e+04
5.626490882927382975e-01,-4.269046183597817503e+02,-2.334770730765281769e+04
5.639580852317340742e-01,2.350567237588371881e+03,-2.333615766511533002e+04
5.652670821707298510e-01,1.551266960355748097e+03,-2.332589110431633890e+04
5.665760791097255167e-01,-2.271630829604560859e+03,-2.332585886489522818e+04
5.678850760487212934e-01,-9.407120098740948606e+02,-2.332818400345435657e+04
5.691940729877170702e-01,2.038950469176096931e+03,-2.332473334721810170e+04
5.705030699267128469e-01,9.650542566433269940e+02,-2.332325040613275632e+04
5.718120668657085126e-01,-2.360818392988964661e+03,-2.333012062502561457e+04
5.731210638047042893e-01,-1.125618332254561437e+03,-2.333505517276846513e+04
5.744300607437000661e-01,2.030412391957354203e+03,-2.332957885090801574e+04
5.757390576826958428e-01,1.278464873772074043e+03,-2.332244192513277812e+04
5.770480546216915085e-01,-2.175283810337639807e+03,-2.332382540495890498e+04
5.783570515606872853e-01,-1.009455106429537523e+03,-2.332793413071573377e+04
5.796660484996830620e-01,2.031812914027175339e+03,-2.332527631156659845e+04
5.809750454386788387e-01,1.341302838528654092e+03,-2.331993342849735564e+04
5.822840423776745045e-01,-2.316363790218617396e+03,-2.331913698333222055e+04
5.835930393166702812e-01,-8.624689322242660410e+02,-2.331872772273051669e+04
5.849020362556660579e-01,1.953291591846216306e+03,-2.331301452545887878e+04
5.862110331946618347e-01,1.155102547395800912e+03,-2.330923199461988042e+04
5.875200301336575004e-01,-2.497196041008284283e+03,-2.331576673810728971e+04
5.888290270726532771e-01,-9.589590459293061713e+02,-2.332500935902949641e+04
5.901380240116490539e-01,1.965883876062111540e+03,-2.332584037680065012e+04
5.914470209506448306e-01,1.188102976629733121e+03,-2.332082329734719315e+04
5.927560178896404963e-01,-2.330971779274810160e+03,-2.331853465939287707e+04
5.940650148286362731e-01,-9.224942462582596363e+02,-2.331820050816660660e+04
5.953740117676320498e-01,2.210322706588519850e+03,-2.331359779795707072e+04
5.966830087066278265e-01,1.353276911251429510e+03,-2.330841588018478069e+04
5.979920056456234922e-01,-2.274392388514936101e+03,-2.330944292320579189e+04
5.993010025846192690e-01,-7.212417763728288946e+02,-2.331135849874447376e+04
6.006099995236150457e-01,2.199351085887595218e+03,-2.330662387598703208e+04
6.019189964626108225e-01,1.503921405007679368e+03,-2.330066699172498193e+04
6.032279934016064882e-01,-1.893442731835264340e+03,-2.330137881130443566e+04
6.045369903406022649e-01,-6.165689848216015889e+02,-2.330208887081584544e+04
6.058459872795980417e-01,2.576274701919937797e+03,-2.329171974166680593e+04
6.071549842185938184e-01,2.027386529627634445e+03,-2.327170998147845239e+04
6.084639811575894841e-01,-1.291322390824439935e+03,-2.323218560056130809e+04
6.097729780965852608e-01,9.346332304829483064e+02,-2.319296534984993195e+04
6.110819750355810376e-01,4.880357620650674107e+03,-2.327160623423945799e+04
6.123909719745768143e-01,6.148707645915189460e+03,-2.364424437423178824e+04
6.136999689135724800e-01,9.192568845474934278e+03,-2.520662209503690610e+04
6.150089658525682568e-01,1.380459281953887148e+04,-2.787221955275260189e+04
6.163179627915640335e-01,1.430164173041842878e+04,-2.860328346083685756e+04
6.176269597305598102e-01,1.189794840779194237e+04,-2.379589681558388475e+04
6.189359566695554760e-01,1.271001247174822993e+03,-1.005693995159097358e+04
6.202449536085512527e-01,0.000000000000000000e+00,0.000000000000000000e+00
6.215539505475470294e-01,0.000000000000000000e+00,0.000000000000000000e+00
6.228629474865428062e-01,0.000000000000000000e+00,0.000000000000000000e+00
6.241719444255384719e-01,0.000000000000000000e+00,0.000000000000000000e+00
6.254809413645342486e-01,0.000000000000000000e+00,0.000000000000000000e+00
6.267899383035300254e-01,0.000000000000000000e+00,0.000000000000000000e+00
6.280989352425258021e-01,0.000000000000000000e+00,0.000000000000000000e+00
6.294079321815214678e-01,0.000000000000000000e+00,0.000000000000000000e+00
6.307169291205172446e-01,0.000000000000000000e+00,0.000000000000000000e+00
6.320259260595130213e-01,0.000000000000000000e+00,0.000000000000000000e+00
6.333349229985087980e-01,0.000000000000000000e+00,0.000000000000000000e+00
6.346439199375044637e-01,0.000000000000000000e+00,0.000000000000000000e+00
6.359529168765002405e-01,0.000000000000000000e+00,0.000000000000000000e+00
6.372619138154960172e-01,0.000000000000000000e+00,0.000000000000000000e+00
6.385709107544917940e-01,0.000000000000000000e+00,0.000000000000000000e+00
6.398799076934874597e-01,0.000000000000000000e+00,0.000000000000000000e+00
6.411889046324832364e-01,0.000000000000000000e+00,0.000000000000000000e+00
6.424979015714790131e-01,0.000000000000000000e+00,0.000000000000000000e+00
6.438068985104747899e-01,0.000000000000000000e+00,0.000000000000000000e+00
6.451158954494704556e-01,0.000000000000000000e+00,0.000000000000000000e+00
6.464248923884662323e-01,0.000000000000000000e+00,0.000000000000000000e+00
6.477338893274620091e-01,0.000000000000000000e+00,0.000000000000000000e+00
6.490428862664577858e-01,0.000000000000000000e+00,0.000000000000000000e+00
6.503518832054534515e-01,0.000000000000000000e+00,0.000000000000000000e+00
6.516608801444492283e-01,0.000000000000000000e+00,0.000000000000000000e+00
6.529698770834450050e-01,0.000000000000000000e+00,0.000000000000000000e+00
6.542788740224407817e-01,0.000000000000000000e+00,0.000000000000000000e+00
6.555878709614364475e-01,0.000000000000000000e+00,0.000000000000000000e+00
6.568968679004322242e-01,0.000000000000000000e+00,0.000000000000000000e+00
6.582058648394280009e-01,0.000000000000000000e+00,0.000000000000000000e+00
6.595148617784237777e-01,0.000000000000000000e+00,0.000000000000000000e+00
6.608238587174194434e-01,0.000000000000000000e+00,0.000000000000000000e+00
6.621328556564152201e-01,0.000000000000000000e+00,0.000000000000000000e+00
6.634418525954109969e-01,0.000000000000000000e+00,0.000000000000000000e+00
6.647508495344067736e-01,0.000000000000000000e+00,0.000000000000000000e+00
6.660598464734024393e-01,0.000000000000000000e+00,0.000000000000000000e+00
6.673688434123982161e-01,0.000000000000000000e+00,0.000000000000000000e+00
6.686778403513939928e-01,0.000000000000000000e+00,0.000000000000000000e+00
6.699868372903897695e-01,0.000000000000000000e+00,0.000000000000000000e+00
6.712958342293854352e-01,0.000000000000000000e+00,0.000000000000000000e+00
6.726048311683812120e-01,0.000000000000000000e+00,0.000000000000000000e+00
6.739138281073769887e-01,0.000000000000000000e+00,0.000000000000000000e+00
6.752228250463727655e-01,0.000000000000000000e+00,0.000000000000000000e+00
6.765318219853684312e-01,0.000000000000000000e+00,0.000000000000000000e+00
6.778408189243642079e-01,0.000000000000000000e+00,0.000000000000000000e+00
6.791498158633599846e-01,0.000000000000000000e+00,0.000000000000000000e+00
6.804588128023557614e-01,0.000000000000000000e+00,0.000000000000000000e+00
6.817678097413514271e-01,0.000000000000000000e+00,0.000000000000000000e+00
6.830768066803472038e-01,0.000000000000000000e+00,0.000000000000000000e+00
6.843858036193429806e-01,0.000000000000000000e+00,0.000000000000000000e+00
6.856948005583387573e-01,0.000000000000000000e+00,0.000000000000000000e+00
6.870037974973344230e-01,0.000000000000000000e+00,0.000000000000000000e+00
6.883127944363301998e-01,0.000000000000000000e+00,0.000000000000000000e+00
6.896217913753259765e-01,0.000000000000000000e+00,0.000000000000000000e+00
6.909307883143217532e-01,0.000000000000000000e+00,0.000000000000000000e+00
6.922397852533174190e-01,0.000000000000000000e+00,0.000000000000000000e+00
6.935487821923131957e-01,0.000000000000000000e+00,0.000000000000000000e+00
6.948577791313089724e-01,0.000000000000000000e+00,0.000000000000000000e+00
6.961667760703047492e-01,0.000000000000000000e+00,0.000000000000000000e+00
6.974757730093004149e-01,0.000000000000000000e+00,0.000000000000000000e+00
6.987847699482961916e-01,0.000000000000000000e+00,0.000000000000000000e+00
7.000937668872919684e-01,0.000000000000000000e+00,0.000000000000000000e+00
7.014027638262877451e-01,0.000000000000000000e+00,0.000000000000000000e+00
7.027117607652834108e-01,0.000000000000000000e+00,0.000000000000000000e+00
7.040207577042791875e-01,0.000000000000000000e+00,0.000000000000000000e+00
7.053297546432749643e-01,0.000000000000000000e+00,0.000000000000000000e+00
7.066387515822707410e-01,0.000000000000000000e+00,0.000000000000000000e+00
7.079477485212664067e-01,0.000000000000000000e+00,0.000000000000000000e+00
7.092567454602621835e-01,0.000000000000000000e+00,0.000000000000000000e+00
7.105657423992579602e-01,0.000000000000000000e+00,0.000000000000000000e+00
7.118747393382537370e-01,0.000000000000000000e+00,0.000000000000000000e+00
7.131837362772494027e-01,0.000000000000000000e+00,0.000000000000000000e+00
7.144927332162451794e-01,0.000000000000000000e+00,0.000000000000000000e+00
7.158017301552409561e-01,0.000000000000000000e+00,0.000000000000000000e+00
7.171107270942367329e-01,0.000000000000000000e+00,0.000000000000000000e+00
7.184197240332323986e-01,0.000000000000000000e+00,0.000000000000000000e+00
7.197287209722281753e-01,0.000000000000000000e+00,0.000000000000000000e+00
7.210377179112239521e-01,0.000000000000000000e+00,0.000000000000000000e+00
7.223467148502197288e-01,0.000000000000000000e+00,0.000000000000000000e+00
7.236557117892153945e-01,0.000000000000000000e+00,0.000000000000000000e+00
7.249647087282111713e-01,0.000000000000000000e+00,0.000000000000000000e+00
7.262737056672069480e-01,0.000000000000000000e+00,0.000000000000000000e+00
7.275827026062027247e-01,0.000000000000000000e+00,0.000000000000000000e+00
7.288916995451983905e-01,0.000000000000000000e+00,0.000000000000000000e+00
7.302006964841941672e-01,0.000000000000000000e+00,0.000000000000000000e+00
7.315096934231899439e-01,0.000000000000000000e+00,0.000000000000000000e+00
7.328186903621857207e-01,0.000000000000000000e+00,0.000000000000000000e+00
7.341276873011813864e-01,0.000000000000000000e+00,0.000000000000000000e+00
7.354366842401771631e-01,0.000000000000000000e+00,0.000000000000000000e+00
7.367456811791729399e-01,0.000000000000000000e+00,0.000000000000000000e+00
7.380546781181687166e-01,0.000000000000000000e+00,0.000000000000000000e+00
7.393636750571643823e-01,0.000000000000000000e+00,0.000000000000000000e+00
7.406726719961601590e-01,0.000000000000000000e+00,0.000000000000000000e+00
7.419816689351559358e-01,0.000000000000000000e+00,0.000000000000000000e+00
7.432906658741517125e-01,0.000000000000000000e+00,0.000000000000000000e+00
7.445996628131473782e-01,0.000000000000000000e+00,0.000000000000000000e+00
7.459086597521431550e-01,0.000000000000000000e+00,0.000000000000000000e+00
7.472176566911389317e-01,0.000000000000000000e+00,0.000000000000000000e+00
7.485266536301347085e-01,0.000000000000000000e+00,0.000000000000000000e+00
7.498356505691303742e-01,0.000000000000000000e+00,0.000000000000000000e+00
7.511446475081261509e-01,0.000000000000000000e+00,0.000000000000000000e+00
7.524536444471219276e-01,0.000000000000000000e+00,0.000000000000000000e+00
7.537626413861177044e-01,0.000000000000000000e+00,0.000000000000000000e+00
7.550716383251133701e-01,0.000000000000000000e+00,0.000000000000000000e+00
7.563806352641091468e-01,0.000000000000000000e+00,0.000000000000000000e+00
7.576896322031049236e-01,0.000000000000000000e+00,0.000000000000000000e+00
7.589986291421007003e-01,0.000000000000000000e+00,0.000000000000000000e+00
7.603076260810963660e-01,0.000000000000000000e+00,0.000000000000000000e+00
7.616166230200921428e-01,0.000000000000000000e+00,0.000000000000000000e+00
7.629256199590879195e-01,0.000000000000000000e+00,0.000000000000000000e+00
7.642346168980836962e-01,0.000000000000000000e+00,0.000000000000000000e+00
7.655436138370793620e-01,0.000000000000000000e+00,0.000000000000000000e+00
7.668526107760751387e-01,0.000000000000000000e+00,0.000000000000000000e+00
7.681616077150709154e-01,0.000000000000000000e+00,0.000000000000000000e+00
7.694706046540666922e-01,0.000000000000000000e+00,0.000000000000000000e+00
7.707796015930623579e-01,0.000000000000000000e+00,0.000000000000000000e+00
7.720885985320581346e-01,0.000000000000000000e+00,0.000000000000000000e+00
7.733975954710539114e-01,0.000000000000000000e+00,0.000000000000000000e+00
7.747065924100496881e-01,0.000000000000000000e+00,0.000000000000000000e+00
7.760155893490453538e-01,0.000000000000000000e+00,0.000000000000000000e+00
7.773245862880411305e-01,0.000000000000000000e+00,0.000000000000000000e+00
7.786335832270369073e-01,0.000000000000000000e+00,0.000000000000000000e+00
7.799425801660326840e-01,0.000000000000000000e+00,0.000000000000000000e+00
7.812515771050283497e-01,0.000000000000000000e+00,0.000000000000000000e+00
7.825605740440241265e-01,0.000000000000000000e+00,0.000000000000000000e+00
7.838695709830199032e-01,0.000000000000000000e+00,0.000000000000000000e+00
7.851785679220156799e-01,0.000000000000000000e+00,0.000000000000000000e+00
7.864875648610113457e-01,0.000000000000000000e+00,0.000000000000000000e+00
7.877965618000071224e-01,0.000000000000000000e+00,0.000000000000000000e+00
7.891055587390028991e-01,0.000000000000000000e+00,0.000000000000000000e+00
7.904145556779986759e-01,0.000000000000000000e+00,0.000000000000000000e+00
7.917235526169943416e-01,0.000000000000000000e+00,0.000000000000000000e+00
7.930325495559901183e-01,0.000000000000000000e+00,0.000000000000000000e+00
7.943415464949858951e-01,0.000000000000000000e+00,0.000000000000000000e+00
7.956505434339816718e-01,0.000000000000000000e+00,0.000000000000000000e+00
7.969595403729773375e-01,0.000000000000000000e+00,0.000000000000000000e+00
7.982685373119731143e-01,0.000000000000000000e+00,0.000000000000000000e+00
7.995775342509688910e-01,0.000000000000000000e+00,0.000000000000000000e+00
8.008865311899646677e-01,0.000000000000000000e+00,0.000000000000000000e+00
8.021955281289603334e-01,0.000000000000000000e+00,0.000000000000000000e+00
8.035045250679561102e-01,0.000000000000000000e+00,0.000000000000000000e+00
8.048135220069518869e-01,0.000000000000000000e+00,0.000000000000000000e+00
8.061225189459476637e-01,0.000000000000000000e+00,0.000000000000000000e+00
8.074315158849433294e-01,0.000000000000000000e+00,0.000000000000000000e+00
8.087405128239391061e-01,0.000000000000000000e+00,0.000000000000000000e+00
8.100495097629348829e-01,0.000000000000000000e+00,0.000000000000000000e+00
8.113585067019306596e-01,0.000000000000000000e+00,0.000000000000000000e+00
8.126675036409263253e-01,0.000000000000000000e+00,0.000000000000000000e+00
8.139765005799221020e-01,0.000000000000000000e+00,0.000000000000000000e+00
8.152854975189178788e-01,0.000000000000000000e+00,0.000000000000000000e+00
8.165944944579136555e-01,0.000000000000000000e+00,0.000000000000000000e+00
8.179034913969093212e-01,0.000000000000000000e+00,0.000000000000000000e+00
8.192124883359050980e-01,0.000000000000000000e+00,0.000000000000000000e+00
8.205214852749008747e-01,0.000000000000000000e+00,0.000000000000000000e+00
8.218304822138966514e-01,0.000000000000000000e+00,0.000000000000000000e+00
8.231394791528923172e-01,0.000000000000000000e+00,0.000000000000000000e+00
8.244484760918880939e-01,0.000000000000000000e+00,0.000000000000000000e+00
8.257574730308838706e-01,0.000000000000000000e+00,0.000000000000000000e+00
8.270664699698796474e-01,0.000000000000000000e+00,0.000000000000000000e+00
8.283754669088753131e-01,0.000000000000000000e+00,0.000000000000000000e+00
8.296844638478710898e-01,0.000000000000000000e+00,0.000000000000000000e+00
8.309934607868668666e-01,0.000000000000000000e+00,0.000000000000000000e+00
8.323024577258626433e-01,0.000000000000000000e+00,0.000000000000000000e+00
8.336114546648583090e-01,0.000000000000000000e+00,0.000000000000000000e+00
8.349204516038540858e-01,0.000000000000000000e+00,0.000000000000000000e+00
8.362294485428498625e-01,0.000000000000000000e+00,0.000000000000000000e+00
8.375384454818456392e-01,0.000000000000000000e+00,0.000000000000000000e+00
8.388474424208413049e-01,0.000000000000000000e+00,0.000000000000000000e+00
8.401564393598370817e-01,0.000000000000000000e+00,0.000000000000000000e+00
8.414654362988328584e-01,0.000000000000000000e+00,0.000000000000000000e+00
8.427744332378286352e-01,0.000000000000000000e+00,0.000000000000000000e+00
8.440834301768243009e-01,0.000000000000000000e+00,0.000000000000000000e+00
8.453924271158200776e-01,0.000000000000000000e+00,0.000000000000000000e+00
8.467014240548158543e-01,0.000000000000000000e+00,0.000000000000000000e+00
8.480104209938116311e-01,0.000000000000000000e+00,0.000000000000000000e+00
8.493194179328072968e-01,0.000000000000000000e+00,0.000000000000000000e+00
8.506284148718030735e-01,0.000000000000000000e+00,0.000000000000000000e+00
8.519374118107988503e-01,0.000000000000000000e+00,0.000000000000000000e+00
8.532464087497946270e-01,0.000000000000000000e+00,0.000000000000000000e+00
8.545554056887902927e-01,0.000000000000000000e+00,0.000000000000000000e+00
8.558644026277860695e-01,0.000000000000000000e+00,0.000000000000000000e+00
8.571733995667818462e-01,0.000000000000000000e+00,0.000000000000000000e+00
8.584823965057776229e-01,0.000000000000000000e+00,0.000000000000000000e+00
8.597913934447732887e-01,0.000000000000000000e+00,0.000000000000000000e+00
8.611003903837690654e-01,0.000000000000000000e+00,0.000000000000000000e+00
8.624093873227648421e-01,0.000000000000000000e+00,0.000000000000000000e+00
8.637183842617606189e-01,0.000000000000000000e+00,0.000000000000000000e+00
8.650273812007562846e-01,0.000000000000000000e+00,0.000000000000000000e+00
8.663363781397520613e-01,0.000000000000000000e+00,0.000000000000000000e+00
8.676453750787478381e-01,0.000000000000000000e+00,0.000000000000000000e+00
8.689543720177436148e-01,0.000000000000000000e+00,0.000000000000000000e+00
8.702633689567392805e-01,0.000000000000000000e+00,0.000000000000000000e+00
8.715723658957350573e-01,0.000000000000000000e+00,0.000000000000000000e+00
8.728813628347308340e-01,0.000000000000000000e+00,0.000000000000000000e+00
8.741903597737266107e-01,0.000000000000000000e+00,0.000000000000000000e+00
8.754993567127222764e-01,0.000000000000000000e+00,0.000000000000000000e+00
8.768083536517180532e-01,0.000000000000000000e+00,0.000000000000000000e+00
8.781173505907138299e-01,0.000000000000000000e+00,0.000000000000000000e+00
8.794263475297096067e-01,0.000000000000000000e+00,0.000000000000000000e+00
8.807353444687052724e-01,0.000000000000000000e+00,0.000000000000000000e+00
8.820443414077010491e-01,0.000000000000000000e+00,0.000000000000000000e+00
8.833533383466968258e-01,0.000000000000000000e+00,0.000000000000000000e+00
8.846623352856926026e-01,0.000000000000000000e+00,0.000000000000000000e+00
8.859713322246882683e-01,0.000000000000000000e+00,0.000000000000000000e+00
8.872803291636840450e-01,0.000000000000000000e+00,0.000000000000000000e+00
8.885893261026798218e-01,0.000000000000000000e+00,0.000000000000000000e+00
8.898983230416755985e-01,0.000000000000000000e+00,0.000000000000000000e+00
8.912073199806712642e-01,0.000000000000000000e+00,0.000000000000000000e+00
8.925163169196670410e-01,0.000000000000000000e+00,0.000000000000000000e+00
8.938253138586628177e-01,0.000000000000000000e+00,0.000000000000000000e+00
8.951343107976585944e-01,0.000000000000000000e+00,0.000000000000000000e+00
8.964433077366542602e-01,0.000000000000000000e+00,0.000000000000000000e+00
8.977523046756500369e-01,0.000000000000000000e+00,0.000000000000000000e+00
8.990613016146458136e-01,0.000000000000000000e+00,0.000000000000000000e+00
9.003702985536415904e-01,0.000000000000000000e+00,0.000000000000000000e+00
9.016792954926372561e-01,0.000000000000000000e+00,0.000000000000000000e+00
9.029882924316330328e-01,0.000000000000000000e+00,0.000000000000000000e+00
9.042972893706288096e-01,0.000000000000000000e+00,0.000000000000000000e+00
9.056062863096245863e-01,0.000000000000000000e+00,0.000000000000000000e+00
9.069152832486202520e-01,0.000000000000000000e+00,0.000000000000000000e+00
9.082242801876160287e-01,0.000000000000000000e+00,0.000000000000000000e+00
9.095332771266118055e-01,0.000000000000000000e+00,0.000000000000000000e+00
9.108422740656075822e-01,0.000000000000000000e+00,0.000000000000000000e+00
9.121512710046032479e-01,0.000000000000000000e+00,0.000000000000000000e+00
9.134602679435990247e-01,0.000000000000000000e+00,0.000000000000000000e+00
9.147692648825948014e-01,0.000000000000000000e+00,0.000000000000000000e+00
9.160782618215905782e-01,0.000000000000000000e+00,0.000000000000000000e+00
9.173872587605862439e-01,0.000000000000000000e+00,0.000000000000000000e+00
9.186962556995820206e-01,0.000000000000000000e+00,0.000000000000000000e+00
9.200052526385777973e-01,0.000000000000000000e+00,0.000000000000000000e+00
9.213142495775735741e-01,0.000000000000000000e+00,0.000000000000000000e+00
9.226232465165692398e-01,0.000000000000000000e+00,0.000000000000000000e+00
9.239322434555650165e-01,0.000000000000000000e+00,0.000000000000000000e+00
9.252412403945607933e-01,0.000000000000000000e+00,0.000000000000000000e+00
9.265502373335565700e-01,0.000000000000000000e+00,0.000000000000000000e+00
9.278592342725522357e-01,0.000000000000000000e+00,0.000000000000000000e+00
9.291682312115480125e-01,0.000000000000000000e+00,0.000000000000000000e+00
9.304772281505437892e-01,0.000000000000000000e+00,0.000000000000000000e+00
9.317862250895395659e-01,0.000000000000000000e+00,0.000000000000000000e+00
9.330952220285352317e-01,0.000000000000000000e+00,0.000000000000000000e+00
9.344042189675310084e-01,0.000000000000000000e+00,0.000000000000000000e+00
9.357132159065267851e-01,0.000000000000000000e+00,0.000000000000000000e+00
9.370222128455225619e-01,0.000000000000000000e+00,0.000000000000000000e+00
9.383312097845182276e-01,0.000000000000000000e+00,0.000000000000000000e+00
9.396402067235140043e-01,0.000000000000000000e+00,0.000000000000000000e+00
9.409492036625097811e-01,0.000000000000000000e+00,0.000000000000000000e+00
9.422582006015055578e-01,0.000000000000000000e+00,0.000000000000000000e+00
9.435671975405012235e-01,0.000000000000000000e+00,0.000000000000000000e+00
9.448761944794970002e-01,-2.155766346727721157e+03,-4.311532693455442313e+03
9.461851914184927770e-01,-1.086345597290290789e+04,-2.172691194580581578e+04
9.474941883574885537e-01,-1.407690762637074113e+04,-2.815381525274148225e+04
9.488031852964842194e-01,-1.393024377260230176e+04,-2.786048754520460352e+04
9.501121822354799962e-01,-1.302532214321610809e+04,-2.605064428643221618e+04
9.514211791744757729e-01,-1.225562842466993425e+04,-2.451125684933986850e+04
9.527301761134715496e-01,-1.179743196354650172e+04,-2.359486392709300344e+04
9.540391730524672154e-01,-1.169889310763321555e+04,-2.339778621526643110e+04
9.553481699914629921e-01,-1.178736823613073102e+04,-2.357473647226146204e+04
9.566571669304587688e-01,-1.191089736950902989e+04,-2.382179473901805977e+04
9.579661638694545456e-01,-1.201851588324304612e+04,-2.403703176648609224e+04
9.592751608084502113e-01,-1.209852222012905622e+04,-2.419704444025811245e+04
9.605841577474459880e-01,-1.218123619202860937e+04,-2.436247238405721873e+04
9.618931546864417648e-01,-1.227217683118031528e+04,-2.454435366236063055e+04
9.632021516254375415e-01,-1.234928259459842957e+04,-2.469856518919685914e+04
9.645111485644332072e-01,-1.241878860226917823e+04,-2.483757720453835645e+04
9.658201455034289840e-01,-1.250639886910297355e+04,-2.501279773820594710e+04
9.671291424424247607e-01,-1.260621688587468088e+04,-2.521243377174936177e+04
9.684381393814205374e-01,-1.268973229896477096e+04,-2.537946459792954192e+04
9.697471363204162031e-01,-1.275893772644405544e+04,-2.551787545288811089e+04
9.710561332594119799e-01,-1.284128347421037688e+04,-2.568256694842075376e+04
9.723651301984077566e-01,-1.293617418245467707e+04,-2.587234836490935413e+04
9.736741271374035334e-01,-1.302010983119270168e+04,-2.604021966238540335e+04
9.749831240763991991e-01,-1.309699649040682380e+04,-2.619399298081364759e+04
9.762921210153949758e-01,-1.319005448850613539e+04,-2.638010897701227077e+04
9.776011179543907526e-01,-1.329295313553030792e+04,-2.658590627106061584e+04
9.789101148933865293e-01,-1.337804066454469466e+04,-2.675608132908938933e+04
9.802191118323821950e-01,-1.345011702245013657e+04,-2.690023404490027315e+04
9.815281087713779717e-01,-1.353955601975569152e+04,-2.707911203951138305e+04
9.828371057103737485e-01,-1.364397896499908711e+04,-2.728795792999817422e+04
9.841461026493695252e-01,-1.373527869800586268e+04,-2.747055739601172536e+04
9.854550995883651909e-01,-1.381525615231183838e+04,-2.763051230462367675e+04
9.867640965273609677e-01,-1.390946932500546063e+04,-2.781893865001092126e+04
9.880730934663567444e-01,-1.401441885099676983e+04,-2.802883770199353967e+04
9.893820904053525211e-01,-1.410381188872894381e+04,-2.820762377745788763e+04
9.906910873443481869e-01,-1.418314358656400145e+04,-2.836628717312800291e+04
9.920000842833439636e-01,-1.428132904208876789e+04,-2.856265808417753578e+04
9.933090812223397403e-01,-1.439298520364664000e+04,-2.878597040729328000e+04
9.946180781613355171e-01,-1.448696824301130982e+04,-2.897393648602261965e+04
9.959270751003311828e-01,-1.456730009064867227e+04,-2.913460018129734453e+04
9.972360720393269595e-01,-1.466611868747672816e+04,-2.933223737495345631e+04
9.985450689783227363e-01,-1.477993623245532399e+04,-2.955987246491064798e+04
9.998540659173185130e-01,-1.487684991241804528e+04,-2.975369982483609056e+04
1.001163062856314179e+00,-1.496031353615259286e+04,-2.992062707230518572e+04
1.002472059795310066e+00,-1.506226831247149494e+04,-3.012453662494298987e+04
1.003781056734305732e+00,-1.517914172232517558e+04,-3.035828344465035116e+04
1.005090053673301398e+00,-1.527887475273699783e+04,-3.055774950547399567e+04
1.006399050612297064e+00,-1.536495030185651012e+04,-3.072990060371302025e+04
1.007708047551292951e+00,-1.546955607596907430e+04,-3.093911215193814860e+04
1.009017044490288839e+00,-1.558924984112030870e+04,-3.117849968224061740e+04
1.010326041429284505e+00,-1.569195322193041466e+04,-3.138390644386082931e+04
1.011635038368280171e+00,-1.578106670562576255e+04,-3.156213341125152510e+04
1.012944035307275836e+00,-1.588862165685244508e+04,-3.177724331370489017e+04
1.014253032246271724e+00,-1.601108787560639576e+04,-3.202217575121279151e+04
1.015562029185267612e+00,-1.611637631078708546e+04,-3.223275262157417092e+04
1.016871026124263278e+00,-1.620850116176132360e+04,-3.241700232352264720e+04
1.018180023063258943e+00,-1.632010468900425440e+04,-3.264020937800850879e+04
1.019489020002254609e+00,-1.644672118054625389e+04,-3.289344236109250778e+04
1.020798016941250497e+00,-1.655442271271807840e+04,-3.310884542543615680e+04
1.022107013880246162e+00,-1.664771775991597679e+04,-3.329543551983195357e+04
1.023416010819242050e+00,-1.676201482207726076e+04,-3.352402964415452152e+04
1.024725007758237716e+00,-1.689322373300260733e+04,-3.378644746600521466e+04
1.026034004697233382e+00,-1.700547913219916882e+04,-3.401095826439833763e+04
1.027343001636229047e+00,-1.710211002816499604e+04,-3.420422005632999208e+04
1.028651998575224935e+00,-1.721888443152736363e+04,-3.443776886305472726e+04
1.029960995514220601e+00,-1.735254493644171089e+04,-3.470508987288342178e+04
1.031269992453216267e+00,-1.746773380232965064e+04,-3.493546760465930129e+04
1.032578989392211932e+00,-1.756809137390024262e+04,-3.513618274780048523e+04
1.033887986331207820e+00,-1.768909243244592290e+04,-3.537818486489184579e+04
1.035196983270203486e+00,-1.782678676533745966e+04,-3.565357353067491931e+04
1.036505980209199151e+00,-1.794514041064159392e+04,-3.589028082128318783e+04
1.037814977148194817e+00,-1.804806922922559534e+04,-3.609613845845119067e+04
1.039123974087190705e+00,-1.817223275701684543e+04,-3.634446551403369085e+04
1.040432971026186371e+00,-1.831388082312479673e+04,-3.662776164624959347e+04
1.041741967965182036e+00,-1.843624244952781009e+04,-3.687248489905562019e+04
1.043050964904177702e+00,-1.854288405356048315e+04,-3.708576810712096631e+04
1.044359961843173590e+00,-1.867064902477938085e+04,-3.734129804955876170e+04
1.045668958782169256e+00,-1.881584340881285607e+04,-3.763168681762571214e+04
1.046977955721164921e+00,-1.894147536752942688e+04,-3.788295073505885375e+04
1.048286952660160587e+00,-1.905155849602150192e+04,-3.810311699204300385e+04
1.049595949599156475e+00,-1.918362433107267134e+04,-3.836724866214534268e+04
1.050904946538152140e+00,-1.933338736112800689e+04,-3.866677472225601377e+04
1.052213943477147806e+00,-1.946242436410845767e+04,-3.892484872821691533e+04
1.053522940416143472e+00,-1.957519890238344306e+04,-3.915039780476688611e+04
1.054831937355139360e+00,-1.971129160118369691e+04,-3.942258320236739382e+04
1.056140934294135025e+00,-1.986620850158610847e+04,-3.973241700317221694e+04
1.057449931233130691e+00,-1.999935977320626989e+04,-3.999871954641253978e+04
1.058758928172126357e+00,-2.011498485748672829e+04,-4.022996971497345658e+04
1.060067925111122245e+00,-2.025463518044038210e+04,-4.050927036088076420e+04
1.061376922050117910e+00,-2.041428839317500388e+04,-4.082857678635000775e+04
1.062685918989113576e+00,-2.055207863836982142e+04,-4.110415727673964284e+04
1.063994915928109242e+00,-2.067163539723316353e+04,-4.134327079446632706e+04
1.065303912867105129e+00,-2.081497319409123156e+04,-4.162994638818246312e+04
1.066612909806100795e+00,-2.097853570283478257e+04,-4.195707140566956514e+04
1.067921906745096461e+00,-2.112050936884216208e+04,-4.224101873768432415e+04
1.069230903684092127e+00,-2.124457429103109098e+04,-4.248914858206218196e+04
1.070539900623088014e+00,-2.139259429159982392e+04,-4.278518858319964784e+04
1.071848897562083680e+00,-2.156059952632958084e+04,-4.312119905265916168e+04
1.073157894501079346e+00,-2.170630257989125312e+04,-4.341260515978250623e+04
1.074466891440075011e+00,-2.183400505700734720e+04,-4.366801011401469441e+04
1.075775888379070899e+00,-2.198682469116865104e+04,-4.397364938233730209e+04
1.077084885318066565e+00,-2.216029535884728466e+04,-4.432059071769456932e+04
1.078393882257062231e+00,-2.231036345204637109e+04,-4.462072690409274219e+04
1.079702879196057896e+00,-2.244147750058724341e+04,-4.488295500117448682e+04
1.081011876135053784e+00,-2.259874213044500357e+04,-4.519748426089000714e+04
1.082320873074049450e+00,-2.277772292661000392e+04,-4.555544585322000785e+04
1.083629870013045116e+00,-2.293252733907622314e+04,-4.586505467815244629e+04
1.084938866952040781e+00,-2.306744070772091800e+04,-4.613488141544183600e+04
1.086247863891036669e+00,-2.322920063192395901e+04,-4.645840126384791802e+04
1.087556860830032335e+00,-2.341358475295617609e+04,-4.682716950591235218e+04
1.088865857769028000e+00,-2.357337577353653614e+04,-4.714675154707307229e+04
1.090174854708023666e+00,-2.371258351821106771e+04,-4.742516703642213542e+04
1.091483851647019554e+00,-2.387890900696505560e+04,-4.775781801393011119e+04
1.092792848586015220e+00,-2.406839704880232603e+04,-4.813679409760465205e+04
1.094101845525010885e+00,-2.423320958538333434e+04,-4.846641917076666869e+04
1.095410842464006551e+00,-2.437725023213353779e+04,-4.875450046426707559e+04
1.096719839403002439e+00,-2.454862099009969825e+04,-4.909724198019939649e+04
1.098028836341998105e+00,-2.474329895707775358e+04,-4.948659791415550717e+04
1.099337833280993770e+00,-2.491291721195571154e+04,-4.982583442391142307e+04
1.100646830219989436e+00,-2.506166467216677847e+04,-5.012332934433355695e+04
1.101955827158985324e+00,-2.523847311201956836e+04,-5.047694622403913672e+04
1.103264824097980989e+00,-2.543898508159213452e+04,-5.087797016318426904e+04
1.104573821036976655e+00,-2.561361470321727757e+04,-5.122722940643455513e+04
1.105882817975972321e+00,-2.576679635933054669e+04,-5.153359271866109339e+04
1.107191814914968209e+00,-2.594899421455945048e+04,-5.189798842911890097e+04
1.108500811853963874e+00,-2.615572354634957446e+04,-5.231144709269914893e+04
1.109809808792959540e+00,-2.633580055892639211e+04,-5.267160111785278423e+04
1.111118805731955206e+00,-2.649364518301021963e+04,-5.298729036602043925e+04
1.112427802670951094e+00,-2.668127641879786097e+04,-5.336255283759572194e+04
1.113736799609946759e+00,-2.689424431794046905e+04,-5.378848863588093809e+04
1.115045796548942425e+00,-2.707990069749862596e+04,-5.415980139499725192e+04
1.116354793487938091e+00,-2.724268925790402136e+04,-5.448537851580804272e+04
1.117663790426933978e+00,-2.743607208373684261e+04,-5.487214416747368523e+04
1.118972787365929644e+00,-2.765553611679447567e+04,-5.531107223358895135e+04
1.120281784304925310e+00,-2.784694070645329339e+04,-5.569388141290658677e+04
1.121590781243920976e+00,-2.801475926823637928e+04,-5.602951853647275857e+04
1.122899778182916863e+00,-2.821397265243102811e+04,-5.642794530486205622e+04
1.124208775121912529e+00,-2.844010339647242290e+04,-5.688020679294484580e+04
1.125517772060908195e+00,-2.863760344809990420e+04,-5.727520689619980840e+04
1.126826768999903861e+00,-2.881086710795639738e+04,-5.762173421591279475e+04
1.128135765938899748e+00,-2.901613064615002440e+04,-5.803226129230004881e+04
1.129444762877895414e+00,-2.924894514937348140e+04,-5.849789029874696280e+04
1.130753759816891080e+00,-2.945256189227678988e+04,-5.890512378455357975e+04
1.132062756755886745e+00,-2.963148829999402733e+04,-5.926297659998805466e+04
1.133371753694882633e+00,-2.984323354071014910e+04,-5.968646708142029820e+04
1.134680750633878299e+00,-3.008316678696985400e+04,-6.016633357393970800e+04
1.135989747572873965e+00,-3.029306600424479257e+04,-6.058613200848958513e+04
1.137298744511869630e+00,-3.047760588946941061e+04,-6.095521177893882123e+04
1.138607741450865518e+00,-3.069595918642768811e+04,-6.139191837285537622e+04
1.139916738389861184e+00,-3.094340183320845608e+04,-6.188680366641691217e+04
1.141225735328856850e+00,-3.116001716025658607e+04,-6.232003432051317213e+04
1.142534732267852515e+00,-3.135045060345111051e+04,-6.270090120690222102e+04
1.143843729206848403e+00,-3.157550115041506433e+04,-6.315100230083012866e+04
1.145152726145844069e+00,-3.183050261430759929e+04,-6.366100522861519858e+04
1.146461723084839734e+00,-3.205404373054783355e+04,-6.410808746109566709e+04
1.147770720023835400e+00,-3.225079468743295729e+04,-6.450158937486591458e+04
1.149079716962831288e+00,-3.248300062190034078e+04,-6.496600124380068155e+04
1.150388713901826954e+00,-3.274588699194434230e+04,-6.549177398388868460e+04
1.151697710840822619e+00,-3.297648583177024557e+04,-6.595297166354049114e+04
1.153006707779818285e+00,-3.317955238990659564e+04,-6.635910477981319127e+04
1.154315704718814173e+00,-3.341899538441048207e+04,-6.683799076882096415e+04
1.155624701657809839e+00,-3.369008322940559447e+04,-6.738016645881118893e+04
1.156933698596805504e+00,-3.392834162624087912e+04,-6.785668325248175825e+04
1.158242695535801170e+00,-3.413835971910019725e+04,-6.827671943820039451e+04
1.159551692474797058e+00,-3.438527942500221252e+04,-6.877055885000442504e+04
1.160860689413792723e+00,-3.466447288830509933e+04,-6.932894577661019866e+04
1.162169686352788389e+00,-3.491038141478633042e+04,-6.982076282957266085e+04
1.163478683291784055e+00,-3.512760715192178031e+04,-7.025521430384356063e+04
1.164787680230779943e+00,-3.538237408109147509e+04,-7.076474816218295018e+04
1.166096677169775608e+00,-3.567010717198182829e+04,-7.134021434396365657e+04
1.167405674108771274e+00,-3.592430324270758865e+04,-7.184860648541517730e+04
1.168714671047766940e+00,-3.614938296279057249e+04,-7.229876592558114498e+04
1.170023667986762828e+00,-3.641217902350778604e+04,-7.282435804701557208e+04
1.171332664925758493e+00,-3.670811740821691637e+04,-7.341623481643383275e+04
1.172641661864754159e+00,-3.697005743273461121e+04,-7.394011486546922242e+04
1.173950658803749825e+00,-3.720312741741995706e+04,-7.440625483483991411e+04
1.175259655742745712e+00,-3.747547666018616292e+04,-7.495095332037232583e+04
1.176568652681741378e+00,-3.778150996068714448e+04,-7.556301992137428897e+04
1.177877649620737044e+00,-3.805149514269424253e+04,-7.610299028538848506e+04
1.179186646559732710e+00,-3.829119637511430483e+04,-7.658239275022860966e+04
1.180495643498728597e+00,-3.857231159998710791e+04,-7.714462319997421582e+04
1.181804640437724263e+00,-3.888927128593058296e+04,-7.777854257186116592e+04
1.183113637376719929e+00,-3.916918914694895648e+04,-7.833837829389791295e+04
1.184422634315715595e+00,-3.941774600118489616e+04,-7.883549200236979232e+04
1.185731631254711482e+00,-3.971034297663241887e+04,-7.942068595326483774e+04
1.187040628193707148e+00,-4.004287424956716859e+04,-8.008574849913433718e+04
1.188349625132702814e+00,-4.034059773882964510e+04,-8.068119547765929019e+04
1.189658622071698479e+00,-3.691378855062633374e+04,-8.118004098782165966e+04
1.190967619010694367e+00,-3.051151828701077829e+04,-8.166924354353378294e+04
1.192276615949690033e+00,-2.654944128918905335e+04,-8.212725975111935986e+04
1.193585612888685699e+00,-1.556584501978656044e+04,-8.243939494738703070e+04
1.194894609827681364e+00,-8.659465365991991348e+03,-8.260373431944707409e+04
1.196203606766677252e+00,-9.263683331205294962e+03,-8.272973379886310431e+04
1.197512603705672918e+00,-8.898467803830362755e+03,-8.285276121101500758e+04
1.198821600644668584e+00,-4.561499312625592211e+03,-8.292895414595847251e+04
1.200130597583664249e+00,-3.355581578017341258e+02,-8.296509438670641975e+04
1.201439594522660137e+00,-2.634235291424017305e+03,-8.300837935308358283e+04
1.202748591461655803e+00,-6.139103263831157165e+03,-8.306055038212229556e+04
1.204057588400651468e+00,-6.363086747232861171e+02,-8.308736552461211977e+04
1.205366585339647134e+00,1.872736338916591421e+03,-8.309166395644850854e+04
1.206675582278643022e+00,-1.415931720477612089e+03,-8.310597356730568572e+04
1.207984579217638688e+00,-4.591358964358867524e+03,-8.313247562985900731e+04
1.209293576156634353e+00,-2.531371531206605141e+02,-8.315016511289174377e+04
1.210602573095630019e+00,2.096425161015405592e+03,-8.316054545420920476e+04
1.211911570034625907e+00,-9.354738302752762138e+02,-8.317778750447438506e+04
1.213220566973621573e+00,-4.773432895999961147e+03,-8.319592733846437477e+04
1.214529563912617238e+00,6.671739852372139694e+02,-8.319897327673813561e+04
1.215838560851612904e+00,3.447499082560830630e+03,-8.319364713797853619e+04
1.217147557790608792e+00,-3.641147115246934618e+02,-8.319756856467509351e+04
1.218456554729604457e+00,-2.680117422268838709e+03,-8.320507490418950329e+04
1.219765551668600123e+00,4.833783998144951397e+02,-8.319883429506763059e+04
1.221074548607595789e+00,2.984216734984862342e+03,-8.318414263376513554e+04
1.222383545546591677e+00,-4.326564644392905734e+02,-8.317994440633092017e+04
1.223692542485587342e+00,-2.174036693875463698e+03,-8.318577538608941541e+04
1.225001539424583008e+00,9.370264366087263852e+01,-8.319105265754040738e+04
1.226310536363578674e+00,2.462196835928010387e+03,-8.319914021374407457e+04
1.227619533302574562e+00,-7.142046891842230707e+02,-8.321388629640391446e+04
1.228928530241570227e+00,-3.474098304994119189e+03,-8.322292124876774324e+04
1.230237527180565893e+00,6.013707974372058516e+02,-8.321128246021369705e+04
1.231546524119561559e+00,2.747512371382724268e+03,-8.319061385287986195e+04
1.232855521058557446e+00,-7.259627618697388698e+02,-8.318745380421195296e+04
1.234164517997553112e+00,-2.274922172501743717e+03,-8.320177000757929636e+04
1.235473514936548778e+00,-7.131035371038153698e+02,-8.321853082628831908e+04
1.236782511875544444e+00,1.386220808717715727e+03,-8.324089221774243924e+04
1.238091508814540331e+00,-2.161319422006576588e+03,-8.327620537132170284e+04
1.239400505753535997e+00,-4.597137561097914841e+03,-8.331020999942418712e+04
1.240709502692531663e+00,-2.206792025364650272e+03,-8.332125065952194564e+04
1.242018499631527328e+00,1.029760742507395292e+02,-8.333099571804178413e+04
1.243327496570523216e+00,-4.869425868837263806e+03,-8.338464564487517055e+04
1.244636493509518882e+00,-8.913119784094704301e+03,-8.347138456528951065e+04
1.245945490448514548e+00,-7.854434685846719731e+03,-8.354349715663836105e+04
1.247254487387510213e+00,-7.993760865611040572e+03,-8.363591744228960306e+04
1.248563484326506101e+00,-1.540355488510287432e+04,-8.380539030554596684e+04
1.249872481265501767e+00,-2.148203694779867146e+04,-8.394446970942945336e+04
1.251181478204497433e+00,-2.596946137712737618e+04,-8.383924340807076078e+04
1.252490475143493098e+00,-3.478113700979653368e+04,-8.389908619444405485e+04
1.253799472082488986e+00,-4.084267747849672014e+04,-8.267367188132427691e+04
1.255108469021484652e+00,-2.593235572985139879e+04,-7.541294619650271488e+04
1.256417465960480317e+00,1.414506294820417679e+04,-5.788366252671694383e+04
