# Exudyn: solution of belt drive, slip and gap over belt length
# Exudyn output file
# Exudyn version=1.2.34.dev1
# endTime=2
# stepSize=5e-05
# nSegments=4
# nANCFnodes=240
# contactStiffnessPerArea=100000000.0
# frictionStiffnessPerArea=100000000.0
# contactStiffness=418879.02047863905
# frictionStiffness=523598.7755982988
# contactDamping=8.377580409572781
# frictionVelocityPenalty=33.70609928242229
# dryFriction=0.5
# 
1.264632437933843612e-03,7.453126414647126552e-07,-4.735961321472581531e-06
2.573629376929620349e-03,0.000000000000000000e+00,0.000000000000000000e+00
3.882626315925397087e-03,0.000000000000000000e+00,0.000000000000000000e+00
5.191623254921173825e-03,0.000000000000000000e+00,0.000000000000000000e+00
6.500620193916839540e-03,0.000000000000000000e+00,0.000000000000000000e+00
7.809617132912616277e-03,0.000000000000000000e+00,0.000000000000000000e+00
9.118614071908393015e-03,0.000000000000000000e+00,0.000000000000000000e+00
1.042761101090416975e-02,0.000000000000000000e+00,0.000000000000000000e+00
1.173660794989983547e-02,0.000000000000000000e+00,0.000000000000000000e+00
1.304560488889561221e-02,0.000000000000000000e+00,0.000000000000000000e+00
1.435460182789138894e-02,0.000000000000000000e+00,0.000000000000000000e+00
1.566359876688716568e-02,0.000000000000000000e+00,0.000000000000000000e+00
1.697259570588283140e-02,0.000000000000000000e+00,0.000000000000000000e+00
1.828159264487860813e-02,0.000000000000000000e+00,0.000000000000000000e+00
1.959058958387438487e-02,0.000000000000000000e+00,0.000000000000000000e+00
2.089958652287016161e-02,0.000000000000000000e+00,0.000000000000000000e+00
2.220858346186582732e-02,0.000000000000000000e+00,0.000000000000000000e+00
2.351758040086160406e-02,0.000000000000000000e+00,0.000000000000000000e+00
2.482657733985738080e-02,0.000000000000000000e+00,0.000000000000000000e+00
2.613557427885315754e-02,0.000000000000000000e+00,0.000000000000000000e+00
2.744457121784882325e-02,0.000000000000000000e+00,0.000000000000000000e+00
2.875356815684459999e-02,0.000000000000000000e+00,0.000000000000000000e+00
3.006256509584037673e-02,0.000000000000000000e+00,0.000000000000000000e+00
3.137156203483615347e-02,0.000000000000000000e+00,0.000000000000000000e+00
3.268055897383181918e-02,0.000000000000000000e+00,0.000000000000000000e+00
3.398955591282759592e-02,0.000000000000000000e+00,0.000000000000000000e+00
3.529855285182337266e-02,0.000000000000000000e+00,0.000000000000000000e+00
3.660754979081914939e-02,0.000000000000000000e+00,0.000000000000000000e+00
3.791654672981481511e-02,0.000000000000000000e+00,0.000000000000000000e+00
3.922554366881059185e-02,0.000000000000000000e+00,0.000000000000000000e+00
4.053454060780636858e-02,0.000000000000000000e+00,0.000000000000000000e+00
4.184353754680214532e-02,0.000000000000000000e+00,0.000000000000000000e+00
4.315253448579781104e-02,0.000000000000000000e+00,0.000000000000000000e+00
4.446153142479358777e-02,0.000000000000000000e+00,0.000000000000000000e+00
4.577052836378936451e-02,0.000000000000000000e+00,0.000000000000000000e+00
4.707952530278514125e-02,0.000000000000000000e+00,0.000000000000000000e+00
4.838852224178080697e-02,0.000000000000000000e+00,0.000000000000000000e+00
4.969751918077658370e-02,0.000000000000000000e+00,0.000000000000000000e+00
5.100651611977236044e-02,0.000000000000000000e+00,0.000000000000000000e+00
5.231551305876813718e-02,0.000000000000000000e+00,0.000000000000000000e+00
5.362450999776380289e-02,0.000000000000000000e+00,0.000000000000000000e+00
5.493350693675957963e-02,0.000000000000000000e+00,0.000000000000000000e+00
5.624250387575535637e-02,0.000000000000000000e+00,0.000000000000000000e+00
5.755150081475113311e-02,0.000000000000000000e+00,0.000000000000000000e+00
5.886049775374679882e-02,0.000000000000000000e+00,0.000000000000000000e+00
6.016949469274257556e-02,0.000000000000000000e+00,0.000000000000000000e+00
6.147849163173835230e-02,0.000000000000000000e+00,0.000000000000000000e+00
6.278748857073412903e-02,0.000000000000000000e+00,0.000000000000000000e+00
6.409648550972979475e-02,0.000000000000000000e+00,0.000000000000000000e+00
6.540548244872557149e-02,0.000000000000000000e+00,0.000000000000000000e+00
6.671447938772134822e-02,0.000000000000000000e+00,0.000000000000000000e+00
6.802347632671712496e-02,0.000000000000000000e+00,0.000000000000000000e+00
6.933247326571279068e-02,0.000000000000000000e+00,0.000000000000000000e+00
7.064147020470856742e-02,0.000000000000000000e+00,0.000000000000000000e+00
7.195046714370434415e-02,0.000000000000000000e+00,0.000000000000000000e+00
7.325946408270012089e-02,0.000000000000000000e+00,0.000000000000000000e+00
7.456846102169578661e-02,0.000000000000000000e+00,0.000000000000000000e+00
7.587745796069156334e-02,0.000000000000000000e+00,0.000000000000000000e+00
7.718645489968734008e-02,0.000000000000000000e+00,0.000000000000000000e+00
7.849545183868311682e-02,0.000000000000000000e+00,0.000000000000000000e+00
7.980444877767878253e-02,0.000000000000000000e+00,0.000000000000000000e+00
8.111344571667455927e-02,0.000000000000000000e+00,0.000000000000000000e+00
8.242244265567033601e-02,0.000000000000000000e+00,0.000000000000000000e+00
8.373143959466611275e-02,0.000000000000000000e+00,0.000000000000000000e+00
8.504043653366177846e-02,0.000000000000000000e+00,0.000000000000000000e+00
8.634943347265755520e-02,0.000000000000000000e+00,0.000000000000000000e+00
8.765843041165333194e-02,0.000000000000000000e+00,0.000000000000000000e+00
8.896742735064910867e-02,0.000000000000000000e+00,0.000000000000000000e+00
9.027642428964477439e-02,0.000000000000000000e+00,0.000000000000000000e+00
9.158542122864055113e-02,0.000000000000000000e+00,0.000000000000000000e+00
9.289441816763632787e-02,0.000000000000000000e+00,0.000000000000000000e+00
9.420341510663210460e-02,0.000000000000000000e+00,0.000000000000000000e+00
9.551241204562777032e-02,0.000000000000000000e+00,0.000000000000000000e+00
9.682140898462354706e-02,0.000000000000000000e+00,0.000000000000000000e+00
9.813040592361932379e-02,0.000000000000000000e+00,0.000000000000000000e+00
9.943940286261510053e-02,0.000000000000000000e+00,0.000000000000000000e+00
1.007483998016107662e-01,0.000000000000000000e+00,0.000000000000000000e+00
1.020573967406065430e-01,0.000000000000000000e+00,0.000000000000000000e+00
1.033663936796023197e-01,0.000000000000000000e+00,0.000000000000000000e+00
1.046753906185980965e-01,0.000000000000000000e+00,0.000000000000000000e+00
1.059843875575937622e-01,0.000000000000000000e+00,0.000000000000000000e+00
1.072933844965895389e-01,0.000000000000000000e+00,0.000000000000000000e+00
1.086023814355853156e-01,0.000000000000000000e+00,0.000000000000000000e+00
1.099113783745810924e-01,0.000000000000000000e+00,0.000000000000000000e+00
1.112203753135767581e-01,0.000000000000000000e+00,0.000000000000000000e+00
1.125293722525725348e-01,0.000000000000000000e+00,0.000000000000000000e+00
1.138383691915683116e-01,0.000000000000000000e+00,0.000000000000000000e+00
1.151473661305640883e-01,0.000000000000000000e+00,0.000000000000000000e+00
1.164563630695597540e-01,0.000000000000000000e+00,0.000000000000000000e+00
1.177653600085555308e-01,0.000000000000000000e+00,0.000000000000000000e+00
1.190743569475513075e-01,0.000000000000000000e+00,0.000000000000000000e+00
1.203833538865470842e-01,0.000000000000000000e+00,0.000000000000000000e+00
1.216923508255427500e-01,0.000000000000000000e+00,0.000000000000000000e+00
1.230013477645385267e-01,0.000000000000000000e+00,0.000000000000000000e+00
1.243103447035343034e-01,0.000000000000000000e+00,0.000000000000000000e+00
1.256193416425300802e-01,0.000000000000000000e+00,0.000000000000000000e+00
1.269283385815257459e-01,0.000000000000000000e+00,0.000000000000000000e+00
1.282373355205215226e-01,0.000000000000000000e+00,0.000000000000000000e+00
1.295463324595172994e-01,0.000000000000000000e+00,0.000000000000000000e+00
1.308553293985130761e-01,0.000000000000000000e+00,0.000000000000000000e+00
1.321643263375087418e-01,0.000000000000000000e+00,0.000000000000000000e+00
1.334733232765045186e-01,0.000000000000000000e+00,0.000000000000000000e+00
1.347823202155002953e-01,0.000000000000000000e+00,0.000000000000000000e+00
1.360913171544960720e-01,0.000000000000000000e+00,0.000000000000000000e+00
1.374003140934917377e-01,0.000000000000000000e+00,0.000000000000000000e+00
1.387093110324875145e-01,0.000000000000000000e+00,0.000000000000000000e+00
1.400183079714832912e-01,0.000000000000000000e+00,0.000000000000000000e+00
1.413273049104790680e-01,0.000000000000000000e+00,0.000000000000000000e+00
1.426363018494747337e-01,0.000000000000000000e+00,0.000000000000000000e+00
1.439452987884705104e-01,0.000000000000000000e+00,0.000000000000000000e+00
1.452542957274662871e-01,0.000000000000000000e+00,0.000000000000000000e+00
1.465632926664620639e-01,0.000000000000000000e+00,0.000000000000000000e+00
1.478722896054577296e-01,0.000000000000000000e+00,0.000000000000000000e+00
1.491812865444535063e-01,0.000000000000000000e+00,0.000000000000000000e+00
1.504902834834492831e-01,0.000000000000000000e+00,0.000000000000000000e+00
1.517992804224450598e-01,0.000000000000000000e+00,0.000000000000000000e+00
1.531082773614407255e-01,0.000000000000000000e+00,0.000000000000000000e+00
1.544172743004365023e-01,0.000000000000000000e+00,0.000000000000000000e+00
1.557262712394322790e-01,0.000000000000000000e+00,0.000000000000000000e+00
1.570352681784280557e-01,0.000000000000000000e+00,0.000000000000000000e+00
1.583442651174237215e-01,0.000000000000000000e+00,0.000000000000000000e+00
1.596532620564194982e-01,0.000000000000000000e+00,0.000000000000000000e+00
1.609622589954152749e-01,0.000000000000000000e+00,0.000000000000000000e+00
1.622712559344110517e-01,0.000000000000000000e+00,0.000000000000000000e+00
1.635802528734067174e-01,0.000000000000000000e+00,0.000000000000000000e+00
1.648892498124024941e-01,0.000000000000000000e+00,0.000000000000000000e+00
1.661982467513982709e-01,0.000000000000000000e+00,0.000000000000000000e+00
1.675072436903940476e-01,0.000000000000000000e+00,0.000000000000000000e+00
1.688162406293897133e-01,0.000000000000000000e+00,0.000000000000000000e+00
1.701252375683854901e-01,0.000000000000000000e+00,0.000000000000000000e+00
1.714342345073812668e-01,0.000000000000000000e+00,0.000000000000000000e+00
1.727432314463770435e-01,0.000000000000000000e+00,0.000000000000000000e+00
1.740522283853727092e-01,0.000000000000000000e+00,0.000000000000000000e+00
1.753612253243684860e-01,0.000000000000000000e+00,0.000000000000000000e+00
1.766702222633642627e-01,0.000000000000000000e+00,0.000000000000000000e+00
1.779792192023600395e-01,0.000000000000000000e+00,0.000000000000000000e+00
1.792882161413557052e-01,0.000000000000000000e+00,0.000000000000000000e+00
1.805972130803514819e-01,0.000000000000000000e+00,0.000000000000000000e+00
1.819062100193472586e-01,0.000000000000000000e+00,0.000000000000000000e+00
1.832152069583430354e-01,0.000000000000000000e+00,0.000000000000000000e+00
1.845242038973387011e-01,0.000000000000000000e+00,0.000000000000000000e+00
1.858332008363344778e-01,0.000000000000000000e+00,0.000000000000000000e+00
1.871421977753302546e-01,0.000000000000000000e+00,0.000000000000000000e+00
1.884511947143260313e-01,0.000000000000000000e+00,0.000000000000000000e+00
1.897601916533216970e-01,0.000000000000000000e+00,0.000000000000000000e+00
1.910691885923174738e-01,0.000000000000000000e+00,0.000000000000000000e+00
1.923781855313132505e-01,0.000000000000000000e+00,0.000000000000000000e+00
1.936871824703090272e-01,0.000000000000000000e+00,0.000000000000000000e+00
1.949961794093046930e-01,0.000000000000000000e+00,0.000000000000000000e+00
1.963051763483004697e-01,0.000000000000000000e+00,0.000000000000000000e+00
1.976141732872962464e-01,0.000000000000000000e+00,0.000000000000000000e+00
1.989231702262920232e-01,0.000000000000000000e+00,0.000000000000000000e+00
2.002321671652876889e-01,0.000000000000000000e+00,0.000000000000000000e+00
2.015411641042834656e-01,0.000000000000000000e+00,0.000000000000000000e+00
2.028501610432792424e-01,0.000000000000000000e+00,0.000000000000000000e+00
2.041591579822750191e-01,0.000000000000000000e+00,0.000000000000000000e+00
2.054681549212706848e-01,0.000000000000000000e+00,0.000000000000000000e+00
2.067771518602664615e-01,0.000000000000000000e+00,0.000000000000000000e+00
2.080861487992622383e-01,0.000000000000000000e+00,0.000000000000000000e+00
2.093951457382580150e-01,0.000000000000000000e+00,0.000000000000000000e+00
2.107041426772536807e-01,0.000000000000000000e+00,0.000000000000000000e+00
2.120131396162494575e-01,0.000000000000000000e+00,0.000000000000000000e+00
2.133221365552452342e-01,0.000000000000000000e+00,0.000000000000000000e+00
2.146311334942410110e-01,0.000000000000000000e+00,0.000000000000000000e+00
2.159401304332366767e-01,0.000000000000000000e+00,0.000000000000000000e+00
2.172491273722324534e-01,0.000000000000000000e+00,0.000000000000000000e+00
2.185581243112282301e-01,0.000000000000000000e+00,0.000000000000000000e+00
2.198671212502240069e-01,0.000000000000000000e+00,0.000000000000000000e+00
2.211761181892196726e-01,0.000000000000000000e+00,0.000000000000000000e+00
2.224851151282154493e-01,0.000000000000000000e+00,0.000000000000000000e+00
2.237941120672112261e-01,0.000000000000000000e+00,0.000000000000000000e+00
2.251031090062070028e-01,0.000000000000000000e+00,0.000000000000000000e+00
2.264121059452026685e-01,0.000000000000000000e+00,0.000000000000000000e+00
2.277211028841984453e-01,0.000000000000000000e+00,0.000000000000000000e+00
2.290300998231942220e-01,0.000000000000000000e+00,0.000000000000000000e+00
2.303390967621899987e-01,0.000000000000000000e+00,0.000000000000000000e+00
2.316480937011856645e-01,0.000000000000000000e+00,0.000000000000000000e+00
2.329570906401814412e-01,0.000000000000000000e+00,0.000000000000000000e+00
2.342660875791772179e-01,0.000000000000000000e+00,0.000000000000000000e+00
2.355750845181729947e-01,0.000000000000000000e+00,0.000000000000000000e+00
2.368840814571686604e-01,0.000000000000000000e+00,0.000000000000000000e+00
2.381930783961644371e-01,0.000000000000000000e+00,0.000000000000000000e+00
2.395020753351602139e-01,0.000000000000000000e+00,0.000000000000000000e+00
2.408110722741559906e-01,0.000000000000000000e+00,0.000000000000000000e+00
2.421200692131516563e-01,0.000000000000000000e+00,0.000000000000000000e+00
2.434290661521474330e-01,0.000000000000000000e+00,0.000000000000000000e+00
2.447380630911432098e-01,0.000000000000000000e+00,0.000000000000000000e+00
2.460470600301389865e-01,0.000000000000000000e+00,0.000000000000000000e+00
2.473560569691346522e-01,0.000000000000000000e+00,0.000000000000000000e+00
2.486650539081304290e-01,0.000000000000000000e+00,0.000000000000000000e+00
2.499740508471262057e-01,0.000000000000000000e+00,0.000000000000000000e+00
2.512830477861219824e-01,0.000000000000000000e+00,0.000000000000000000e+00
2.525920447251176482e-01,0.000000000000000000e+00,0.000000000000000000e+00
2.539010416641134249e-01,0.000000000000000000e+00,0.000000000000000000e+00
2.552100386031092016e-01,0.000000000000000000e+00,0.000000000000000000e+00
2.565190355421049784e-01,0.000000000000000000e+00,0.000000000000000000e+00
2.578280324811006441e-01,0.000000000000000000e+00,0.000000000000000000e+00
2.591370294200964208e-01,0.000000000000000000e+00,0.000000000000000000e+00
2.604460263590921976e-01,0.000000000000000000e+00,0.000000000000000000e+00
2.617550232980879743e-01,0.000000000000000000e+00,0.000000000000000000e+00
2.630640202370836400e-01,0.000000000000000000e+00,0.000000000000000000e+00
2.643730171760794168e-01,0.000000000000000000e+00,0.000000000000000000e+00
2.656820141150751935e-01,0.000000000000000000e+00,0.000000000000000000e+00
2.669910110540709702e-01,0.000000000000000000e+00,0.000000000000000000e+00
2.683000079930666359e-01,0.000000000000000000e+00,0.000000000000000000e+00
2.696090049320624127e-01,0.000000000000000000e+00,0.000000000000000000e+00
2.709180018710581894e-01,0.000000000000000000e+00,0.000000000000000000e+00
2.722269988100539662e-01,0.000000000000000000e+00,0.000000000000000000e+00
2.735359957490496319e-01,0.000000000000000000e+00,0.000000000000000000e+00
2.748449926880454086e-01,0.000000000000000000e+00,0.000000000000000000e+00
2.761539896270411854e-01,0.000000000000000000e+00,0.000000000000000000e+00
2.774629865660369621e-01,0.000000000000000000e+00,0.000000000000000000e+00
2.787719835050326278e-01,0.000000000000000000e+00,0.000000000000000000e+00
2.800809804440284045e-01,0.000000000000000000e+00,0.000000000000000000e+00
2.813899773830241813e-01,0.000000000000000000e+00,0.000000000000000000e+00
2.826989743220199580e-01,0.000000000000000000e+00,0.000000000000000000e+00
2.840079712610156237e-01,0.000000000000000000e+00,0.000000000000000000e+00
2.853169682000114005e-01,0.000000000000000000e+00,0.000000000000000000e+00
2.866259651390071772e-01,0.000000000000000000e+00,0.000000000000000000e+00
2.879349620780029539e-01,0.000000000000000000e+00,0.000000000000000000e+00
2.892439590169986197e-01,0.000000000000000000e+00,0.000000000000000000e+00
2.905529559559945074e-01,0.000000000000000000e+00,0.000000000000000000e+00
2.918619528949901731e-01,0.000000000000000000e+00,0.000000000000000000e+00
2.931709498339858389e-01,0.000000000000000000e+00,0.000000000000000000e+00
2.944799467729815046e-01,0.000000000000000000e+00,0.000000000000000000e+00
2.957889437119773923e-01,0.000000000000000000e+00,0.000000000000000000e+00
2.970979406509730580e-01,0.000000000000000000e+00,0.000000000000000000e+00
2.984069375899687238e-01,0.000000000000000000e+00,0.000000000000000000e+00
2.997159345289643895e-01,0.000000000000000000e+00,0.000000000000000000e+00
3.010249314679602772e-01,0.000000000000000000e+00,0.000000000000000000e+00
3.023339284069559429e-01,0.000000000000000000e+00,-2.294087222132201731e-07
3.036429253459516087e-01,0.000000000000000000e+00,-1.246418601270893323e-05
3.049519222849472744e-01,0.000000000000000000e+00,-1.744911238073243442e-05
3.062609192239431621e-01,0.000000000000000000e+00,-2.000922435484164819e-05
3.075699161629388279e-01,0.000000000000000000e+00,-2.082511666011421791e-05
3.088789131019344936e-01,0.000000000000000000e+00,-2.078388520711238474e-05
3.101879100409301593e-01,0.000000000000000000e+00,-2.065098037296042577e-05
3.114969069799260470e-01,0.000000000000000000e+00,-2.055640354181598184e-05
3.128059039189217128e-01,0.000000000000000000e+00,-2.040416585394333460e-05
3.141149008579173785e-01,0.000000000000000000e+00,-2.025472110495085687e-05
3.154238977969130442e-01,0.000000000000000000e+00,-2.012703751727573653e-05
3.167328947359089319e-01,0.000000000000000000e+00,-1.998571883814193040e-05
3.180418916749045977e-01,0.000000000000000000e+00,-1.982549114258602696e-05
3.193508886139002634e-01,0.000000000000000000e+00,-1.968358898866984230e-05
3.206598855528959291e-01,0.000000000000000000e+00,-1.956177773132505848e-05
3.219688824918918169e-01,0.000000000000000000e+00,-1.942208925186095225e-05
3.232778794308874826e-01,0.000000000000000000e+00,-1.926248203007463466e-05
3.245868763698831483e-01,0.000000000000000000e+00,-1.912094236725114804e-05
3.258958733088788140e-01,0.000000000000000000e+00,-1.900114192149304770e-05
3.272048702478747018e-01,0.000000000000000000e+00,-1.886688564464722440e-05
3.285138671868703675e-01,0.000000000000000000e+00,-1.871480659053348372e-05
3.298228641258660332e-01,0.000000000000000000e+00,-1.857969586437080434e-05
3.311318610648616989e-01,0.000000000000000000e+00,-1.846416211398471674e-05
3.324408580038575867e-01,0.000000000000000000e+00,-1.833390519663524731e-05
3.337498549428532524e-01,0.000000000000000000e+00,-1.818635701800186411e-05
3.350588518818489181e-01,0.000000000000000000e+00,-1.805523042334999939e-05
3.363678488208445838e-01,0.000000000000000000e+00,-1.794283893004344765e-05
3.376768457598404716e-01,0.000000000000000000e+00,-1.781577793043276348e-05
3.389858426988361373e-01,0.000000000000000000e+00,-1.767212466050049890e-05
3.402948396378318030e-01,0.000000000000000000e+00,-1.754559616783113452e-05
3.416038365768274687e-01,0.000000000000000000e+00,-1.743833368351987989e-05
3.429128335158233565e-01,0.000000000000000000e+00,-1.731635847548873564e-05
3.442218304548190222e-01,0.000000000000000000e+00,-1.717696779178490285e-05
3.455308273938146879e-01,0.000000000000000000e+00,-1.705310504598878119e-05
3.468398243328103536e-01,0.000000000000000000e+00,-1.694779680572189307e-05
3.481488212718062414e-01,0.000000000000000000e+00,-1.682932078807264364e-05
3.494578182108019071e-01,0.000000000000000000e+00,-1.669505713405849967e-05
3.507668151497975728e-01,0.000000000000000000e+00,-1.657614547433128305e-05
3.520758120887932385e-01,0.000000000000000000e+00,-1.647465232980371841e-05
3.533848090277891263e-01,0.000000000000000000e+00,-1.635939395487617798e-05
3.546938059667847920e-01,0.000000000000000000e+00,-1.622832273108498757e-05
3.560028029057804577e-01,0.000000000000000000e+00,-1.611255502630137837e-05
3.573117998447761234e-01,0.000000000000000000e+00,-1.601446217949775708e-05
3.586207967837720112e-01,0.000000000000000000e+00,-1.590321245938108863e-05
3.599297937227676769e-01,0.000000000000000000e+00,-1.577632291102637474e-05
3.612387906617633426e-01,0.000000000000000000e+00,-1.566395718238799972e-05
3.625477876007590083e-01,0.000000000000000000e+00,-1.556862828767935358e-05
3.638567845397548961e-01,0.000000000000000000e+00,-1.546073172509210281e-05
3.651657814787505618e-01,0.000000000000000000e+00,-1.533782711436726398e-05
3.664747784177462275e-01,0.000000000000000000e+00,-1.522895025428405713e-05
3.677837753567418932e-01,0.000000000000000000e+00,-1.513641534815757250e-05
3.690927722957377810e-01,0.000000000000000000e+00,-1.503157237388308420e-05
3.704017692347334467e-01,0.000000000000000000e+00,-1.491226903553577454e-05
3.717107661737291124e-01,0.000000000000000000e+00,-1.480694916503044745e-05
3.730197631127247782e-01,0.000000000000000000e+00,-1.471760999938176440e-05
3.743287600517206659e-01,0.000000000000000000e+00,-1.461578755324044465e-05
3.756377569907163316e-01,0.000000000000000000e+00,-1.449953496900080463e-05
3.769467539297119973e-01,0.000000000000000000e+00,-1.439729975299952613e-05
3.782557508687076631e-01,0.000000000000000000e+00,-1.431111827338016340e-05
3.795647478077035508e-01,0.000000000000000000e+00,-1.421253470880456948e-05
3.808737447466992165e-01,0.000000000000000000e+00,-1.409944753531788830e-05
3.821827416856948822e-01,0.000000000000000000e+00,-1.400004948377830960e-05
3.834917386246905480e-01,0.000000000000000000e+00,-1.391662362752732474e-05
3.848007355636864357e-01,0.000000000000000000e+00,-1.382126819197970757e-05
3.861097325026821014e-01,0.000000000000000000e+00,-1.371160144050809215e-05
3.874187294416777672e-01,0.000000000000000000e+00,-1.361489146245453696e-05
3.887277263806734329e-01,0.000000000000000000e+00,-1.353365389782090755e-05
3.900367233196693206e-01,0.000000000000000000e+00,-1.344127327791710957e-05
3.913457202586649863e-01,0.000000000000000000e+00,-1.333527621222296844e-05
3.926547171976606521e-01,0.000000000000000000e+00,-1.324156731201397985e-05
3.939637141366563178e-01,0.000000000000000000e+00,-1.316246705075629908e-05
3.952727110756522055e-01,0.000000000000000000e+00,-1.307256767123232688e-05
3.965817080146478713e-01,0.000000000000000000e+00,-1.296971359590615158e-05
3.978907049536435370e-01,0.000000000000000000e+00,-1.287901554890280575e-05
3.991997018926392027e-01,0.000000000000000000e+00,-1.280249109875120084e-05
4.005086988316350904e-01,0.000000000000000000e+00,-1.271513936830503955e-05
4.018176957706307562e-01,0.000000000000000000e+00,-1.261500142193949792e-05
4.031266927096264219e-01,0.000000000000000000e+00,-1.252696285841681245e-05
4.044356896486220876e-01,0.000000000000000000e+00,-1.245301340058180273e-05
4.057446865876179753e-01,0.000000000000000000e+00,-1.236832532659770667e-05
4.070536835266136411e-01,0.000000000000000000e+00,-1.227089207479770128e-05
4.083626804656093068e-01,0.000000000000000000e+00,-1.218532687252693592e-05
4.096716774046049725e-01,0.000000000000000000e+00,-1.211370802986500017e-05
4.109806743436008603e-01,0.000000000000000000e+00,-1.203160432272643021e-05
4.122896712825965260e-01,0.000000000000000000e+00,-1.193693357756653306e-05
4.135986682215921917e-01,0.000000000000000000e+00,-1.185381385805650556e-05
4.149076651605878574e-01,0.000000000000000000e+00,-1.178435776029440607e-05
4.162166620995837452e-01,0.000000000000000000e+00,-1.170469410119445719e-05
4.175256590385794109e-01,0.000000000000000000e+00,-1.161272791153078465e-05
4.188346559775750766e-01,0.000000000000000000e+00,-1.153199732162324409e-05
4.201436529165707423e-01,0.000000000000000000e+00,-1.146461586455649329e-05
4.214526498555666301e-01,0.000000000000000000e+00,-1.138730939675980380e-05
4.227616467945622958e-01,0.000000000000000000e+00,-1.129798285044725237e-05
4.240706437335579615e-01,0.000000000000000000e+00,-1.121956466051954315e-05
4.253796406725536272e-01,0.000000000000000000e+00,-1.115416763117216270e-05
4.266886376115495150e-01,0.000000000000000000e+00,-1.107913968272089544e-05
4.279976345505451807e-01,0.000000000000000000e+00,-1.099238067966967769e-05
4.293066314895408464e-01,0.000000000000000000e+00,-1.091617601096939172e-05
4.306156284285365121e-01,0.000000000000000000e+00,-1.085266515873928306e-05
4.319246253675323999e-01,0.000000000000000000e+00,-1.077988150599562545e-05
4.332336223065280656e-01,0.000000000000000000e+00,-1.069568502230777707e-05
4.345426192455237313e-01,0.000000000000000000e+00,-1.062160953481383618e-05
4.358516161845193970e-01,0.000000000000000000e+00,-1.055981553980955834e-05
4.371606131235152848e-01,0.000000000000000000e+00,-1.048914767119712987e-05
4.384696100625109505e-01,0.000000000000000000e+00,-1.040748999164842203e-05
4.397786070015066162e-01,0.000000000000000000e+00,-1.033559978493026055e-05
4.410876039405022819e-01,0.000000000000000000e+00,-1.027552074681081784e-05
4.423966008794981697e-01,0.000000000000000000e+00,-1.020676769229733605e-05
4.437055978184938354e-01,0.000000000000000000e+00,-1.012738756482611802e-05
4.450145947574895011e-01,0.000000000000000000e+00,-1.005767204402541193e-05
4.463235916964851668e-01,0.000000000000000000e+00,-9.999501131743859794e-06
4.476325886354810546e-01,0.000000000000000000e+00,-9.932648655328057963e-06
4.489415855744767203e-01,0.000000000000000000e+00,-9.855272843792284299e-06
4.502505825134723860e-01,0.000000000000000000e+00,-9.787511691547456927e-06
4.515595794524680517e-01,0.000000000000000000e+00,-9.731255884729006489e-06
4.528685763914639395e-01,0.000000000000000000e+00,-9.666423145288094432e-06
4.541775733304596052e-01,0.000000000000000000e+00,-9.591085425392220642e-06
4.554865702694552709e-01,0.000000000000000000e+00,-9.525094694137758999e-06
4.567955672084509366e-01,0.000000000000000000e+00,-9.470478394266179656e-06
4.581045641474468244e-01,0.000000000000000000e+00,-9.407621106696795188e-06
4.594135610864424901e-01,0.000000000000000000e+00,-9.334476004665970272e-06
4.607225580254381558e-01,0.000000000000000000e+00,-9.270282972054233461e-06
4.620315549644338216e-01,0.000000000000000000e+00,-9.217115500115280469e-06
4.633405519034297093e-01,0.000000000000000000e+00,-9.156058278725343058e-06
4.646495488424253750e-01,0.000000000000000000e+00,-9.085068593636669299e-06
4.659585457814210407e-01,0.000000000000000000e+00,-9.022701784502928923e-06
4.672675427204167065e-01,0.000000000000000000e+00,-8.970978556135933424e-06
4.685765396594125942e-01,0.000000000000000000e+00,-8.911623188112560712e-06
4.698855365984082599e-01,0.000000000000000000e+00,-8.842660099858679068e-06
4.711945335374039256e-01,0.000000000000000000e+00,-8.782083065261847565e-06
4.725035304763995914e-01,0.000000000000000000e+00,-8.731834311312414165e-06
4.738125274153954791e-01,0.000000000000000000e+00,-8.674115423490391663e-06
4.751215243543911448e-01,0.000000000000000000e+00,-8.607027412010914702e-06
4.764305212933868106e-01,0.000000000000000000e+00,-8.548170866651272348e-06
4.777395182323824763e-01,0.000000000000000000e+00,-8.499438727591068776e-06
4.790485151713783640e-01,0.000000000000000000e+00,-8.443361955184913725e-06
4.803575121103740297e-01,0.000000000000000000e+00,-8.378057583191544921e-06
4.816665090493696955e-01,0.000000000000000000e+00,-8.320796106256467262e-06
4.829755059883653612e-01,0.000000000000000000e+00,-8.273493565094658386e-06
4.842845029273612489e-01,0.000000000000000000e+00,-8.219046723795253584e-06
4.855934998663569147e-01,0.000000000000000000e+00,-8.155549584012988795e-06
4.869024968053525804e-01,0.000000000000000000e+00,-8.099872437994370955e-06
4.882114937443482461e-01,0.000000000000000000e+00,-8.053912304906152286e-06
4.895204906833441338e-01,0.000000000000000000e+00,-8.000965349169719687e-06
4.908294876223397996e-01,0.000000000000000000e+00,-7.939179000340801373e-06
4.921384845613354653e-01,0.000000000000000000e+00,-7.885096150780923629e-06
4.934474815003311310e-01,0.000000000000000000e+00,-7.840551040069754229e-06
4.947564784393270187e-01,0.000000000000000000e+00,-7.789084060197404291e-06
4.960654753783226845e-01,0.000000000000000000e+00,-7.728867883638468328e-06
4.973744723173183502e-01,0.000000000000000000e+00,-7.676211029247759221e-06
4.986834692563140159e-01,0.000000000000000000e+00,-7.633015647157126438e-06
4.999924661953099037e-01,0.000000000000000000e+00,-7.583125939944479477e-06
5.013014631343055694e-01,0.000000000000000000e+00,-7.524600103683831698e-06
5.026104600733012351e-01,0.000000000000000000e+00,-7.473280157696549075e-06
5.039194570122969008e-01,0.000000000000000000e+00,-7.431164223234421051e-06
5.052284539512927886e-01,0.000000000000000000e+00,-7.382714137679768918e-06
5.065374508902884543e-01,0.000000000000000000e+00,-7.325960184212387816e-06
5.078464478292841200e-01,0.000000000000000000e+00,-7.276113903914582792e-06
5.091554447682797857e-01,0.000000000000000000e+00,-7.235094776153472296e-06
5.104644417072756735e-01,0.000000000000000000e+00,-7.187919937326481268e-06
5.117734386462713392e-01,0.000000000000000000e+00,-7.132722599889618209e-06
5.130824355852670049e-01,0.000000000000000000e+00,-7.084287111228104727e-06
5.143914325242626706e-01,0.000000000000000000e+00,-7.044472091682907333e-06
5.157004294632585584e-01,0.000000000000000000e+00,-6.998637407232277674e-06
5.170094264022542241e-01,0.000000000000000000e+00,-6.944930439831131785e-06
5.183184233412498898e-01,0.000000000000000000e+00,-6.897786098122860032e-06
5.196274202802455555e-01,0.000000000000000000e+00,-6.859080226975788896e-06
5.209364172192414433e-01,0.000000000000000000e+00,-6.814552361580905604e-06
5.222454141582371090e-01,0.000000000000000000e+00,-6.762340202165484371e-06
5.235544110972327747e-01,0.000000000000000000e+00,-6.716485452862297478e-06
5.248634080362284404e-01,0.000000000000000000e+00,-6.678850487024101668e-06
5.261724049752243282e-01,0.000000000000000000e+00,-6.635561819692825658e-06
5.274814019142199939e-01,0.000000000000000000e+00,-6.584778829407667011e-06
5.287903988532156596e-01,0.000000000000000000e+00,-6.540181029635050436e-06
5.300993957922113253e-01,0.000000000000000000e+00,-6.503608031546703749e-06
5.314083927312072131e-01,0.000000000000000000e+00,-6.461527227386021366e-06
5.327173896702028788e-01,0.000000000000000000e+00,-6.412120475723925850e-06
5.340263866091985445e-01,0.000000000000000000e+00,-6.368749076224311523e-06
5.353353835481942102e-01,0.000000000000000000e+00,-6.333211021322671108e-06
5.366443804871900980e-01,0.000000000000000000e+00,-6.292277095087950300e-06
5.379533774261857637e-01,0.000000000000000000e+00,-6.244245519038127412e-06
5.392623743651814294e-01,0.000000000000000000e+00,-6.202340701436104276e-06
5.405713713041770951e-01,0.000000000000000000e+00,-6.168016613961047057e-06
5.418803682431729829e-01,0.000000000000000000e+00,-6.127465422986477783e-06
5.431893651821686486e-01,0.000000000000000000e+00,-6.078616853075202719e-06
5.444983621211643143e-01,0.000000000000000000e+00,-6.034613520972120781e-06
5.458073590601639768e-01,0.000000000000000000e+00,-5.998547732810610711e-06
5.471163559991597536e-01,1.925975356420472906e-06,-5.960319508252487353e-06
5.484253529381555303e-01,1.935931617458308551e-06,-5.920267249007182819e-06
5.497343498771513071e-01,1.401087151853275259e-06,-5.891856079645596544e-06
5.510433468161469728e-01,4.712558632213870169e-07,-5.879628615687582105e-06
5.523523437551427495e-01,4.796758998892869386e-07,-5.872790344252365458e-06
5.536613406941385263e-01,8.511634138064216870e-07,-5.864245818540392285e-06
5.549703376331343030e-01,6.315736076067945959e-07,-5.857314432450300146e-06
5.562793345721299687e-01,-1.598516348177980717e-07,-5.854067603380808116e-06
5.575883315111257454e-01,3.371943002594690597e-08,-5.851412111179676856e-06
5.588973284501215222e-01,5.459966088694478970e-07,-5.847173497650071106e-06
5.602063253891171879e-01,3.718106637295992556e-07,-5.844066369331546440e-06
5.615153223281129646e-01,-4.009477437560970969e-07,-5.844176120636812577e-06
5.628243192671087414e-01,-1.564655667529724070e-07,-5.844828225118336995e-06
5.641333162061045181e-01,4.063659181929857311e-07,-5.843561847310163593e-06
5.654423131451001838e-01,2.614037643844380199e-07,-5.842283075124798941e-06
5.667513100840959606e-01,-3.954018778506984688e-07,-5.842695669958097859e-06
5.680603070230917373e-01,-1.667931282811618843e-07,-5.842666315300504287e-06
5.693693039620875140e-01,3.867339255225754613e-07,-5.840659059425101773e-06
5.706783009010831798e-01,2.545116374041977991e-07,-5.839344421054715184e-06
5.719872978400789565e-01,-4.303056714560771212e-07,-5.840660634331973355e-06
5.732962947790747332e-01,-1.674755200908872865e-07,-5.841769852105160865e-06
5.746052917180703989e-01,3.781592379237252999e-07,-5.840319977232222293e-06
5.759142886570661757e-01,2.675817968034177596e-07,-5.838484036721491854e-06
5.772232855960619524e-01,-4.342739178819776669e-07,-5.838530935178831704e-06
5.785322825350577292e-01,-1.771088173063706250e-07,-5.838854052489517166e-06
5.798412794740533949e-01,3.945623474055359736e-07,-5.837640277200906169e-06
5.811502764130491716e-01,2.520645098202933809e-07,-5.836818487509054521e-06
5.824592733520449483e-01,-5.198059631061902053e-07,-5.838321491619113957e-06
5.837682702910407251e-01,-2.135023595695173526e-07,-5.840046197469472844e-06
5.850772672300363908e-01,3.699644961219217265e-07,-5.839694748682733305e-06
5.863862641690321675e-01,2.779888968185151299e-07,-5.838844697791945038e-06
5.876952611080279443e-01,-4.290080820867903100e-07,-5.839228145190777930e-06
5.890042580470237210e-01,-1.480488336091934087e-07,-5.839102527743778026e-06
5.903132549860193867e-01,4.001576768553061214e-07,-5.837064286112747524e-06
5.916222519250151635e-01,2.503072290271912692e-07,-5.835616940078058867e-06
5.929312488640109402e-01,-4.529936445951676660e-07,-5.836662879121767844e-06
5.942402458030067169e-01,-1.397412187631452696e-07,-5.837452369122919649e-06
5.955492427420023827e-01,4.321073216462245625e-07,-5.835559746758534061e-06
5.968582396809981594e-01,2.512512731478455663e-07,-5.832943930125789045e-06
5.981672366199939361e-01,-4.171043078426972528e-07,-5.833181190281755413e-06
5.994762335589896018e-01,-1.494304890659048368e-07,-5.836226001143529629e-06
6.007852304979853786e-01,4.062316744379845801e-07,-5.838441702654684207e-06
6.020942274369811553e-01,3.063258278424019210e-07,-5.837840397884819232e-06
6.034032243759769321e-01,-3.633727350960125335e-07,-5.834537151180874126e-06
6.047122213149725978e-01,-7.377754601689545666e-08,-5.828523866463486414e-06
6.060212182539683745e-01,5.445458549357962141e-07,-5.820207032838919936e-06
6.073302151929641512e-01,4.750433854616709084e-07,-5.812644321631643685e-06
6.086392121319599280e-01,-1.837545605398727133e-07,-5.805025678540243206e-06
6.099482090709555937e-01,1.465910991760299709e-07,-5.800553999693591756e-06
6.112572060099513704e-01,9.025663898765134974e-07,-5.824373873947186198e-06
6.125662029489471472e-01,1.152520161834535983e-06,-5.916032436853457810e-06
6.138751998879428129e-01,1.793830869734058808e-06,-6.304953797386936287e-06
6.151841968269385896e-01,2.812268233176595800e-06,-6.988442564470620511e-06
6.164931937659343664e-01,0.000000000000000000e+00,-7.214908270158915116e-06
6.178021907049300321e-01,0.000000000000000000e+00,-6.080501774780033841e-06
6.191111876439258088e-01,8.618014253058969842e-07,-2.712436699595088818e-06
6.204201845829215856e-01,0.000000000000000000e+00,0.000000000000000000e+00
6.217291815219173623e-01,0.000000000000000000e+00,0.000000000000000000e+00
6.230381784609131390e-01,0.000000000000000000e+00,0.000000000000000000e+00
6.243471753999088047e-01,0.000000000000000000e+00,0.000000000000000000e+00
6.256561723389045815e-01,0.000000000000000000e+00,0.000000000000000000e+00
6.269651692779003582e-01,0.000000000000000000e+00,0.000000000000000000e+00
6.282741662168960239e-01,0.000000000000000000e+00,0.000000000000000000e+00
6.295831631558918007e-01,0.000000000000000000e+00,0.000000000000000000e+00
6.308921600948875774e-01,0.000000000000000000e+00,0.000000000000000000e+00
6.322011570338832431e-01,0.000000000000000000e+00,0.000000000000000000e+00
6.335101539728790199e-01,0.000000000000000000e+00,0.000000000000000000e+00
6.348191509118747966e-01,0.000000000000000000e+00,0.000000000000000000e+00
6.361281478508705733e-01,0.000000000000000000e+00,0.000000000000000000e+00
6.374371447898662391e-01,0.000000000000000000e+00,0.000000000000000000e+00
6.387461417288620158e-01,0.000000000000000000e+00,0.000000000000000000e+00
6.400551386678577925e-01,0.000000000000000000e+00,0.000000000000000000e+00
6.413641356068535693e-01,0.000000000000000000e+00,0.000000000000000000e+00
6.426731325458492350e-01,0.000000000000000000e+00,0.000000000000000000e+00
6.439821294848450117e-01,0.000000000000000000e+00,0.000000000000000000e+00
6.452911264238407885e-01,0.000000000000000000e+00,0.000000000000000000e+00
6.466001233628364542e-01,0.000000000000000000e+00,0.000000000000000000e+00
6.479091203018322309e-01,0.000000000000000000e+00,0.000000000000000000e+00
6.492181172408280077e-01,0.000000000000000000e+00,0.000000000000000000e+00
6.505271141798236734e-01,0.000000000000000000e+00,0.000000000000000000e+00
6.518361111188194501e-01,0.000000000000000000e+00,0.000000000000000000e+00
6.531451080578152268e-01,0.000000000000000000e+00,0.000000000000000000e+00
6.544541049968110036e-01,0.000000000000000000e+00,0.000000000000000000e+00
6.557631019358066693e-01,0.000000000000000000e+00,0.000000000000000000e+00
6.570720988748024460e-01,0.000000000000000000e+00,0.000000000000000000e+00
6.583810958137982228e-01,0.000000000000000000e+00,0.000000000000000000e+00
6.596900927527939995e-01,0.000000000000000000e+00,0.000000000000000000e+00
6.609990896917896652e-01,0.000000000000000000e+00,0.000000000000000000e+00
6.623080866307854420e-01,0.000000000000000000e+00,0.000000000000000000e+00
6.636170835697812187e-01,0.000000000000000000e+00,0.000000000000000000e+00
6.649260805087768844e-01,0.000000000000000000e+00,0.000000000000000000e+00
6.662350774477726612e-01,0.000000000000000000e+00,0.000000000000000000e+00
6.675440743867684379e-01,0.000000000000000000e+00,0.000000000000000000e+00
6.688530713257642146e-01,0.000000000000000000e+00,0.000000000000000000e+00
6.701620682647598803e-01,0.000000000000000000e+00,0.000000000000000000e+00
6.714710652037556571e-01,0.000000000000000000e+00,0.000000000000000000e+00
6.727800621427514338e-01,0.000000000000000000e+00,0.000000000000000000e+00
6.740890590817472106e-01,0.000000000000000000e+00,0.000000000000000000e+00
6.753980560207428763e-01,0.000000000000000000e+00,0.000000000000000000e+00
6.767070529597386530e-01,0.000000000000000000e+00,0.000000000000000000e+00
6.780160498987344297e-01,0.000000000000000000e+00,0.000000000000000000e+00
6.793250468377300955e-01,0.000000000000000000e+00,0.000000000000000000e+00
6.806340437767258722e-01,0.000000000000000000e+00,0.000000000000000000e+00
6.819430407157216489e-01,0.000000000000000000e+00,0.000000000000000000e+00
6.832520376547174257e-01,0.000000000000000000e+00,0.000000000000000000e+00
6.845610345937132024e-01,0.000000000000000000e+00,0.000000000000000000e+00
6.858700315327088681e-01,0.000000000000000000e+00,0.000000000000000000e+00
6.871790284717046449e-01,0.000000000000000000e+00,0.000000000000000000e+00
6.884880254107004216e-01,0.000000000000000000e+00,0.000000000000000000e+00
6.897970223496960873e-01,0.000000000000000000e+00,0.000000000000000000e+00
6.911060192886918641e-01,0.000000000000000000e+00,0.000000000000000000e+00
6.924150162276876408e-01,0.000000000000000000e+00,0.000000000000000000e+00
6.937240131666834175e-01,0.000000000000000000e+00,0.000000000000000000e+00
6.950330101056791943e-01,0.000000000000000000e+00,0.000000000000000000e+00
6.963420070446748600e-01,0.000000000000000000e+00,0.000000000000000000e+00
6.976510039836706367e-01,0.000000000000000000e+00,0.000000000000000000e+00
6.989600009226664135e-01,0.000000000000000000e+00,0.000000000000000000e+00
7.002689978616620792e-01,0.000000000000000000e+00,0.000000000000000000e+00
7.015779948006578559e-01,0.000000000000000000e+00,0.000000000000000000e+00
7.028869917396536326e-01,0.000000000000000000e+00,0.000000000000000000e+00
7.041959886786494094e-01,0.000000000000000000e+00,0.000000000000000000e+00
7.055049856176451861e-01,0.000000000000000000e+00,0.000000000000000000e+00
7.068139825566408518e-01,0.000000000000000000e+00,0.000000000000000000e+00
7.081229794956366286e-01,0.000000000000000000e+00,0.000000000000000000e+00
7.094319764346324053e-01,0.000000000000000000e+00,0.000000000000000000e+00
7.107409733736280710e-01,0.000000000000000000e+00,0.000000000000000000e+00
7.120499703126238478e-01,0.000000000000000000e+00,0.000000000000000000e+00
7.133589672516196245e-01,0.000000000000000000e+00,0.000000000000000000e+00
7.146679641906154012e-01,0.000000000000000000e+00,0.000000000000000000e+00
7.159769611296111780e-01,0.000000000000000000e+00,0.000000000000000000e+00
7.172859580686068437e-01,0.000000000000000000e+00,0.000000000000000000e+00
7.185949550076026204e-01,0.000000000000000000e+00,0.000000000000000000e+00
7.199039519465983972e-01,0.000000000000000000e+00,0.000000000000000000e+00
7.212129488855940629e-01,0.000000000000000000e+00,0.000000000000000000e+00
7.225219458245898396e-01,0.000000000000000000e+00,0.000000000000000000e+00
7.238309427635856164e-01,0.000000000000000000e+00,0.000000000000000000e+00
7.251399397025813931e-01,0.000000000000000000e+00,0.000000000000000000e+00
7.264489366415771698e-01,0.000000000000000000e+00,0.000000000000000000e+00
7.277579335805728356e-01,0.000000000000000000e+00,0.000000000000000000e+00
7.290669305195686123e-01,0.000000000000000000e+00,0.000000000000000000e+00
7.303759274585643890e-01,0.000000000000000000e+00,0.000000000000000000e+00
7.316849243975600547e-01,0.000000000000000000e+00,0.000000000000000000e+00
7.329939213365558315e-01,0.000000000000000000e+00,0.000000000000000000e+00
7.343029182755516082e-01,0.000000000000000000e+00,0.000000000000000000e+00
7.356119152145473850e-01,0.000000000000000000e+00,0.000000000000000000e+00
7.369209121535431617e-01,0.000000000000000000e+00,0.000000000000000000e+00
7.382299090925388274e-01,0.000000000000000000e+00,0.000000000000000000e+00
7.395389060315346041e-01,0.000000000000000000e+00,0.000000000000000000e+00
7.408479029705303809e-01,0.000000000000000000e+00,0.000000000000000000e+00
7.421568999095260466e-01,0.000000000000000000e+00,0.000000000000000000e+00
7.434658968485218233e-01,0.000000000000000000e+00,0.000000000000000000e+00
7.447748937875176001e-01,0.000000000000000000e+00,0.000000000000000000e+00
7.460838907265133768e-01,0.000000000000000000e+00,0.000000000000000000e+00
7.473928876655091535e-01,0.000000000000000000e+00,0.000000000000000000e+00
7.487018846045048193e-01,0.000000000000000000e+00,0.000000000000000000e+00
7.500108815435005960e-01,0.000000000000000000e+00,0.000000000000000000e+00
7.513198784824963727e-01,0.000000000000000000e+00,0.000000000000000000e+00
7.526288754214920385e-01,0.000000000000000000e+00,0.000000000000000000e+00
7.539378723604878152e-01,0.000000000000000000e+00,0.000000000000000000e+00
7.552468692994835919e-01,0.000000000000000000e+00,0.000000000000000000e+00
7.565558662384793687e-01,0.000000000000000000e+00,0.000000000000000000e+00
7.578648631774751454e-01,0.000000000000000000e+00,0.000000000000000000e+00
7.591738601164708111e-01,0.000000000000000000e+00,0.000000000000000000e+00
7.604828570554665879e-01,0.000000000000000000e+00,0.000000000000000000e+00
7.617918539944623646e-01,0.000000000000000000e+00,0.000000000000000000e+00
7.631008509334580303e-01,0.000000000000000000e+00,0.000000000000000000e+00
7.644098478724538070e-01,0.000000000000000000e+00,0.000000000000000000e+00
7.657188448114495838e-01,0.000000000000000000e+00,0.000000000000000000e+00
7.670278417504453605e-01,0.000000000000000000e+00,0.000000000000000000e+00
7.683368386894411373e-01,0.000000000000000000e+00,0.000000000000000000e+00
7.696458356284368030e-01,0.000000000000000000e+00,0.000000000000000000e+00
7.709548325674325797e-01,0.000000000000000000e+00,0.000000000000000000e+00
7.722638295064283565e-01,0.000000000000000000e+00,0.000000000000000000e+00
7.735728264454240222e-01,0.000000000000000000e+00,0.000000000000000000e+00
7.748818233844197989e-01,0.000000000000000000e+00,0.000000000000000000e+00
7.761908203234155756e-01,0.000000000000000000e+00,0.000000000000000000e+00
7.774998172624113524e-01,0.000000000000000000e+00,0.000000000000000000e+00
7.788088142014071291e-01,0.000000000000000000e+00,0.000000000000000000e+00
7.801178111404027948e-01,0.000000000000000000e+00,0.000000000000000000e+00
7.814268080793985716e-01,0.000000000000000000e+00,0.000000000000000000e+00
7.827358050183943483e-01,0.000000000000000000e+00,0.000000000000000000e+00
7.840448019573900140e-01,0.000000000000000000e+00,0.000000000000000000e+00
7.853537988963857908e-01,0.000000000000000000e+00,0.000000000000000000e+00
7.866627958353815675e-01,0.000000000000000000e+00,0.000000000000000000e+00
7.879717927743773442e-01,0.000000000000000000e+00,0.000000000000000000e+00
7.892807897133731210e-01,0.000000000000000000e+00,0.000000000000000000e+00
7.905897866523687867e-01,0.000000000000000000e+00,0.000000000000000000e+00
7.918987835913645634e-01,0.000000000000000000e+00,0.000000000000000000e+00
7.932077805303603402e-01,0.000000000000000000e+00,0.000000000000000000e+00
7.945167774693560059e-01,0.000000000000000000e+00,0.000000000000000000e+00
7.958257744083518936e-01,0.000000000000000000e+00,0.000000000000000000e+00
7.971347713473475594e-01,0.000000000000000000e+00,0.000000000000000000e+00
7.984437682863432251e-01,0.000000000000000000e+00,0.000000000000000000e+00
7.997527652253391128e-01,0.000000000000000000e+00,0.000000000000000000e+00
8.010617621643347785e-01,0.000000000000000000e+00,0.000000000000000000e+00
8.023707591033305553e-01,0.000000000000000000e+00,0.000000000000000000e+00
8.036797560423263320e-01,0.000000000000000000e+00,0.000000000000000000e+00
8.049887529813219977e-01,0.000000000000000000e+00,0.000000000000000000e+00
8.062977499203177745e-01,0.000000000000000000e+00,0.000000000000000000e+00
8.076067468593135512e-01,0.000000000000000000e+00,0.000000000000000000e+00
8.089157437983092169e-01,0.000000000000000000e+00,0.000000000000000000e+00
8.102247407373051047e-01,0.000000000000000000e+00,0.000000000000000000e+00
8.115337376763007704e-01,0.000000000000000000e+00,0.000000000000000000e+00
8.128427346152965471e-01,0.000000000000000000e+00,0.000000000000000000e+00
8.141517315542923239e-01,0.000000000000000000e+00,0.000000000000000000e+00
8.154607284932879896e-01,0.000000000000000000e+00,0.000000000000000000e+00
8.167697254322837663e-01,0.000000000000000000e+00,0.000000000000000000e+00
8.180787223712795431e-01,0.000000000000000000e+00,0.000000000000000000e+00
8.193877193102752088e-01,0.000000000000000000e+00,0.000000000000000000e+00
8.206967162492710965e-01,0.000000000000000000e+00,0.000000000000000000e+00
8.220057131882667623e-01,0.000000000000000000e+00,0.000000000000000000e+00
8.233147101272625390e-01,0.000000000000000000e+00,0.000000000000000000e+00
8.246237070662583157e-01,0.000000000000000000e+00,0.000000000000000000e+00
8.259327040052539814e-01,0.000000000000000000e+00,0.000000000000000000e+00
8.272417009442497582e-01,0.000000000000000000e+00,0.000000000000000000e+00
8.285506978832455349e-01,0.000000000000000000e+00,0.000000000000000000e+00
8.298596948222412006e-01,0.000000000000000000e+00,0.000000000000000000e+00
8.311686917612370884e-01,0.000000000000000000e+00,0.000000000000000000e+00
8.324776887002327541e-01,0.000000000000000000e+00,0.000000000000000000e+00
8.337866856392285309e-01,0.000000000000000000e+00,0.000000000000000000e+00
8.350956825782243076e-01,0.000000000000000000e+00,0.000000000000000000e+00
8.364046795172199733e-01,0.000000000000000000e+00,0.000000000000000000e+00
8.377136764562157500e-01,0.000000000000000000e+00,0.000000000000000000e+00
8.390226733952115268e-01,0.000000000000000000e+00,0.000000000000000000e+00
8.403316703342071925e-01,0.000000000000000000e+00,0.000000000000000000e+00
8.416406672732030803e-01,0.000000000000000000e+00,0.000000000000000000e+00
8.429496642121987460e-01,0.000000000000000000e+00,0.000000000000000000e+00
8.442586611511945227e-01,0.000000000000000000e+00,0.000000000000000000e+00
8.455676580901902994e-01,0.000000000000000000e+00,0.000000000000000000e+00
8.468766550291859652e-01,0.000000000000000000e+00,0.000000000000000000e+00
8.481856519681817419e-01,0.000000000000000000e+00,0.000000000000000000e+00
8.494946489071775186e-01,0.000000000000000000e+00,0.000000000000000000e+00
8.508036458461731844e-01,0.000000000000000000e+00,0.000000000000000000e+00
8.521126427851690721e-01,0.000000000000000000e+00,0.000000000000000000e+00
8.534216397241647378e-01,0.000000000000000000e+00,0.000000000000000000e+00
8.547306366631605146e-01,0.000000000000000000e+00,0.000000000000000000e+00
8.560396336021562913e-01,0.000000000000000000e+00,0.000000000000000000e+00
8.573486305411519570e-01,0.000000000000000000e+00,0.000000000000000000e+00
8.586576274801477338e-01,0.000000000000000000e+00,0.000000000000000000e+00
8.599666244191435105e-01,0.000000000000000000e+00,0.000000000000000000e+00
8.612756213581391762e-01,0.000000000000000000e+00,0.000000000000000000e+00
8.625846182971350640e-01,0.000000000000000000e+00,0.000000000000000000e+00
8.638936152361307297e-01,0.000000000000000000e+00,0.000000000000000000e+00
8.652026121751265064e-01,0.000000000000000000e+00,0.000000000000000000e+00
8.665116091141222832e-01,0.000000000000000000e+00,0.000000000000000000e+00
8.678206060531179489e-01,0.000000000000000000e+00,0.000000000000000000e+00
8.691296029921137256e-01,0.000000000000000000e+00,0.000000000000000000e+00
8.704385999311095024e-01,0.000000000000000000e+00,0.000000000000000000e+00
8.717475968701051681e-01,0.000000000000000000e+00,0.000000000000000000e+00
8.730565938091010558e-01,0.000000000000000000e+00,0.000000000000000000e+00
8.743655907480967215e-01,0.000000000000000000e+00,0.000000000000000000e+00
8.756745876870924983e-01,0.000000000000000000e+00,0.000000000000000000e+00
8.769835846260882750e-01,0.000000000000000000e+00,0.000000000000000000e+00
8.782925815650839407e-01,0.000000000000000000e+00,0.000000000000000000e+00
8.796015785040797175e-01,0.000000000000000000e+00,0.000000000000000000e+00
8.809105754430754942e-01,0.000000000000000000e+00,0.000000000000000000e+00
8.822195723820711599e-01,0.000000000000000000e+00,0.000000000000000000e+00
8.835285693210670477e-01,0.000000000000000000e+00,0.000000000000000000e+00
8.848375662600627134e-01,0.000000000000000000e+00,0.000000000000000000e+00
8.861465631990584901e-01,0.000000000000000000e+00,0.000000000000000000e+00
8.874555601380542669e-01,0.000000000000000000e+00,0.000000000000000000e+00
8.887645570770499326e-01,0.000000000000000000e+00,0.000000000000000000e+00
8.900735540160457093e-01,0.000000000000000000e+00,0.000000000000000000e+00
8.913825509550414861e-01,0.000000000000000000e+00,0.000000000000000000e+00
8.926915478940371518e-01,0.000000000000000000e+00,0.000000000000000000e+00
8.940005448330330395e-01,0.000000000000000000e+00,0.000000000000000000e+00
8.953095417720287053e-01,0.000000000000000000e+00,0.000000000000000000e+00
8.966185387110244820e-01,0.000000000000000000e+00,0.000000000000000000e+00
8.979275356500202587e-01,0.000000000000000000e+00,0.000000000000000000e+00
8.992365325890159244e-01,0.000000000000000000e+00,0.000000000000000000e+00
9.005455295280117012e-01,0.000000000000000000e+00,0.000000000000000000e+00
9.018545264670074779e-01,0.000000000000000000e+00,0.000000000000000000e+00
9.031635234060031436e-01,0.000000000000000000e+00,0.000000000000000000e+00
9.044725203449990314e-01,0.000000000000000000e+00,0.000000000000000000e+00
9.057815172839946971e-01,0.000000000000000000e+00,0.000000000000000000e+00
9.070905142229904738e-01,0.000000000000000000e+00,0.000000000000000000e+00
9.083995111619862506e-01,0.000000000000000000e+00,0.000000000000000000e+00
9.097085081009819163e-01,0.000000000000000000e+00,0.000000000000000000e+00
9.110175050399776930e-01,0.000000000000000000e+00,0.000000000000000000e+00
9.123265019789734698e-01,0.000000000000000000e+00,0.000000000000000000e+00
9.136354989179691355e-01,0.000000000000000000e+00,0.000000000000000000e+00
9.149444958569650233e-01,0.000000000000000000e+00,0.000000000000000000e+00
9.162534927959606890e-01,0.000000000000000000e+00,0.000000000000000000e+00
9.175624897349564657e-01,0.000000000000000000e+00,0.000000000000000000e+00
9.188714866739522424e-01,0.000000000000000000e+00,0.000000000000000000e+00
9.201804836129479082e-01,0.000000000000000000e+00,0.000000000000000000e+00
9.214894805519436849e-01,0.000000000000000000e+00,0.000000000000000000e+00
9.227984774909394616e-01,0.000000000000000000e+00,0.000000000000000000e+00
9.241074744299351273e-01,0.000000000000000000e+00,0.000000000000000000e+00
9.254164713689310151e-01,0.000000000000000000e+00,0.000000000000000000e+00
9.267254683079266808e-01,0.000000000000000000e+00,0.000000000000000000e+00
9.280344652469224576e-01,0.000000000000000000e+00,0.000000000000000000e+00
9.293434621859182343e-01,0.000000000000000000e+00,0.000000000000000000e+00
9.306524591249139000e-01,0.000000000000000000e+00,0.000000000000000000e+00
9.319614560639096768e-01,0.000000000000000000e+00,0.000000000000000000e+00
9.332704530029054535e-01,0.000000000000000000e+00,0.000000000000000000e+00
9.345794499419011192e-01,0.000000000000000000e+00,0.000000000000000000e+00
9.358884468808970070e-01,0.000000000000000000e+00,0.000000000000000000e+00
9.371974438198926727e-01,0.000000000000000000e+00,0.000000000000000000e+00
9.385064407588884494e-01,0.000000000000000000e+00,0.000000000000000000e+00
9.398154376978842262e-01,0.000000000000000000e+00,0.000000000000000000e+00
9.411244346368798919e-01,0.000000000000000000e+00,0.000000000000000000e+00
9.424334315758756686e-01,0.000000000000000000e+00,0.000000000000000000e+00
9.437424285148714453e-01,0.000000000000000000e+00,0.000000000000000000e+00
9.450514254538671111e-01,0.000000000000000000e+00,-3.046822011576466593e-06
9.463604223928629988e-01,0.000000000000000000e+00,-6.335122016878913520e-06
9.476694193318586645e-01,0.000000000000000000e+00,-7.153497968509503480e-06
9.489784162708544413e-01,0.000000000000000000e+00,-6.768253218186748299e-06
9.502874132098502180e-01,0.000000000000000000e+00,-6.335512191549264038e-06
9.515964101488458837e-01,0.000000000000000000e+00,-6.037163914604515291e-06
9.529054070878416605e-01,0.000000000000000000e+00,-5.887260416698181231e-06
9.542144040268374372e-01,0.000000000000000000e+00,-5.868013445056718957e-06
9.555234009658331029e-01,0.000000000000000000e+00,-5.913190969361603599e-06
9.568323979048289907e-01,0.000000000000000000e+00,-5.971911638119609123e-06
9.581413948438246564e-01,0.000000000000000000e+00,-6.023067438118423489e-06
9.594503917828204331e-01,0.000000000000000000e+00,-6.062803613204881259e-06
9.607593887218162099e-01,0.000000000000000000e+00,-6.104686159011385449e-06
9.620683856608118756e-01,0.000000000000000000e+00,-6.150361237397539149e-06
9.633773825998076523e-01,0.000000000000000000e+00,-6.189402032397151032e-06
9.646863795388034291e-01,0.000000000000000000e+00,-6.224588738723557668e-06
9.659953764777990948e-01,0.000000000000000000e+00,-6.267602305140562713e-06
9.673043734167949825e-01,0.000000000000000000e+00,-6.315427349398716750e-06
9.686133703557906482e-01,0.000000000000000000e+00,-6.354725472862421398e-06
9.699223672947864250e-01,0.000000000000000000e+00,-6.388312902574910801e-06
9.712313642337822017e-01,0.000000000000000000e+00,-6.431270415510614846e-06
9.725403611727778674e-01,0.000000000000000000e+00,-6.481669071620177469e-06
9.738493581117736442e-01,0.000000000000000000e+00,-6.524544886546412847e-06
9.751583550507694209e-01,0.000000000000000000e+00,-6.560910687430920873e-06
9.764673519897650866e-01,0.000000000000000000e+00,-6.604825208270104220e-06
9.777763489287609744e-01,0.000000000000000000e+00,-6.654999969671338000e-06
9.790853458677566401e-01,0.000000000000000000e+00,-6.697790719267793236e-06
9.803943428067524168e-01,0.000000000000000000e+00,-6.735109855188214922e-06
9.817033397457481936e-01,0.000000000000000000e+00,-6.780872849443397854e-06
9.830123366847438593e-01,0.000000000000000000e+00,-6.833120152385796509e-06
9.843213336237396360e-01,0.000000000000000000e+00,-6.877642407546180614e-06
9.856303305627354128e-01,0.000000000000000000e+00,-6.916193538555881481e-06
9.869393275017310785e-01,0.000000000000000000e+00,-6.963057943912276393e-06
9.882483244407269662e-01,0.000000000000000000e+00,-7.016435671025611498e-06
9.895573213797226320e-01,0.000000000000000000e+00,-7.061945264841273939e-06
9.908663183187184087e-01,0.000000000000000000e+00,-7.101489284899731302e-06
9.921753152577141854e-01,0.000000000000000000e+00,-7.149751768811829500e-06
9.934843121967098512e-01,0.000000000000000000e+00,-7.204914781552829162e-06
9.947933091357056279e-01,0.000000000000000000e+00,-7.252234689295034009e-06
9.961023060747014046e-01,0.000000000000000000e+00,-7.293302209429586291e-06
9.974113030136970703e-01,0.000000000000000000e+00,-7.342720067304853160e-06
9.987202999526929581e-01,0.000000000000000000e+00,-7.398825525264940417e-06
1.000029296891688624e+00,0.000000000000000000e+00,-7.447081478748063255e-06
1.001338293830684290e+00,0.000000000000000000e+00,-7.489542462227327668e-06
1.002647290769680177e+00,0.000000000000000000e+00,-7.541087136561652748e-06
1.003956287708675843e+00,0.000000000000000000e+00,-7.599408417865993748e-06
1.005265284647671731e+00,0.000000000000000000e+00,-7.648860031669868498e-06
1.006574281586667396e+00,0.000000000000000000e+00,-7.691688874669755371e-06
1.007883278525663062e+00,0.000000000000000000e+00,-7.744310900684170385e-06
1.009192275464658950e+00,0.000000000000000000e+00,-7.804737021638308292e-06
1.010501272403654616e+00,0.000000000000000000e+00,-7.856383596072102904e-06
1.011810269342650503e+00,0.000000000000000000e+00,-7.900832349513886577e-06
1.013119266281646169e+00,0.000000000000000000e+00,-7.954539572058161312e-06
1.014428263220641835e+00,0.000000000000000000e+00,-8.015961889859535283e-06
1.015737260159637501e+00,0.000000000000000000e+00,-8.068923948084671949e-06
1.017046257098633388e+00,0.000000000000000000e+00,-8.115218644730304298e-06
1.018355254037629054e+00,0.000000000000000000e+00,-8.171030060719064458e-06
1.019664250976624942e+00,0.000000000000000000e+00,-8.234316090885429595e-06
1.020973247915620608e+00,0.000000000000000000e+00,-8.288466932335203374e-06
1.022282244854616273e+00,0.000000000000000000e+00,-8.335663450945163255e-06
1.023591241793612161e+00,0.000000000000000000e+00,-8.393095202272049526e-06
1.024900238732607827e+00,0.000000000000000000e+00,-8.458608241571075048e-06
1.026209235671603714e+00,0.000000000000000000e+00,-8.514577726811967118e-06
1.027518232610599380e+00,0.000000000000000000e+00,-8.563003376649280796e-06
1.028827229549595046e+00,0.000000000000000000e+00,-8.621883635553939662e-06
1.030136226488590934e+00,0.000000000000000000e+00,-8.689299347275358798e-06
1.031445223427586599e+00,0.000000000000000000e+00,-8.747130942968195377e-06
1.032754220366582487e+00,0.000000000000000000e+00,-8.797145797392880162e-06
1.034063217305578153e+00,0.000000000000000000e+00,-8.857534397263555626e-06
1.035372214244573819e+00,0.000000000000000000e+00,-8.926570980824499735e-06
1.036681211183569484e+00,0.000000000000000000e+00,-8.986165513188981713e-06
1.037990208122565372e+00,0.000000000000000000e+00,-9.038085240914428553e-06
1.039299205061561038e+00,0.000000000000000000e+00,-9.100412149784520288e-06
1.040608202000556926e+00,0.000000000000000000e+00,-9.171237199165349629e-06
1.041917198939552591e+00,0.000000000000000000e+00,-9.232291587724095194e-06
1.043226195878548257e+00,0.000000000000000000e+00,-9.285647548568087828e-06
1.044535192817544145e+00,0.000000000000000000e+00,-9.349966855906610697e-06
1.045844189756539810e+00,0.000000000000000000e+00,-9.423136399747122915e-06
1.047153186695535698e+00,0.000000000000000000e+00,-9.486115886234158801e-06
1.048462183634531364e+00,0.000000000000000000e+00,-9.540898253168617060e-06
1.049771180573527030e+00,0.000000000000000000e+00,-9.606852958199407766e-06
1.051080177512522695e+00,0.000000000000000000e+00,-9.682049901205136422e-06
1.052389174451518583e+00,0.000000000000000000e+00,-9.747013100497303739e-06
1.053698171390514249e+00,0.000000000000000000e+00,-9.803684270073831364e-06
1.055007168329510137e+00,0.000000000000000000e+00,-9.871720983267717742e-06
1.056316165268505802e+00,0.000000000000000000e+00,-9.949051930815966394e-06
1.057625162207501468e+00,0.000000000000000000e+00,-1.001567797564995033e-05
1.058934159146497134e+00,0.000000000000000000e+00,-1.007381121001516000e-05
1.060243156085493021e+00,0.000000000000000000e+00,-1.014398950258121879e-05
1.061552153024488909e+00,0.000000000000000000e+00,-1.022397405546493498e-05
1.062861149963484575e+00,0.000000000000000000e+00,-1.029274323513518219e-05
1.064170146902480241e+00,0.000000000000000000e+00,-1.035237693895740829e-05
1.065479143841475906e+00,0.000000000000000000e+00,-1.042432009047689068e-05
1.066788140780471794e+00,0.000000000000000000e+00,-1.050660712260953478e-05
1.068097137719467682e+00,0.000000000000000000e+00,-1.057770721243911360e-05
1.069406134658463348e+00,0.000000000000000000e+00,-1.063944799463423241e-05
1.070715131597459013e+00,0.000000000000000000e+00,-1.071341782470092152e-05
1.072024128536454679e+00,0.000000000000000000e+00,-1.079777379664470516e-05
1.073333125475450567e+00,0.000000000000000000e+00,-1.087094462325077782e-05
1.074642122414446233e+00,0.000000000000000000e+00,-1.093484644729136868e-05
1.075951119353442120e+00,0.000000000000000000e+00,-1.101117227235437479e-05
1.077260116292437786e+00,0.000000000000000000e+00,-1.109790392515852542e-05
1.078569113231433452e+00,0.000000000000000000e+00,-1.117313052988178068e-05
1.079878110170429117e+00,0.000000000000000000e+00,-1.123895148374964847e-05
1.081187107109425005e+00,0.000000000000000000e+00,-1.131763528791629447e-05
1.082496104048420893e+00,0.000000000000000000e+00,-1.140704390238667099e-05
1.083805100987416559e+00,0.000000000000000000e+00,-1.148458755585723967e-05
1.085114097926412224e+00,0.000000000000000000e+00,-1.155235745860239138e-05
1.086423094865407890e+00,0.000000000000000000e+00,-1.163329967514281638e-05
1.087732091804403778e+00,0.000000000000000000e+00,-1.172533751031545890e-05
1.089041088743399666e+00,0.000000000000000000e+00,-1.180531361126557766e-05
1.090350085682395331e+00,0.000000000000000000e+00,-1.187527904759899666e-05
1.091659082621390997e+00,0.000000000000000000e+00,-1.195866148549773467e-05
1.092968079560386663e+00,0.000000000000000000e+00,-1.205336178809746084e-05
1.094277076499382551e+00,0.000000000000000000e+00,-1.213570373839734096e-05
1.095586073438378216e+00,0.000000000000000000e+00,-1.220783806149539075e-05
1.096895070377374104e+00,0.000000000000000000e+00,-1.229381530744311224e-05
1.098204067316369770e+00,0.000000000000000000e+00,-1.239142903218526381e-05
1.099513064255365435e+00,0.000000000000000000e+00,-1.247626610505203626e-05
1.100822061194361101e+00,0.000000000000000000e+00,-1.255053565361874401e-05
1.102131058133356989e+00,0.000000000000000000e+00,-1.263909736047563737e-05
1.103440055072352877e+00,0.000000000000000000e+00,-1.273972901080777653e-05
1.104749052011348542e+00,0.000000000000000000e+00,-1.282722618491105582e-05
1.106058048950344208e+00,0.000000000000000000e+00,-1.290377366712502916e-05
1.107367045889339874e+00,0.000000000000000000e+00,-1.299497853546327519e-05
1.108676042828335762e+00,0.000000000000000000e+00,-1.309864698346985268e-05
1.109985039767331649e+00,0.000000000000000000e+00,-1.318888220062930383e-05
1.111294036706327315e+00,0.000000000000000000e+00,-1.326785678991415640e-05
1.112603033645322981e+00,0.000000000000000000e+00,-1.336183172719052070e-05
1.113912030584318646e+00,0.000000000000000000e+00,-1.346860609387212637e-05
1.115221027523314534e+00,0.000000000000000000e+00,-1.356163204420390844e-05
1.116530024462310200e+00,0.000000000000000000e+00,-1.364311681723018310e-05
1.117839021401306088e+00,0.000000000000000000e+00,-1.373999337951625765e-05
1.119148018340301753e+00,0.000000000000000000e+00,-1.385001563820875692e-05
1.120457015279297419e+00,0.000000000000000000e+00,-1.394592579584408298e-05
1.121766012218293085e+00,0.000000000000000000e+00,-1.402996387718513649e-05
1.123075009157288973e+00,0.000000000000000000e+00,-1.412980539125530122e-05
1.124384006096284860e+00,0.000000000000000000e+00,-1.424319854000100083e-05
1.125693003035280526e+00,0.000000000000000000e+00,-1.434216850189351522e-05
1.127001999974276192e+00,0.000000000000000000e+00,-1.442891299975601616e-05
1.128310996913271858e+00,0.000000000000000000e+00,-1.453176076023077190e-05
1.129619993852267745e+00,0.000000000000000000e+00,-1.464851615023965437e-05
1.130928990791263633e+00,0.000000000000000000e+00,-1.475064416701921122e-05
1.132237987730259299e+00,0.000000000000000000e+00,-1.484031955828468696e-05
1.133546984669254964e+00,0.000000000000000000e+00,-1.494636638049717803e-05
1.134855981608250630e+00,0.000000000000000000e+00,-1.506656349165025333e-05
1.136164978547246518e+00,0.000000000000000000e+00,-1.517185028342138420e-05
1.137473975486242184e+00,0.000000000000000000e+00,-1.526448567137905776e-05
1.138782972425238071e+00,0.000000000000000000e+00,-1.537389959724300148e-05
1.140091969364233737e+00,0.000000000000000000e+00,-1.549777988879563750e-05
1.141400966303229403e+00,0.000000000000000000e+00,-1.560637083591887020e-05
1.142709963242225069e+00,0.000000000000000000e+00,-1.570199722963905309e-05
1.144018960181220956e+00,0.000000000000000000e+00,-1.581484726076443081e-05
1.145327957120216844e+00,0.000000000000000000e+00,-1.594255487245843650e-05
1.146636954059212510e+00,0.000000000000000000e+00,-1.605457174196078807e-05
1.147945950998208176e+00,0.000000000000000000e+00,-1.615327870403693300e-05
1.149254947937203841e+00,0.000000000000000000e+00,-1.626970454066123395e-05
1.150563944876199729e+00,0.000000000000000000e+00,-1.640143570935670425e-05
1.151872941815195617e+00,0.000000000000000000e+00,-1.651705773443590264e-05
1.153181938754191282e+00,0.000000000000000000e+00,-1.661893522959811964e-05
1.154490935693186948e+00,0.000000000000000000e+00,-1.673894072967696545e-05
1.155799932632182614e+00,0.000000000000000000e+00,-1.687473059251709540e-05
1.157108929571178502e+00,0.000000000000000000e+00,-1.699417887811305317e-05
1.158417926510174167e+00,0.000000000000000000e+00,-1.709957473253198579e-05
1.159726923449170055e+00,0.000000000000000000e+00,-1.722335799983487625e-05
1.161035920388165721e+00,0.000000000000000000e+00,-1.736318676368031610e-05
1.162344917327161387e+00,0.000000000000000000e+00,-1.748636517553969760e-05
1.163653914266157052e+00,0.000000000000000000e+00,-1.759534853786048902e-05
1.164962911205152940e+00,0.000000000000000000e+00,-1.772329705969355462e-05
1.166271908144148828e+00,0.000000000000000000e+00,-1.786763837643978725e-05
1.167580905083144494e+00,0.000000000000000000e+00,-1.799468606350496103e-05
1.168889902022140159e+00,0.000000000000000000e+00,-1.810702819170229017e-05
1.170198898961135825e+00,0.000000000000000000e+00,-1.823900813117951270e-05
1.171507895900131713e+00,0.000000000000000000e+00,-1.838807632260908154e-05
1.172816892839127600e+00,0.000000000000000000e+00,-1.851948902727162949e-05
1.174125889778123266e+00,0.000000000000000000e+00,-1.863568007867688614e-05
1.175434886717118932e+00,0.000000000000000000e+00,-1.877181687422180278e-05
1.176743883656114598e+00,0.000000000000000000e+00,-1.892546378731707613e-05
1.178052880595110485e+00,0.000000000000000000e+00,-1.906120490932639022e-05
1.179361877534106151e+00,0.000000000000000000e+00,-1.918147699483951918e-05
1.180670874473102039e+00,0.000000000000000000e+00,-1.932209925394057226e-05
1.181979871412097705e+00,0.000000000000000000e+00,-1.948064252653425310e-05
1.183288868351093370e+00,0.000000000000000000e+00,-1.962108129335837781e-05
1.184597865290089036e+00,0.000000000000000000e+00,-1.974651681181660567e-05
1.185906862229084924e+00,0.000000000000000000e+00,-1.989411333777613144e-05
1.187215859168080812e+00,0.000000000000000000e+00,-2.006053518435746419e-05
1.188524856107076477e+00,0.000000000000000000e+00,-2.020708419865624439e-05
1.189833853046072143e+00,-6.491853777768064049e-06,-2.032520935051074229e-05
1.191142849985067809e+00,-5.343232025500910254e-06,-2.043636261235548535e-05
1.192451846924063696e+00,-4.628840664128164306e-06,-2.053807933621865089e-05
1.193760843863059584e+00,-2.704369085879121393e-06,-2.060560209894701789e-05
1.195069840802055250e+00,-1.457218871514509573e-06,-2.064046022373644540e-05
1.196378837741050916e+00,-1.606385043678715263e-06,-2.066894654233208950e-05
1.197687834680046581e+00,-1.964965865339229900e-06,-2.069857927057550118e-05
1.198996831619042469e+00,-6.952798221049327765e-07,-2.071810822561193088e-05
1.200305828558038135e+00,4.039357910656793393e-08,-2.072766125611746890e-05
1.201614825497034023e+00,-4.855776172402181956e-07,-2.073714435008033874e-05
1.202923822436029688e+00,-1.180229210487326874e-06,-2.074761234877042781e-05
1.204232819375025354e+00,-8.782022502262787356e-08,-2.075269127113643641e-05
1.205541816314021020e+00,5.451056614841354175e-07,-2.075360810316340121e-05
1.206850813253016907e+00,-1.032114132493155978e-07,-2.075673230139685188e-05
1.208159810192012795e+00,-8.547464389330183820e-07,-2.076144140267244254e-05
1.209468807131008461e+00,8.677612735319417681e-08,-2.076253199757849277e-05
1.210777804070004127e+00,5.988542519930195596e-07,-2.076150548571686905e-05
1.212086801008999792e+00,-4.641792723802939946e-08,-2.076367995330896665e-05
1.213395797947995680e+00,-8.765979407215906960e-07,-2.076747796850297867e-05
1.214704794886991568e+00,1.370785174675814844e-07,-2.076735232445225954e-05
1.216013791825987234e+00,6.960870767430682449e-07,-2.076499639842854794e-05
1.217322788764982899e+00,1.142330735559582422e-08,-2.076638926327978307e-05
1.218631785703978565e+00,-7.932828586798557069e-07,-2.076996786540274975e-05
1.219940782642974453e+00,2.111197074938786500e-07,-2.076961388033926603e-05
1.221249779581970119e+00,6.819919184108957921e-07,-2.076667482477090321e-05
1.222558776520966006e+00,-1.135641312932644809e-08,-2.076729990137249349e-05
1.223867773459961672e+00,-8.560796259382552620e-07,-2.077032216167562506e-05
1.225176770398957338e+00,1.645260879340471050e-07,-2.076993957106365585e-05
1.226485767337953003e+00,6.549023864044212218e-07,-2.076764248408469182e-05
1.227794764276948891e+00,-2.001310920457521902e-08,-2.076946100772192327e-05
1.229103761215944779e+00,-9.115141662227599362e-07,-2.077405582683045093e-05
1.230412758154940445e+00,9.422726654495505727e-08,-2.077548521792205172e-05
1.231721755093936110e+00,5.816370437922158132e-07,-2.077476424323931870e-05
1.233030752032931776e+00,-1.075542087128344981e-07,-2.077737484719455185e-05
1.234339748971927664e+00,-9.609345090130783085e-07,-2.078213249386007266e-05
1.235648745910923552e+00,1.159689853869050324e-08,-2.078372947679485438e-05
1.236957742849919217e+00,5.340017227017934687e-07,-2.078423424596576030e-05
1.238266739788914883e+00,-2.669765058541107017e-07,-2.078961939235013379e-05
1.239575736727910549e+00,-1.113929757684539723e-06,-2.079731557347308524e-05
1.240884733666906437e+00,-3.469056904376044415e-07,-2.079964738119222112e-05
1.242193730605902102e+00,-4.034393236151956330e-08,-2.080232106675683479e-05
1.243502727544897990e+00,-1.007572150969748837e-06,-2.081962533703740625e-05
1.244811724483893656e+00,-2.102071717684228513e-06,-2.084903537358240300e-05
1.246120721422889321e+00,-1.557179053979229622e-06,-2.087601688603724082e-05
1.247429718361884987e+00,-1.726332221896331731e-06,-2.090680512392695256e-05
1.248738715300880875e+00,-3.183225542609247061e-06,-2.095378950138504504e-05
1.250047712239876763e+00,-5.009528135979657293e-06,-2.098907485459378108e-05
1.251356709178872428e+00,-5.341283491444581699e-06,-2.095809671744108815e-05
1.252665706117868094e+00,-7.202319694567249631e-06,-2.096545973789831763e-05
1.253974703056863760e+00,0.000000000000000000e+00,-2.060098634157347952e-05
1.255283699995859648e+00,-4.950110568821552981e-06,-1.859959066391470017e-05
1.256592696934855535e+00,4.047045055660669632e-06,-1.390754723325227094e-05
