# Exudyn: solution of belt drive, contact forces over belt length
# Exudyn output file
# Exudyn version=1.2.34.dev1
# endTime=2.45
# stepSize=5e-05
# nSegments=4
# nANCFnodes=240
# contactStiffnessPerArea=100000000.0
# frictionStiffnessPerArea=100000000.0
# contactStiffness=418879.02047863905
# frictionStiffness=523598.7755982988
# contactDamping=8.377580409572781
# frictionVelocityPenalty=33.70609928242229
# dryFriction=0.5
# 
1.027927047504650915e-03,6.771306318636844480e+03,-2.660666452578417739e+04
2.336923986500538675e-03,0.000000000000000000e+00,0.000000000000000000e+00
3.645920925496204390e-03,0.000000000000000000e+00,0.000000000000000000e+00
4.954917864491870105e-03,0.000000000000000000e+00,0.000000000000000000e+00
6.263914803487535821e-03,0.000000000000000000e+00,0.000000000000000000e+00
7.572911742483423581e-03,0.000000000000000000e+00,0.000000000000000000e+00
8.881908681479089296e-03,0.000000000000000000e+00,0.000000000000000000e+00
1.019090562047475501e-02,0.000000000000000000e+00,0.000000000000000000e+00
1.149990255947042073e-02,0.000000000000000000e+00,0.000000000000000000e+00
1.280889949846630849e-02,0.000000000000000000e+00,0.000000000000000000e+00
1.411789643746197420e-02,0.000000000000000000e+00,0.000000000000000000e+00
1.542689337645763992e-02,0.000000000000000000e+00,0.000000000000000000e+00
1.673589031545330563e-02,0.000000000000000000e+00,0.000000000000000000e+00
1.804488725444919339e-02,0.000000000000000000e+00,0.000000000000000000e+00
1.935388419344485911e-02,0.000000000000000000e+00,0.000000000000000000e+00
2.066288113244052482e-02,0.000000000000000000e+00,0.000000000000000000e+00
2.197187807144018734e-02,0.000000000000000000e+00,0.000000000000000000e+00
2.328087501043607510e-02,0.000000000000000000e+00,0.000000000000000000e+00
2.458987194943174082e-02,0.000000000000000000e+00,0.000000000000000000e+00
2.589886888842740653e-02,0.000000000000000000e+00,0.000000000000000000e+00
2.720786582742329429e-02,0.000000000000000000e+00,0.000000000000000000e+00
2.851686276641896001e-02,0.000000000000000000e+00,0.000000000000000000e+00
2.982585970541462572e-02,0.000000000000000000e+00,0.000000000000000000e+00
3.113485664441051348e-02,0.000000000000000000e+00,0.000000000000000000e+00
3.244385358340617920e-02,0.000000000000000000e+00,0.000000000000000000e+00
3.375285052240184491e-02,0.000000000000000000e+00,0.000000000000000000e+00
3.506184746139773267e-02,0.000000000000000000e+00,0.000000000000000000e+00
3.637084440039339839e-02,0.000000000000000000e+00,0.000000000000000000e+00
3.767984133938928615e-02,0.000000000000000000e+00,0.000000000000000000e+00
3.898883827838495186e-02,0.000000000000000000e+00,0.000000000000000000e+00
4.029783521738061758e-02,0.000000000000000000e+00,0.000000000000000000e+00
4.160683215637650534e-02,0.000000000000000000e+00,0.000000000000000000e+00
4.291582909537217105e-02,0.000000000000000000e+00,0.000000000000000000e+00
4.422482603436783677e-02,0.000000000000000000e+00,0.000000000000000000e+00
4.553382297336372453e-02,0.000000000000000000e+00,0.000000000000000000e+00
4.684281991235939024e-02,0.000000000000000000e+00,0.000000000000000000e+00
4.815181685135527800e-02,0.000000000000000000e+00,0.000000000000000000e+00
4.946081379035094372e-02,0.000000000000000000e+00,0.000000000000000000e+00
5.076981072934660943e-02,0.000000000000000000e+00,0.000000000000000000e+00
5.207880766834249719e-02,0.000000000000000000e+00,0.000000000000000000e+00
5.338780460733816291e-02,0.000000000000000000e+00,0.000000000000000000e+00
5.469680154633382863e-02,0.000000000000000000e+00,0.000000000000000000e+00
5.600579848532971639e-02,0.000000000000000000e+00,0.000000000000000000e+00
5.731479542432538210e-02,0.000000000000000000e+00,0.000000000000000000e+00
5.862379236332104782e-02,0.000000000000000000e+00,0.000000000000000000e+00
5.993278930231693558e-02,0.000000000000000000e+00,0.000000000000000000e+00
6.124178624131260129e-02,0.000000000000000000e+00,0.000000000000000000e+00
6.255078318030848905e-02,0.000000000000000000e+00,0.000000000000000000e+00
6.385978011930415477e-02,0.000000000000000000e+00,0.000000000000000000e+00
6.516877705829982048e-02,0.000000000000000000e+00,0.000000000000000000e+00
6.647777399729570824e-02,0.000000000000000000e+00,0.000000000000000000e+00
6.778677093629137396e-02,0.000000000000000000e+00,0.000000000000000000e+00
6.909576787528703967e-02,0.000000000000000000e+00,0.000000000000000000e+00
7.040476481428292743e-02,0.000000000000000000e+00,0.000000000000000000e+00
7.171376175327859315e-02,0.000000000000000000e+00,0.000000000000000000e+00
7.302275869227425886e-02,0.000000000000000000e+00,0.000000000000000000e+00
7.433175563127014662e-02,0.000000000000000000e+00,0.000000000000000000e+00
7.564075257026581234e-02,0.000000000000000000e+00,0.000000000000000000e+00
7.694974950926170010e-02,0.000000000000000000e+00,0.000000000000000000e+00
7.825874644825736581e-02,0.000000000000000000e+00,0.000000000000000000e+00
7.956774338725303153e-02,0.000000000000000000e+00,0.000000000000000000e+00
8.087674032624891929e-02,0.000000000000000000e+00,0.000000000000000000e+00
8.218573726524458500e-02,0.000000000000000000e+00,0.000000000000000000e+00
8.349473420424025072e-02,0.000000000000000000e+00,0.000000000000000000e+00
8.480373114323613848e-02,0.000000000000000000e+00,0.000000000000000000e+00
8.611272808223180419e-02,0.000000000000000000e+00,0.000000000000000000e+00
8.742172502122746991e-02,0.000000000000000000e+00,0.000000000000000000e+00
8.873072196022335767e-02,0.000000000000000000e+00,0.000000000000000000e+00
9.003971889921902338e-02,0.000000000000000000e+00,0.000000000000000000e+00
9.134871583821491114e-02,0.000000000000000000e+00,0.000000000000000000e+00
9.265771277721057686e-02,0.000000000000000000e+00,0.000000000000000000e+00
9.396670971620624258e-02,0.000000000000000000e+00,0.000000000000000000e+00
9.527570665520213034e-02,0.000000000000000000e+00,0.000000000000000000e+00
9.658470359419779605e-02,0.000000000000000000e+00,0.000000000000000000e+00
9.789370053319346177e-02,0.000000000000000000e+00,0.000000000000000000e+00
9.920269747218934953e-02,0.000000000000000000e+00,0.000000000000000000e+00
1.005116944111850152e-01,0.000000000000000000e+00,0.000000000000000000e+00
1.018206913501806810e-01,0.000000000000000000e+00,0.000000000000000000e+00
1.031296882891765687e-01,0.000000000000000000e+00,0.000000000000000000e+00
1.044386852281722344e-01,0.000000000000000000e+00,0.000000000000000000e+00
1.057476821671681222e-01,0.000000000000000000e+00,0.000000000000000000e+00
1.070566791061637879e-01,0.000000000000000000e+00,0.000000000000000000e+00
1.083656760451594536e-01,0.000000000000000000e+00,0.000000000000000000e+00
1.096746729841553414e-01,0.000000000000000000e+00,0.000000000000000000e+00
1.109836699231510071e-01,0.000000000000000000e+00,0.000000000000000000e+00
1.122926668621466728e-01,0.000000000000000000e+00,0.000000000000000000e+00
1.136016638011425606e-01,0.000000000000000000e+00,0.000000000000000000e+00
1.149106607401382263e-01,0.000000000000000000e+00,0.000000000000000000e+00
1.162196576791338920e-01,0.000000000000000000e+00,0.000000000000000000e+00
1.175286546181297798e-01,0.000000000000000000e+00,0.000000000000000000e+00
1.188376515571254455e-01,0.000000000000000000e+00,0.000000000000000000e+00
1.201466484961213332e-01,0.000000000000000000e+00,0.000000000000000000e+00
1.214556454351169990e-01,0.000000000000000000e+00,0.000000000000000000e+00
1.227646423741126647e-01,0.000000000000000000e+00,0.000000000000000000e+00
1.240736393131085524e-01,0.000000000000000000e+00,0.000000000000000000e+00
1.253826362521042181e-01,0.000000000000000000e+00,0.000000000000000000e+00
1.266916331910998839e-01,0.000000000000000000e+00,0.000000000000000000e+00
1.280006301300957716e-01,0.000000000000000000e+00,0.000000000000000000e+00
1.293096270690914373e-01,0.000000000000000000e+00,0.000000000000000000e+00
1.306186240080871031e-01,0.000000000000000000e+00,0.000000000000000000e+00
1.319276209470829908e-01,0.000000000000000000e+00,0.000000000000000000e+00
1.332366178860786565e-01,0.000000000000000000e+00,0.000000000000000000e+00
1.345456148250743222e-01,0.000000000000000000e+00,0.000000000000000000e+00
1.358546117640702100e-01,0.000000000000000000e+00,0.000000000000000000e+00
1.371636087030658757e-01,0.000000000000000000e+00,0.000000000000000000e+00
1.384726056420615414e-01,0.000000000000000000e+00,0.000000000000000000e+00
1.397816025810574292e-01,0.000000000000000000e+00,0.000000000000000000e+00
1.410905995200530949e-01,0.000000000000000000e+00,0.000000000000000000e+00
1.423995964590489827e-01,0.000000000000000000e+00,0.000000000000000000e+00
1.437085933980446484e-01,0.000000000000000000e+00,0.000000000000000000e+00
1.450175903370403141e-01,0.000000000000000000e+00,0.000000000000000000e+00
1.463265872760362019e-01,0.000000000000000000e+00,0.000000000000000000e+00
1.476355842150318676e-01,0.000000000000000000e+00,0.000000000000000000e+00
1.489445811540275333e-01,0.000000000000000000e+00,0.000000000000000000e+00
1.502535780930234210e-01,0.000000000000000000e+00,0.000000000000000000e+00
1.515625750320190868e-01,0.000000000000000000e+00,0.000000000000000000e+00
1.528715719710147525e-01,0.000000000000000000e+00,0.000000000000000000e+00
1.541805689100106402e-01,0.000000000000000000e+00,0.000000000000000000e+00
1.554895658490063060e-01,0.000000000000000000e+00,0.000000000000000000e+00
1.567985627880021937e-01,0.000000000000000000e+00,0.000000000000000000e+00
1.581075597269978594e-01,0.000000000000000000e+00,0.000000000000000000e+00
1.594165566659935251e-01,0.000000000000000000e+00,0.000000000000000000e+00
1.607255536049894129e-01,0.000000000000000000e+00,0.000000000000000000e+00
1.620345505439850786e-01,0.000000000000000000e+00,0.000000000000000000e+00
1.633435474829809664e-01,0.000000000000000000e+00,0.000000000000000000e+00
1.646525444219766321e-01,0.000000000000000000e+00,0.000000000000000000e+00
1.659615413609722978e-01,0.000000000000000000e+00,0.000000000000000000e+00
1.672705382999681856e-01,0.000000000000000000e+00,0.000000000000000000e+00
1.685795352389638513e-01,0.000000000000000000e+00,0.000000000000000000e+00
1.698885321779595170e-01,0.000000000000000000e+00,0.000000000000000000e+00
1.711975291169554048e-01,0.000000000000000000e+00,0.000000000000000000e+00
1.725065260559510705e-01,0.000000000000000000e+00,0.000000000000000000e+00
1.738155229949467362e-01,0.000000000000000000e+00,0.000000000000000000e+00
1.751245199339426240e-01,0.000000000000000000e+00,0.000000000000000000e+00
1.764335168729382897e-01,0.000000000000000000e+00,0.000000000000000000e+00
1.777425138119341774e-01,0.000000000000000000e+00,0.000000000000000000e+00
1.790515107509298431e-01,0.000000000000000000e+00,0.000000000000000000e+00
1.803605076899255089e-01,0.000000000000000000e+00,0.000000000000000000e+00
1.816695046289213966e-01,0.000000000000000000e+00,0.000000000000000000e+00
1.829785015679170623e-01,0.000000000000000000e+00,0.000000000000000000e+00
1.842874985069129501e-01,0.000000000000000000e+00,0.000000000000000000e+00
1.855964954459086158e-01,0.000000000000000000e+00,0.000000000000000000e+00
1.869054923849042815e-01,0.000000000000000000e+00,0.000000000000000000e+00
1.882144893239001693e-01,0.000000000000000000e+00,0.000000000000000000e+00
1.895234862628958350e-01,0.000000000000000000e+00,0.000000000000000000e+00
1.908324832018915007e-01,0.000000000000000000e+00,0.000000000000000000e+00
1.921414801408873885e-01,0.000000000000000000e+00,0.000000000000000000e+00
1.934504770798830542e-01,0.000000000000000000e+00,0.000000000000000000e+00
1.947594740188787199e-01,0.000000000000000000e+00,0.000000000000000000e+00
1.960684709578746077e-01,0.000000000000000000e+00,0.000000000000000000e+00
1.973774678968702734e-01,0.000000000000000000e+00,0.000000000000000000e+00
1.986864648358661611e-01,0.000000000000000000e+00,0.000000000000000000e+00
1.999954617748618269e-01,0.000000000000000000e+00,0.000000000000000000e+00
2.013044587138574926e-01,0.000000000000000000e+00,0.000000000000000000e+00
2.026134556528533803e-01,0.000000000000000000e+00,0.000000000000000000e+00
2.039224525918490460e-01,0.000000000000000000e+00,0.000000000000000000e+00
2.052314495308449338e-01,0.000000000000000000e+00,0.000000000000000000e+00
2.065404464698405995e-01,0.000000000000000000e+00,0.000000000000000000e+00
2.078494434088362652e-01,0.000000000000000000e+00,0.000000000000000000e+00
2.091584403478321530e-01,0.000000000000000000e+00,0.000000000000000000e+00
2.104674372868278187e-01,0.000000000000000000e+00,0.000000000000000000e+00
2.117764342258234844e-01,0.000000000000000000e+00,0.000000000000000000e+00
2.130854311648193722e-01,0.000000000000000000e+00,0.000000000000000000e+00
2.143944281038150379e-01,0.000000000000000000e+00,0.000000000000000000e+00
2.157034250428107036e-01,0.000000000000000000e+00,0.000000000000000000e+00
2.170124219818065914e-01,0.000000000000000000e+00,0.000000000000000000e+00
2.183214189208022571e-01,0.000000000000000000e+00,0.000000000000000000e+00
2.196304158597981449e-01,0.000000000000000000e+00,0.000000000000000000e+00
2.209394127987938106e-01,0.000000000000000000e+00,0.000000000000000000e+00
2.222484097377894763e-01,0.000000000000000000e+00,0.000000000000000000e+00
2.235574066767853640e-01,0.000000000000000000e+00,0.000000000000000000e+00
2.248664036157810298e-01,0.000000000000000000e+00,0.000000000000000000e+00
2.261754005547769175e-01,0.000000000000000000e+00,0.000000000000000000e+00
2.274843974937725832e-01,0.000000000000000000e+00,0.000000000000000000e+00
2.287933944327682489e-01,0.000000000000000000e+00,0.000000000000000000e+00
2.301023913717641367e-01,0.000000000000000000e+00,0.000000000000000000e+00
2.314113883107598024e-01,0.000000000000000000e+00,0.000000000000000000e+00
2.327203852497554681e-01,0.000000000000000000e+00,0.000000000000000000e+00
2.340293821887513559e-01,0.000000000000000000e+00,0.000000000000000000e+00
2.353383791277470216e-01,0.000000000000000000e+00,0.000000000000000000e+00
2.366473760667426873e-01,0.000000000000000000e+00,0.000000000000000000e+00
2.379563730057385751e-01,0.000000000000000000e+00,0.000000000000000000e+00
2.392653699447342408e-01,0.000000000000000000e+00,0.000000000000000000e+00
2.405743668837301286e-01,0.000000000000000000e+00,0.000000000000000000e+00
2.418833638227257943e-01,0.000000000000000000e+00,0.000000000000000000e+00
2.431923607617214600e-01,0.000000000000000000e+00,0.000000000000000000e+00
2.445013577007173478e-01,0.000000000000000000e+00,0.000000000000000000e+00
2.458103546397130135e-01,0.000000000000000000e+00,0.000000000000000000e+00
2.471193515787089012e-01,0.000000000000000000e+00,0.000000000000000000e+00
2.484283485177045669e-01,0.000000000000000000e+00,0.000000000000000000e+00
2.497373454567002327e-01,0.000000000000000000e+00,0.000000000000000000e+00
2.510463423956961204e-01,0.000000000000000000e+00,0.000000000000000000e+00
2.523553393346917861e-01,0.000000000000000000e+00,0.000000000000000000e+00
2.536643362736874519e-01,0.000000000000000000e+00,0.000000000000000000e+00
2.549733332126833396e-01,0.000000000000000000e+00,0.000000000000000000e+00
2.562823301516790053e-01,0.000000000000000000e+00,0.000000000000000000e+00
2.575913270906747821e-01,0.000000000000000000e+00,0.000000000000000000e+00
2.589003240296705588e-01,0.000000000000000000e+00,0.000000000000000000e+00
2.602093209686662245e-01,0.000000000000000000e+00,0.000000000000000000e+00
2.615183179076620013e-01,0.000000000000000000e+00,0.000000000000000000e+00
2.628273148466577780e-01,0.000000000000000000e+00,0.000000000000000000e+00
2.641363117856535547e-01,0.000000000000000000e+00,0.000000000000000000e+00
2.654453087246493315e-01,0.000000000000000000e+00,0.000000000000000000e+00
2.667543056636449972e-01,0.000000000000000000e+00,0.000000000000000000e+00
2.680633026026407739e-01,0.000000000000000000e+00,0.000000000000000000e+00
2.693722995416365507e-01,0.000000000000000000e+00,0.000000000000000000e+00
2.706812964806322164e-01,0.000000000000000000e+00,0.000000000000000000e+00
2.719902934196281041e-01,0.000000000000000000e+00,0.000000000000000000e+00
2.732992903586237698e-01,0.000000000000000000e+00,0.000000000000000000e+00
2.746082872976194356e-01,0.000000000000000000e+00,0.000000000000000000e+00
2.759172842366153233e-01,0.000000000000000000e+00,0.000000000000000000e+00
2.772262811756109890e-01,0.000000000000000000e+00,0.000000000000000000e+00
2.785352781146067658e-01,0.000000000000000000e+00,0.000000000000000000e+00
2.798442750536025425e-01,0.000000000000000000e+00,0.000000000000000000e+00
2.811532719925982082e-01,0.000000000000000000e+00,0.000000000000000000e+00
2.824622689315939850e-01,0.000000000000000000e+00,0.000000000000000000e+00
2.837712658705897617e-01,0.000000000000000000e+00,0.000000000000000000e+00
2.850802628095854274e-01,0.000000000000000000e+00,0.000000000000000000e+00
2.863892597485813152e-01,0.000000000000000000e+00,0.000000000000000000e+00
2.876982566875769809e-01,0.000000000000000000e+00,0.000000000000000000e+00
2.890072536265727576e-01,0.000000000000000000e+00,0.000000000000000000e+00
2.903162505655685344e-01,0.000000000000000000e+00,0.000000000000000000e+00
2.916252475045642001e-01,0.000000000000000000e+00,0.000000000000000000e+00
2.929342444435599768e-01,0.000000000000000000e+00,0.000000000000000000e+00
2.942432413825557536e-01,0.000000000000000000e+00,0.000000000000000000e+00
2.955522383215514193e-01,0.000000000000000000e+00,0.000000000000000000e+00
2.968612352605473070e-01,0.000000000000000000e+00,0.000000000000000000e+00
2.981702321995429728e-01,0.000000000000000000e+00,0.000000000000000000e+00
2.994792291385387495e-01,0.000000000000000000e+00,0.000000000000000000e+00
3.007882260775345262e-01,0.000000000000000000e+00,0.000000000000000000e+00
3.020972230165301919e-01,0.000000000000000000e+00,0.000000000000000000e+00
3.034062199555259687e-01,1.979287206407188205e+04,-3.958574412814376410e+04
3.047152168945217454e-01,3.230658528304775609e+04,-6.461317056609551219e+04
3.060242138335174111e-01,3.903174462460438372e+04,-7.806348924920876743e+04
3.073332107725132989e-01,4.144170367562075262e+04,-8.288340735124150524e+04
3.086422077115089646e-01,4.157347511801186920e+04,-8.314695023602373840e+04
3.099512046505047413e-01,4.135655575317969488e+04,-8.271311150635938975e+04
3.112602015895005181e-01,4.119943154771303671e+04,-8.239886309542607341e+04
3.125691985284961838e-01,4.089083769547932752e+04,-8.178167539095865504e+04
3.138781954674919605e-01,4.058319604983074532e+04,-8.116639209966149065e+04
3.151871924064877373e-01,4.033077055263170041e+04,-8.066154110526340082e+04
3.164961893454834030e-01,4.005291235117416363e+04,-8.010582470234832726e+04
3.178051862844792907e-01,3.972988488836275792e+04,-7.945976977672551584e+04
3.191141832234749565e-01,3.943793344352705753e+04,-7.887586688705411507e+04
3.204231801624707332e-01,3.918645794956619648e+04,-7.837291589913239295e+04
3.217321771014665099e-01,3.890639074696155876e+04,-7.781278149392311752e+04
3.230411740404621757e-01,3.859178811339373351e+04,-7.718357622678746702e+04
3.243501709794579524e-01,3.831104015082377009e+04,-7.662208030164754018e+04
3.256591679184537291e-01,3.806890229013079079e+04,-7.613780458026158158e+04
3.269681648574493948e-01,3.779753922307246103e+04,-7.559507844614492205e+04
3.282771617964452826e-01,3.749264800451936753e+04,-7.498529600903873506e+04
3.295861587354409483e-01,3.722208380393700645e+04,-7.444416760787401290e+04
3.308951556744367251e-01,3.699040643476424157e+04,-7.398081286952848313e+04
3.322041526134325018e-01,3.672967936675820238e+04,-7.345935873351640475e+04
3.335131495524281675e-01,3.643466870317210851e+04,-7.286933740634421702e+04
3.348221464914239442e-01,3.617169898568626377e+04,-7.234339797137252754e+04
3.361311434304197210e-01,3.594581712344920379e+04,-7.189163424689840758e+04
3.374401403694153867e-01,3.569181756471194967e+04,-7.138363512942389934e+04
3.387491373084112745e-01,3.540536355513666786e+04,-7.081072711027333571e+04
3.400581342474069402e-01,3.515163785935447959e+04,-7.030327571870895918e+04
3.413671311864027169e-01,3.493452253554396884e+04,-6.986904507108793769e+04
3.426761281253984937e-01,3.468831813141254679e+04,-6.937663626282509358e+04
3.439851250643941594e-01,3.440915410536342824e+04,-6.881830821072685649e+04
3.452941220033899361e-01,3.416296141145968431e+04,-6.832592282291936863e+04
3.466031189423857128e-01,3.395398416338113020e+04,-6.790796832676226040e+04
3.479121158813813786e-01,3.371615237302775495e+04,-6.743230474605550990e+04
3.492211128203772663e-01,3.344504704627051979e+04,-6.689009409254103957e+04
3.505301097593729320e-01,3.320619999255239964e+04,-6.641239998510479927e+04
3.518391066983687088e-01,3.300407055741479417e+04,-6.600814111482958833e+04
3.531481036373644855e-01,3.277339677495023352e+04,-6.554679354990046704e+04
3.544571005763601512e-01,3.250982881086384077e+04,-6.501965762172768154e+04
3.557660975153559280e-01,3.227825119881405772e+04,-6.455650239762811543e+04
3.570750944543517047e-01,3.208319692330881662e+04,-6.416639384661763324e+04
3.583840913933473704e-01,3.186006302273439724e+04,-6.372012604546879447e+04
3.596930883323432582e-01,3.160413242128406273e+04,-6.320826484256812546e+04
3.610020852713389239e-01,3.137902725399082192e+04,-6.275805450798164384e+04
3.623110822103347006e-01,3.118990536851892102e+04,-6.237981073703784205e+04
3.636200791493304774e-01,3.097422627826870303e+04,-6.194845255653740605e+04
3.649290760883261431e-01,3.072663848557749589e+04,-6.145327697115499177e+04
3.662380730273219198e-01,3.050787488466890863e+04,-6.101574976933781727e+04
3.675470699663176966e-01,3.032342105879420342e+04,-6.064684211758840684e+04
3.688560669053133623e-01,3.011426925625685544e+04,-6.022853851251371088e+04
3.701650638443092500e-01,2.987517323664240030e+04,-5.975034647328480060e+04
3.714740607833049157e-01,2.966357163858312560e+04,-5.932714327716625121e+04
3.727830577223006925e-01,2.948425703510201129e+04,-5.896851407020402257e+04
3.740920546612964692e-01,2.928078185211085656e+04,-5.856156370422171312e+04
3.754010516002921349e-01,2.904864936085102090e+04,-5.809729872170204180e+04
3.767100485392879117e-01,2.884361873460739662e+04,-5.768723746921479324e+04
3.780190454782836884e-01,2.867012427150859367e+04,-5.734024854301718733e+04
3.793280424172793541e-01,2.847289004894593745e+04,-5.694578009789187490e+04
3.806370393562752419e-01,2.824746467374825806e+04,-5.649492934749651613e+04
3.819460362952709076e-01,2.804832721777751794e+04,-5.609665443555503589e+04
3.832550332342666843e-01,2.787999685808308277e+04,-5.575999371616616554e+04
3.845640301732624611e-01,2.768867363428349199e+04,-5.537734726856698398e+04
3.858730271122581268e-01,2.746995285371771752e+04,-5.493990570743543503e+04
3.871820240512539035e-01,2.727691069105365386e+04,-5.455382138210730773e+04
3.884910209902496803e-01,2.711379355109714743e+04,-5.422758710219429486e+04
3.898000179292453460e-01,2.692793065999366809e+04,-5.385586131998733617e+04
3.911090148682412337e-01,2.671522449391830014e+04,-5.343044898783660028e+04
3.924180118072368995e-01,2.652797637837853472e+04,-5.305595275675706944e+04
3.937270087462326762e-01,2.637027541380968614e+04,-5.274055082761937228e+04
3.950360056852284529e-01,2.619000132296871743e+04,-5.238000264593743486e+04
3.963450026242241186e-01,2.598305026987965539e+04,-5.196610053975931078e+04
3.976539995632198954e-01,2.580107327231182717e+04,-5.160214654462365434e+04
3.989629965022156721e-01,2.564834415097238889e+04,-5.129668830194477778e+04
4.002719934412113378e-01,2.547363691553536773e+04,-5.094727383107073547e+04
4.015809903802072256e-01,2.527264617935167917e+04,-5.054529235870335833e+04
4.028899873192028913e-01,2.509584964904542358e+04,-5.019169929809084715e+04
4.041989842581986681e-01,2.494762467249357360e+04,-4.989524934498714720e+04
4.055079811971944448e-01,2.477811175252713292e+04,-4.955622350505426584e+04
4.068169781361901105e-01,2.458298584949976430e+04,-4.916597169899952860e+04
4.081259750751858872e-01,2.441133775584125760e+04,-4.882267551168251521e+04
4.094349720141816640e-01,2.426749741429981805e+04,-4.853499482859963609e+04
4.107439689531773297e-01,2.410297467820134261e+04,-4.820594935640268523e+04
4.120529658921732175e-01,2.391349891753133124e+04,-4.782699783506266249e+04
4.133619628311688832e-01,2.374683085518260486e+04,-4.749366171036520973e+04
4.146709597701646599e-01,2.360723553853406702e+04,-4.721447107706813404e+04
4.159799567091604366e-01,2.344751526746410673e+04,-4.689503053492821346e+04
4.172889536481561024e-01,2.326347924725236953e+04,-4.652695849450473906e+04
4.185979505871518791e-01,2.310167089982342077e+04,-4.620334179964684154e+04
4.199069475261476558e-01,2.296626101855325760e+04,-4.593252203710651520e+04
4.212159444651433216e-01,2.281118376727163195e+04,-4.562236753454326390e+04
4.225249414041392093e-01,2.263233313720680599e+04,-4.526466627441361197e+04
4.238339383431348750e-01,2.247519429197972204e+04,-4.495038858395944408e+04
4.251429352821306518e-01,2.234387705025780087e+04,-4.468775410051560175e+04
4.264519322211264285e-01,2.219332511409736253e+04,-4.438665022819472506e+04
4.277609291601220942e-01,2.201948357412255064e+04,-4.403896714824510127e+04
4.290699260991178710e-01,2.186686259460639121e+04,-4.373372518921278242e+04
4.303789230381136477e-01,2.173952924175059889e+04,-4.347905848350119777e+04
4.316879199771093134e-01,2.159336842499240083e+04,-4.318673684998480167e+04
4.329969169161052012e-01,2.142434540236012617e+04,-4.284869080472025234e+04
4.343059138551008669e-01,2.127602261954942514e+04,-4.255204523909885029e+04
4.356149107940966436e-01,2.115252084615965214e+04,-4.230504169231930427e+04
4.369239077330924204e-01,2.101074115838012585e+04,-4.202148231676025171e+04
4.382329046720880861e-01,2.084654032070756875e+04,-4.169308064141513751e+04
4.395419016110838628e-01,2.070228964386269945e+04,-4.140457928772539890e+04
4.408508985500796395e-01,2.058223042987267399e+04,-4.116446085974534799e+04
4.421598954890753053e-01,2.044465145127390861e+04,-4.088930290254781721e+04
4.434688924280711930e-01,2.028534775884038027e+04,-4.057069551768076053e+04
4.447778893670668587e-01,2.014522904900013600e+04,-4.029045809800027200e+04
4.460868863060626355e-01,2.002845328784816957e+04,-4.005690657569633913e+04
4.473958832450584122e-01,1.989473076174713788e+04,-3.978946152349427575e+04
4.487048801840540779e-01,1.974001496624464562e+04,-3.948002993248929124e+04
4.500138771230498547e-01,1.960399402806350554e+04,-3.920798805612701108e+04
4.513228740620456314e-01,1.949064792549263075e+04,-3.898129585098526150e+04
4.526318710010412971e-01,1.936070323780511899e+04,-3.872140647561023798e+04
4.539408679400371849e-01,1.921024853839716889e+04,-3.842049707679433777e+04
4.552498648790328506e-01,1.907808300584851531e+04,-3.815616601169703063e+04
4.565588618180286273e-01,1.896812365490214506e+04,-3.793624730980429013e+04
4.578678587570244041e-01,1.884192021755434689e+04,-3.768384043510869378e+04
4.591768556960200698e-01,1.869559594490460950e+04,-3.739119188980921899e+04
4.604858526350158465e-01,1.856714058772763383e+04,-3.713428117545526766e+04
4.617948495740116233e-01,1.846045217841194972e+04,-3.692090435682389943e+04
4.631038465130072890e-01,1.833788316678518095e+04,-3.667576633357036189e+04
4.644128434520031767e-01,1.819556668090853054e+04,-3.639113336181706109e+04
4.657218403909988425e-01,1.807068204618609889e+04,-3.614136409237219777e+04
4.670308373299946192e-01,1.796713316024504820e+04,-3.593426632049009640e+04
4.683398342689903959e-01,1.784810732969148012e+04,-3.569621465938296024e+04
4.696488312079860616e-01,1.770972723780101660e+04,-3.541945447560203320e+04
4.709578281469818384e-01,1.758830734135837338e+04,-3.517661468271674676e+04
4.722668250859776151e-01,1.748775395045812547e+04,-3.497550790091625095e+04
4.735758220249732808e-01,1.737214264914083833e+04,-3.474428529828167666e+04
4.748848189639691686e-01,1.723759674368910055e+04,-3.447519348737820110e+04
4.761938159029648343e-01,1.711952923508805543e+04,-3.423905847017611086e+04
4.775028128419606110e-01,1.702186517506637756e+04,-3.404373035013275512e+04
4.788118097809563878e-01,1.690961143595327303e+04,-3.381922287190654606e+04
4.801208067199520535e-01,1.677884266599607508e+04,-3.355768533199215017e+04
4.814298036589478302e-01,1.666395493137238009e+04,-3.332790986274476018e+04
4.827388005979436070e-01,1.656894999737694525e+04,-3.313789999475389050e+04
4.840477975369392727e-01,1.645997448076758519e+04,-3.291994896153517038e+04
4.853567944759351604e-01,1.633305285853267378e+04,-3.266610571706534756e+04
4.866657914149308262e-01,1.622137639107967880e+04,-3.244275278215935759e+04
4.879747883539266029e-01,1.612883731049960079e+04,-3.225767462099920158e+04
4.892837852929223796e-01,1.602274072842017995e+04,-3.204548145684035990e+04
4.905927822319180454e-01,1.589938270387255761e+04,-3.179876540774511523e+04
4.919017791709138221e-01,1.579117504046271642e+04,-3.158235008092543285e+04
4.932107761099095988e-01,1.570156933610602027e+04,-3.140313867221204055e+04
4.945197730489052645e-01,1.559811752577120023e+04,-3.119623505154240047e+04
4.958287699879011523e-01,1.547751179771909665e+04,-3.095502359543819330e+04
4.971377669268968180e-01,1.537236803621132094e+04,-3.074473607242264188e+04
4.984467638658925948e-01,1.528607298353254919e+04,-3.057214596706509838e+04
4.997557608048883715e-01,1.518578988271106391e+04,-3.037157976542212782e+04
5.010647577438840372e-01,1.506799542532185478e+04,-3.013599085064370956e+04
5.023737546828798139e-01,1.496531372633373576e+04,-2.993062745266747152e+04
5.036827516218755907e-01,1.488157386613679773e+04,-2.976314773227359547e+04
5.049917485608712564e-01,1.478448621251601435e+04,-2.956897242503202870e+04
5.063007454998671442e-01,1.467012398919064617e+04,-2.934024797838129234e+04
5.076097424388628099e-01,1.457008178931579278e+04,-2.914016357863158555e+04
5.089187393778585866e-01,1.448840145654530534e+04,-2.897680291309061067e+04
5.102277363168543634e-01,1.439413768827730019e+04,-2.878827537655460037e+04
5.115367332558500291e-01,1.428325326960641905e+04,-2.856650653921283811e+04
5.128457301948458058e-01,1.418589328280420887e+04,-2.837178656560841773e+04
5.141547271338415825e-01,1.410614387863484626e+04,-2.821228775726969252e+04
5.154637240728372483e-01,1.401459496339778707e+04,-2.802918992679557414e+04
5.167727210118331360e-01,1.390719284837752821e+04,-2.781438569675505641e+04
5.180817179508288017e-01,1.381252559114172436e+04,-2.762505118228344872e+04
5.193907148898245785e-01,1.373459610382844039e+04,-2.746919220765688078e+04
5.206997118288203552e-01,1.364551410166320238e+04,-2.729102820332640476e+04
5.220087087678160209e-01,1.354141332783784856e+04,-2.708282665567569711e+04
5.233177057068117977e-01,1.344961781633389182e+04,-2.689923563266778365e+04
5.246267026458074634e-01,1.337372832409980947e+04,-2.674745664819961894e+04
5.259356995848032401e-01,1.328671039228074733e+04,-2.657342078456149466e+04
5.272446965237990169e-01,1.318524650595286585e+04,-2.637049301190573169e+04
5.285536934627947936e-01,1.309651654925474577e+04,-2.619303309850949154e+04
5.298626904017904593e-01,1.302357141864301229e+04,-2.604714283728602459e+04
5.311716873407862360e-01,1.293873464430063905e+04,-2.587746928860127809e+04
5.324806842797820128e-01,1.283890964081485981e+04,-2.567781928162971963e+04
5.337896812187777895e-01,1.275204830768669308e+04,-2.550409661537338616e+04
5.350986781577734552e-01,1.268195579778019419e+04,-2.536391159556038838e+04
5.364076750967692320e-01,1.260088815008142228e+04,-2.520177630016284456e+04
5.377166720357650087e-01,1.250448801498859029e+04,-2.500897602997718059e+04
5.390256689747607854e-01,1.241904236882785881e+04,-2.483808473765571762e+04
5.403346659137564512e-01,1.234917693381821300e+04,-2.469835386763642600e+04
5.416436628527522279e-01,1.226975635905809213e+04,-2.453951271811618426e+04
5.429526597917480046e-01,1.217551824886830946e+04,-2.435103649773661891e+04
5.442616567307437814e-01,1.208911040592452264e+04,-2.417822081184904528e+04
5.455706536697394471e-01,1.201436834348102275e+04,-2.402873668696204550e+04
5.468796506087352238e-01,1.072780849185818079e+04,-2.386420997243820602e+04
5.481886475477310006e-01,1.049563317483893297e+04,-2.369129110475771813e+04
5.494976444867267773e-01,7.762835630939680414e+03,-2.356850592130853693e+04
5.508066414257224430e-01,2.748169717386516368e+03,-2.351394643229330904e+04
5.521156383647182198e-01,2.675375263428064500e+03,-2.347961223729473568e+04
5.534246353037139965e-01,4.579210144109583780e+03,-2.343765869060046680e+04
5.547336322427097732e-01,3.334186785072497059e+03,-2.340702666308290645e+04
5.560426291817054389e-01,-9.697335792075967902e+02,-2.339783393769762188e+04
5.573516261207012157e-01,-1.003103254185351290e+02,-2.339317494510149481e+04
5.586606230596969924e-01,2.676757990000663540e+03,-2.337996199430129855e+04
5.599696199986927692e-01,1.882562046329305986e+03,-2.336746440373696532e+04
5.612786169376884349e-01,-1.598843472425091477e+03,-2.336409423675449580e+04
5.625876138766842116e-01,-5.576090588963246546e+02,-2.336157992665006532e+04
5.638966108156799883e-01,2.167511879209461767e+03,-2.335205607526501262e+04
5.652056077546757651e-01,1.419850151218261090e+03,-2.334378748648577312e+04
5.665146046936714308e-01,-2.036279085223734000e+03,-2.334429590044983706e+04
5.678236016326672075e-01,-7.502869655085728482e+02,-2.334508484633027547e+04
5.691325985716629843e-01,1.892862423365583254e+03,-2.333856003871409121e+04
5.704415955106587610e-01,1.238963445813886665e+03,-2.333328596229992036e+04
5.717505924496544267e-01,-2.302477347538863796e+03,-2.333723361233614196e+04
5.730595893886502035e-01,-9.560534333565653924e+02,-2.334186752350827737e+04
5.743685863276459802e-01,1.906637254436927606e+03,-2.333864634738505629e+04
5.756775832666417569e-01,1.223238839940842809e+03,-2.333497520995771993e+04
5.769865802056374227e-01,-2.237223628398579422e+03,-2.333723503696450643e+04
5.782955771446331994e-01,-1.028662505673689338e+03,-2.333701663232823194e+04
5.796045740836289761e-01,1.803256379494174553e+03,-2.332987262819092211e+04
5.809135710226247529e-01,1.297663953014452090e+03,-2.332902640082229482e+04
5.822225679616204186e-01,-2.177503703840267917e+03,-2.333953009429711892e+04
5.835315649006161953e-01,-9.179617047871556679e+02,-2.334321751875233167e+04
5.848405618396119721e-01,1.732218199218102882e+03,-2.333100878262738115e+04
5.861495587786077488e-01,1.118700497096224353e+03,-2.331775151941710646e+04
5.874585557176034145e-01,-2.361456114987982346e+03,-2.332156008260743693e+04
5.887675526565991913e-01,-8.855111415409636493e+02,-2.333953255554589487e+04
5.900765495955949680e-01,1.850049134098861487e+03,-2.335221771291881305e+04
5.913855465345907447e-01,1.246446287263676368e+03,-2.334797237949544797e+04
5.926945434735864104e-01,-2.365767655662012203e+03,-2.333358045922804376e+04
5.940035404125821872e-01,-9.397523382871411286e+02,-2.332285890218327040e+04
5.953125373515779639e-01,1.977641321811642911e+03,-2.331750655692067448e+04
5.966215342905737407e-01,1.272429890034627761e+03,-2.331856935839507059e+04
5.979305312295694064e-01,-1.924446670656448532e+03,-2.332914692826183455e+04
5.992395281685651831e-01,-6.657859263810793209e+02,-2.333967578585307274e+04
6.005485251075609598e-01,2.056681183158725162e+03,-2.333994514890327264e+04
6.018575220465567366e-01,1.504830068226624689e+03,-2.333370952563135870e+04
6.031665189855524023e-01,-2.123317718436876930e+03,-2.332636764009825492e+04
6.044755159245481790e-01,-8.003990566857801241e+02,-2.331219240260940205e+04
6.057845128635439558e-01,2.192668720882544676e+03,-2.328799314417548158e+04
6.070935098025397325e-01,1.822868003866724848e+03,-2.326589922864672553e+04
6.084025067415353982e-01,-1.705517445835805347e+03,-2.323700345393282623e+04
6.097115036805311750e-01,1.017330598776211161e+02,-2.320309104967528401e+04
6.110205006195269517e-01,3.966722107493606472e+03,-2.325919518911648993e+04
6.123294975585227284e-01,4.855691480209485235e+03,-2.356321913673380914e+04
6.136384944975183942e-01,7.045681553542923211e+03,-2.497346434349716583e+04
6.149474914365141709e-01,1.241801586542394944e+04,-2.763562581336253425e+04
6.162564883755099476e-01,1.443643118167698776e+04,-2.905806608704457904e+04
6.175654853145057244e-01,1.302704856515092797e+04,-2.605409713030185594e+04
6.188744822535013901e-01,7.314657411279541520e+03,-1.462931482255908304e+04
6.201834791924971668e-01,0.000000000000000000e+00,0.000000000000000000e+00
6.214924761314929436e-01,0.000000000000000000e+00,0.000000000000000000e+00
6.228014730704887203e-01,0.000000000000000000e+00,0.000000000000000000e+00
6.241104700094843860e-01,0.000000000000000000e+00,0.000000000000000000e+00
6.254194669484801627e-01,0.000000000000000000e+00,0.000000000000000000e+00
6.267284638874759395e-01,0.000000000000000000e+00,0.000000000000000000e+00
6.280374608264717162e-01,0.000000000000000000e+00,0.000000000000000000e+00
6.293464577654673819e-01,0.000000000000000000e+00,0.000000000000000000e+00
6.306554547044631587e-01,0.000000000000000000e+00,0.000000000000000000e+00
6.319644516434589354e-01,0.000000000000000000e+00,0.000000000000000000e+00
6.332734485824547122e-01,0.000000000000000000e+00,0.000000000000000000e+00
6.345824455214503779e-01,0.000000000000000000e+00,0.000000000000000000e+00
6.358914424604461546e-01,0.000000000000000000e+00,0.000000000000000000e+00
6.372004393994419313e-01,0.000000000000000000e+00,0.000000000000000000e+00
6.385094363384377081e-01,0.000000000000000000e+00,0.000000000000000000e+00
6.398184332774333738e-01,0.000000000000000000e+00,0.000000000000000000e+00
6.411274302164291505e-01,0.000000000000000000e+00,0.000000000000000000e+00
6.424364271554249273e-01,0.000000000000000000e+00,0.000000000000000000e+00
6.437454240944207040e-01,0.000000000000000000e+00,0.000000000000000000e+00
6.450544210334163697e-01,0.000000000000000000e+00,0.000000000000000000e+00
6.463634179724121465e-01,0.000000000000000000e+00,0.000000000000000000e+00
6.476724149114079232e-01,0.000000000000000000e+00,0.000000000000000000e+00
6.489814118504036999e-01,0.000000000000000000e+00,0.000000000000000000e+00
6.502904087893993657e-01,0.000000000000000000e+00,0.000000000000000000e+00
6.515994057283951424e-01,0.000000000000000000e+00,0.000000000000000000e+00
6.529084026673909191e-01,0.000000000000000000e+00,0.000000000000000000e+00
6.542173996063866959e-01,0.000000000000000000e+00,0.000000000000000000e+00
6.555263965453823616e-01,0.000000000000000000e+00,0.000000000000000000e+00
6.568353934843781383e-01,0.000000000000000000e+00,0.000000000000000000e+00
6.581443904233739151e-01,0.000000000000000000e+00,0.000000000000000000e+00
6.594533873623696918e-01,0.000000000000000000e+00,0.000000000000000000e+00
6.607623843013653575e-01,0.000000000000000000e+00,0.000000000000000000e+00
6.620713812403611342e-01,0.000000000000000000e+00,0.000000000000000000e+00
6.633803781793569110e-01,0.000000000000000000e+00,0.000000000000000000e+00
6.646893751183526877e-01,0.000000000000000000e+00,0.000000000000000000e+00
6.659983720573483534e-01,0.000000000000000000e+00,0.000000000000000000e+00
6.673073689963441302e-01,0.000000000000000000e+00,0.000000000000000000e+00
6.686163659353399069e-01,0.000000000000000000e+00,0.000000000000000000e+00
6.699253628743356836e-01,0.000000000000000000e+00,0.000000000000000000e+00
6.712343598133313494e-01,0.000000000000000000e+00,0.000000000000000000e+00
6.725433567523271261e-01,0.000000000000000000e+00,0.000000000000000000e+00
6.738523536913229028e-01,0.000000000000000000e+00,0.000000000000000000e+00
6.751613506303186796e-01,0.000000000000000000e+00,0.000000000000000000e+00
6.764703475693143453e-01,0.000000000000000000e+00,0.000000000000000000e+00
6.777793445083101220e-01,0.000000000000000000e+00,0.000000000000000000e+00
6.790883414473058988e-01,0.000000000000000000e+00,0.000000000000000000e+00
6.803973383863016755e-01,0.000000000000000000e+00,0.000000000000000000e+00
6.817063353252973412e-01,0.000000000000000000e+00,0.000000000000000000e+00
6.830153322642931180e-01,0.000000000000000000e+00,0.000000000000000000e+00
6.843243292032888947e-01,0.000000000000000000e+00,0.000000000000000000e+00
6.856333261422846714e-01,0.000000000000000000e+00,0.000000000000000000e+00
6.869423230812803371e-01,0.000000000000000000e+00,0.000000000000000000e+00
6.882513200202761139e-01,0.000000000000000000e+00,0.000000000000000000e+00
6.895603169592718906e-01,0.000000000000000000e+00,0.000000000000000000e+00
6.908693138982676674e-01,0.000000000000000000e+00,0.000000000000000000e+00
6.921783108372633331e-01,0.000000000000000000e+00,0.000000000000000000e+00
6.934873077762591098e-01,0.000000000000000000e+00,0.000000000000000000e+00
6.947963047152548866e-01,0.000000000000000000e+00,0.000000000000000000e+00
6.961053016542506633e-01,0.000000000000000000e+00,0.000000000000000000e+00
6.974142985932463290e-01,0.000000000000000000e+00,0.000000000000000000e+00
6.987232955322421057e-01,0.000000000000000000e+00,0.000000000000000000e+00
7.000322924712378825e-01,0.000000000000000000e+00,0.000000000000000000e+00
7.013412894102336592e-01,0.000000000000000000e+00,0.000000000000000000e+00
7.026502863492293249e-01,0.000000000000000000e+00,0.000000000000000000e+00
7.039592832882251017e-01,0.000000000000000000e+00,0.000000000000000000e+00
7.052682802272208784e-01,0.000000000000000000e+00,0.000000000000000000e+00
7.065772771662166551e-01,0.000000000000000000e+00,0.000000000000000000e+00
7.078862741052123209e-01,0.000000000000000000e+00,0.000000000000000000e+00
7.091952710442080976e-01,0.000000000000000000e+00,0.000000000000000000e+00
7.105042679832038743e-01,0.000000000000000000e+00,0.000000000000000000e+00
7.118132649221996511e-01,0.000000000000000000e+00,0.000000000000000000e+00
7.131222618611953168e-01,0.000000000000000000e+00,0.000000000000000000e+00
7.144312588001910935e-01,0.000000000000000000e+00,0.000000000000000000e+00
7.157402557391868703e-01,0.000000000000000000e+00,0.000000000000000000e+00
7.170492526781826470e-01,0.000000000000000000e+00,0.000000000000000000e+00
7.183582496171783127e-01,0.000000000000000000e+00,0.000000000000000000e+00
7.196672465561740895e-01,0.000000000000000000e+00,0.000000000000000000e+00
7.209762434951698662e-01,0.000000000000000000e+00,0.000000000000000000e+00
7.222852404341656429e-01,0.000000000000000000e+00,0.000000000000000000e+00
7.235942373731613086e-01,0.000000000000000000e+00,0.000000000000000000e+00
7.249032343121570854e-01,0.000000000000000000e+00,0.000000000000000000e+00
7.262122312511528621e-01,0.000000000000000000e+00,0.000000000000000000e+00
7.275212281901486389e-01,0.000000000000000000e+00,0.000000000000000000e+00
7.288302251291443046e-01,0.000000000000000000e+00,0.000000000000000000e+00
7.301392220681400813e-01,0.000000000000000000e+00,0.000000000000000000e+00
7.314482190071358580e-01,0.000000000000000000e+00,0.000000000000000000e+00
7.327572159461316348e-01,0.000000000000000000e+00,0.000000000000000000e+00
7.340662128851273005e-01,0.000000000000000000e+00,0.000000000000000000e+00
7.353752098241230772e-01,0.000000000000000000e+00,0.000000000000000000e+00
7.366842067631188540e-01,0.000000000000000000e+00,0.000000000000000000e+00
7.379932037021146307e-01,0.000000000000000000e+00,0.000000000000000000e+00
7.393022006411102964e-01,0.000000000000000000e+00,0.000000000000000000e+00
7.406111975801060732e-01,0.000000000000000000e+00,0.000000000000000000e+00
7.419201945191018499e-01,0.000000000000000000e+00,0.000000000000000000e+00
7.432291914580976266e-01,0.000000000000000000e+00,0.000000000000000000e+00
7.445381883970932924e-01,0.000000000000000000e+00,0.000000000000000000e+00
7.458471853360890691e-01,0.000000000000000000e+00,0.000000000000000000e+00
7.471561822750848458e-01,0.000000000000000000e+00,0.000000000000000000e+00
7.484651792140806226e-01,0.000000000000000000e+00,0.000000000000000000e+00
7.497741761530762883e-01,0.000000000000000000e+00,0.000000000000000000e+00
7.510831730920720650e-01,0.000000000000000000e+00,0.000000000000000000e+00
7.523921700310678418e-01,0.000000000000000000e+00,0.000000000000000000e+00
7.537011669700636185e-01,0.000000000000000000e+00,0.000000000000000000e+00
7.550101639090592842e-01,0.000000000000000000e+00,0.000000000000000000e+00
7.563191608480550610e-01,0.000000000000000000e+00,0.000000000000000000e+00
7.576281577870508377e-01,0.000000000000000000e+00,0.000000000000000000e+00
7.589371547260466144e-01,0.000000000000000000e+00,0.000000000000000000e+00
7.602461516650422801e-01,0.000000000000000000e+00,0.000000000000000000e+00
7.615551486040380569e-01,0.000000000000000000e+00,0.000000000000000000e+00
7.628641455430338336e-01,0.000000000000000000e+00,0.000000000000000000e+00
7.641731424820296104e-01,0.000000000000000000e+00,0.000000000000000000e+00
7.654821394210252761e-01,0.000000000000000000e+00,0.000000000000000000e+00
7.667911363600210528e-01,0.000000000000000000e+00,0.000000000000000000e+00
7.681001332990168295e-01,0.000000000000000000e+00,0.000000000000000000e+00
7.694091302380126063e-01,0.000000000000000000e+00,0.000000000000000000e+00
7.707181271770082720e-01,0.000000000000000000e+00,0.000000000000000000e+00
7.720271241160040487e-01,0.000000000000000000e+00,0.000000000000000000e+00
7.733361210549998255e-01,0.000000000000000000e+00,0.000000000000000000e+00
7.746451179939956022e-01,0.000000000000000000e+00,0.000000000000000000e+00
7.759541149329912679e-01,0.000000000000000000e+00,0.000000000000000000e+00
7.772631118719870447e-01,0.000000000000000000e+00,0.000000000000000000e+00
7.785721088109828214e-01,0.000000000000000000e+00,0.000000000000000000e+00
7.798811057499785981e-01,0.000000000000000000e+00,0.000000000000000000e+00
7.811901026889742639e-01,0.000000000000000000e+00,0.000000000000000000e+00
7.824990996279700406e-01,0.000000000000000000e+00,0.000000000000000000e+00
7.838080965669658173e-01,0.000000000000000000e+00,0.000000000000000000e+00
7.851170935059615941e-01,0.000000000000000000e+00,0.000000000000000000e+00
7.864260904449572598e-01,0.000000000000000000e+00,0.000000000000000000e+00
7.877350873839530365e-01,0.000000000000000000e+00,0.000000000000000000e+00
7.890440843229488133e-01,0.000000000000000000e+00,0.000000000000000000e+00
7.903530812619445900e-01,0.000000000000000000e+00,0.000000000000000000e+00
7.916620782009402557e-01,0.000000000000000000e+00,0.000000000000000000e+00
7.929710751399360324e-01,0.000000000000000000e+00,0.000000000000000000e+00
7.942800720789318092e-01,0.000000000000000000e+00,0.000000000000000000e+00
7.955890690179275859e-01,0.000000000000000000e+00,0.000000000000000000e+00
7.968980659569232516e-01,0.000000000000000000e+00,0.000000000000000000e+00
7.982070628959190284e-01,0.000000000000000000e+00,0.000000000000000000e+00
7.995160598349148051e-01,0.000000000000000000e+00,0.000000000000000000e+00
8.008250567739105819e-01,0.000000000000000000e+00,0.000000000000000000e+00
8.021340537129062476e-01,0.000000000000000000e+00,0.000000000000000000e+00
8.034430506519020243e-01,0.000000000000000000e+00,0.000000000000000000e+00
8.047520475908978010e-01,0.000000000000000000e+00,0.000000000000000000e+00
8.060610445298935778e-01,0.000000000000000000e+00,0.000000000000000000e+00
8.073700414688892435e-01,0.000000000000000000e+00,0.000000000000000000e+00
8.086790384078850202e-01,0.000000000000000000e+00,0.000000000000000000e+00
8.099880353468807970e-01,0.000000000000000000e+00,0.000000000000000000e+00
8.112970322858765737e-01,0.000000000000000000e+00,0.000000000000000000e+00
8.126060292248722394e-01,0.000000000000000000e+00,0.000000000000000000e+00
8.139150261638680162e-01,0.000000000000000000e+00,0.000000000000000000e+00
8.152240231028637929e-01,0.000000000000000000e+00,0.000000000000000000e+00
8.165330200418595696e-01,0.000000000000000000e+00,0.000000000000000000e+00
8.178420169808552354e-01,0.000000000000000000e+00,0.000000000000000000e+00
8.191510139198510121e-01,0.000000000000000000e+00,0.000000000000000000e+00
8.204600108588467888e-01,0.000000000000000000e+00,0.000000000000000000e+00
8.217690077978425656e-01,0.000000000000000000e+00,0.000000000000000000e+00
8.230780047368382313e-01,0.000000000000000000e+00,0.000000000000000000e+00
8.243870016758340080e-01,0.000000000000000000e+00,0.000000000000000000e+00
8.256959986148297848e-01,0.000000000000000000e+00,0.000000000000000000e+00
8.270049955538255615e-01,0.000000000000000000e+00,0.000000000000000000e+00
8.283139924928212272e-01,0.000000000000000000e+00,0.000000000000000000e+00
8.296229894318170039e-01,0.000000000000000000e+00,0.000000000000000000e+00
8.309319863708127807e-01,0.000000000000000000e+00,0.000000000000000000e+00
8.322409833098085574e-01,0.000000000000000000e+00,0.000000000000000000e+00
8.335499802488042231e-01,0.000000000000000000e+00,0.000000000000000000e+00
8.348589771877999999e-01,0.000000000000000000e+00,0.000000000000000000e+00
8.361679741267957766e-01,0.000000000000000000e+00,0.000000000000000000e+00
8.374769710657915534e-01,0.000000000000000000e+00,0.000000000000000000e+00
8.387859680047872191e-01,0.000000000000000000e+00,0.000000000000000000e+00
8.400949649437829958e-01,0.000000000000000000e+00,0.000000000000000000e+00
8.414039618827787725e-01,0.000000000000000000e+00,0.000000000000000000e+00
8.427129588217745493e-01,0.000000000000000000e+00,0.000000000000000000e+00
8.440219557607702150e-01,0.000000000000000000e+00,0.000000000000000000e+00
8.453309526997659917e-01,0.000000000000000000e+00,0.000000000000000000e+00
8.466399496387617685e-01,0.000000000000000000e+00,0.000000000000000000e+00
8.479489465777575452e-01,0.000000000000000000e+00,0.000000000000000000e+00
8.492579435167532109e-01,0.000000000000000000e+00,0.000000000000000000e+00
8.505669404557489877e-01,0.000000000000000000e+00,0.000000000000000000e+00
8.518759373947447644e-01,0.000000000000000000e+00,0.000000000000000000e+00
8.531849343337405411e-01,0.000000000000000000e+00,0.000000000000000000e+00
8.544939312727362069e-01,0.000000000000000000e+00,0.000000000000000000e+00
8.558029282117319836e-01,0.000000000000000000e+00,0.000000000000000000e+00
8.571119251507277603e-01,0.000000000000000000e+00,0.000000000000000000e+00
8.584209220897235371e-01,0.000000000000000000e+00,0.000000000000000000e+00
8.597299190287192028e-01,0.000000000000000000e+00,0.000000000000000000e+00
8.610389159677149795e-01,0.000000000000000000e+00,0.000000000000000000e+00
8.623479129067107563e-01,0.000000000000000000e+00,0.000000000000000000e+00
8.636569098457065330e-01,0.000000000000000000e+00,0.000000000000000000e+00
8.649659067847021987e-01,0.000000000000000000e+00,0.000000000000000000e+00
8.662749037236979754e-01,0.000000000000000000e+00,0.000000000000000000e+00
8.675839006626937522e-01,0.000000000000000000e+00,0.000000000000000000e+00
8.688928976016895289e-01,0.000000000000000000e+00,0.000000000000000000e+00
8.702018945406851946e-01,0.000000000000000000e+00,0.000000000000000000e+00
8.715108914796809714e-01,0.000000000000000000e+00,0.000000000000000000e+00
8.728198884186767481e-01,0.000000000000000000e+00,0.000000000000000000e+00
8.741288853576725248e-01,0.000000000000000000e+00,0.000000000000000000e+00
8.754378822966681906e-01,0.000000000000000000e+00,0.000000000000000000e+00
8.767468792356639673e-01,0.000000000000000000e+00,0.000000000000000000e+00
8.780558761746597440e-01,0.000000000000000000e+00,0.000000000000000000e+00
8.793648731136555208e-01,0.000000000000000000e+00,0.000000000000000000e+00
8.806738700526511865e-01,0.000000000000000000e+00,0.000000000000000000e+00
8.819828669916469632e-01,0.000000000000000000e+00,0.000000000000000000e+00
8.832918639306427400e-01,0.000000000000000000e+00,0.000000000000000000e+00
8.846008608696385167e-01,0.000000000000000000e+00,0.000000000000000000e+00
8.859098578086341824e-01,0.000000000000000000e+00,0.000000000000000000e+00
8.872188547476299592e-01,0.000000000000000000e+00,0.000000000000000000e+00
8.885278516866257359e-01,0.000000000000000000e+00,0.000000000000000000e+00
8.898368486256215126e-01,0.000000000000000000e+00,0.000000000000000000e+00
8.911458455646171783e-01,0.000000000000000000e+00,0.000000000000000000e+00
8.924548425036129551e-01,0.000000000000000000e+00,0.000000000000000000e+00
8.937638394426087318e-01,0.000000000000000000e+00,0.000000000000000000e+00
8.950728363816045086e-01,0.000000000000000000e+00,0.000000000000000000e+00
8.963818333206001743e-01,0.000000000000000000e+00,0.000000000000000000e+00
8.976908302595959510e-01,0.000000000000000000e+00,0.000000000000000000e+00
8.989998271985917278e-01,0.000000000000000000e+00,0.000000000000000000e+00
9.003088241375875045e-01,0.000000000000000000e+00,0.000000000000000000e+00
9.016178210765831702e-01,0.000000000000000000e+00,0.000000000000000000e+00
9.029268180155789469e-01,0.000000000000000000e+00,0.000000000000000000e+00
9.042358149545747237e-01,0.000000000000000000e+00,0.000000000000000000e+00
9.055448118935705004e-01,0.000000000000000000e+00,0.000000000000000000e+00
9.068538088325661661e-01,0.000000000000000000e+00,0.000000000000000000e+00
9.081628057715619429e-01,0.000000000000000000e+00,0.000000000000000000e+00
9.094718027105577196e-01,0.000000000000000000e+00,0.000000000000000000e+00
9.107807996495534963e-01,0.000000000000000000e+00,0.000000000000000000e+00
9.120897965885491621e-01,0.000000000000000000e+00,0.000000000000000000e+00
9.133987935275449388e-01,0.000000000000000000e+00,0.000000000000000000e+00
9.147077904665407155e-01,0.000000000000000000e+00,0.000000000000000000e+00
9.160167874055364923e-01,0.000000000000000000e+00,0.000000000000000000e+00
9.173257843445321580e-01,0.000000000000000000e+00,0.000000000000000000e+00
9.186347812835279347e-01,0.000000000000000000e+00,0.000000000000000000e+00
9.199437782225237115e-01,0.000000000000000000e+00,0.000000000000000000e+00
9.212527751615194882e-01,0.000000000000000000e+00,0.000000000000000000e+00
9.225617721005151539e-01,0.000000000000000000e+00,0.000000000000000000e+00
9.238707690395109307e-01,0.000000000000000000e+00,0.000000000000000000e+00
9.251797659785067074e-01,0.000000000000000000e+00,0.000000000000000000e+00
9.264887629175024841e-01,0.000000000000000000e+00,0.000000000000000000e+00
9.277977598564981498e-01,0.000000000000000000e+00,0.000000000000000000e+00
9.291067567954939266e-01,0.000000000000000000e+00,0.000000000000000000e+00
9.304157537344897033e-01,0.000000000000000000e+00,0.000000000000000000e+00
9.317247506734854801e-01,0.000000000000000000e+00,0.000000000000000000e+00
9.330337476124811458e-01,0.000000000000000000e+00,0.000000000000000000e+00
9.343427445514769225e-01,0.000000000000000000e+00,0.000000000000000000e+00
9.356517414904726992e-01,0.000000000000000000e+00,0.000000000000000000e+00
9.369607384294684760e-01,0.000000000000000000e+00,0.000000000000000000e+00
9.382697353684641417e-01,0.000000000000000000e+00,0.000000000000000000e+00
9.395787323074599184e-01,0.000000000000000000e+00,0.000000000000000000e+00
9.408877292464556952e-01,0.000000000000000000e+00,0.000000000000000000e+00
9.421967261854514719e-01,0.000000000000000000e+00,0.000000000000000000e+00
9.435057231244471376e-01,0.000000000000000000e+00,0.000000000000000000e+00
9.448147200634429144e-01,-4.588294164635442030e+03,-9.176588329270884060e+03
9.461237170024386911e-01,-1.207501147565226711e+04,-2.415002295130453422e+04
9.474327139414344678e-01,-1.437739936845740340e+04,-2.875479873691480680e+04
9.487417108804301336e-01,-1.378934069577920673e+04,-2.757868139155841345e+04
9.500507078194259103e-01,-1.284335112749885047e+04,-2.568670225499770095e+04
9.513597047584216870e-01,-1.213433674277734281e+04,-2.426867348555468561e+04
9.526687016974174638e-01,-1.175107921032479862e+04,-2.350215842064959725e+04
9.539776986364131295e-01,-1.168862854918636549e+04,-2.337725709837273098e+04
9.552866955754089062e-01,-1.178897775658114915e+04,-2.357795551316229830e+04
9.565956925144046830e-01,-1.192123639245961749e+04,-2.384247278491923498e+04
9.579046894534004597e-01,-1.203330633556705106e+04,-2.406661267113410213e+04
9.592136863923961254e-01,-1.211261379510712140e+04,-2.422522759021424281e+04
9.605226833313919022e-01,-1.219053690715001176e+04,-2.438107381430002351e+04
9.618316802703876789e-01,-1.227597285033978551e+04,-2.455194570067957102e+04
9.631406772093834556e-01,-1.235082613688493802e+04,-2.470165227376987605e+04
9.644496741483791213e-01,-1.242150296773618720e+04,-2.484300593547237440e+04
9.657586710873748981e-01,-1.250947520735220496e+04,-2.501895041470440992e+04
9.670676680263706748e-01,-1.260746740365625010e+04,-2.521493480731250020e+04
9.683766649653664516e-01,-1.268903469614326968e+04,-2.537806939228653937e+04
9.696856619043621173e-01,-1.275750652401452317e+04,-2.551501304802904633e+04
9.709946588433578940e-01,-1.284024340015926828e+04,-2.568048680031853655e+04
9.723036557823536707e-01,-1.293620362453801317e+04,-2.587240724907602635e+04
9.736126527213494475e-01,-1.302179464818079759e+04,-2.604358929636159519e+04
9.749216496603451132e-01,-1.309896345598043263e+04,-2.619792691196086525e+04
9.762306465993408899e-01,-1.318869188186893552e+04,-2.637738376373787105e+04
9.775396435383366667e-01,-1.328666306423829701e+04,-2.657332612847659402e+04
9.788486404773324434e-01,-1.336986459032511084e+04,-2.673972918065022168e+04
9.801576374163281091e-01,-1.344475541500796317e+04,-2.688951083001592633e+04
9.814666343553238859e-01,-1.353820885288786303e+04,-2.707641770577572606e+04
9.827756312943196626e-01,-1.364401583203403425e+04,-2.728803166406806849e+04
9.840846282333154393e-01,-1.373210909161065501e+04,-2.746421818322131003e+04
9.853936251723111051e-01,-1.380698155643559767e+04,-2.761396311287119534e+04
9.867026221113068818e-01,-1.390034483557196108e+04,-2.780068967114392217e+04
9.880116190503026585e-01,-1.400839651193966711e+04,-2.801679302387933421e+04
9.893206159892984353e-01,-1.409932784078616896e+04,-2.819865568157233793e+04
9.906296129282941010e-01,-1.417704628102906827e+04,-2.835409256205813654e+04
9.919386098672898777e-01,-1.427399707760697675e+04,-2.854799415521395349e+04
9.932476068062856545e-01,-1.438623970654478399e+04,-2.877247941308956797e+04
9.945566037452814312e-01,-1.448079830311190744e+04,-2.896159660622381489e+04
9.958656006842770969e-01,-1.456037680295651444e+04,-2.912075360591302888e+04
9.971745976232728736e-01,-1.465746987818603338e+04,-2.931493975637206677e+04
9.984835945622686504e-01,-1.477019652192693320e+04,-2.954039304385386640e+04
9.997925915012644271e-01,-1.486832861749989206e+04,-2.973665723499978412e+04
1.001101588440260093e+00,-1.495424009243207911e+04,-2.990848018486415822e+04
1.002410585379255981e+00,-1.505642353669672775e+04,-3.011284707339345550e+04
1.003719582318251646e+00,-1.517118449464049263e+04,-3.034236898928098526e+04
1.005028579257247312e+00,-1.526925726899444089e+04,-3.053851453798888178e+04
1.006337576196242978e+00,-1.535556681288645086e+04,-3.071113362577290172e+04
1.007646573135238866e+00,-1.546131999781668674e+04,-3.092263999563337347e+04
1.008955570074234753e+00,-1.558179377501754243e+04,-3.116358755003508486e+04
1.010264567013230419e+00,-1.568441673669804004e+04,-3.136883347339608008e+04
1.011573563952226085e+00,-1.577294586198133584e+04,-3.154589172396267168e+04
1.012882560891221750e+00,-1.588044560134214953e+04,-3.176089120268429906e+04
1.014191557830217638e+00,-1.600331180806770863e+04,-3.200662361613541725e+04
1.015500554769213526e+00,-1.610845552711313940e+04,-3.221691105422627879e+04
1.016809551708209192e+00,-1.619998029405268062e+04,-3.239996058810536124e+04
1.018118548647204857e+00,-1.631170337977089912e+04,-3.262340675954179824e+04
1.019427545586200523e+00,-1.643924812752232538e+04,-3.287849625504465075e+04
1.020736542525196411e+00,-1.654770175912784180e+04,-3.309540351825568359e+04
1.022045539464192077e+00,-1.664084919213063404e+04,-3.328169838426126807e+04
1.023354536403187964e+00,-1.675430080306682430e+04,-3.350860160613364860e+04
1.024663533342183630e+00,-1.688492009608946319e+04,-3.376984019217892637e+04
1.025972530281179296e+00,-1.699786881543038180e+04,-3.399573763086076360e+04
1.027281527220174961e+00,-1.709584262202882746e+04,-3.419168524405765493e+04
1.028590524159170849e+00,-1.721266510360198299e+04,-3.442533020720396598e+04
1.029899521098166515e+00,-1.734531295676974332e+04,-3.469062591353948665e+04
1.031208518037162181e+00,-1.746047395588956351e+04,-3.492094791177912703e+04
1.032517514976157846e+00,-1.756195105824242273e+04,-3.512390211648484546e+04
1.033826511915153734e+00,-1.768330726541454715e+04,-3.536661453082909429e+04
1.035135508854149400e+00,-1.782025065101241489e+04,-3.564050130202482978e+04
1.036444505793145066e+00,-1.793815968636782418e+04,-3.587631937273564836e+04
1.037753502732140731e+00,-1.804170513739505986e+04,-3.608341027479011973e+04
1.039062499671136619e+00,-1.816693240009978399e+04,-3.633386480019956798e+04
1.040371496610132285e+00,-1.830904814169942256e+04,-3.661809628339884512e+04
1.041680493549127950e+00,-1.843053273707088374e+04,-3.686106547414176748e+04
1.042989490488123616e+00,-1.853595950150004865e+04,-3.707191900300009729e+04
1.044298487427119504e+00,-1.866429676120074146e+04,-3.732859352240148291e+04
1.045607484366115170e+00,-1.881126712119544027e+04,-3.762253424239088054e+04
1.046916481305110835e+00,-1.893725199066315326e+04,-3.787450398132630653e+04
1.048225478244106501e+00,-1.904597243225074999e+04,-3.809194486450149998e+04
1.049534475183102389e+00,-1.917737994771432204e+04,-3.835475989542864409e+04
1.050843472122098055e+00,-1.932788283285623766e+04,-3.865576566571247531e+04
1.052152469061093720e+00,-1.945765176696817070e+04,-3.891530353393634141e+04
1.053461466000089386e+00,-1.957037565075979728e+04,-3.914075130151959456e+04
1.054770462939085274e+00,-1.970602882464435970e+04,-3.941205764928871940e+04
1.056079459878080939e+00,-1.986071328821589850e+04,-3.972142657643179700e+04
1.057388456817076605e+00,-1.999409042859303008e+04,-3.998818085718606017e+04
1.058697453756072271e+00,-2.011008237083345375e+04,-4.022016474166690750e+04
1.060006450695068159e+00,-2.024955417450522873e+04,-4.049910834901045746e+04
1.061315447634063824e+00,-2.040866420909987573e+04,-4.081732841819975147e+04
1.062624444573059490e+00,-2.054638593386059438e+04,-4.109277186772118876e+04
1.063933441512055156e+00,-2.066641866844265314e+04,-4.133283733688530629e+04
1.065242438451051044e+00,-2.080994241810087260e+04,-4.161988483620174520e+04
1.066551435390046709e+00,-2.097312092644100267e+04,-4.194624185288200533e+04
1.067860432329042375e+00,-2.111454867683920384e+04,-4.222909735367840767e+04
1.069169429268038041e+00,-2.123839193083819555e+04,-4.247678386167639110e+04
1.070478426207033928e+00,-2.138671153530371157e+04,-4.277342307060742314e+04
1.071787423146029594e+00,-2.155509587428618761e+04,-4.311019174857237522e+04
1.073096420085025260e+00,-2.170055477634993440e+04,-4.340110955269986880e+04
1.074405417024020926e+00,-2.182749441053740520e+04,-4.365498882107481040e+04
1.075714413963016813e+00,-2.197997619798649976e+04,-4.395995239597299951e+04
1.077023410902012479e+00,-2.215372793344086313e+04,-4.430745586688172625e+04
1.078332407841008145e+00,-2.230411282807775933e+04,-4.460822565615551866e+04
1.079641404780003811e+00,-2.243504740322569342e+04,-4.487009480645138683e+04
1.080950401718999698e+00,-2.259160641827979634e+04,-4.518321283655959269e+04
1.082259398657995364e+00,-2.276996290685677741e+04,-4.553992581371355482e+04
1.083568395596991030e+00,-2.292500546683446373e+04,-4.585001093366892746e+04
1.084877392535986695e+00,-2.306059618625937583e+04,-4.612119237251875165e+04
1.086186389474982583e+00,-2.322207791936157082e+04,-4.644415583872314164e+04
1.087495386413978249e+00,-2.340537436518453978e+04,-4.681074873036907957e+04
1.088804383352973915e+00,-2.356470758460426441e+04,-4.712941516920852882e+04
1.090113380291969580e+00,-2.370441009211807614e+04,-4.740882018423615227e+04
1.091422377230965468e+00,-2.387106181684291369e+04,-4.774212363368582737e+04
1.092731374169961134e+00,-2.406018132557384160e+04,-4.812036265114768321e+04
1.094040371108956800e+00,-2.422432915855713509e+04,-4.844865831711427018e+04
1.095349368047952465e+00,-2.436795261418035807e+04,-4.873590522836071614e+04
1.096658364986948353e+00,-2.453947002393939692e+04,-4.907894004787879385e+04
1.097967361925944019e+00,-2.473445761891129587e+04,-4.946891523782259173e+04
1.099276358864939684e+00,-2.490381516758665384e+04,-4.980763033517330769e+04
1.100585355803935350e+00,-2.505187495958411819e+04,-5.010374991916823637e+04
1.101894352742931238e+00,-2.522851607864514517e+04,-5.045703215729029034e+04
1.103203349681926904e+00,-2.542935534852125056e+04,-5.085871069704250112e+04
1.104512346620922569e+00,-2.560388843179182368e+04,-5.120777686358364735e+04
1.105821343559918235e+00,-2.575648876703908900e+04,-5.151297753407817800e+04
1.107130340498914123e+00,-2.593847487547645869e+04,-5.187694975095291738e+04
1.108439337437909789e+00,-2.614546378187516530e+04,-5.229092756375033059e+04
1.109748334376905454e+00,-2.632556675198426456e+04,-5.265113350396852911e+04
1.111057331315901120e+00,-2.648300029199567871e+04,-5.296600058399135742e+04
1.112366328254897008e+00,-2.667027006130561495e+04,-5.334054012261122989e+04
1.113675325193892673e+00,-2.688320805573387770e+04,-5.376641611146775540e+04
1.114984322132888339e+00,-2.706905213507207372e+04,-5.413810427014414745e+04
1.116293319071884005e+00,-2.723193202199161533e+04,-5.446386404398323066e+04
1.117602316010879893e+00,-2.742501362921695909e+04,-5.485002725843391818e+04
1.118911312949875558e+00,-2.764401661839693406e+04,-5.528803323679386813e+04
1.120220309888871224e+00,-2.783533579460389228e+04,-5.567067158920778456e+04
1.121529306827866890e+00,-2.800346905288692506e+04,-5.600693810577385011e+04
1.122838303766862778e+00,-2.820282599318321809e+04,-5.640565198636643618e+04
1.124147300705858443e+00,-2.842872815296957560e+04,-5.685745630593915121e+04
1.125456297644854109e+00,-2.862588123917843404e+04,-5.725176247835686809e+04
1.126765294583849775e+00,-2.879897619748476427e+04,-5.759795239496952854e+04
1.128074291522845662e+00,-2.900438768650862403e+04,-5.800877537301724806e+04
1.129383288461841328e+00,-2.923745157449144608e+04,-5.847490314898289216e+04
1.130692285400836994e+00,-2.944105904310621918e+04,-5.888211808621243836e+04
1.132001282339832660e+00,-2.961969174867145193e+04,-5.923938349734290387e+04
1.133310279278828547e+00,-2.983124079521147360e+04,-5.966248159042294719e+04
1.134619276217824213e+00,-3.007124094304875689e+04,-6.014248188609751378e+04
1.135928273156819879e+00,-3.028134565109962205e+04,-6.056269130219924409e+04
1.137237270095815544e+00,-3.046598714382623439e+04,-6.093197428765246877e+04
1.138546267034811432e+00,-3.068415756362791217e+04,-6.136831512725582434e+04
1.139855263973807098e+00,-3.093134330279203277e+04,-6.186268660558406555e+04
1.141164260912802764e+00,-3.114804240532763288e+04,-6.229608481065526576e+04
1.142473257851798429e+00,-3.133880751778907870e+04,-6.267761503557815740e+04
1.143782254790794317e+00,-3.156387730565780657e+04,-6.312775461131561315e+04
1.145091251729789983e+00,-3.181858134692375461e+04,-6.363716269384750922e+04
1.146400248668785649e+00,-3.204201579833869982e+04,-6.408403159667739965e+04
1.147709245607781314e+00,-3.223899705567471756e+04,-6.447799411134943512e+04
1.149018242546777202e+00,-3.247141031128251052e+04,-6.494282062256502104e+04
1.150327239485772868e+00,-3.273425075351705163e+04,-6.546850150703410327e+04
1.151636236424768533e+00,-3.296459767786104203e+04,-6.592919535572208406e+04
1.152945233363764199e+00,-3.316751191739979549e+04,-6.633502383479959099e+04
1.154254230302760087e+00,-3.340723718149455090e+04,-6.681447436298910179e+04
1.155563227241755753e+00,-3.367877383157462464e+04,-6.735754766314924927e+04
1.156872224180751418e+00,-3.391701575928846432e+04,-6.783403151857692865e+04
1.158181221119747084e+00,-3.412652678058917081e+04,-6.825305356117834162e+04
1.159490218058742972e+00,-3.437314841893419361e+04,-6.874629683786838723e+04
1.160799214997738638e+00,-3.465254155838575389e+04,-6.930508311677150778e+04
1.162108211936734303e+00,-3.489890643743785768e+04,-6.979781287487571535e+04
1.163417208875729969e+00,-3.511647314943172387e+04,-7.023294629886344774e+04
1.164726205814725857e+00,-3.537114399247692927e+04,-7.074228798495385854e+04
1.166035202753721522e+00,-3.565843677367516648e+04,-7.131687354735033296e+04
1.167344199692717188e+00,-3.591216501953261468e+04,-7.182433003906522936e+04
1.168653196631712854e+00,-3.613724019064391177e+04,-7.227448038128782355e+04
1.169962193570708742e+00,-3.640071409795465297e+04,-7.280142819590930594e+04
1.171271190509704407e+00,-3.669738104488056706e+04,-7.339476208976113412e+04
1.172580187448700073e+00,-3.695908252412037109e+04,-7.391816504824074218e+04
1.173889184387695739e+00,-3.719116231570752279e+04,-7.438232463141504559e+04
1.175198181326691627e+00,-3.746318660075837397e+04,-7.492637320151674794e+04
1.176507178265687292e+00,-3.776972861271697184e+04,-7.553945722543394368e+04
1.177816175204682958e+00,-3.804001687577952544e+04,-7.608003375155905087e+04
1.179125172143678624e+00,-3.827948569394867809e+04,-7.655897138789735618e+04
1.180434169082674511e+00,-3.856043688912906509e+04,-7.712087377825813019e+04
1.181743166021670177e+00,-3.887756923828267463e+04,-7.775513847656534927e+04
1.183052162960665843e+00,-3.915770010001517949e+04,-7.831540020003035897e+04
1.184361159899661509e+00,-3.940616789951329702e+04,-7.881233579902659403e+04
1.185670156838657396e+00,-3.969830737321204651e+04,-7.939661474642409303e+04
1.186979153777653062e+00,-4.003046023544354102e+04,-8.006092047088708205e+04
1.188288150716648728e+00,-4.032849117349839071e+04,-8.065698234699678142e+04
1.189597147655644394e+00,-3.696952975513921410e+04,-8.115618460210735793e+04
1.190906144594640281e+00,-3.004083128494659832e+04,-8.164201675180740131e+04
1.192215141533635947e+00,-2.604092839617915524e+04,-8.209355698742732056e+04
1.193524138472631613e+00,-1.545130726325926298e+04,-8.239990814554529788e+04
1.194833135411627278e+00,-8.894182453472079942e+03,-8.256327711522935715e+04
1.196142132350623166e+00,-9.103480390929327768e+03,-8.269469964015897131e+04
1.197451129289618832e+00,-1.065281665067773611e+04,-8.282680806085490622e+04
1.198760126228614498e+00,-4.098294717479989231e+03,-8.291148281812400091e+04
1.200069123167610163e+00,-4.749457745700199780e+02,-8.295140821915846027e+04
1.201378120106606051e+00,-2.811137504751709457e+03,-8.299291746593597054e+04
1.202687117045601717e+00,-5.983058762082841895e+03,-8.304098388161396724e+04
1.203996113984597383e+00,-4.969509356343463651e+02,-8.306570473742141621e+04
1.205305110923593048e+00,2.445074841359499260e+03,-8.306996519605239155e+04
1.206614107862588936e+00,-7.317526894977918346e+02,-8.308104130447337229e+04
1.207923104801584602e+00,-4.582908596480866436e+03,-8.309866200712553109e+04
1.209232101740580267e+00,5.836331147551150025e+02,-8.310309201133430179e+04
1.210541098679575933e+00,2.885697264746916971e+03,-8.309990492776266183e+04
1.211850095618571821e+00,-9.674973283236293753e+01,-8.310832086505240295e+04
1.213159092557567487e+00,-4.018950073729568430e+03,-8.312138446498708799e+04
1.214468089496563152e+00,5.811029796032486274e+02,-8.311772198341069452e+04
1.215777086435558818e+00,3.424894249251749898e+03,-8.310484704976691864e+04
1.217086083374554706e+00,6.019431250412846879e+01,-8.310758648718656332e+04
1.218395080313550372e+00,-4.102703955490802400e+03,-8.312101524434039311e+04
1.219704077252546037e+00,8.098562166782681970e+02,-8.312209204575272452e+04
1.221013074191541703e+00,3.105847373999637966e+03,-8.311453442270361120e+04
1.222322071130537591e+00,-1.849872073294909569e+01,-8.311878036431682995e+04
1.223631068069533256e+00,-4.086125287108558496e+03,-8.312983527437517478e+04
1.224940065008528922e+00,6.694007536355450156e+02,-8.312747424627903092e+04
1.226249061947524588e+00,3.254976211582972155e+03,-8.311896424824425776e+04
1.227558058886520476e+00,3.033292188265731326e+01,-8.312600424698519055e+04
1.228867055825516141e+00,-4.148821955336352403e+03,-8.313967663207744772e+04
1.230176052764511807e+00,7.491825470469402717e+02,-8.313363224014088337e+04
1.231485049703507473e+00,2.831866507171092962e+03,-8.311635628564396757e+04
1.232794046642503361e+00,-4.951752673917338257e+02,-8.312103435092212749e+04
1.234103043581499026e+00,-4.849003010305534190e+03,-8.314725733852564008e+04
1.235412040520494692e+00,-5.160859277968592096e+01,-8.317124805835365260e+04
1.236721037459490358e+00,2.228472399269705420e+03,-8.319057519469561521e+04
1.238030034398486245e+00,-1.216075768057376990e+03,-8.321543996623212297e+04
1.239339031337481911e+00,-5.825147728756142897e+03,-8.323783005460220738e+04
1.240648028276477577e+00,-1.675554938007088140e+03,-8.324009878842691251e+04
1.241957025215473243e+00,-2.534713164573102873e+01,-8.324717597120816936e+04
1.243266022154469130e+00,-4.623718270513246352e+03,-8.330480137621378526e+04
1.244575019093464796e+00,-1.026423362907088631e+04,-8.339878032744796656e+04
1.245884016032460462e+00,-7.152410459534287838e+03,-8.347664470614968741e+04
1.247193012971456128e+00,-7.922481726900566173e+03,-8.356996929124256712e+04
1.248502009910452015e+00,-1.531736335193620471e+04,-8.373786801319349615e+04
1.249811006849447681e+00,-2.358464165304055496e+04,-8.388037839601926680e+04
1.251120003788443347e+00,-2.564523988590744193e+04,-8.379149384860017744e+04
1.252429000727439012e+00,-3.427219659492042410e+04,-8.387779163224961667e+04
1.253737997666434900e+00,-4.073074732310802210e+04,-8.274731731636964832e+04
1.255046994605430566e+00,-2.732295875774013621e+04,-7.575976458415303205e+04
1.256355991544426232e+00,1.158044929446606329e+04,-5.869311630547329696e+04
