# Exudyn: solution of belt drive, slip and gap over belt length
# Exudyn output file
# Exudyn version=1.2.34.dev1
# endTime=1.5
# stepSize=5e-05
# nSegments=4
# nANCFnodes=240
# contactStiffnessPerArea=100000000.0
# frictionStiffnessPerArea=100000000.0
# contactStiffness=418879.02047863905
# frictionStiffness=523598.7755982988
# contactDamping=8.377580409572781
# frictionVelocityPenalty=33.70609928242229
# dryFriction=0.5
# 
8.157457171580062560e-04,1.766495136214848299e-06,-8.735633510115192735e-06
2.124742656153755238e-03,0.000000000000000000e+00,0.000000000000000000e+00
3.433739595149504220e-03,0.000000000000000000e+00,0.000000000000000000e+00
4.742736534145253202e-03,0.000000000000000000e+00,0.000000000000000000e+00
6.051733473141002184e-03,0.000000000000000000e+00,0.000000000000000000e+00
7.360730412136751166e-03,0.000000000000000000e+00,0.000000000000000000e+00
8.669727351132500148e-03,0.000000000000000000e+00,0.000000000000000000e+00
9.978724290128249130e-03,0.000000000000000000e+00,0.000000000000000000e+00
1.128772122912399811e-02,0.000000000000000000e+00,0.000000000000000000e+00
1.259671816811974709e-02,0.000000000000000000e+00,0.000000000000000000e+00
1.390571510711549608e-02,0.000000000000000000e+00,0.000000000000000000e+00
1.521471204611124506e-02,0.000000000000000000e+00,0.000000000000000000e+00
1.652370898510699404e-02,0.000000000000000000e+00,0.000000000000000000e+00
1.783270592410274302e-02,0.000000000000000000e+00,0.000000000000000000e+00
1.914170286309849200e-02,0.000000000000000000e+00,0.000000000000000000e+00
2.045069980209424099e-02,0.000000000000000000e+00,0.000000000000000000e+00
2.175969674108998997e-02,0.000000000000000000e+00,0.000000000000000000e+00
2.306869368008573895e-02,0.000000000000000000e+00,0.000000000000000000e+00
2.437769061908148793e-02,0.000000000000000000e+00,0.000000000000000000e+00
2.568668755807723691e-02,0.000000000000000000e+00,0.000000000000000000e+00
2.699568449707298590e-02,0.000000000000000000e+00,0.000000000000000000e+00
2.830468143606873488e-02,0.000000000000000000e+00,0.000000000000000000e+00
2.961367837506448386e-02,0.000000000000000000e+00,0.000000000000000000e+00
3.092267531406023284e-02,0.000000000000000000e+00,0.000000000000000000e+00
3.223167225305598182e-02,0.000000000000000000e+00,0.000000000000000000e+00
3.354066919205173081e-02,0.000000000000000000e+00,0.000000000000000000e+00
3.484966613104747979e-02,0.000000000000000000e+00,0.000000000000000000e+00
3.615866307004322877e-02,0.000000000000000000e+00,0.000000000000000000e+00
3.746766000903897775e-02,0.000000000000000000e+00,0.000000000000000000e+00
3.877665694803472674e-02,0.000000000000000000e+00,0.000000000000000000e+00
4.008565388703047572e-02,0.000000000000000000e+00,0.000000000000000000e+00
4.139465082602622470e-02,0.000000000000000000e+00,0.000000000000000000e+00
4.270364776502197368e-02,0.000000000000000000e+00,0.000000000000000000e+00
4.401264470401772266e-02,0.000000000000000000e+00,0.000000000000000000e+00
4.532164164301347165e-02,0.000000000000000000e+00,0.000000000000000000e+00
4.663063858200922063e-02,0.000000000000000000e+00,0.000000000000000000e+00
4.793963552100496961e-02,0.000000000000000000e+00,0.000000000000000000e+00
4.924863246000071859e-02,0.000000000000000000e+00,0.000000000000000000e+00
5.055762939899646757e-02,0.000000000000000000e+00,0.000000000000000000e+00
5.186662633799221656e-02,0.000000000000000000e+00,0.000000000000000000e+00
5.317562327698796554e-02,0.000000000000000000e+00,0.000000000000000000e+00
5.448462021598371452e-02,0.000000000000000000e+00,0.000000000000000000e+00
5.579361715497946350e-02,0.000000000000000000e+00,0.000000000000000000e+00
5.710261409397521248e-02,0.000000000000000000e+00,0.000000000000000000e+00
5.841161103297096147e-02,0.000000000000000000e+00,0.000000000000000000e+00
5.972060797196671045e-02,0.000000000000000000e+00,0.000000000000000000e+00
6.102960491096245943e-02,0.000000000000000000e+00,0.000000000000000000e+00
6.233860184995820841e-02,0.000000000000000000e+00,0.000000000000000000e+00
6.364759878895395739e-02,0.000000000000000000e+00,0.000000000000000000e+00
6.495659572794970638e-02,0.000000000000000000e+00,0.000000000000000000e+00
6.626559266694545536e-02,0.000000000000000000e+00,0.000000000000000000e+00
6.757458960594120434e-02,0.000000000000000000e+00,0.000000000000000000e+00
6.888358654493695332e-02,0.000000000000000000e+00,0.000000000000000000e+00
7.019258348393270230e-02,0.000000000000000000e+00,0.000000000000000000e+00
7.150158042292845129e-02,0.000000000000000000e+00,0.000000000000000000e+00
7.281057736192420027e-02,0.000000000000000000e+00,0.000000000000000000e+00
7.411957430091994925e-02,0.000000000000000000e+00,0.000000000000000000e+00
7.542857123991569823e-02,0.000000000000000000e+00,0.000000000000000000e+00
7.673756817891144721e-02,0.000000000000000000e+00,0.000000000000000000e+00
7.804656511790719620e-02,0.000000000000000000e+00,0.000000000000000000e+00
7.935556205690294518e-02,0.000000000000000000e+00,0.000000000000000000e+00
8.066455899589869416e-02,0.000000000000000000e+00,0.000000000000000000e+00
8.197355593489444314e-02,0.000000000000000000e+00,0.000000000000000000e+00
8.328255287389019212e-02,0.000000000000000000e+00,0.000000000000000000e+00
8.459154981288594111e-02,0.000000000000000000e+00,0.000000000000000000e+00
8.590054675188169009e-02,0.000000000000000000e+00,0.000000000000000000e+00
8.720954369087743907e-02,0.000000000000000000e+00,0.000000000000000000e+00
8.851854062987318805e-02,0.000000000000000000e+00,0.000000000000000000e+00
8.982753756886893703e-02,0.000000000000000000e+00,0.000000000000000000e+00
9.113653450786468602e-02,0.000000000000000000e+00,0.000000000000000000e+00
9.244553144686043500e-02,0.000000000000000000e+00,0.000000000000000000e+00
9.375452838585618398e-02,0.000000000000000000e+00,0.000000000000000000e+00
9.506352532485193296e-02,0.000000000000000000e+00,0.000000000000000000e+00
9.637252226384768194e-02,0.000000000000000000e+00,0.000000000000000000e+00
9.768151920284343093e-02,0.000000000000000000e+00,0.000000000000000000e+00
9.899051614183917991e-02,0.000000000000000000e+00,0.000000000000000000e+00
1.002995130808349289e-01,0.000000000000000000e+00,0.000000000000000000e+00
1.016085100198306779e-01,0.000000000000000000e+00,0.000000000000000000e+00
1.029175069588264269e-01,0.000000000000000000e+00,0.000000000000000000e+00
1.042265038978221758e-01,0.000000000000000000e+00,0.000000000000000000e+00
1.055355008368179248e-01,0.000000000000000000e+00,0.000000000000000000e+00
1.068444977758136738e-01,0.000000000000000000e+00,0.000000000000000000e+00
1.081534947148094228e-01,0.000000000000000000e+00,0.000000000000000000e+00
1.094624916538051718e-01,0.000000000000000000e+00,0.000000000000000000e+00
1.107714885928009207e-01,0.000000000000000000e+00,0.000000000000000000e+00
1.120804855317966697e-01,0.000000000000000000e+00,0.000000000000000000e+00
1.133894824707924187e-01,0.000000000000000000e+00,0.000000000000000000e+00
1.146984794097881677e-01,0.000000000000000000e+00,0.000000000000000000e+00
1.160074763487839167e-01,0.000000000000000000e+00,0.000000000000000000e+00
1.173164732877796657e-01,0.000000000000000000e+00,0.000000000000000000e+00
1.186254702267754146e-01,0.000000000000000000e+00,0.000000000000000000e+00
1.199344671657711636e-01,0.000000000000000000e+00,0.000000000000000000e+00
1.212434641047669404e-01,0.000000000000000000e+00,0.000000000000000000e+00
1.225524610437626616e-01,0.000000000000000000e+00,0.000000000000000000e+00
1.238614579827583828e-01,0.000000000000000000e+00,0.000000000000000000e+00
1.251704549217541595e-01,0.000000000000000000e+00,0.000000000000000000e+00
1.264794518607498808e-01,0.000000000000000000e+00,0.000000000000000000e+00
1.277884487997456575e-01,0.000000000000000000e+00,0.000000000000000000e+00
1.290974457387413787e-01,0.000000000000000000e+00,0.000000000000000000e+00
1.304064426777371555e-01,0.000000000000000000e+00,0.000000000000000000e+00
1.317154396167328767e-01,0.000000000000000000e+00,0.000000000000000000e+00
1.330244365557286534e-01,0.000000000000000000e+00,0.000000000000000000e+00
1.343334334947243747e-01,0.000000000000000000e+00,0.000000000000000000e+00
1.356424304337201514e-01,0.000000000000000000e+00,0.000000000000000000e+00
1.369514273727158726e-01,0.000000000000000000e+00,0.000000000000000000e+00
1.382604243117116494e-01,0.000000000000000000e+00,0.000000000000000000e+00
1.395694212507073706e-01,0.000000000000000000e+00,0.000000000000000000e+00
1.408784181897031473e-01,0.000000000000000000e+00,0.000000000000000000e+00
1.421874151286988686e-01,0.000000000000000000e+00,0.000000000000000000e+00
1.434964120676946453e-01,0.000000000000000000e+00,0.000000000000000000e+00
1.448054090066903665e-01,0.000000000000000000e+00,0.000000000000000000e+00
1.461144059456861433e-01,0.000000000000000000e+00,0.000000000000000000e+00
1.474234028846818645e-01,0.000000000000000000e+00,0.000000000000000000e+00
1.487323998236776412e-01,0.000000000000000000e+00,0.000000000000000000e+00
1.500413967626733625e-01,0.000000000000000000e+00,0.000000000000000000e+00
1.513503937016691392e-01,0.000000000000000000e+00,0.000000000000000000e+00
1.526593906406648604e-01,0.000000000000000000e+00,0.000000000000000000e+00
1.539683875796606372e-01,0.000000000000000000e+00,0.000000000000000000e+00
1.552773845186563584e-01,0.000000000000000000e+00,0.000000000000000000e+00
1.565863814576521351e-01,0.000000000000000000e+00,0.000000000000000000e+00
1.578953783966478563e-01,0.000000000000000000e+00,0.000000000000000000e+00
1.592043753356436331e-01,0.000000000000000000e+00,0.000000000000000000e+00
1.605133722746393543e-01,0.000000000000000000e+00,0.000000000000000000e+00
1.618223692136351310e-01,0.000000000000000000e+00,0.000000000000000000e+00
1.631313661526308523e-01,0.000000000000000000e+00,0.000000000000000000e+00
1.644403630916266290e-01,0.000000000000000000e+00,0.000000000000000000e+00
1.657493600306223502e-01,0.000000000000000000e+00,0.000000000000000000e+00
1.670583569696181270e-01,0.000000000000000000e+00,0.000000000000000000e+00
1.683673539086138482e-01,0.000000000000000000e+00,0.000000000000000000e+00
1.696763508476096249e-01,0.000000000000000000e+00,0.000000000000000000e+00
1.709853477866053462e-01,0.000000000000000000e+00,0.000000000000000000e+00
1.722943447256011229e-01,0.000000000000000000e+00,0.000000000000000000e+00
1.736033416645968441e-01,0.000000000000000000e+00,0.000000000000000000e+00
1.749123386035926209e-01,0.000000000000000000e+00,0.000000000000000000e+00
1.762213355425883421e-01,0.000000000000000000e+00,0.000000000000000000e+00
1.775303324815841188e-01,0.000000000000000000e+00,0.000000000000000000e+00
1.788393294205798401e-01,0.000000000000000000e+00,0.000000000000000000e+00
1.801483263595756168e-01,0.000000000000000000e+00,0.000000000000000000e+00
1.814573232985713380e-01,0.000000000000000000e+00,0.000000000000000000e+00
1.827663202375671148e-01,0.000000000000000000e+00,0.000000000000000000e+00
1.840753171765628360e-01,0.000000000000000000e+00,0.000000000000000000e+00
1.853843141155586127e-01,0.000000000000000000e+00,0.000000000000000000e+00
1.866933110545543339e-01,0.000000000000000000e+00,0.000000000000000000e+00
1.880023079935501107e-01,0.000000000000000000e+00,0.000000000000000000e+00
1.893113049325458319e-01,0.000000000000000000e+00,0.000000000000000000e+00
1.906203018715416087e-01,0.000000000000000000e+00,0.000000000000000000e+00
1.919292988105373299e-01,0.000000000000000000e+00,0.000000000000000000e+00
1.932382957495331066e-01,0.000000000000000000e+00,0.000000000000000000e+00
1.945472926885288278e-01,0.000000000000000000e+00,0.000000000000000000e+00
1.958562896275246046e-01,0.000000000000000000e+00,0.000000000000000000e+00
1.971652865665203258e-01,0.000000000000000000e+00,0.000000000000000000e+00
1.984742835055161025e-01,0.000000000000000000e+00,0.000000000000000000e+00
1.997832804445118238e-01,0.000000000000000000e+00,0.000000000000000000e+00
2.010922773835076005e-01,0.000000000000000000e+00,0.000000000000000000e+00
2.024012743225033217e-01,0.000000000000000000e+00,0.000000000000000000e+00
2.037102712614990985e-01,0.000000000000000000e+00,0.000000000000000000e+00
2.050192682004948197e-01,0.000000000000000000e+00,0.000000000000000000e+00
2.063282651394905964e-01,0.000000000000000000e+00,0.000000000000000000e+00
2.076372620784863177e-01,0.000000000000000000e+00,0.000000000000000000e+00
2.089462590174820944e-01,0.000000000000000000e+00,0.000000000000000000e+00
2.102552559564778156e-01,0.000000000000000000e+00,0.000000000000000000e+00
2.115642528954735924e-01,0.000000000000000000e+00,0.000000000000000000e+00
2.128732498344693136e-01,0.000000000000000000e+00,0.000000000000000000e+00
2.141822467734650903e-01,0.000000000000000000e+00,0.000000000000000000e+00
2.154912437124608116e-01,0.000000000000000000e+00,0.000000000000000000e+00
2.168002406514565883e-01,0.000000000000000000e+00,0.000000000000000000e+00
2.181092375904523095e-01,0.000000000000000000e+00,0.000000000000000000e+00
2.194182345294480863e-01,0.000000000000000000e+00,0.000000000000000000e+00
2.207272314684438075e-01,0.000000000000000000e+00,0.000000000000000000e+00
2.220362284074395842e-01,0.000000000000000000e+00,0.000000000000000000e+00
2.233452253464353054e-01,0.000000000000000000e+00,0.000000000000000000e+00
2.246542222854310822e-01,0.000000000000000000e+00,0.000000000000000000e+00
2.259632192244268034e-01,0.000000000000000000e+00,0.000000000000000000e+00
2.272722161634225801e-01,0.000000000000000000e+00,0.000000000000000000e+00
2.285812131024183014e-01,0.000000000000000000e+00,0.000000000000000000e+00
2.298902100414140781e-01,0.000000000000000000e+00,0.000000000000000000e+00
2.311992069804097993e-01,0.000000000000000000e+00,0.000000000000000000e+00
2.325082039194055761e-01,0.000000000000000000e+00,0.000000000000000000e+00
2.338172008584012973e-01,0.000000000000000000e+00,0.000000000000000000e+00
2.351261977973970740e-01,0.000000000000000000e+00,0.000000000000000000e+00
2.364351947363927953e-01,0.000000000000000000e+00,0.000000000000000000e+00
2.377441916753885720e-01,0.000000000000000000e+00,0.000000000000000000e+00
2.390531886143842932e-01,0.000000000000000000e+00,0.000000000000000000e+00
2.403621855533800700e-01,0.000000000000000000e+00,0.000000000000000000e+00
2.416711824923757912e-01,0.000000000000000000e+00,0.000000000000000000e+00
2.429801794313715679e-01,0.000000000000000000e+00,0.000000000000000000e+00
2.442891763703672892e-01,0.000000000000000000e+00,0.000000000000000000e+00
2.455981733093630659e-01,0.000000000000000000e+00,0.000000000000000000e+00
2.469071702483587871e-01,0.000000000000000000e+00,0.000000000000000000e+00
2.482161671873545639e-01,0.000000000000000000e+00,0.000000000000000000e+00
2.495251641263502851e-01,0.000000000000000000e+00,0.000000000000000000e+00
2.508341610653460618e-01,0.000000000000000000e+00,0.000000000000000000e+00
2.521431580043417831e-01,0.000000000000000000e+00,0.000000000000000000e+00
2.534521549433375598e-01,0.000000000000000000e+00,0.000000000000000000e+00
2.547611518823332810e-01,0.000000000000000000e+00,0.000000000000000000e+00
2.560701488213290578e-01,0.000000000000000000e+00,0.000000000000000000e+00
2.573791457603247790e-01,0.000000000000000000e+00,0.000000000000000000e+00
2.586881426993205557e-01,0.000000000000000000e+00,0.000000000000000000e+00
2.599971396383162769e-01,0.000000000000000000e+00,0.000000000000000000e+00
2.613061365773120537e-01,0.000000000000000000e+00,0.000000000000000000e+00
2.626151335163077749e-01,0.000000000000000000e+00,0.000000000000000000e+00
2.639241304553035516e-01,0.000000000000000000e+00,0.000000000000000000e+00
2.652331273942992729e-01,0.000000000000000000e+00,0.000000000000000000e+00
2.665421243332950496e-01,0.000000000000000000e+00,0.000000000000000000e+00
2.678511212722907708e-01,0.000000000000000000e+00,0.000000000000000000e+00
2.691601182112865476e-01,0.000000000000000000e+00,0.000000000000000000e+00
2.704691151502822688e-01,0.000000000000000000e+00,0.000000000000000000e+00
2.717781120892780455e-01,0.000000000000000000e+00,0.000000000000000000e+00
2.730871090282737668e-01,0.000000000000000000e+00,0.000000000000000000e+00
2.743961059672695435e-01,0.000000000000000000e+00,0.000000000000000000e+00
2.757051029062652647e-01,0.000000000000000000e+00,0.000000000000000000e+00
2.770140998452610415e-01,0.000000000000000000e+00,0.000000000000000000e+00
2.783230967842567627e-01,0.000000000000000000e+00,0.000000000000000000e+00
2.796320937232525394e-01,0.000000000000000000e+00,0.000000000000000000e+00
2.809410906622482607e-01,0.000000000000000000e+00,0.000000000000000000e+00
2.822500876012440374e-01,0.000000000000000000e+00,0.000000000000000000e+00
2.835590845402397586e-01,0.000000000000000000e+00,0.000000000000000000e+00
2.848680814792355354e-01,0.000000000000000000e+00,0.000000000000000000e+00
2.861770784182312566e-01,0.000000000000000000e+00,0.000000000000000000e+00
2.874860753572270333e-01,0.000000000000000000e+00,0.000000000000000000e+00
2.887950722962227545e-01,0.000000000000000000e+00,0.000000000000000000e+00
2.901040692352185313e-01,0.000000000000000000e+00,0.000000000000000000e+00
2.914130661742142525e-01,0.000000000000000000e+00,0.000000000000000000e+00
2.927220631132100293e-01,0.000000000000000000e+00,0.000000000000000000e+00
2.940310600522057505e-01,0.000000000000000000e+00,0.000000000000000000e+00
2.953400569912015272e-01,0.000000000000000000e+00,0.000000000000000000e+00
2.966490539301972484e-01,0.000000000000000000e+00,0.000000000000000000e+00
2.979580508691930252e-01,0.000000000000000000e+00,0.000000000000000000e+00
2.992670478081887464e-01,0.000000000000000000e+00,0.000000000000000000e+00
3.005760447471845231e-01,0.000000000000000000e+00,0.000000000000000000e+00
3.018850416861802444e-01,0.000000000000000000e+00,0.000000000000000000e+00
3.031940386251760211e-01,0.000000000000000000e+00,-8.615010692450408847e-06
3.045030355641717423e-01,0.000000000000000000e+00,-1.582711568821892900e-05
3.058120325031675191e-01,0.000000000000000000e+00,-1.915296221657869502e-05
3.071210294421632403e-01,0.000000000000000000e+00,-2.046864729086939061e-05
3.084300263811590170e-01,0.000000000000000000e+00,-2.084407104280261436e-05
3.097390233201547383e-01,0.000000000000000000e+00,-2.078534595079117864e-05
3.110480202591505150e-01,0.000000000000000000e+00,-2.067372400794964538e-05
3.123570171981462362e-01,0.000000000000000000e+00,-2.055627039934670997e-05
3.136660141371420130e-01,0.000000000000000000e+00,-2.039293846009537781e-05
3.149750110761377342e-01,0.000000000000000000e+00,-2.023634379608174605e-05
3.162840080151335109e-01,0.000000000000000000e+00,-2.010263449248039791e-05
3.175930049541292322e-01,0.000000000000000000e+00,-1.995993420932096196e-05
3.189020018931250089e-01,0.000000000000000000e+00,-1.980302142325085502e-05
3.202109988321207301e-01,0.000000000000000000e+00,-1.966447515787395073e-05
3.215199957711165069e-01,0.000000000000000000e+00,-1.954330132718229418e-05
3.228289927101122281e-01,0.000000000000000000e+00,-1.940268539284140115e-05
3.241379896491080048e-01,0.000000000000000000e+00,-1.924268295858122535e-05
3.254469865881037260e-01,0.000000000000000000e+00,-1.910238514006568078e-05
3.267559835270995028e-01,0.000000000000000000e+00,-1.898459548499431548e-05
3.280649804660952240e-01,0.000000000000000000e+00,-1.885065364624904927e-05
3.293739774050910007e-01,0.000000000000000000e+00,-1.869733542370077828e-05
3.306829743440867220e-01,0.000000000000000000e+00,-1.856180670822826784e-05
3.319919712830824987e-01,0.000000000000000000e+00,-1.844691112180829595e-05
3.333009682220782199e-01,0.000000000000000000e+00,-1.831625804177283712e-05
3.346099651610739967e-01,0.000000000000000000e+00,-1.816717150207591835e-05
3.359189621000697179e-01,0.000000000000000000e+00,-1.803540793411662069e-05
3.372279590390654946e-01,0.000000000000000000e+00,-1.792412556704536808e-05
3.385369559780612159e-01,0.000000000000000000e+00,-1.779864144717258068e-05
3.398459529170569926e-01,0.000000000000000000e+00,-1.765564695013766006e-05
3.411549498560527138e-01,0.000000000000000000e+00,-1.752824731648949808e-05
3.424639467950484906e-01,0.000000000000000000e+00,-1.741933091733982586e-05
3.437729437340442118e-01,0.000000000000000000e+00,-1.729684811870024763e-05
3.450819406730399885e-01,0.000000000000000000e+00,-1.715836074202281569e-05
3.463909376120357098e-01,0.000000000000000000e+00,-1.703559376740881870e-05
3.476999345510314865e-01,0.000000000000000000e+00,-1.693055522876407704e-05
3.490089314900272077e-01,0.000000000000000000e+00,-1.681143091357417685e-05
3.503179284290229845e-01,0.000000000000000000e+00,-1.667635974035575064e-05
3.516269253680187057e-01,0.000000000000000000e+00,-1.655738972934639452e-05
3.529359223070144824e-01,0.000000000000000000e+00,-1.645661680840793117e-05
3.542449192460102037e-01,0.000000000000000000e+00,-1.634182953828833273e-05
3.555539161850059804e-01,0.000000000000000000e+00,-1.621060456959144691e-05
3.568629131240017016e-01,0.000000000000000000e+00,-1.609450000331080766e-05
3.581719100629974784e-01,0.000000000000000000e+00,-1.599620017619929335e-05
3.594809070019931996e-01,0.000000000000000000e+00,-1.588493882166697180e-05
3.607899039409889763e-01,0.000000000000000000e+00,-1.575826540080316196e-05
3.620989008799846975e-01,0.000000000000000000e+00,-1.564645722049173848e-05
3.634078978189804743e-01,0.000000000000000000e+00,-1.555150801178795117e-05
3.647168947579761955e-01,0.000000000000000000e+00,-1.544308941424377135e-05
3.660258916969719722e-01,0.000000000000000000e+00,-1.531932776832611864e-05
3.673348886359676935e-01,0.000000000000000000e+00,-1.521069850120293498e-05
3.686438855749634702e-01,0.000000000000000000e+00,-1.511937841459920495e-05
3.699528825139591914e-01,0.000000000000000000e+00,-1.501491783933994739e-05
3.712618794529549127e-01,0.000000000000000000e+00,-1.489487659633859096e-05
3.725708763919506894e-01,0.000000000000000000e+00,-1.478899478923878519e-05
3.738798733309463551e-01,0.000000000000000000e+00,-1.469992446385959273e-05
3.751888702699421319e-01,0.000000000000000000e+00,-1.459870369464877360e-05
3.764978672089379086e-01,0.000000000000000000e+00,-1.448280558295766962e-05
3.778068641479336853e-01,0.000000000000000000e+00,-1.438050700446058539e-05
3.791158610869293510e-01,0.000000000000000000e+00,-1.429402916894306763e-05
3.804248580259251278e-01,0.000000000000000000e+00,-1.419541339300889327e-05
3.817338549649209045e-01,0.000000000000000000e+00,-1.408262451313424535e-05
3.830428519039166813e-01,0.000000000000000000e+00,-1.398353563639154196e-05
3.843518488429123470e-01,0.000000000000000000e+00,-1.390018286548388993e-05
3.856608457819081237e-01,0.000000000000000000e+00,-1.380469995533595284e-05
3.869698427209039004e-01,0.000000000000000000e+00,-1.369497362312122046e-05
3.882788396598996772e-01,0.000000000000000000e+00,-1.359857009373965919e-05
3.895878365988953429e-01,0.000000000000000000e+00,-1.351777379303420457e-05
3.908968335378911196e-01,0.000000000000000000e+00,-1.342535114687293252e-05
3.922058304768868964e-01,0.000000000000000000e+00,-1.331896880456262533e-05
3.935148274158826731e-01,0.000000000000000000e+00,-1.322528785900611847e-05
3.948238243548783388e-01,0.000000000000000000e+00,-1.314673665969712246e-05
3.961328212938741156e-01,0.000000000000000000e+00,-1.305719982454267569e-05
3.974418182328698923e-01,0.000000000000000000e+00,-1.295423873463874553e-05
3.987508151718656690e-01,0.000000000000000000e+00,-1.286326361538137064e-05
4.000598121108613348e-01,0.000000000000000000e+00,-1.278669528545495204e-05
4.013688090498571115e-01,0.000000000000000000e+00,-1.269973652269495989e-05
4.026778059888528882e-01,0.000000000000000000e+00,-1.260007721408384906e-05
4.039868029278486650e-01,0.000000000000000000e+00,-1.251199283305859389e-05
4.052957998668443307e-01,0.000000000000000000e+00,-1.243762342113818864e-05
4.066047968058401074e-01,0.000000000000000000e+00,-1.235299854944471587e-05
4.079137937448358842e-01,0.000000000000000000e+00,-1.225610264725396359e-05
4.092227906838316609e-01,0.000000000000000000e+00,-1.217073057020734428e-05
4.105317876228273266e-01,0.000000000000000000e+00,-1.209883614110285333e-05
4.118407845618231033e-01,0.000000000000000000e+00,-1.201667694676611386e-05
4.131497815008188801e-01,0.000000000000000000e+00,-1.192231631999551844e-05
4.144587784398146568e-01,0.000000000000000000e+00,-1.183936240692351483e-05
4.157677753788103225e-01,0.000000000000000000e+00,-1.176980834861895975e-05
4.170767723178060993e-01,0.000000000000000000e+00,-1.169014404826806963e-05
4.183857692568018760e-01,0.000000000000000000e+00,-1.159836329078789419e-05
4.196947661957976528e-01,0.000000000000000000e+00,-1.151773505393693942e-05
4.210037631347933185e-01,0.000000000000000000e+00,-1.145031243264538201e-05
4.223127600737890952e-01,0.000000000000000000e+00,-1.137301953153813106e-05
4.236217570127848719e-01,0.000000000000000000e+00,-1.128381685826240766e-05
4.249307539517806487e-01,0.000000000000000000e+00,-1.120549819740024322e-05
4.262397508907763144e-01,0.000000000000000000e+00,-1.114010991518088467e-05
4.275487478297720911e-01,0.000000000000000000e+00,-1.106506280497410177e-05
4.288577447687678679e-01,0.000000000000000000e+00,-1.097833919154467264e-05
4.301667417077636446e-01,0.000000000000000000e+00,-1.090226727223919667e-05
4.314757386467593103e-01,0.000000000000000000e+00,-1.083887659734938946e-05
4.327847355857550871e-01,0.000000000000000000e+00,-1.076602851912689118e-05
4.340937325247508638e-01,0.000000000000000000e+00,-1.068170260666578830e-05
4.354027294637466405e-01,0.000000000000000000e+00,-1.060775450269224596e-05
4.367117264027423063e-01,0.000000000000000000e+00,-1.054625109372930858e-05
4.380207233417380830e-01,0.000000000000000000e+00,-1.047557843553148516e-05
4.393297202807338597e-01,0.000000000000000000e+00,-1.039366472724290169e-05
4.406387172197296365e-01,0.000000000000000000e+00,-1.032176218673797052e-05
4.419477141587253022e-01,0.000000000000000000e+00,-1.026198038198145035e-05
4.432567110977210789e-01,0.000000000000000000e+00,-1.019338414685877492e-05
4.445657080367168557e-01,0.000000000000000000e+00,-1.011388373345356584e-05
4.458747049757126324e-01,0.000000000000000000e+00,-1.004402946627735993e-05
4.471837019147082981e-01,0.000000000000000000e+00,-9.985896982381281539e-06
4.484926988537040748e-01,0.000000000000000000e+00,-9.919238967981414135e-06
4.498016957926998516e-01,0.000000000000000000e+00,-9.842029806486629617e-06
4.511106927316956283e-01,0.000000000000000000e+00,-9.774210870491795156e-06
4.524196896706912940e-01,0.000000000000000000e+00,-9.717772924355827513e-06
4.537286866096870708e-01,0.000000000000000000e+00,-9.652984266542152803e-06
4.550376835486828475e-01,0.000000000000000000e+00,-9.577893662696124188e-06
4.563466804876786242e-01,0.000000000000000000e+00,-9.512003224354526054e-06
4.576556774266742900e-01,0.000000000000000000e+00,-9.457273716415026676e-06
4.589646743656700667e-01,0.000000000000000000e+00,-9.394372769144787583e-06
4.602736713046658434e-01,0.000000000000000000e+00,-9.321342918741648553e-06
4.615826682436616202e-01,0.000000000000000000e+00,-9.257256401412616853e-06
4.628916651826572859e-01,0.000000000000000000e+00,-9.204108287905188313e-06
4.642006621216530626e-01,0.000000000000000000e+00,-9.143051632812260188e-06
4.655096590606488394e-01,0.000000000000000000e+00,-9.072104661070334863e-06
4.668186559996446161e-01,0.000000000000000000e+00,-9.009820317401606715e-06
4.681276529386402818e-01,0.000000000000000000e+00,-8.958172577219758459e-06
4.694366498776360586e-01,0.000000000000000000e+00,-8.898829600645363769e-06
4.707456468166318353e-01,0.000000000000000000e+00,-8.829856469383390305e-06
4.720546437556276120e-01,0.000000000000000000e+00,-8.769349840453966038e-06
4.733636406946232777e-01,0.000000000000000000e+00,-8.719241561330748347e-06
4.746726376336190545e-01,0.000000000000000000e+00,-8.661601652359962600e-06
4.759816345726148312e-01,0.000000000000000000e+00,-8.594503278849807693e-06
4.772906315116106080e-01,0.000000000000000000e+00,-8.535629931361032874e-06
4.785996284506062737e-01,0.000000000000000000e+00,-8.486959718306819056e-06
4.799086253896020504e-01,0.000000000000000000e+00,-8.431037553421893982e-06
4.812176223285978272e-01,0.000000000000000000e+00,-8.365882575758765149e-06
4.825266192675936039e-01,0.000000000000000000e+00,-8.308627504477472669e-06
4.838356162065892696e-01,0.000000000000000000e+00,-8.261241247226047690e-06
4.851446131455850463e-01,0.000000000000000000e+00,-8.206848565339708301e-06
4.864536100845808231e-01,0.000000000000000000e+00,-8.143552677447596366e-06
4.877626070235765998e-01,0.000000000000000000e+00,-8.088030708702786953e-06
4.890716039625722655e-01,0.000000000000000000e+00,-8.042089638574112520e-06
4.903806009015680423e-01,0.000000000000000000e+00,-7.989116849904664974e-06
4.916895978405638190e-01,0.000000000000000000e+00,-7.927360221440804544e-06
4.929985947795595957e-01,0.000000000000000000e+00,-7.873396329446946673e-06
4.943075917185552615e-01,0.000000000000000000e+00,-7.829011894638915336e-06
4.956165886575510382e-01,0.000000000000000000e+00,-7.777637261952019543e-06
4.969255855965468149e-01,0.000000000000000000e+00,-7.717444992491606648e-06
4.982345825355425917e-01,0.000000000000000000e+00,-7.664834476298065802e-06
4.995435794745382574e-01,0.000000000000000000e+00,-7.621729866277848764e-06
5.008525764135340896e-01,0.000000000000000000e+00,-7.571917557472329641e-06
5.021615733525297554e-01,0.000000000000000000e+00,-7.513452100441075920e-06
5.034705702915256431e-01,0.000000000000000000e+00,-7.462236300215252527e-06
5.047795672305213088e-01,0.000000000000000000e+00,-7.420260592166938451e-06
5.060885641695169745e-01,0.000000000000000000e+00,-7.371904381048288712e-06
5.073975611085128623e-01,0.000000000000000000e+00,-7.315175446345745236e-06
5.087065580475085280e-01,0.000000000000000000e+00,-7.265328497166323451e-06
5.100155549865041937e-01,0.000000000000000000e+00,-7.224379231007826974e-06
5.113245519255000815e-01,0.000000000000000000e+00,-7.177404787422902999e-06
5.126335488644957472e-01,0.000000000000000000e+00,-7.122410722953942397e-06
5.139425458034916350e-01,0.000000000000000000e+00,-7.073954074537924797e-06
5.152515427424873007e-01,0.000000000000000000e+00,-7.034012338785755603e-06
5.165605396814829664e-01,0.000000000000000000e+00,-6.988332132432106825e-06
5.178695366204788542e-01,0.000000000000000000e+00,-6.934976323785813079e-06
5.191785335594745199e-01,0.000000000000000000e+00,-6.887903261684757972e-06
5.204875304984701856e-01,0.000000000000000000e+00,-6.848981624535399604e-06
5.217965274374660734e-01,0.000000000000000000e+00,-6.804456457482066511e-06
5.231055243764617391e-01,0.000000000000000000e+00,-6.752554733577276203e-06
5.244145213154576268e-01,0.000000000000000000e+00,-6.706951503274161119e-06
5.257235182544532925e-01,0.000000000000000000e+00,-6.669328471112234702e-06
5.270325151934489583e-01,0.000000000000000000e+00,-6.625961386244605400e-06
5.283415121324448460e-01,0.000000000000000000e+00,-6.575181493634341123e-06
5.296505090714405117e-01,0.000000000000000000e+00,-6.530722276423817085e-06
5.309595060104361774e-01,0.000000000000000000e+00,-6.494349589228343156e-06
5.322685029494320652e-01,0.000000000000000000e+00,-6.452365122269765330e-06
5.335774998884277309e-01,0.000000000000000000e+00,-6.402968052834911994e-06
5.348864968274236187e-01,0.000000000000000000e+00,-6.359683779585956209e-06
5.361954937664192844e-01,0.000000000000000000e+00,-6.324342089150669644e-06
5.375044907054149501e-01,0.000000000000000000e+00,-6.283540067694715070e-06
5.388134876444108379e-01,0.000000000000000000e+00,-6.235429109935353154e-06
5.401224845834065036e-01,0.000000000000000000e+00,-6.193187031530711373e-06
5.414314815224021693e-01,0.000000000000000000e+00,-6.157454349328683740e-06
5.427404784613980571e-01,0.000000000000000000e+00,-6.114100863749416526e-06
5.440494754003937228e-01,0.000000000000000000e+00,-6.063286218813135342e-06
5.453584723393896105e-01,2.337381018069351057e-06,-6.021579075532468295e-06
5.466674692783852763e-01,1.263996997569183378e-06,-5.995480529860652830e-06
5.479764662173809420e-01,1.065945131772938481e-06,-5.974583382001297238e-06
5.492854631563768297e-01,1.320686214612010190e-06,-5.953586318441228542e-06
5.505944600953724954e-01,1.037722047708689033e-06,-5.938969771052127200e-06
5.519034570343681612e-01,2.379807952368473423e-07,-5.931945606788002756e-06
5.532124539733640489e-01,3.757927120040527313e-07,-5.924669092563505934e-06
5.545214509123597146e-01,9.098491110803852422e-07,-5.913889713271558435e-06
5.558304478513556024e-01,6.765940462061248439e-07,-5.904942892473452609e-06
5.571394447903512681e-01,-3.430261846792959091e-08,-5.900406019138104696e-06
5.584484417293469338e-01,1.078920576491615435e-07,-5.895797794711055140e-06
5.597574386683428216e-01,7.341293168094953359e-07,-5.888726798616850111e-06
5.610664356073384873e-01,4.886126236114396448e-07,-5.883160163311362822e-06
5.623754325463341530e-01,-2.826472300099247548e-07,-5.881288356351932478e-06
5.636844294853300408e-01,3.141593113431540019e-08,-5.879181042306447225e-06
5.649934264243257065e-01,6.333848532047436919e-07,-5.873998800823287958e-06
5.663024233633215943e-01,5.198658758753804676e-07,-5.868408140236036630e-06
5.676114203023172600e-01,-1.885932406631152247e-07,-5.864962160470610364e-06
5.689204172413129257e-01,-6.115333098244413179e-08,-5.862023480629474648e-06
5.702294141803088134e-01,5.834290756623339291e-07,-5.857985118415398595e-06
5.715384111193044792e-01,3.533212433182164602e-07,-5.855234819537868951e-06
5.728474080583001449e-01,-3.122333059601967165e-07,-5.854808767705166339e-06
5.741564049972960326e-01,9.318704613514583457e-09,-5.852897943289803173e-06
5.754654019362916983e-01,5.845368974966014264e-07,-5.847539464601259063e-06
5.767743988752875861e-01,4.785597012280096152e-07,-5.842180281379061313e-06
5.780833958142832518e-01,-2.705215680909311970e-07,-5.839888796946302030e-06
5.793923927532789175e-01,-3.977190046744460972e-08,-5.838641212230211153e-06
5.807013896922748053e-01,4.882930479954694647e-07,-5.835735333303837535e-06
5.820103866312704710e-01,3.907387642609894129e-07,-5.832423631349503701e-06
5.833193835702661367e-01,-2.939175969551843792e-07,-5.830411828972037469e-06
5.846283805092620245e-01,-3.782030918997314473e-08,-5.828257437640038674e-06
5.859373774482576902e-01,6.069156328614155882e-07,-5.824436099380325693e-06
5.872463743872535780e-01,4.233157402389053914e-07,-5.820979489312705368e-06
5.885553713262492437e-01,-3.149999994178642737e-07,-5.819643491916659528e-06
5.898643682652449094e-01,-1.143051515939408347e-07,-5.818101684276766328e-06
5.911733652042407972e-01,4.903800735200913863e-07,-5.814557537495157469e-06
5.924823621432364629e-01,3.682755743694698936e-07,-5.811515904646791242e-06
5.937913590822321286e-01,-3.031273248799148945e-07,-5.810759377666840919e-06
5.951003560212280163e-01,-6.813065389632555480e-09,-5.809524562111478829e-06
5.964093529602236821e-01,5.835736832937588048e-07,-5.805846835668648787e-06
5.977183498992195698e-01,3.311417648699244154e-07,-5.802353063841247938e-06
5.990273468382152355e-01,-3.900983872873187153e-07,-5.801645937567045941e-06
6.003363437772109013e-01,-1.613756474005967334e-07,-5.801910465591531008e-06
6.016453407162067890e-01,4.707565508799138598e-07,-5.800641392342265057e-06
6.029543376552024547e-01,3.827290124824855866e-07,-5.799075438642220526e-06
6.042633345941981204e-01,-3.143189205578877932e-07,-5.797710719235293908e-06
6.055723315331940082e-01,-7.507696492270454769e-09,-5.793340453433271087e-06
6.068813284721896739e-01,6.390806870648635396e-07,-5.784951802922932984e-06
6.081903254111855617e-01,4.141930483037015165e-07,-5.776616539873713485e-06
6.094993223501812274e-01,-2.095761899578718612e-07,-5.772631493414226433e-06
6.108083192891768931e-01,2.246833760155553250e-07,-5.788236179027350659e-06
6.121173162281727809e-01,1.157122407863253599e-06,-5.860939553875565977e-06
6.134263131671684466e-01,1.541763453766220593e-06,-6.040521339609195017e-06
6.147353101061641123e-01,2.547742994241097847e-06,-6.607290198468174225e-06
6.160443070451600001e-01,0.000000000000000000e+00,-7.337266670695563597e-06
6.173533039841556658e-01,0.000000000000000000e+00,-6.965334897135466719e-06
6.186623009231515535e-01,0.000000000000000000e+00,-4.336479479921662161e-06
6.199712978621472192e-01,0.000000000000000000e+00,0.000000000000000000e+00
6.212802948011428850e-01,0.000000000000000000e+00,0.000000000000000000e+00
6.225892917401387727e-01,0.000000000000000000e+00,0.000000000000000000e+00
6.238982886791344384e-01,0.000000000000000000e+00,0.000000000000000000e+00
6.252072856181301042e-01,0.000000000000000000e+00,0.000000000000000000e+00
6.265162825571259919e-01,0.000000000000000000e+00,0.000000000000000000e+00
6.278252794961216576e-01,0.000000000000000000e+00,0.000000000000000000e+00
6.291342764351175454e-01,0.000000000000000000e+00,0.000000000000000000e+00
6.304432733741132111e-01,0.000000000000000000e+00,0.000000000000000000e+00
6.317522703131088768e-01,0.000000000000000000e+00,0.000000000000000000e+00
6.330612672521047646e-01,0.000000000000000000e+00,0.000000000000000000e+00
6.343702641911004303e-01,0.000000000000000000e+00,0.000000000000000000e+00
6.356792611300960960e-01,0.000000000000000000e+00,0.000000000000000000e+00
6.369882580690919838e-01,0.000000000000000000e+00,0.000000000000000000e+00
6.382972550080876495e-01,0.000000000000000000e+00,0.000000000000000000e+00
6.396062519470835372e-01,0.000000000000000000e+00,0.000000000000000000e+00
6.409152488860792030e-01,0.000000000000000000e+00,0.000000000000000000e+00
6.422242458250748687e-01,0.000000000000000000e+00,0.000000000000000000e+00
6.435332427640707564e-01,0.000000000000000000e+00,0.000000000000000000e+00
6.448422397030664222e-01,0.000000000000000000e+00,0.000000000000000000e+00
6.461512366420620879e-01,0.000000000000000000e+00,0.000000000000000000e+00
6.474602335810579756e-01,0.000000000000000000e+00,0.000000000000000000e+00
6.487692305200536413e-01,0.000000000000000000e+00,0.000000000000000000e+00
6.500782274590495291e-01,0.000000000000000000e+00,0.000000000000000000e+00
6.513872243980451948e-01,0.000000000000000000e+00,0.000000000000000000e+00
6.526962213370408605e-01,0.000000000000000000e+00,0.000000000000000000e+00
6.540052182760367483e-01,0.000000000000000000e+00,0.000000000000000000e+00
6.553142152150324140e-01,0.000000000000000000e+00,0.000000000000000000e+00
6.566232121540280797e-01,0.000000000000000000e+00,0.000000000000000000e+00
6.579322090930239675e-01,0.000000000000000000e+00,0.000000000000000000e+00
6.592412060320196332e-01,0.000000000000000000e+00,0.000000000000000000e+00
6.605502029710155210e-01,0.000000000000000000e+00,0.000000000000000000e+00
6.618591999100111867e-01,0.000000000000000000e+00,0.000000000000000000e+00
6.631681968490068524e-01,0.000000000000000000e+00,0.000000000000000000e+00
6.644771937880027401e-01,0.000000000000000000e+00,0.000000000000000000e+00
6.657861907269984059e-01,0.000000000000000000e+00,0.000000000000000000e+00
6.670951876659940716e-01,0.000000000000000000e+00,0.000000000000000000e+00
6.684041846049899593e-01,0.000000000000000000e+00,0.000000000000000000e+00
6.697131815439856251e-01,0.000000000000000000e+00,0.000000000000000000e+00
6.710221784829815128e-01,0.000000000000000000e+00,0.000000000000000000e+00
6.723311754219771785e-01,0.000000000000000000e+00,0.000000000000000000e+00
6.736401723609728442e-01,0.000000000000000000e+00,0.000000000000000000e+00
6.749491692999687320e-01,0.000000000000000000e+00,0.000000000000000000e+00
6.762581662389643977e-01,0.000000000000000000e+00,0.000000000000000000e+00
6.775671631779600634e-01,0.000000000000000000e+00,0.000000000000000000e+00
6.788761601169559512e-01,0.000000000000000000e+00,0.000000000000000000e+00
6.801851570559516169e-01,0.000000000000000000e+00,0.000000000000000000e+00
6.814941539949475047e-01,0.000000000000000000e+00,0.000000000000000000e+00
6.828031509339431704e-01,0.000000000000000000e+00,0.000000000000000000e+00
6.841121478729388361e-01,0.000000000000000000e+00,0.000000000000000000e+00
6.854211448119347239e-01,0.000000000000000000e+00,0.000000000000000000e+00
6.867301417509303896e-01,0.000000000000000000e+00,0.000000000000000000e+00
6.880391386899260553e-01,0.000000000000000000e+00,0.000000000000000000e+00
6.893481356289219431e-01,0.000000000000000000e+00,0.000000000000000000e+00
6.906571325679176088e-01,0.000000000000000000e+00,0.000000000000000000e+00
6.919661295069134965e-01,0.000000000000000000e+00,0.000000000000000000e+00
6.932751264459091622e-01,0.000000000000000000e+00,0.000000000000000000e+00
6.945841233849048280e-01,0.000000000000000000e+00,0.000000000000000000e+00
6.958931203239007157e-01,0.000000000000000000e+00,0.000000000000000000e+00
6.972021172628963814e-01,0.000000000000000000e+00,0.000000000000000000e+00
6.985111142018920471e-01,0.000000000000000000e+00,0.000000000000000000e+00
6.998201111408879349e-01,0.000000000000000000e+00,0.000000000000000000e+00
7.011291080798836006e-01,0.000000000000000000e+00,0.000000000000000000e+00
7.024381050188794884e-01,0.000000000000000000e+00,0.000000000000000000e+00
7.037471019578751541e-01,0.000000000000000000e+00,0.000000000000000000e+00
7.050560988968708198e-01,0.000000000000000000e+00,0.000000000000000000e+00
7.063650958358667076e-01,0.000000000000000000e+00,0.000000000000000000e+00
7.076740927748623733e-01,0.000000000000000000e+00,0.000000000000000000e+00
7.089830897138580390e-01,0.000000000000000000e+00,0.000000000000000000e+00
7.102920866528539268e-01,0.000000000000000000e+00,0.000000000000000000e+00
7.116010835918495925e-01,0.000000000000000000e+00,0.000000000000000000e+00
7.129100805308454802e-01,0.000000000000000000e+00,0.000000000000000000e+00
7.142190774698411460e-01,0.000000000000000000e+00,0.000000000000000000e+00
7.155280744088368117e-01,0.000000000000000000e+00,0.000000000000000000e+00
7.168370713478326994e-01,0.000000000000000000e+00,0.000000000000000000e+00
7.181460682868283651e-01,0.000000000000000000e+00,0.000000000000000000e+00
7.194550652258240309e-01,0.000000000000000000e+00,0.000000000000000000e+00
7.207640621648199186e-01,0.000000000000000000e+00,0.000000000000000000e+00
7.220730591038155843e-01,0.000000000000000000e+00,0.000000000000000000e+00
7.233820560428114721e-01,0.000000000000000000e+00,0.000000000000000000e+00
7.246910529818071378e-01,0.000000000000000000e+00,0.000000000000000000e+00
7.260000499208028035e-01,0.000000000000000000e+00,0.000000000000000000e+00
7.273090468597986913e-01,0.000000000000000000e+00,0.000000000000000000e+00
7.286180437987943570e-01,0.000000000000000000e+00,0.000000000000000000e+00
7.299270407377900227e-01,0.000000000000000000e+00,0.000000000000000000e+00
7.312360376767859105e-01,0.000000000000000000e+00,0.000000000000000000e+00
7.325450346157815762e-01,0.000000000000000000e+00,0.000000000000000000e+00
7.338540315547774640e-01,0.000000000000000000e+00,0.000000000000000000e+00
7.351630284937731297e-01,0.000000000000000000e+00,0.000000000000000000e+00
7.364720254327687954e-01,0.000000000000000000e+00,0.000000000000000000e+00
7.377810223717646831e-01,0.000000000000000000e+00,0.000000000000000000e+00
7.390900193107603489e-01,0.000000000000000000e+00,0.000000000000000000e+00
7.403990162497560146e-01,0.000000000000000000e+00,0.000000000000000000e+00
7.417080131887519023e-01,0.000000000000000000e+00,0.000000000000000000e+00
7.430170101277475680e-01,0.000000000000000000e+00,0.000000000000000000e+00
7.443260070667434558e-01,0.000000000000000000e+00,0.000000000000000000e+00
7.456350040057391215e-01,0.000000000000000000e+00,0.000000000000000000e+00
7.469440009447347872e-01,0.000000000000000000e+00,0.000000000000000000e+00
7.482529978837306750e-01,0.000000000000000000e+00,0.000000000000000000e+00
7.495619948227263407e-01,0.000000000000000000e+00,0.000000000000000000e+00
7.508709917617220064e-01,0.000000000000000000e+00,0.000000000000000000e+00
7.521799887007178942e-01,0.000000000000000000e+00,0.000000000000000000e+00
7.534889856397135599e-01,0.000000000000000000e+00,0.000000000000000000e+00
7.547979825787094477e-01,0.000000000000000000e+00,0.000000000000000000e+00
7.561069795177051134e-01,0.000000000000000000e+00,0.000000000000000000e+00
7.574159764567007791e-01,0.000000000000000000e+00,0.000000000000000000e+00
7.587249733956966669e-01,0.000000000000000000e+00,0.000000000000000000e+00
7.600339703346923326e-01,0.000000000000000000e+00,0.000000000000000000e+00
7.613429672736879983e-01,0.000000000000000000e+00,0.000000000000000000e+00
7.626519642126838860e-01,0.000000000000000000e+00,0.000000000000000000e+00
7.639609611516795518e-01,0.000000000000000000e+00,0.000000000000000000e+00
7.652699580906754395e-01,0.000000000000000000e+00,0.000000000000000000e+00
7.665789550296711052e-01,0.000000000000000000e+00,0.000000000000000000e+00
7.678879519686667710e-01,0.000000000000000000e+00,0.000000000000000000e+00
7.691969489076626587e-01,0.000000000000000000e+00,0.000000000000000000e+00
7.705059458466583244e-01,0.000000000000000000e+00,0.000000000000000000e+00
7.718149427856539901e-01,0.000000000000000000e+00,0.000000000000000000e+00
7.731239397246498779e-01,0.000000000000000000e+00,0.000000000000000000e+00
7.744329366636455436e-01,0.000000000000000000e+00,0.000000000000000000e+00
7.757419336026414314e-01,0.000000000000000000e+00,0.000000000000000000e+00
7.770509305416370971e-01,0.000000000000000000e+00,0.000000000000000000e+00
7.783599274806327628e-01,0.000000000000000000e+00,0.000000000000000000e+00
7.796689244196286506e-01,0.000000000000000000e+00,0.000000000000000000e+00
7.809779213586243163e-01,0.000000000000000000e+00,0.000000000000000000e+00
7.822869182976199820e-01,0.000000000000000000e+00,0.000000000000000000e+00
7.835959152366158698e-01,0.000000000000000000e+00,0.000000000000000000e+00
7.849049121756115355e-01,0.000000000000000000e+00,0.000000000000000000e+00
7.862139091146074232e-01,0.000000000000000000e+00,0.000000000000000000e+00
7.875229060536030889e-01,0.000000000000000000e+00,0.000000000000000000e+00
7.888319029925987547e-01,0.000000000000000000e+00,0.000000000000000000e+00
7.901408999315946424e-01,0.000000000000000000e+00,0.000000000000000000e+00
7.914498968705903081e-01,0.000000000000000000e+00,0.000000000000000000e+00
7.927588938095859739e-01,0.000000000000000000e+00,0.000000000000000000e+00
7.940678907485818616e-01,0.000000000000000000e+00,0.000000000000000000e+00
7.953768876875775273e-01,0.000000000000000000e+00,0.000000000000000000e+00
7.966858846265734151e-01,0.000000000000000000e+00,0.000000000000000000e+00
7.979948815655690808e-01,0.000000000000000000e+00,0.000000000000000000e+00
7.993038785045647465e-01,0.000000000000000000e+00,0.000000000000000000e+00
8.006128754435606343e-01,0.000000000000000000e+00,0.000000000000000000e+00
8.019218723825563000e-01,0.000000000000000000e+00,0.000000000000000000e+00
8.032308693215519657e-01,0.000000000000000000e+00,0.000000000000000000e+00
8.045398662605478535e-01,0.000000000000000000e+00,0.000000000000000000e+00
8.058488631995435192e-01,0.000000000000000000e+00,0.000000000000000000e+00
8.071578601385394069e-01,0.000000000000000000e+00,0.000000000000000000e+00
8.084668570775350727e-01,0.000000000000000000e+00,0.000000000000000000e+00
8.097758540165307384e-01,0.000000000000000000e+00,0.000000000000000000e+00
8.110848509555266261e-01,0.000000000000000000e+00,0.000000000000000000e+00
8.123938478945222919e-01,0.000000000000000000e+00,0.000000000000000000e+00
8.137028448335179576e-01,0.000000000000000000e+00,0.000000000000000000e+00
8.150118417725138453e-01,0.000000000000000000e+00,0.000000000000000000e+00
8.163208387115095110e-01,0.000000000000000000e+00,0.000000000000000000e+00
8.176298356505053988e-01,0.000000000000000000e+00,0.000000000000000000e+00
8.189388325895010645e-01,0.000000000000000000e+00,0.000000000000000000e+00
8.202478295284967302e-01,0.000000000000000000e+00,0.000000000000000000e+00
8.215568264674926180e-01,0.000000000000000000e+00,0.000000000000000000e+00
8.228658234064882837e-01,0.000000000000000000e+00,0.000000000000000000e+00
8.241748203454839494e-01,0.000000000000000000e+00,0.000000000000000000e+00
8.254838172844798372e-01,0.000000000000000000e+00,0.000000000000000000e+00
8.267928142234755029e-01,0.000000000000000000e+00,0.000000000000000000e+00
8.281018111624713907e-01,0.000000000000000000e+00,0.000000000000000000e+00
8.294108081014670564e-01,0.000000000000000000e+00,0.000000000000000000e+00
8.307198050404627221e-01,0.000000000000000000e+00,0.000000000000000000e+00
8.320288019794586098e-01,0.000000000000000000e+00,0.000000000000000000e+00
8.333377989184542756e-01,0.000000000000000000e+00,0.000000000000000000e+00
8.346467958574499413e-01,0.000000000000000000e+00,0.000000000000000000e+00
8.359557927964458290e-01,0.000000000000000000e+00,0.000000000000000000e+00
8.372647897354414948e-01,0.000000000000000000e+00,0.000000000000000000e+00
8.385737866744373825e-01,0.000000000000000000e+00,0.000000000000000000e+00
8.398827836134330482e-01,0.000000000000000000e+00,0.000000000000000000e+00
8.411917805524287139e-01,0.000000000000000000e+00,0.000000000000000000e+00
8.425007774914246017e-01,0.000000000000000000e+00,0.000000000000000000e+00
8.438097744304202674e-01,0.000000000000000000e+00,0.000000000000000000e+00
8.451187713694159331e-01,0.000000000000000000e+00,0.000000000000000000e+00
8.464277683084118209e-01,0.000000000000000000e+00,0.000000000000000000e+00
8.477367652474074866e-01,0.000000000000000000e+00,0.000000000000000000e+00
8.490457621864033744e-01,0.000000000000000000e+00,0.000000000000000000e+00
8.503547591253990401e-01,0.000000000000000000e+00,0.000000000000000000e+00
8.516637560643947058e-01,0.000000000000000000e+00,0.000000000000000000e+00
8.529727530033905936e-01,0.000000000000000000e+00,0.000000000000000000e+00
8.542817499423862593e-01,0.000000000000000000e+00,0.000000000000000000e+00
8.555907468813819250e-01,0.000000000000000000e+00,0.000000000000000000e+00
8.568997438203778128e-01,0.000000000000000000e+00,0.000000000000000000e+00
8.582087407593734785e-01,0.000000000000000000e+00,0.000000000000000000e+00
8.595177376983693662e-01,0.000000000000000000e+00,0.000000000000000000e+00
8.608267346373650319e-01,0.000000000000000000e+00,0.000000000000000000e+00
8.621357315763606977e-01,0.000000000000000000e+00,0.000000000000000000e+00
8.634447285153565854e-01,0.000000000000000000e+00,0.000000000000000000e+00
8.647537254543522511e-01,0.000000000000000000e+00,0.000000000000000000e+00
8.660627223933479168e-01,0.000000000000000000e+00,0.000000000000000000e+00
8.673717193323438046e-01,0.000000000000000000e+00,0.000000000000000000e+00
8.686807162713394703e-01,0.000000000000000000e+00,0.000000000000000000e+00
8.699897132103353581e-01,0.000000000000000000e+00,0.000000000000000000e+00
8.712987101493310238e-01,0.000000000000000000e+00,0.000000000000000000e+00
8.726077070883269116e-01,0.000000000000000000e+00,0.000000000000000000e+00
8.739167040273225773e-01,0.000000000000000000e+00,0.000000000000000000e+00
8.752257009663182430e-01,0.000000000000000000e+00,0.000000000000000000e+00
8.765346979053139087e-01,0.000000000000000000e+00,0.000000000000000000e+00
8.778436948443097965e-01,0.000000000000000000e+00,0.000000000000000000e+00
8.791526917833054622e-01,0.000000000000000000e+00,0.000000000000000000e+00
8.804616887223011279e-01,0.000000000000000000e+00,0.000000000000000000e+00
8.817706856612967936e-01,0.000000000000000000e+00,0.000000000000000000e+00
8.830796826002926814e-01,0.000000000000000000e+00,0.000000000000000000e+00
8.843886795392883471e-01,0.000000000000000000e+00,0.000000000000000000e+00
8.856976764782840128e-01,0.000000000000000000e+00,0.000000000000000000e+00
8.870066734172796785e-01,0.000000000000000000e+00,0.000000000000000000e+00
8.883156703562755663e-01,0.000000000000000000e+00,0.000000000000000000e+00
8.896246672952712320e-01,0.000000000000000000e+00,0.000000000000000000e+00
8.909336642342668977e-01,0.000000000000000000e+00,0.000000000000000000e+00
8.922426611732625634e-01,0.000000000000000000e+00,0.000000000000000000e+00
8.935516581122584512e-01,0.000000000000000000e+00,0.000000000000000000e+00
8.948606550512541169e-01,0.000000000000000000e+00,0.000000000000000000e+00
8.961696519902497826e-01,0.000000000000000000e+00,0.000000000000000000e+00
8.974786489292454483e-01,0.000000000000000000e+00,0.000000000000000000e+00
8.987876458682413361e-01,0.000000000000000000e+00,0.000000000000000000e+00
9.000966428072370018e-01,0.000000000000000000e+00,0.000000000000000000e+00
9.014056397462326675e-01,0.000000000000000000e+00,0.000000000000000000e+00
9.027146366852283332e-01,0.000000000000000000e+00,0.000000000000000000e+00
9.040236336242242210e-01,0.000000000000000000e+00,0.000000000000000000e+00
9.053326305632198867e-01,0.000000000000000000e+00,0.000000000000000000e+00
9.066416275022155524e-01,0.000000000000000000e+00,0.000000000000000000e+00
9.079506244412112181e-01,0.000000000000000000e+00,0.000000000000000000e+00
9.092596213802071059e-01,0.000000000000000000e+00,0.000000000000000000e+00
9.105686183192027716e-01,0.000000000000000000e+00,0.000000000000000000e+00
9.118776152581984373e-01,0.000000000000000000e+00,0.000000000000000000e+00
9.131866121971941030e-01,0.000000000000000000e+00,0.000000000000000000e+00
9.144956091361899908e-01,0.000000000000000000e+00,0.000000000000000000e+00
9.158046060751856565e-01,0.000000000000000000e+00,0.000000000000000000e+00
9.171136030141813222e-01,0.000000000000000000e+00,0.000000000000000000e+00
9.184225999531769880e-01,0.000000000000000000e+00,0.000000000000000000e+00
9.197315968921728757e-01,0.000000000000000000e+00,0.000000000000000000e+00
9.210405938311685414e-01,0.000000000000000000e+00,0.000000000000000000e+00
9.223495907701642071e-01,0.000000000000000000e+00,0.000000000000000000e+00
9.236585877091598729e-01,0.000000000000000000e+00,0.000000000000000000e+00
9.249675846481557606e-01,0.000000000000000000e+00,0.000000000000000000e+00
9.262765815871514263e-01,0.000000000000000000e+00,0.000000000000000000e+00
9.275855785261470920e-01,0.000000000000000000e+00,0.000000000000000000e+00
9.288945754651427578e-01,0.000000000000000000e+00,0.000000000000000000e+00
9.302035724041386455e-01,0.000000000000000000e+00,0.000000000000000000e+00
9.315125693431343112e-01,0.000000000000000000e+00,0.000000000000000000e+00
9.328215662821299770e-01,0.000000000000000000e+00,0.000000000000000000e+00
9.341305632211256427e-01,0.000000000000000000e+00,0.000000000000000000e+00
9.354395601601215304e-01,0.000000000000000000e+00,0.000000000000000000e+00
9.367485570991171961e-01,0.000000000000000000e+00,0.000000000000000000e+00
9.380575540381128619e-01,0.000000000000000000e+00,0.000000000000000000e+00
9.393665509771085276e-01,0.000000000000000000e+00,0.000000000000000000e+00
9.406755479161044153e-01,0.000000000000000000e+00,0.000000000000000000e+00
9.419845448551000811e-01,0.000000000000000000e+00,0.000000000000000000e+00
9.432935417940957468e-01,0.000000000000000000e+00,0.000000000000000000e+00
9.446025387330914125e-01,0.000000000000000000e+00,-5.522168419341833001e-07
9.459115356720873002e-01,0.000000000000000000e+00,-5.346207508860612023e-06
9.472205326110829660e-01,0.000000000000000000e+00,-7.193736652727489300e-06
9.485295295500786317e-01,0.000000000000000000e+00,-7.057563300633118430e-06
9.498385264890742974e-01,0.000000000000000000e+00,-6.426054915797951850e-06
9.511475234280701851e-01,0.000000000000000000e+00,-6.068737419179237591e-06
9.524565203670658509e-01,0.000000000000000000e+00,-5.885013634784885816e-06
9.537655173060615166e-01,0.000000000000000000e+00,-5.827152779150357453e-06
9.550745142450571823e-01,0.000000000000000000e+00,-5.847165049199798403e-06
9.563835111840530701e-01,0.000000000000000000e+00,-5.902347731859269864e-06
9.576925081230487358e-01,0.000000000000000000e+00,-5.964700147076396064e-06
9.590015050620444015e-01,0.000000000000000000e+00,-6.014938103315881079e-06
9.603105020010400672e-01,0.000000000000000000e+00,-6.051478512666963461e-06
9.616194989400359550e-01,0.000000000000000000e+00,-6.089976827605703136e-06
9.629284958790316207e-01,0.000000000000000000e+00,-6.132776276451812336e-06
9.642374928180272864e-01,0.000000000000000000e+00,-6.169376229367418141e-06
9.655464897570229521e-01,0.000000000000000000e+00,-6.203725617520694513e-06
9.668554866960188399e-01,0.000000000000000000e+00,-6.248890301555065641e-06
9.681644836350145056e-01,0.000000000000000000e+00,-6.300440969053688889e-06
9.694734805740101713e-01,0.000000000000000000e+00,-6.341889196306849108e-06
9.707824775130058370e-01,0.000000000000000000e+00,-6.374520125279614646e-06
9.720914744520017248e-01,0.000000000000000000e+00,-6.414998333731380953e-06
9.734004713909973905e-01,0.000000000000000000e+00,-6.463649228502510447e-06
9.747094683299930562e-01,0.000000000000000000e+00,-6.506910965681234060e-06
9.760184652689887219e-01,0.000000000000000000e+00,-6.545301579855000718e-06
9.773274622079846097e-01,0.000000000000000000e+00,-6.590385982829793932e-06
9.786364591469802754e-01,0.000000000000000000e+00,-6.640121004236609892e-06
9.799454560859759411e-01,0.000000000000000000e+00,-6.681940740660419209e-06
9.812544530249716068e-01,0.000000000000000000e+00,-6.718738608066376905e-06
9.825634499639674946e-01,0.000000000000000000e+00,-6.764778814172256460e-06
9.838724469029631603e-01,0.000000000000000000e+00,-6.817728537986122994e-06
9.851814438419588260e-01,0.000000000000000000e+00,-6.862828594883518818e-06
9.864904407809544917e-01,0.000000000000000000e+00,-6.901262246547523738e-06
9.877994377199503795e-01,0.000000000000000000e+00,-6.947247826544211691e-06
9.891084346589460452e-01,0.000000000000000000e+00,-6.999739244756275625e-06
9.904174315979417109e-01,0.000000000000000000e+00,-7.045392311000320262e-06
9.917264285369373766e-01,0.000000000000000000e+00,-7.085937472811609794e-06
9.930354254759332644e-01,0.000000000000000000e+00,-7.134593910385067517e-06
9.943444224149289301e-01,0.000000000000000000e+00,-7.189158521533900448e-06
9.956534193539245958e-01,0.000000000000000000e+00,-7.235658971094238723e-06
9.969624162929202615e-01,0.000000000000000000e+00,-7.276357032556801663e-06
9.982714132319161493e-01,0.000000000000000000e+00,-7.325974100774734765e-06
9.995804101709118150e-01,0.000000000000000000e+00,-7.382375386236206261e-06
1.000889407109907481e+00,0.000000000000000000e+00,-7.430421691156929853e-06
1.002198404048903146e+00,0.000000000000000000e+00,-7.472213296097485191e-06
1.003507400987899034e+00,0.000000000000000000e+00,-7.523368842604627460e-06
1.004816397926894700e+00,0.000000000000000000e+00,-7.581747192286769632e-06
1.006125394865890366e+00,0.000000000000000000e+00,-7.631250811726553174e-06
1.007434391804886031e+00,0.000000000000000000e+00,-7.673832304863625886e-06
1.008743388743881919e+00,0.000000000000000000e+00,-7.725970887370592344e-06
1.010052385682877585e+00,0.000000000000000000e+00,-7.785890889164259754e-06
1.011361382621873251e+00,0.000000000000000000e+00,-7.837167745522455320e-06
1.012670379560868916e+00,0.000000000000000000e+00,-7.881515671687155944e-06
1.013979376499864804e+00,0.000000000000000000e+00,-7.935312744719591471e-06
1.015288373438860470e+00,0.000000000000000000e+00,-7.996683884570199297e-06
1.016597370377856135e+00,0.000000000000000000e+00,-8.049056546735600115e-06
1.017906367316851801e+00,0.000000000000000000e+00,-8.094462751725983729e-06
1.019215364255847689e+00,0.000000000000000000e+00,-8.149893920256223723e-06
1.020524361194843355e+00,0.000000000000000000e+00,-8.213375328372518602e-06
1.021833358133839020e+00,0.000000000000000000e+00,-8.267698860378591696e-06
1.023142355072834686e+00,0.000000000000000000e+00,-8.314559580585578757e-06
1.024451352011830574e+00,0.000000000000000000e+00,-8.371181476229949681e-06
1.025760348950826240e+00,0.000000000000000000e+00,-8.435951864671498157e-06
1.027069345889821905e+00,0.000000000000000000e+00,-8.491877474980924490e-06
1.028378342828817571e+00,0.000000000000000000e+00,-8.540709129034596003e-06
1.029687339767813459e+00,0.000000000000000000e+00,-8.599396678840576236e-06
1.030996336706809124e+00,0.000000000000000000e+00,-8.665966209006614740e-06
1.032305333645804790e+00,0.000000000000000000e+00,-8.723149005601671391e-06
1.033614330584800456e+00,0.000000000000000000e+00,-8.773111066298633354e-06
1.034923327523796344e+00,0.000000000000000000e+00,-8.833658317261572357e-06
1.036232324462792009e+00,0.000000000000000000e+00,-8.902619537759504098e-06
1.037541321401787675e+00,0.000000000000000000e+00,-8.961734725990155859e-06
1.038850318340783341e+00,0.000000000000000000e+00,-9.012990594040037884e-06
1.040159315279779229e+00,0.000000000000000000e+00,-9.075006460579349010e-06
1.041468312218774894e+00,0.000000000000000000e+00,-9.145910400035206500e-06
1.042777309157770560e+00,0.000000000000000000e+00,-9.207046683681885391e-06
1.044086306096766226e+00,0.000000000000000000e+00,-9.260181645528997585e-06
1.045395303035762113e+00,0.000000000000000000e+00,-9.323992859064378358e-06
1.046704299974757779e+00,0.000000000000000000e+00,-9.396667765046440302e-06
1.048013296913753445e+00,0.000000000000000000e+00,-9.459505249942434801e-06
1.049322293852749111e+00,0.000000000000000000e+00,-9.514442686126001192e-06
1.050631290791744998e+00,0.000000000000000000e+00,-9.580374843748407088e-06
1.051940287730740664e+00,0.000000000000000000e+00,-9.655248779813496718e-06
1.053249284669736330e+00,0.000000000000000000e+00,-9.719840286470660118e-06
1.054558281608731996e+00,0.000000000000000000e+00,-9.776255222235241682e-06
1.055867278547727883e+00,0.000000000000000000e+00,-9.844152661281357908e-06
1.057176275486723549e+00,0.000000000000000000e+00,-9.921429913392620925e-06
1.058485272425719215e+00,0.000000000000000000e+00,-9.988100558133705675e-06
1.059794269364714880e+00,0.000000000000000000e+00,-1.004618315249283800e-05
1.061103266303710768e+00,0.000000000000000000e+00,-1.011598523049939136e-05
1.062412263242706434e+00,0.000000000000000000e+00,-1.019549711812894888e-05
1.063721260181702100e+00,0.000000000000000000e+00,-1.026421049357684190e-05
1.065030257120697765e+00,0.000000000000000000e+00,-1.032413865478809534e-05
1.066339254059693653e+00,0.000000000000000000e+00,-1.039607069890091662e-05
1.067648250998689319e+00,0.000000000000000000e+00,-1.047794233274834674e-05
1.068957247937684985e+00,0.000000000000000000e+00,-1.054868713593060114e-05
1.070266244876680650e+00,0.000000000000000000e+00,-1.061038197275321338e-05
1.071575241815676538e+00,0.000000000000000000e+00,-1.068445500915227164e-05
1.072884238754672204e+00,0.000000000000000000e+00,-1.076881608495783293e-05
1.074193235693667869e+00,0.000000000000000000e+00,-1.084175816219723476e-05
1.075502232632663535e+00,0.000000000000000000e+00,-1.090532518088771496e-05
1.076811229571659423e+00,0.000000000000000000e+00,-1.098153989501082783e-05
1.078120226510655089e+00,0.000000000000000000e+00,-1.106835816165607778e-05
1.079429223449650754e+00,0.000000000000000000e+00,-1.114355251570497973e-05
1.080738220388646420e+00,0.000000000000000000e+00,-1.120914299826414329e-05
1.082047217327642308e+00,0.000000000000000000e+00,-1.128762125592042143e-05
1.083356214266637974e+00,0.000000000000000000e+00,-1.137693848163312538e-05
1.084665211205633639e+00,0.000000000000000000e+00,-1.145439457771180169e-05
1.085974208144629305e+00,0.000000000000000000e+00,-1.152204372646681296e-05
1.087283205083625193e+00,0.000000000000000000e+00,-1.160287946361249212e-05
1.088592202022620858e+00,0.000000000000000000e+00,-1.169481784643600086e-05
1.089901198961616524e+00,0.000000000000000000e+00,-1.177462858797939660e-05
1.091210195900612190e+00,0.000000000000000000e+00,-1.184438459023162693e-05
1.092519192839608078e+00,0.000000000000000000e+00,-1.192762158370996861e-05
1.093828189778603743e+00,0.000000000000000000e+00,-1.202224141944041591e-05
1.095137186717599409e+00,0.000000000000000000e+00,-1.210447132220238142e-05
1.096446183656595075e+00,0.000000000000000000e+00,-1.217641933080881866e-05
1.097755180595590963e+00,0.000000000000000000e+00,-1.226218403477252750e-05
1.099064177534586628e+00,0.000000000000000000e+00,-1.235960992229667710e-05
1.100373174473582294e+00,0.000000000000000000e+00,-1.244430009465780085e-05
1.101682171412577960e+00,0.000000000000000000e+00,-1.251842472728414979e-05
1.102991168351573847e+00,0.000000000000000000e+00,-1.260677665627929489e-05
1.104300165290569513e+00,0.000000000000000000e+00,-1.270716196563603795e-05
1.105609162229565179e+00,0.000000000000000000e+00,-1.279447129987065779e-05
1.106918159168560845e+00,0.000000000000000000e+00,-1.287086290778505226e-05
1.108227156107556732e+00,0.000000000000000000e+00,-1.296181991437828085e-05
1.109536153046552398e+00,0.000000000000000000e+00,-1.306517934628048661e-05
1.110845149985548064e+00,0.000000000000000000e+00,-1.315520442055073680e-05
1.112154146924543729e+00,0.000000000000000000e+00,-1.323403079113438796e-05
1.113463143863539617e+00,0.000000000000000000e+00,-1.332771820602984825e-05
1.114772140802535283e+00,0.000000000000000000e+00,-1.343410566655156568e-05
1.116081137741530949e+00,0.000000000000000000e+00,-1.352689156255970637e-05
1.117390134680526614e+00,0.000000000000000000e+00,-1.360824326469833867e-05
1.118699131619522502e+00,0.000000000000000000e+00,-1.370479893296472351e-05
1.120008128558518168e+00,0.000000000000000000e+00,-1.381434324734809316e-05
1.121317125497513834e+00,0.000000000000000000e+00,-1.390994087090147158e-05
1.122626122436509499e+00,0.000000000000000000e+00,-1.399384517097868041e-05
1.123935119375505387e+00,0.000000000000000000e+00,-1.409341066312130852e-05
1.125244116314501053e+00,0.000000000000000000e+00,-1.420632622955997348e-05
1.126553113253496718e+00,0.000000000000000000e+00,-1.430484349992933168e-05
1.127862110192496381e+00,0.000000000000000000e+00,-1.439128171652759303e-05
1.129171107131492047e+00,0.000000000000000000e+00,-1.449388866447964830e-05
1.130480104070487934e+00,0.000000000000000000e+00,-1.461033783166365563e-05
1.131789101009483600e+00,0.000000000000000000e+00,-1.471201374757258318e-05
1.133098097948479266e+00,0.000000000000000000e+00,-1.480115779145529942e-05
1.134407094887475154e+00,0.000000000000000000e+00,-1.490678920024191001e-05
1.135716091826470819e+00,0.000000000000000000e+00,-1.502670538210126860e-05
1.137025088765466485e+00,0.000000000000000000e+00,-1.513170805420016585e-05
1.138334085704462373e+00,0.000000000000000000e+00,-1.522391848407522730e-05
1.139643082643458039e+00,0.000000000000000000e+00,-1.533275101303632759e-05
1.140952079582453926e+00,0.000000000000000000e+00,-1.545606124996046216e-05
1.142261076521449592e+00,0.000000000000000000e+00,-1.556431843179051366e-05
1.143570073460445258e+00,0.000000000000000000e+00,-1.565973964233469129e-05
1.144879070399441146e+00,0.000000000000000000e+00,-1.577213239660479882e-05
1.146188067338436811e+00,0.000000000000000000e+00,-1.589916244196243333e-05
1.147497064277432477e+00,0.000000000000000000e+00,-1.601066204198753340e-05
1.148806061216428365e+00,0.000000000000000000e+00,-1.610907788937576690e-05
1.150115058155424030e+00,0.000000000000000000e+00,-1.622513135035585918e-05
1.151424055094419696e+00,0.000000000000000000e+00,-1.635631298597950423e-05
1.152733052033415584e+00,0.000000000000000000e+00,-1.647138295519934292e-05
1.154042048972411250e+00,0.000000000000000000e+00,-1.657280354551426971e-05
1.155351045911407137e+00,0.000000000000000000e+00,-1.669240118636061698e-05
1.156660042850402803e+00,0.000000000000000000e+00,-1.682775273031955621e-05
1.157969039789398469e+00,0.000000000000000000e+00,-1.694668840478141814e-05
1.159278036728394357e+00,0.000000000000000000e+00,-1.705155884927644916e-05
1.160587033667390022e+00,0.000000000000000000e+00,-1.717492247020613316e-05
1.161896030606385688e+00,0.000000000000000000e+00,-1.731437479171593630e-05
1.163205027545381576e+00,0.000000000000000000e+00,-1.743702711595740418e-05
1.164514024484377241e+00,0.000000000000000000e+00,-1.754539026295465209e-05
1.165823021423373129e+00,0.000000000000000000e+00,-1.767289758820844714e-05
1.167132018362368795e+00,0.000000000000000000e+00,-1.781695602549870916e-05
1.168441015301364461e+00,0.000000000000000000e+00,-1.794359850623705732e-05
1.169750012240360348e+00,0.000000000000000000e+00,-1.805535742331609850e-05
1.171059009179356014e+00,0.000000000000000000e+00,-1.818680666743066610e-05
1.172368006118351680e+00,0.000000000000000000e+00,-1.833549757861152596e-05
1.173677003057347568e+00,0.000000000000000000e+00,-1.846659585018339822e-05
1.174985999996343233e+00,0.000000000000000000e+00,-1.858234442295159106e-05
1.176294996935339121e+00,0.000000000000000000e+00,-1.871780009088386265e-05
1.177603993874334787e+00,0.000000000000000000e+00,-1.887078386263174590e-05
1.178912990813330453e+00,0.000000000000000000e+00,-1.900631601065017051e-05
1.180221987752326340e+00,0.000000000000000000e+00,-1.912668243168880178e-05
1.181530984691322006e+00,0.000000000000000000e+00,-1.926700927612490233e-05
1.182839981630317672e+00,0.000000000000000000e+00,-1.942480901494236800e-05
1.184148978569313559e+00,0.000000000000000000e+00,-1.956458188628884542e-05
1.185457975508309225e+00,0.000000000000000000e+00,-1.968999005474980635e-05
1.186766972447304891e+00,0.000000000000000000e+00,-1.983800997450158032e-05
1.188075969386300779e+00,0.000000000000000000e+00,-2.000398604960762494e-05
1.189384966325296444e+00,0.000000000000000000e+00,-2.014765634825166352e-05
1.190693963264292332e+00,-5.820482253587888621e-06,-2.025983034902034685e-05
1.192002960203287998e+00,-4.887009609405579269e-06,-2.036355659908173354e-05
1.193311957142283664e+00,-4.601179772439900617e-06,-2.045890238659697768e-05
1.194620954081279551e+00,-2.657393131891283566e-06,-2.052289859799660832e-05
1.195929951020275217e+00,-1.471012641002245047e-06,-2.055767420121312750e-05
1.197238947959270883e+00,-1.667374253000453166e-06,-2.058848815951475064e-05
1.198547944898266771e+00,-2.141295954535826773e-06,-2.062144439070323632e-05
1.199856941837262436e+00,-9.226751959690027149e-07,-2.064416842109673134e-05
1.201165938776258102e+00,-2.352505403396820682e-07,-2.065694556767361245e-05
1.202474935715253990e+00,-6.989285687639124056e-07,-2.067112427293904542e-05
1.203783932654249655e+00,-1.558987413816104173e-06,-2.068774037285170397e-05
1.205092929593245543e+00,-3.619280246613953977e-07,-2.069897833897882400e-05
1.206401926532241209e+00,1.042205702780907295e-07,-2.070600079838447183e-05
1.207710923471236875e+00,-4.526593943426915345e-07,-2.071634934917854221e-05
1.209019920410232762e+00,-1.289342107975433027e-06,-2.072895389243489817e-05
1.210328917349228428e+00,-2.319771070027898396e-07,-2.073672595721831602e-05
1.211637914288224094e+00,2.467881593595788736e-07,-2.074096915484491266e-05
1.212946911227219982e+00,-2.748900385859953666e-07,-2.074866417271781227e-05
1.214255908166215647e+00,-1.176627281544717629e-06,-2.075848045783590390e-05
1.215564905105211313e+00,-9.769276562709983125e-08,-2.076353446466006059e-05
1.216873902044207201e+00,4.276591458393652623e-07,-2.076494133007589227e-05
1.218182898983202866e+00,-1.637471243806642995e-07,-2.076947794371619693e-05
1.219491895922198532e+00,-1.013013345825541922e-06,-2.077658376799240703e-05
1.220800892861194420e+00,-1.961863357879956027e-08,-2.078071907440914856e-05
1.222109889800190086e+00,4.677934158717200752e-07,-2.078253644437200176e-05
1.223418886739185751e+00,-1.968652936085169003e-07,-2.078660109598728933e-05
1.224727883678181639e+00,-1.142125564908280655e-06,-2.079205397874372974e-05
1.226036880617177305e+00,2.062261268698240002e-08,-2.079489147130408888e-05
1.227345877556173193e+00,3.800086134583824382e-07,-2.079778919951424943e-05
1.228654874495168858e+00,-2.338009684188513404e-07,-2.080610792357107108e-05
1.229963871434164524e+00,-1.164752417757985992e-06,-2.081662119229887864e-05
1.231272868373160412e+00,-3.281180156744500920e-08,-2.082155226960924477e-05
1.232581865312156078e+00,3.768047994491541264e-07,-2.082199000916218345e-05
1.233890862251151743e+00,-2.142129453437668918e-07,-2.082571518703668634e-05
1.235199859190147631e+00,-1.227011716623677140e-06,-2.083244019684959980e-05
1.236508856129143297e+00,-1.802477509679767387e-07,-2.083598815966203333e-05
1.237817853068138962e+00,3.508357126619232602e-07,-2.083868398031207825e-05
1.239126850007134850e+00,-3.968202380057184175e-07,-2.084801203922070911e-05
1.240435846946130516e+00,-1.409355675899282012e-06,-2.086185516068927992e-05
1.241744843885126404e+00,-5.749018484671464257e-07,-2.087183019675031836e-05
1.243053840824122069e+00,-2.309006769569965645e-07,-2.088136765950043827e-05
1.244362837763117735e+00,-1.290874212304254920e-06,-2.090189018746912986e-05
1.245671834702113623e+00,-2.632792469071942865e-06,-2.093099755884342272e-05
1.246980831641109289e+00,-2.085177183197561845e-06,-2.095613513113103732e-05
1.248289828580104954e+00,-2.371034223921583695e-06,-2.098701255667800858e-05
1.249598825519100842e+00,-3.941142146574386218e-06,-2.103506587877723710e-05
1.250907822458096508e+00,-6.060927956588746390e-06,-2.105993467202416092e-05
1.252216819397092173e+00,-6.604723575500195953e-06,-2.098867385855185397e-05
1.253525816336088061e+00,-8.298300578355941037e-06,-2.080814079320758569e-05
1.254834813275083727e+00,-7.733525083527224842e-06,-1.970150238708723300e-05
1.256143810214079615e+00,8.969307154355066203e-07,-1.622226680433880297e-05
