# Exudyn: solution of belt drive, slip and gap over belt length
# Exudyn output file
# Exudyn version=1.2.34.dev1
# endTime=2.45
# stepSize=5e-05
# nSegments=4
# nANCFnodes=240
# contactStiffnessPerArea=10000000.0
# frictionStiffnessPerArea=100000000.0
# contactStiffness=41887.90204786391
# frictionStiffness=523598.7755982988
# contactDamping=8.377580409572781
# frictionVelocityPenalty=33.70609928242229
# dryFriction=0.5
# 
3.101193120689238469e-04,-7.722445474755978978e-08,-1.373618012104338426e-04
1.619116251064811607e-03,-7.739134675333048108e-07,-1.134968343059206131e-04
2.928113190060477322e-03,-1.095776464343778400e-06,-8.043142498520561290e-05
4.237110129056143037e-03,-7.104827668830138165e-07,-3.607433763526401993e-05
5.546107068051808753e-03,0.000000000000000000e+00,0.000000000000000000e+00
6.855104007047696513e-03,0.000000000000000000e+00,0.000000000000000000e+00
8.164100946043362228e-03,0.000000000000000000e+00,0.000000000000000000e+00
9.473097885039027943e-03,0.000000000000000000e+00,0.000000000000000000e+00
1.078209482403469366e-02,0.000000000000000000e+00,0.000000000000000000e+00
1.209109176303058142e-02,0.000000000000000000e+00,0.000000000000000000e+00
1.340008870202624713e-02,0.000000000000000000e+00,0.000000000000000000e+00
1.470908564102191285e-02,0.000000000000000000e+00,0.000000000000000000e+00
1.601808258001757856e-02,0.000000000000000000e+00,0.000000000000000000e+00
1.732707951901346632e-02,0.000000000000000000e+00,0.000000000000000000e+00
1.863607645800913204e-02,0.000000000000000000e+00,0.000000000000000000e+00
1.994507339700479776e-02,0.000000000000000000e+00,0.000000000000000000e+00
2.125407033600046347e-02,0.000000000000000000e+00,0.000000000000000000e+00
2.256306727499635123e-02,0.000000000000000000e+00,0.000000000000000000e+00
2.387206421399201695e-02,0.000000000000000000e+00,0.000000000000000000e+00
2.518106115298768266e-02,0.000000000000000000e+00,0.000000000000000000e+00
2.649005809198734518e-02,0.000000000000000000e+00,0.000000000000000000e+00
2.779905503098323294e-02,0.000000000000000000e+00,0.000000000000000000e+00
2.910805196997889865e-02,0.000000000000000000e+00,0.000000000000000000e+00
3.041704890897456437e-02,0.000000000000000000e+00,0.000000000000000000e+00
3.172604584797045213e-02,0.000000000000000000e+00,0.000000000000000000e+00
3.303504278696611784e-02,0.000000000000000000e+00,0.000000000000000000e+00
3.434403972596178356e-02,0.000000000000000000e+00,0.000000000000000000e+00
3.565303666495767132e-02,0.000000000000000000e+00,0.000000000000000000e+00
3.696203360395333704e-02,0.000000000000000000e+00,0.000000000000000000e+00
3.827103054294900275e-02,0.000000000000000000e+00,0.000000000000000000e+00
3.958002748194489051e-02,0.000000000000000000e+00,0.000000000000000000e+00
4.088902442094055623e-02,0.000000000000000000e+00,0.000000000000000000e+00
4.219802135993644399e-02,0.000000000000000000e+00,0.000000000000000000e+00
4.350701829893210970e-02,0.000000000000000000e+00,0.000000000000000000e+00
4.481601523792777542e-02,0.000000000000000000e+00,0.000000000000000000e+00
4.612501217692366318e-02,0.000000000000000000e+00,0.000000000000000000e+00
4.743400911591932889e-02,0.000000000000000000e+00,0.000000000000000000e+00
4.874300605491499461e-02,0.000000000000000000e+00,0.000000000000000000e+00
5.005200299391088237e-02,0.000000000000000000e+00,0.000000000000000000e+00
5.136099993290654808e-02,0.000000000000000000e+00,0.000000000000000000e+00
5.266999687190243584e-02,0.000000000000000000e+00,0.000000000000000000e+00
5.397899381089810156e-02,0.000000000000000000e+00,0.000000000000000000e+00
5.528799074989376727e-02,0.000000000000000000e+00,0.000000000000000000e+00
5.659698768888965503e-02,0.000000000000000000e+00,0.000000000000000000e+00
5.790598462788532075e-02,0.000000000000000000e+00,0.000000000000000000e+00
5.921498156688098646e-02,0.000000000000000000e+00,0.000000000000000000e+00
6.052397850587687422e-02,0.000000000000000000e+00,0.000000000000000000e+00
6.183297544487253994e-02,0.000000000000000000e+00,0.000000000000000000e+00
6.314197238386820565e-02,0.000000000000000000e+00,0.000000000000000000e+00
6.445096932286409341e-02,0.000000000000000000e+00,0.000000000000000000e+00
6.575996626185975913e-02,0.000000000000000000e+00,0.000000000000000000e+00
6.706896320085564689e-02,0.000000000000000000e+00,0.000000000000000000e+00
6.837796013985131260e-02,0.000000000000000000e+00,0.000000000000000000e+00
6.968695707884697832e-02,0.000000000000000000e+00,0.000000000000000000e+00
7.099595401784286608e-02,0.000000000000000000e+00,0.000000000000000000e+00
7.230495095683853179e-02,0.000000000000000000e+00,0.000000000000000000e+00
7.361394789583419751e-02,0.000000000000000000e+00,0.000000000000000000e+00
7.492294483483008527e-02,0.000000000000000000e+00,0.000000000000000000e+00
7.623194177382575099e-02,0.000000000000000000e+00,0.000000000000000000e+00
7.754093871282141670e-02,0.000000000000000000e+00,0.000000000000000000e+00
7.884993565181730446e-02,0.000000000000000000e+00,0.000000000000000000e+00
8.015893259081297018e-02,0.000000000000000000e+00,0.000000000000000000e+00
8.146792952980885794e-02,0.000000000000000000e+00,0.000000000000000000e+00
8.277692646880452365e-02,0.000000000000000000e+00,0.000000000000000000e+00
8.408592340780018937e-02,0.000000000000000000e+00,0.000000000000000000e+00
8.539492034679607713e-02,0.000000000000000000e+00,0.000000000000000000e+00
8.670391728579174284e-02,0.000000000000000000e+00,0.000000000000000000e+00
8.801291422478740856e-02,0.000000000000000000e+00,0.000000000000000000e+00
8.932191116378329632e-02,0.000000000000000000e+00,0.000000000000000000e+00
9.063090810277896203e-02,0.000000000000000000e+00,0.000000000000000000e+00
9.193990504177484979e-02,0.000000000000000000e+00,0.000000000000000000e+00
9.324890198077051551e-02,0.000000000000000000e+00,0.000000000000000000e+00
9.455789891976618122e-02,0.000000000000000000e+00,0.000000000000000000e+00
9.586689585876206898e-02,0.000000000000000000e+00,0.000000000000000000e+00
9.717589279775773470e-02,0.000000000000000000e+00,0.000000000000000000e+00
9.848488973675340041e-02,0.000000000000000000e+00,0.000000000000000000e+00
9.979388667574928817e-02,0.000000000000000000e+00,0.000000000000000000e+00
1.011028836147449539e-01,0.000000000000000000e+00,0.000000000000000000e+00
1.024118805537406196e-01,0.000000000000000000e+00,0.000000000000000000e+00
1.037208774927365074e-01,0.000000000000000000e+00,0.000000000000000000e+00
1.050298744317321731e-01,0.000000000000000000e+00,0.000000000000000000e+00
1.063388713707278388e-01,0.000000000000000000e+00,0.000000000000000000e+00
1.076478683097237266e-01,0.000000000000000000e+00,0.000000000000000000e+00
1.089568652487193923e-01,0.000000000000000000e+00,0.000000000000000000e+00
1.102658621877150580e-01,0.000000000000000000e+00,0.000000000000000000e+00
1.115748591267109457e-01,0.000000000000000000e+00,0.000000000000000000e+00
1.128838560657066115e-01,0.000000000000000000e+00,0.000000000000000000e+00
1.141928530047024992e-01,0.000000000000000000e+00,0.000000000000000000e+00
1.155018499436981649e-01,0.000000000000000000e+00,0.000000000000000000e+00
1.168108468826938307e-01,0.000000000000000000e+00,0.000000000000000000e+00
1.181198438216897184e-01,0.000000000000000000e+00,0.000000000000000000e+00
1.194288407606853841e-01,0.000000000000000000e+00,0.000000000000000000e+00
1.207378376996810498e-01,0.000000000000000000e+00,0.000000000000000000e+00
1.220468346386769376e-01,0.000000000000000000e+00,0.000000000000000000e+00
1.233558315776726033e-01,0.000000000000000000e+00,0.000000000000000000e+00
1.246648285166682690e-01,0.000000000000000000e+00,0.000000000000000000e+00
1.259738254556641568e-01,0.000000000000000000e+00,0.000000000000000000e+00
1.272828223946598225e-01,0.000000000000000000e+00,0.000000000000000000e+00
1.285918193336557103e-01,0.000000000000000000e+00,0.000000000000000000e+00
1.299008162726513760e-01,0.000000000000000000e+00,0.000000000000000000e+00
1.312098132116470417e-01,0.000000000000000000e+00,0.000000000000000000e+00
1.325188101506429295e-01,0.000000000000000000e+00,0.000000000000000000e+00
1.338278070896385952e-01,0.000000000000000000e+00,0.000000000000000000e+00
1.351368040286342609e-01,0.000000000000000000e+00,0.000000000000000000e+00
1.364458009676301486e-01,0.000000000000000000e+00,0.000000000000000000e+00
1.377547979066258144e-01,0.000000000000000000e+00,0.000000000000000000e+00
1.390637948456214801e-01,0.000000000000000000e+00,0.000000000000000000e+00
1.403727917846173678e-01,0.000000000000000000e+00,0.000000000000000000e+00
1.416817887236130336e-01,0.000000000000000000e+00,0.000000000000000000e+00
1.429907856626089213e-01,0.000000000000000000e+00,0.000000000000000000e+00
1.442997826016045870e-01,0.000000000000000000e+00,0.000000000000000000e+00
1.456087795406002527e-01,0.000000000000000000e+00,0.000000000000000000e+00
1.469177764795961405e-01,0.000000000000000000e+00,0.000000000000000000e+00
1.482267734185918062e-01,0.000000000000000000e+00,0.000000000000000000e+00
1.495357703575874719e-01,0.000000000000000000e+00,0.000000000000000000e+00
1.508447672965833597e-01,0.000000000000000000e+00,0.000000000000000000e+00
1.521537642355790254e-01,0.000000000000000000e+00,0.000000000000000000e+00
1.534627611745746911e-01,0.000000000000000000e+00,0.000000000000000000e+00
1.547717581135705789e-01,0.000000000000000000e+00,0.000000000000000000e+00
1.560807550525662446e-01,0.000000000000000000e+00,0.000000000000000000e+00
1.573897519915621324e-01,0.000000000000000000e+00,0.000000000000000000e+00
1.586987489305577981e-01,0.000000000000000000e+00,0.000000000000000000e+00
1.600077458695534638e-01,0.000000000000000000e+00,0.000000000000000000e+00
1.613167428085493516e-01,0.000000000000000000e+00,0.000000000000000000e+00
1.626257397475450173e-01,0.000000000000000000e+00,0.000000000000000000e+00
1.639347366865406830e-01,0.000000000000000000e+00,0.000000000000000000e+00
1.652437336255365707e-01,0.000000000000000000e+00,0.000000000000000000e+00
1.665527305645322365e-01,0.000000000000000000e+00,0.000000000000000000e+00
1.678617275035279022e-01,0.000000000000000000e+00,0.000000000000000000e+00
1.691707244425237899e-01,0.000000000000000000e+00,0.000000000000000000e+00
1.704797213815194556e-01,0.000000000000000000e+00,0.000000000000000000e+00
1.717887183205153434e-01,0.000000000000000000e+00,0.000000000000000000e+00
1.730977152595110091e-01,0.000000000000000000e+00,0.000000000000000000e+00
1.744067121985066748e-01,0.000000000000000000e+00,0.000000000000000000e+00
1.757157091375025626e-01,0.000000000000000000e+00,0.000000000000000000e+00
1.770247060764982283e-01,0.000000000000000000e+00,0.000000000000000000e+00
1.783337030154941161e-01,0.000000000000000000e+00,0.000000000000000000e+00
1.796426999544897818e-01,0.000000000000000000e+00,0.000000000000000000e+00
1.809516968934854475e-01,0.000000000000000000e+00,0.000000000000000000e+00
1.822606938324813353e-01,0.000000000000000000e+00,0.000000000000000000e+00
1.835696907714770010e-01,0.000000000000000000e+00,0.000000000000000000e+00
1.848786877104726667e-01,0.000000000000000000e+00,0.000000000000000000e+00
1.861876846494685545e-01,0.000000000000000000e+00,0.000000000000000000e+00
1.874966815884642202e-01,0.000000000000000000e+00,0.000000000000000000e+00
1.888056785274598859e-01,0.000000000000000000e+00,0.000000000000000000e+00
1.901146754664557736e-01,0.000000000000000000e+00,0.000000000000000000e+00
1.914236724054514394e-01,0.000000000000000000e+00,0.000000000000000000e+00
1.927326693444473271e-01,0.000000000000000000e+00,0.000000000000000000e+00
1.940416662834429928e-01,0.000000000000000000e+00,0.000000000000000000e+00
1.953506632224386586e-01,0.000000000000000000e+00,0.000000000000000000e+00
1.966596601614345463e-01,0.000000000000000000e+00,0.000000000000000000e+00
1.979686571004302120e-01,0.000000000000000000e+00,0.000000000000000000e+00
1.992776540394260998e-01,0.000000000000000000e+00,0.000000000000000000e+00
2.005866509784217655e-01,0.000000000000000000e+00,0.000000000000000000e+00
2.018956479174174312e-01,0.000000000000000000e+00,0.000000000000000000e+00
2.032046448564133190e-01,0.000000000000000000e+00,0.000000000000000000e+00
2.045136417954089847e-01,0.000000000000000000e+00,0.000000000000000000e+00
2.058226387344046504e-01,0.000000000000000000e+00,0.000000000000000000e+00
2.071316356734005382e-01,0.000000000000000000e+00,0.000000000000000000e+00
2.084406326123962039e-01,0.000000000000000000e+00,0.000000000000000000e+00
2.097496295513918696e-01,0.000000000000000000e+00,0.000000000000000000e+00
2.110586264903877574e-01,0.000000000000000000e+00,0.000000000000000000e+00
2.123676234293834231e-01,0.000000000000000000e+00,0.000000000000000000e+00
2.136766203683793108e-01,0.000000000000000000e+00,0.000000000000000000e+00
2.149856173073749765e-01,0.000000000000000000e+00,0.000000000000000000e+00
2.162946142463706423e-01,0.000000000000000000e+00,0.000000000000000000e+00
2.176036111853665300e-01,0.000000000000000000e+00,0.000000000000000000e+00
2.189126081243621957e-01,0.000000000000000000e+00,0.000000000000000000e+00
2.202216050633580835e-01,0.000000000000000000e+00,0.000000000000000000e+00
2.215306020023537492e-01,0.000000000000000000e+00,0.000000000000000000e+00
2.228395989413494149e-01,0.000000000000000000e+00,0.000000000000000000e+00
2.241485958803453027e-01,0.000000000000000000e+00,0.000000000000000000e+00
2.254575928193409684e-01,0.000000000000000000e+00,0.000000000000000000e+00
2.267665897583366341e-01,0.000000000000000000e+00,0.000000000000000000e+00
2.280755866973325219e-01,0.000000000000000000e+00,0.000000000000000000e+00
2.293845836363281876e-01,0.000000000000000000e+00,0.000000000000000000e+00
2.306935805753238533e-01,0.000000000000000000e+00,0.000000000000000000e+00
2.320025775143197411e-01,0.000000000000000000e+00,0.000000000000000000e+00
2.333115744533154068e-01,0.000000000000000000e+00,0.000000000000000000e+00
2.346205713923112945e-01,0.000000000000000000e+00,0.000000000000000000e+00
2.359295683313069603e-01,0.000000000000000000e+00,0.000000000000000000e+00
2.372385652703026260e-01,0.000000000000000000e+00,0.000000000000000000e+00
2.385475622092985137e-01,0.000000000000000000e+00,0.000000000000000000e+00
2.398565591482941795e-01,0.000000000000000000e+00,0.000000000000000000e+00
2.411655560872900672e-01,0.000000000000000000e+00,0.000000000000000000e+00
2.424745530262857329e-01,0.000000000000000000e+00,0.000000000000000000e+00
2.437835499652813986e-01,0.000000000000000000e+00,0.000000000000000000e+00
2.450925469042772864e-01,0.000000000000000000e+00,0.000000000000000000e+00
2.464015438432729521e-01,0.000000000000000000e+00,0.000000000000000000e+00
2.477105407822686178e-01,0.000000000000000000e+00,0.000000000000000000e+00
2.490195377212645056e-01,0.000000000000000000e+00,0.000000000000000000e+00
2.503285346602601713e-01,0.000000000000000000e+00,0.000000000000000000e+00
2.516375315992558370e-01,0.000000000000000000e+00,0.000000000000000000e+00
2.529465285382517248e-01,0.000000000000000000e+00,0.000000000000000000e+00
2.542555254772473905e-01,0.000000000000000000e+00,0.000000000000000000e+00
2.555645224162432783e-01,0.000000000000000000e+00,0.000000000000000000e+00
2.568735193552389440e-01,0.000000000000000000e+00,0.000000000000000000e+00
2.581825162942347207e-01,0.000000000000000000e+00,0.000000000000000000e+00
2.594915132332304974e-01,0.000000000000000000e+00,0.000000000000000000e+00
2.608005101722261632e-01,0.000000000000000000e+00,0.000000000000000000e+00
2.621095071112219399e-01,0.000000000000000000e+00,0.000000000000000000e+00
2.634185040502177166e-01,0.000000000000000000e+00,0.000000000000000000e+00
2.647275009892133824e-01,0.000000000000000000e+00,0.000000000000000000e+00
2.660364979282091591e-01,0.000000000000000000e+00,0.000000000000000000e+00
2.673454948672049358e-01,0.000000000000000000e+00,0.000000000000000000e+00
2.686544918062007126e-01,0.000000000000000000e+00,0.000000000000000000e+00
2.699634887451964893e-01,0.000000000000000000e+00,0.000000000000000000e+00
2.712724856841921550e-01,0.000000000000000000e+00,0.000000000000000000e+00
2.725814826231879318e-01,0.000000000000000000e+00,0.000000000000000000e+00
2.738904795621837085e-01,0.000000000000000000e+00,0.000000000000000000e+00
2.751994765011793742e-01,0.000000000000000000e+00,0.000000000000000000e+00
2.765084734401752620e-01,0.000000000000000000e+00,0.000000000000000000e+00
2.778174703791709277e-01,0.000000000000000000e+00,0.000000000000000000e+00
2.791264673181665934e-01,0.000000000000000000e+00,0.000000000000000000e+00
2.804354642571624812e-01,0.000000000000000000e+00,0.000000000000000000e+00
2.817444611961581469e-01,0.000000000000000000e+00,0.000000000000000000e+00
2.830534581351539236e-01,0.000000000000000000e+00,0.000000000000000000e+00
2.843624550741497004e-01,0.000000000000000000e+00,0.000000000000000000e+00
2.856714520131453661e-01,0.000000000000000000e+00,0.000000000000000000e+00
2.869804489521411428e-01,0.000000000000000000e+00,0.000000000000000000e+00
2.882894458911369195e-01,0.000000000000000000e+00,0.000000000000000000e+00
2.895984428301325853e-01,0.000000000000000000e+00,0.000000000000000000e+00
2.909074397691284730e-01,0.000000000000000000e+00,0.000000000000000000e+00
2.922164367081241387e-01,0.000000000000000000e+00,0.000000000000000000e+00
2.935254336471199155e-01,0.000000000000000000e+00,0.000000000000000000e+00
2.948344305861156922e-01,0.000000000000000000e+00,0.000000000000000000e+00
2.961434275251113579e-01,0.000000000000000000e+00,0.000000000000000000e+00
2.974524244641071347e-01,0.000000000000000000e+00,0.000000000000000000e+00
2.987614214031029114e-01,0.000000000000000000e+00,0.000000000000000000e+00
3.000704183420985771e-01,0.000000000000000000e+00,-3.423010157060923930e-05
3.013794152810944649e-01,0.000000000000000000e+00,-8.019187447218245612e-05
3.026884122200901306e-01,0.000000000000000000e+00,-1.133498438110058792e-04
3.039974091590859073e-01,0.000000000000000000e+00,-1.368251172919887626e-04
3.053064060980816841e-01,0.000000000000000000e+00,-1.535306681878650936e-04
3.066154030370773498e-01,0.000000000000000000e+00,-1.649458889180915877e-04
3.079243999760731265e-01,0.000000000000000000e+00,-1.726172178825313708e-04
3.092333969150689033e-01,0.000000000000000000e+00,-1.783294264151857877e-04
3.105423938540645690e-01,0.000000000000000000e+00,-1.826438281238157435e-04
3.118513907930604567e-01,0.000000000000000000e+00,-1.858214209204261946e-04
3.131603877320561224e-01,0.000000000000000000e+00,-1.880876030864037096e-04
3.144693846710518992e-01,0.000000000000000000e+00,-1.896427312342297000e-04
3.157783816100476759e-01,0.000000000000000000e+00,-1.906158423386344891e-04
3.170873785490433416e-01,0.000000000000000000e+00,-1.911070388479485516e-04
3.183963754880391184e-01,0.000000000000000000e+00,-1.912255514862348793e-04
3.197053724270348951e-01,0.000000000000000000e+00,-1.910591472307904271e-04
3.210143693660305608e-01,0.000000000000000000e+00,-1.906543575978802973e-04
3.223233663050264486e-01,0.000000000000000000e+00,-1.900553490316869709e-04
3.236323632440221143e-01,0.000000000000000000e+00,-1.893257877717408055e-04
3.249413601830178910e-01,0.000000000000000000e+00,-1.884974192863653197e-04
3.262503571220136678e-01,0.000000000000000000e+00,-1.875571530682990096e-04
3.275593540610093335e-01,0.000000000000000000e+00,-1.865179153672236190e-04
3.288683510000051102e-01,0.000000000000000000e+00,-1.854336497093961311e-04
3.301773479390008870e-01,0.000000000000000000e+00,-1.843287076443433925e-04
3.314863448779965527e-01,0.000000000000000000e+00,-1.831811069181454865e-04
3.327953418169924404e-01,0.000000000000000000e+00,-1.819901674104534850e-04
3.341043387559881062e-01,0.000000000000000000e+00,-1.807944864201244117e-04
3.354133356949838829e-01,0.000000000000000000e+00,-1.796053020000770717e-04
3.367223326339796596e-01,0.000000000000000000e+00,-1.783934845733525787e-04
3.380313295729753253e-01,0.000000000000000000e+00,-1.771556888075509484e-04
3.393403265119711021e-01,0.000000000000000000e+00,-1.759278978645528735e-04
3.406493234509668788e-01,0.000000000000000000e+00,-1.747199312539943206e-04
3.419583203899625445e-01,0.000000000000000000e+00,-1.735023107641980866e-04
3.432673173289584323e-01,0.000000000000000000e+00,-1.722697818289514737e-04
3.445763142679540980e-01,0.000000000000000000e+00,-1.710548347383517021e-04
3.458853112069498748e-01,0.000000000000000000e+00,-1.698648713351624817e-04
3.471943081459456515e-01,0.000000000000000000e+00,-1.686699845569739065e-04
3.485033050849413172e-01,0.000000000000000000e+00,-1.674642621380117991e-04
3.498123020239370939e-01,0.000000000000000000e+00,-1.662782687774089219e-04
3.511212989629328707e-01,0.000000000000000000e+00,-1.651176619647531929e-04
3.524302959019285364e-01,0.000000000000000000e+00,-1.639519427581587196e-04
3.537392928409244242e-01,0.000000000000000000e+00,-1.627756724232459762e-04
3.550482897799200899e-01,0.000000000000000000e+00,-1.616198874721253009e-04
3.563572867189158666e-01,0.000000000000000000e+00,-1.604910181632057675e-04
3.576662836579116433e-01,0.000000000000000000e+00,-1.593592071451876979e-04
3.589752805969073091e-01,0.000000000000000000e+00,-1.582180935252724963e-04
3.602842775359030858e-01,0.000000000000000000e+00,-1.570967085614966008e-04
3.615932744748988625e-01,0.000000000000000000e+00,-1.560005169842226813e-04
3.629022714138945283e-01,0.000000000000000000e+00,-1.549009252669319991e-04
3.642112683528904160e-01,0.000000000000000000e+00,-1.537929325478443188e-04
3.655202652918860817e-01,0.000000000000000000e+00,-1.527057757224753454e-04
3.668292622308818585e-01,0.000000000000000000e+00,-1.516444237761593872e-04
3.681382591698776352e-01,0.000000000000000000e+00,-1.505790876621532215e-04
3.694472561088733009e-01,0.000000000000000000e+00,-1.495042199430585139e-04
3.707562530478690777e-01,0.000000000000000000e+00,-1.484491411187505161e-04
3.720652499868648544e-01,0.000000000000000000e+00,-1.474192997155260310e-04
3.733742469258605201e-01,0.000000000000000000e+00,-1.463858642352516837e-04
3.746832438648564079e-01,0.000000000000000000e+00,-1.453434431468170196e-04
3.759922408038520736e-01,0.000000000000000000e+00,-1.443206467799107440e-04
3.773012377428478503e-01,0.000000000000000000e+00,-1.433225806715537898e-04
3.786102346818436271e-01,0.000000000000000000e+00,-1.423207527274233941e-04
3.799192316208392928e-01,0.000000000000000000e+00,-1.413097441824023859e-04
3.812282285598350695e-01,0.000000000000000000e+00,-1.403174510567900546e-04
3.825372254988308462e-01,0.000000000000000000e+00,-1.393489675982906295e-04
3.838462224378265120e-01,0.000000000000000000e+00,-1.383768833151249877e-04
3.851552193768223997e-01,0.000000000000000000e+00,-1.373961795021888532e-04
3.864642163158180654e-01,0.000000000000000000e+00,-1.364340796201207739e-04
3.877732132548138422e-01,0.000000000000000000e+00,-1.354952945323839586e-04
3.890822101938096189e-01,0.000000000000000000e+00,-1.345526385993778273e-04
3.903912071328052846e-01,0.000000000000000000e+00,-1.336011185337632190e-04
3.917002040718010614e-01,0.000000000000000000e+00,-1.326674550870127200e-04
3.930092010107968381e-01,0.000000000000000000e+00,-1.317565337487364152e-04
3.943181979497925038e-01,0.000000000000000000e+00,-1.308421692961247995e-04
3.956271948887883916e-01,0.000000000000000000e+00,-1.299193654074604076e-04
3.969361918277840573e-01,0.000000000000000000e+00,-1.290137014093445389e-04
3.982451887667798340e-01,0.000000000000000000e+00,-1.281297499238637227e-04
3.995541857057756108e-01,0.000000000000000000e+00,-1.272423580710169144e-04
4.008631826447712765e-01,0.000000000000000000e+00,-1.263469897105490292e-04
4.021721795837670532e-01,0.000000000000000000e+00,-1.254685850899522892e-04
4.034811765227628300e-01,0.000000000000000000e+00,-1.246112526139125931e-04
4.047901734617584957e-01,0.000000000000000000e+00,-1.237499820042481380e-04
4.060991704007543834e-01,0.000000000000000000e+00,-1.228805965801799127e-04
4.074081673397500492e-01,0.000000000000000000e+00,-1.220281588510674364e-04
4.087171642787458259e-01,0.000000000000000000e+00,-1.211967489531673436e-04
4.100261612177416026e-01,0.000000000000000000e+00,-1.203612136749104833e-04
4.113351581567372683e-01,0.000000000000000000e+00,-1.195172491326584874e-04
4.126441550957330451e-01,0.000000000000000000e+00,-1.186897671332093340e-04
4.139531520347288218e-01,0.000000000000000000e+00,-1.178829719352264549e-04
4.152621489737244875e-01,0.000000000000000000e+00,-1.170721681297420824e-04
4.165711459127203753e-01,0.000000000000000000e+00,-1.162529935420097971e-04
4.178801428517160410e-01,0.000000000000000000e+00,-1.154497321975700430e-04
4.191891397907118177e-01,0.000000000000000000e+00,-1.146666309280730545e-04
4.204981367297075945e-01,0.000000000000000000e+00,-1.138798457024498001e-04
4.218071336687032602e-01,0.000000000000000000e+00,-1.130849599104422065e-04
4.231161306076990369e-01,0.000000000000000000e+00,-1.123051671237523808e-04
4.244251275466948137e-01,0.000000000000000000e+00,-1.115446011917681224e-04
4.257341244856904794e-01,0.000000000000000000e+00,-1.107806511255610138e-04
4.270431214246863671e-01,0.000000000000000000e+00,-1.100092217711234888e-04
4.283521183636820329e-01,0.000000000000000000e+00,-1.092525481160427914e-04
4.296611153026778096e-01,0.000000000000000000e+00,-1.085143244600461632e-04
4.309701122416735863e-01,0.000000000000000000e+00,-1.077724524918832749e-04
4.322791091806692521e-01,0.000000000000000000e+00,-1.070231739901811308e-04
4.335881061196650288e-01,0.000000000000000000e+00,-1.062884377173722861e-04
4.348971030586608055e-01,0.000000000000000000e+00,-1.055719091553330991e-04
4.362060999976564712e-01,0.000000000000000000e+00,-1.048518009130749995e-04
4.375150969366523590e-01,0.000000000000000000e+00,-1.041242756733840036e-04
4.388240938756480247e-01,0.000000000000000000e+00,-1.034107308284099025e-04
4.401330908146438015e-01,0.000000000000000000e+00,-1.027148330042387814e-04
4.414420877536395782e-01,0.000000000000000000e+00,-1.020155291928809271e-04
4.427510846926352439e-01,0.000000000000000000e+00,-1.013091157687495691e-04
4.440600816316310206e-01,0.000000000000000000e+00,-1.006163429082967964e-04
4.453690785706267974e-01,0.000000000000000000e+00,-9.994063451294887823e-05
4.466780755096224631e-01,0.000000000000000000e+00,-9.926138700576403462e-05
4.479870724486183509e-01,0.000000000000000000e+00,-9.857512547210844911e-05
4.492960693876140166e-01,0.000000000000000000e+00,-9.790231186454501078e-05
4.506050663266097933e-01,0.000000000000000000e+00,-9.724627425995724384e-05
4.519140632656055701e-01,0.000000000000000000e+00,-9.658663355087415692e-05
4.532230602046012358e-01,0.000000000000000000e+00,-9.591994346094812052e-05
4.545320571435970125e-01,0.000000000000000000e+00,-9.526636650837583264e-05
4.558410540825927892e-01,0.000000000000000000e+00,-9.462922372309445773e-05
4.571500510215884550e-01,0.000000000000000000e+00,-9.398852463342322050e-05
4.584590479605843427e-01,0.000000000000000000e+00,-9.334085715853590592e-05
4.597680448995800084e-01,0.000000000000000000e+00,-9.270595898856759387e-05
4.610770418385757852e-01,0.000000000000000000e+00,-9.208710957497867611e-05
4.623860387775715619e-01,0.000000000000000000e+00,-9.146477826306453895e-05
4.636950357165672276e-01,0.000000000000000000e+00,-9.083557530968622284e-05
4.650040326555630044e-01,0.000000000000000000e+00,-9.021870438444268281e-05
4.663130295945587811e-01,0.000000000000000000e+00,-8.961743247193343365e-05
4.676220265335544468e-01,0.000000000000000000e+00,-8.901286706781974534e-05
4.689310234725503346e-01,0.000000000000000000e+00,-8.840167338390603202e-05
4.702400204115460003e-01,0.000000000000000000e+00,-8.780239842452741694e-05
4.715490173505417770e-01,0.000000000000000000e+00,-8.721817369257423014e-05
4.728580142895375538e-01,0.000000000000000000e+00,-8.663070409715978304e-05
4.741670112285332195e-01,0.000000000000000000e+00,-8.603681438663912662e-05
4.754760081675289962e-01,0.000000000000000000e+00,-8.545455820248293310e-05
4.767850051065247730e-01,0.000000000000000000e+00,-8.488697051106663949e-05
4.780940020455204387e-01,0.000000000000000000e+00,-8.431619283585933822e-05
4.794029989845163264e-01,0.000000000000000000e+00,-8.373909295923687157e-05
4.807119959235119921e-01,0.000000000000000000e+00,-8.317323543180488166e-05
4.820209928625077689e-01,0.000000000000000000e+00,-8.262165119099496025e-05
4.833299898015035456e-01,0.000000000000000000e+00,-8.206705858734841819e-05
4.846389867404992113e-01,0.000000000000000000e+00,-8.150634383918831105e-05
4.859479836794949881e-01,0.000000000000000000e+00,-8.095643653820150387e-05
4.872569806184907648e-01,0.000000000000000000e+00,-8.042029938659656096e-05
4.885659775574864305e-01,0.000000000000000000e+00,-7.988131468851522587e-05
4.898749744964823183e-01,0.000000000000000000e+00,-7.933649565840250606e-05
4.911839714354779840e-01,0.000000000000000000e+00,-7.880219522021780776e-05
4.924929683744737607e-01,0.000000000000000000e+00,-7.828114250033046950e-05
4.938019653134695375e-01,0.000000000000000000e+00,-7.775710248623945997e-05
4.951109622524652032e-01,0.000000000000000000e+00,-7.722739209742313093e-05
4.964199591914609799e-01,0.000000000000000000e+00,-7.670830682536544654e-05
4.977289561304567567e-01,0.000000000000000000e+00,-7.620234835085948344e-05
4.990379530694524224e-01,0.000000000000000000e+00,-7.569301180188059419e-05
5.003469500084483101e-01,0.000000000000000000e+00,-7.517766252489177514e-05
5.016559469474439759e-01,0.000000000000000000e+00,-7.467282535390806775e-05
5.029649438864397526e-01,0.000000000000000000e+00,-7.418129137208573365e-05
5.042739408254355293e-01,0.000000000000000000e+00,-7.368668200841144156e-05
5.055829377644311950e-01,0.000000000000000000e+00,-7.318596988542536153e-05
5.068919347034269718e-01,0.000000000000000000e+00,-7.269499760546860312e-05
5.082009316424227485e-01,0.000000000000000000e+00,-7.221671216632585821e-05
5.095099285814184142e-01,0.000000000000000000e+00,-7.173582667843736438e-05
5.108189255204143020e-01,0.000000000000000000e+00,-7.124946503325735314e-05
5.121279224594099677e-01,0.000000000000000000e+00,-7.077258798848795607e-05
5.134369193984057445e-01,0.000000000000000000e+00,-7.030773886453067778e-05
5.147459163374015212e-01,0.000000000000000000e+00,-6.984005369668755403e-05
5.160549132763971869e-01,0.000000000000000000e+00,-6.936697811714409578e-05
5.173639102153929636e-01,0.000000000000000000e+00,-6.890333578409013615e-05
5.186729071543887404e-01,0.000000000000000000e+00,-6.845161902110930008e-05
5.199819040933844061e-01,0.000000000000000000e+00,-6.799706555175866196e-05
5.212909010323802939e-01,0.000000000000000000e+00,-6.753715252456882201e-05
5.225998979713759596e-01,0.000000000000000000e+00,-6.708659379575654391e-05
5.239088949103717363e-01,0.000000000000000000e+00,-6.664770404349318333e-05
5.252178918493675130e-01,0.000000000000000000e+00,-6.620562949322117419e-05
5.265268887883631788e-01,0.000000000000000000e+00,-6.575800932132058740e-05
5.278358857273589555e-01,0.000000000000000000e+00,-6.531981068524927991e-05
5.291448826663546212e-01,0.000000000000000000e+00,-6.489358572264736225e-05
5.304538796053503980e-01,0.000000000000000000e+00,-6.446444871137380073e-05
5.317628765443461747e-01,0.000000000000000000e+00,-6.402955305505331207e-05
5.330718734833419514e-01,0.000000000000000000e+00,-6.360318447708179779e-05
5.343808704223376171e-01,0.000000000000000000e+00,-6.318830129056762779e-05
5.356898673613333939e-01,0.000000000000000000e+00,-6.277145426381025572e-05
5.369988643003291706e-01,0.000000000000000000e+00,-6.234979489097569605e-05
5.383078612393249474e-01,0.000000000000000000e+00,-6.193623726823138664e-05
5.396168581783206131e-01,0.000000000000000000e+00,-6.153355542738714323e-05
5.409258551173163898e-01,0.000000000000000000e+00,-6.112995705957746662e-05
5.422348520563121665e-01,0.000000000000000000e+00,-6.072383621473498305e-05
5.435438489953079433e-01,0.000000000000000000e+00,-6.032826606204577669e-05
5.448528459343036090e-01,0.000000000000000000e+00,-5.994672396050781948e-05
5.461618428732993857e-01,0.000000000000000000e+00,-5.957043532639483274e-05
5.474708398122951625e-01,0.000000000000000000e+00,-5.920298998625395104e-05
5.487798367512909392e-01,0.000000000000000000e+00,-5.886300067146910120e-05
5.500888336902866049e-01,1.774170669155850782e-06,-5.856294227167546662e-05
5.513978306292823817e-01,1.463752497940853936e-06,-5.830109753443557530e-05
5.527068275682781584e-01,1.232525004730110341e-06,-5.807566278261122594e-05
5.540158245072739351e-01,9.183254515180913624e-07,-5.789251183993537886e-05
5.553248214462696009e-01,4.718370768732466081e-07,-5.775083448479600978e-05
5.566338183852653776e-01,5.253910247259713229e-07,-5.763805366680585518e-05
5.579428153242611543e-01,5.506868896981015338e-07,-5.754522476915380214e-05
5.592518122632569311e-01,4.277681775223529659e-07,-5.747234220307428920e-05
5.605608092022525968e-01,5.756992694193330262e-08,-5.741774769525698208e-05
5.618698061412483735e-01,2.365101130236829663e-07,-5.737468495133069002e-05
5.631788030802441503e-01,2.649099267136578728e-07,-5.733806501075078277e-05
5.644878000192399270e-01,2.250389246477579874e-07,-5.730791499694576352e-05
5.657967969582355927e-01,-5.706101902785976066e-08,-5.728482375720600484e-05
5.671057938972313694e-01,1.505466276675859749e-07,-5.726668341012042251e-05
5.684147908362271462e-01,1.908656792407037450e-07,-5.725106491592801827e-05
5.697237877752229229e-01,1.627152638183915201e-07,-5.723848240074547178e-05
5.710327847142185886e-01,-1.014654376491064269e-07,-5.722939432262208470e-05
5.723417816532143654e-01,9.918486058510533887e-08,-5.722133053108480194e-05
5.736507785922101421e-01,1.623304508487077857e-07,-5.721270006255052554e-05
5.749597755312059189e-01,1.052089486364149451e-07,-5.720564706028496982e-05
5.762687724702015846e-01,-1.980313396494903788e-07,-5.720225666455691638e-05
5.775777694091973613e-01,2.147976067498613695e-08,-5.720080830555474005e-05
5.788867663481931380e-01,1.592647782058809192e-07,-5.719917688416786827e-05
5.801957632871889148e-01,1.084058895220452179e-07,-5.719860963199208115e-05
5.815047602261845805e-01,-1.566415256601394468e-07,-5.719931213123141678e-05
5.828137571651803572e-01,7.069857427266512673e-08,-5.719752431190827657e-05
5.841227541041761340e-01,1.947435048221812792e-07,-5.719140045683246409e-05
5.854317510431719107e-01,1.106565100800205315e-07,-5.718390568887343761e-05
5.867407479821675764e-01,-1.446536623331273752e-07,-5.717850522511669364e-05
5.880497449211633532e-01,7.558008014579842282e-08,-5.717442041079656700e-05
5.893587418601591299e-01,1.992829460964462562e-07,-5.716847785425249739e-05
5.906677387991549066e-01,1.210686940283922652e-07,-5.715985245140220439e-05
5.919767357381505724e-01,-1.318672658776054440e-07,-5.715011323849383817e-05
5.932857326771463491e-01,6.673232465226330845e-08,-5.713981340089990812e-05
5.945947296161421258e-01,1.900525622919313484e-07,-5.712723028829247429e-05
5.959037265551379026e-01,2.446677601422586612e-07,-5.711180365490509114e-05
5.972127234941335683e-01,-3.350335250895675188e-08,-5.709255948176117368e-05
5.985217204331293450e-01,2.401624255854439838e-07,-5.706565688846920725e-05
5.998307173721251218e-01,3.413549393219139638e-07,-5.702926884587622425e-05
6.011397143111208985e-01,4.042467665818505473e-07,-5.698603183489081569e-05
6.024487112501165642e-01,2.455286602850992317e-07,-5.693716160792838821e-05
6.037577081891123409e-01,5.617837595672803275e-07,-5.687705458819192206e-05
6.050667051281081177e-01,7.643754213124132058e-07,-5.679871594362062570e-05
6.063757020671038944e-01,9.911355149175293811e-07,-5.669926863238750059e-05
6.076846990060995601e-01,8.416294301344384721e-07,-5.657393988486858483e-05
6.089936959450953369e-01,1.324775021814550424e-06,-5.639791352674006220e-05
6.103026928840911136e-01,1.727259843146977669e-06,-5.612646019845235479e-05
6.116116898230868903e-01,1.971660632177352213e-06,-5.571365120411730931e-05
6.129206867620825561e-01,2.131065985191971102e-06,-5.512787768409410649e-05
6.142296837010783328e-01,0.000000000000000000e+00,-5.417665606015364954e-05
6.155386806400741095e-01,0.000000000000000000e+00,-5.240527717360887738e-05
6.168476775790698863e-01,0.000000000000000000e+00,-4.931517882053593205e-05
6.181566745180655520e-01,-1.401663604391756301e-06,-4.445056190913176941e-05
6.194656714570613287e-01,-1.501803518474953414e-06,-3.653051799375195419e-05
6.207746683960571055e-01,-9.796571777132001557e-07,-2.243160862373805298e-05
6.220836653350528822e-01,0.000000000000000000e+00,0.000000000000000000e+00
6.233926622740485479e-01,0.000000000000000000e+00,0.000000000000000000e+00
6.247016592130443247e-01,0.000000000000000000e+00,0.000000000000000000e+00
6.260106561520401014e-01,0.000000000000000000e+00,0.000000000000000000e+00
6.273196530910358781e-01,0.000000000000000000e+00,0.000000000000000000e+00
6.286286500300315438e-01,0.000000000000000000e+00,0.000000000000000000e+00
6.299376469690273206e-01,0.000000000000000000e+00,0.000000000000000000e+00
6.312466439080230973e-01,0.000000000000000000e+00,0.000000000000000000e+00
6.325556408470188741e-01,0.000000000000000000e+00,0.000000000000000000e+00
6.338646377860145398e-01,0.000000000000000000e+00,0.000000000000000000e+00
6.351736347250103165e-01,0.000000000000000000e+00,0.000000000000000000e+00
6.364826316640060933e-01,0.000000000000000000e+00,0.000000000000000000e+00
6.377916286030018700e-01,0.000000000000000000e+00,0.000000000000000000e+00
6.391006255419975357e-01,0.000000000000000000e+00,0.000000000000000000e+00
6.404096224809933124e-01,0.000000000000000000e+00,0.000000000000000000e+00
6.417186194199890892e-01,0.000000000000000000e+00,0.000000000000000000e+00
6.430276163589848659e-01,0.000000000000000000e+00,0.000000000000000000e+00
6.443366132979805316e-01,0.000000000000000000e+00,0.000000000000000000e+00
6.456456102369763084e-01,0.000000000000000000e+00,0.000000000000000000e+00
6.469546071759720851e-01,0.000000000000000000e+00,0.000000000000000000e+00
6.482636041149678618e-01,0.000000000000000000e+00,0.000000000000000000e+00
6.495726010539635276e-01,0.000000000000000000e+00,0.000000000000000000e+00
6.508815979929593043e-01,0.000000000000000000e+00,0.000000000000000000e+00
6.521905949319550810e-01,0.000000000000000000e+00,0.000000000000000000e+00
6.534995918709508578e-01,0.000000000000000000e+00,0.000000000000000000e+00
6.548085888099465235e-01,0.000000000000000000e+00,0.000000000000000000e+00
6.561175857489423002e-01,0.000000000000000000e+00,0.000000000000000000e+00
6.574265826879380770e-01,0.000000000000000000e+00,0.000000000000000000e+00
6.587355796269338537e-01,0.000000000000000000e+00,0.000000000000000000e+00
6.600445765659295194e-01,0.000000000000000000e+00,0.000000000000000000e+00
6.613535735049252962e-01,0.000000000000000000e+00,0.000000000000000000e+00
6.626625704439210729e-01,0.000000000000000000e+00,0.000000000000000000e+00
6.639715673829168496e-01,0.000000000000000000e+00,0.000000000000000000e+00
6.652805643219125153e-01,0.000000000000000000e+00,0.000000000000000000e+00
6.665895612609082921e-01,0.000000000000000000e+00,0.000000000000000000e+00
6.678985581999040688e-01,0.000000000000000000e+00,0.000000000000000000e+00
6.692075551388998456e-01,0.000000000000000000e+00,0.000000000000000000e+00
6.705165520778955113e-01,0.000000000000000000e+00,0.000000000000000000e+00
6.718255490168912880e-01,0.000000000000000000e+00,0.000000000000000000e+00
6.731345459558870647e-01,0.000000000000000000e+00,0.000000000000000000e+00
6.744435428948828415e-01,0.000000000000000000e+00,0.000000000000000000e+00
6.757525398338785072e-01,0.000000000000000000e+00,0.000000000000000000e+00
6.770615367728742839e-01,0.000000000000000000e+00,0.000000000000000000e+00
6.783705337118700607e-01,0.000000000000000000e+00,0.000000000000000000e+00
6.796795306508658374e-01,0.000000000000000000e+00,0.000000000000000000e+00
6.809885275898615031e-01,0.000000000000000000e+00,0.000000000000000000e+00
6.822975245288572799e-01,0.000000000000000000e+00,0.000000000000000000e+00
6.836065214678530566e-01,0.000000000000000000e+00,0.000000000000000000e+00
6.849155184068488333e-01,0.000000000000000000e+00,0.000000000000000000e+00
6.862245153458444991e-01,0.000000000000000000e+00,0.000000000000000000e+00
6.875335122848402758e-01,0.000000000000000000e+00,0.000000000000000000e+00
6.888425092238360525e-01,0.000000000000000000e+00,0.000000000000000000e+00
6.901515061628318293e-01,0.000000000000000000e+00,0.000000000000000000e+00
6.914605031018274950e-01,0.000000000000000000e+00,0.000000000000000000e+00
6.927695000408232717e-01,0.000000000000000000e+00,0.000000000000000000e+00
6.940784969798190485e-01,0.000000000000000000e+00,0.000000000000000000e+00
6.953874939188148252e-01,0.000000000000000000e+00,0.000000000000000000e+00
6.966964908578104909e-01,0.000000000000000000e+00,0.000000000000000000e+00
6.980054877968062677e-01,0.000000000000000000e+00,0.000000000000000000e+00
6.993144847358020444e-01,0.000000000000000000e+00,0.000000000000000000e+00
7.006234816747978211e-01,0.000000000000000000e+00,0.000000000000000000e+00
7.019324786137934868e-01,0.000000000000000000e+00,0.000000000000000000e+00
7.032414755527892636e-01,0.000000000000000000e+00,0.000000000000000000e+00
7.045504724917850403e-01,0.000000000000000000e+00,0.000000000000000000e+00
7.058594694307808171e-01,0.000000000000000000e+00,0.000000000000000000e+00
7.071684663697764828e-01,0.000000000000000000e+00,0.000000000000000000e+00
7.084774633087722595e-01,0.000000000000000000e+00,0.000000000000000000e+00
7.097864602477680362e-01,0.000000000000000000e+00,0.000000000000000000e+00
7.110954571867638130e-01,0.000000000000000000e+00,0.000000000000000000e+00
7.124044541257594787e-01,0.000000000000000000e+00,0.000000000000000000e+00
7.137134510647552554e-01,0.000000000000000000e+00,0.000000000000000000e+00
7.150224480037510322e-01,0.000000000000000000e+00,0.000000000000000000e+00
7.163314449427468089e-01,0.000000000000000000e+00,0.000000000000000000e+00
7.176404418817424746e-01,0.000000000000000000e+00,0.000000000000000000e+00
7.189494388207382514e-01,0.000000000000000000e+00,0.000000000000000000e+00
7.202584357597340281e-01,0.000000000000000000e+00,0.000000000000000000e+00
7.215674326987298048e-01,0.000000000000000000e+00,0.000000000000000000e+00
7.228764296377254706e-01,0.000000000000000000e+00,0.000000000000000000e+00
7.241854265767212473e-01,0.000000000000000000e+00,0.000000000000000000e+00
7.254944235157170240e-01,0.000000000000000000e+00,0.000000000000000000e+00
7.268034204547128008e-01,0.000000000000000000e+00,0.000000000000000000e+00
7.281124173937084665e-01,0.000000000000000000e+00,0.000000000000000000e+00
7.294214143327042432e-01,0.000000000000000000e+00,0.000000000000000000e+00
7.307304112717000200e-01,0.000000000000000000e+00,0.000000000000000000e+00
7.320394082106957967e-01,0.000000000000000000e+00,0.000000000000000000e+00
7.333484051496914624e-01,0.000000000000000000e+00,0.000000000000000000e+00
7.346574020886872392e-01,0.000000000000000000e+00,0.000000000000000000e+00
7.359663990276830159e-01,0.000000000000000000e+00,0.000000000000000000e+00
7.372753959666787926e-01,0.000000000000000000e+00,0.000000000000000000e+00
7.385843929056744583e-01,0.000000000000000000e+00,0.000000000000000000e+00
7.398933898446702351e-01,0.000000000000000000e+00,0.000000000000000000e+00
7.412023867836660118e-01,0.000000000000000000e+00,0.000000000000000000e+00
7.425113837226617886e-01,0.000000000000000000e+00,0.000000000000000000e+00
7.438203806616574543e-01,0.000000000000000000e+00,0.000000000000000000e+00
7.451293776006532310e-01,0.000000000000000000e+00,0.000000000000000000e+00
7.464383745396490077e-01,0.000000000000000000e+00,0.000000000000000000e+00
7.477473714786447845e-01,0.000000000000000000e+00,0.000000000000000000e+00
7.490563684176404502e-01,0.000000000000000000e+00,0.000000000000000000e+00
7.503653653566362269e-01,0.000000000000000000e+00,0.000000000000000000e+00
7.516743622956320037e-01,0.000000000000000000e+00,0.000000000000000000e+00
7.529833592346277804e-01,0.000000000000000000e+00,0.000000000000000000e+00
7.542923561736234461e-01,0.000000000000000000e+00,0.000000000000000000e+00
7.556013531126192229e-01,0.000000000000000000e+00,0.000000000000000000e+00
7.569103500516149996e-01,0.000000000000000000e+00,0.000000000000000000e+00
7.582193469906107763e-01,0.000000000000000000e+00,0.000000000000000000e+00
7.595283439296064421e-01,0.000000000000000000e+00,0.000000000000000000e+00
7.608373408686022188e-01,0.000000000000000000e+00,0.000000000000000000e+00
7.621463378075979955e-01,0.000000000000000000e+00,0.000000000000000000e+00
7.634553347465937723e-01,0.000000000000000000e+00,0.000000000000000000e+00
7.647643316855894380e-01,0.000000000000000000e+00,0.000000000000000000e+00
7.660733286245852147e-01,0.000000000000000000e+00,0.000000000000000000e+00
7.673823255635809915e-01,0.000000000000000000e+00,0.000000000000000000e+00
7.686913225025767682e-01,0.000000000000000000e+00,0.000000000000000000e+00
7.700003194415724339e-01,0.000000000000000000e+00,0.000000000000000000e+00
7.713093163805682106e-01,0.000000000000000000e+00,0.000000000000000000e+00
7.726183133195639874e-01,0.000000000000000000e+00,0.000000000000000000e+00
7.739273102585597641e-01,0.000000000000000000e+00,0.000000000000000000e+00
7.752363071975554298e-01,0.000000000000000000e+00,0.000000000000000000e+00
7.765453041365512066e-01,0.000000000000000000e+00,0.000000000000000000e+00
7.778543010755469833e-01,0.000000000000000000e+00,0.000000000000000000e+00
7.791632980145427601e-01,0.000000000000000000e+00,0.000000000000000000e+00
7.804722949535384258e-01,0.000000000000000000e+00,0.000000000000000000e+00
7.817812918925342025e-01,0.000000000000000000e+00,0.000000000000000000e+00
7.830902888315299792e-01,0.000000000000000000e+00,0.000000000000000000e+00
7.843992857705257560e-01,0.000000000000000000e+00,0.000000000000000000e+00
7.857082827095214217e-01,0.000000000000000000e+00,0.000000000000000000e+00
7.870172796485171984e-01,0.000000000000000000e+00,0.000000000000000000e+00
7.883262765875129752e-01,0.000000000000000000e+00,0.000000000000000000e+00
7.896352735265087519e-01,0.000000000000000000e+00,0.000000000000000000e+00
7.909442704655044176e-01,0.000000000000000000e+00,0.000000000000000000e+00
7.922532674045001944e-01,0.000000000000000000e+00,0.000000000000000000e+00
7.935622643434959711e-01,0.000000000000000000e+00,0.000000000000000000e+00
7.948712612824917478e-01,0.000000000000000000e+00,0.000000000000000000e+00
7.961802582214874136e-01,0.000000000000000000e+00,0.000000000000000000e+00
7.974892551604831903e-01,0.000000000000000000e+00,0.000000000000000000e+00
7.987982520994789670e-01,0.000000000000000000e+00,0.000000000000000000e+00
8.001072490384747438e-01,0.000000000000000000e+00,0.000000000000000000e+00
8.014162459774704095e-01,0.000000000000000000e+00,0.000000000000000000e+00
8.027252429164661862e-01,0.000000000000000000e+00,0.000000000000000000e+00
8.040342398554619630e-01,0.000000000000000000e+00,0.000000000000000000e+00
8.053432367944577397e-01,0.000000000000000000e+00,0.000000000000000000e+00
8.066522337334534054e-01,0.000000000000000000e+00,0.000000000000000000e+00
8.079612306724491821e-01,0.000000000000000000e+00,0.000000000000000000e+00
8.092702276114449589e-01,0.000000000000000000e+00,0.000000000000000000e+00
8.105792245504407356e-01,0.000000000000000000e+00,0.000000000000000000e+00
8.118882214894364013e-01,0.000000000000000000e+00,0.000000000000000000e+00
8.131972184284321781e-01,0.000000000000000000e+00,0.000000000000000000e+00
8.145062153674279548e-01,0.000000000000000000e+00,0.000000000000000000e+00
8.158152123064237315e-01,0.000000000000000000e+00,0.000000000000000000e+00
8.171242092454193973e-01,0.000000000000000000e+00,0.000000000000000000e+00
8.184332061844151740e-01,0.000000000000000000e+00,0.000000000000000000e+00
8.197422031234109507e-01,0.000000000000000000e+00,0.000000000000000000e+00
8.210512000624067275e-01,0.000000000000000000e+00,0.000000000000000000e+00
8.223601970014023932e-01,0.000000000000000000e+00,0.000000000000000000e+00
8.236691939403981699e-01,0.000000000000000000e+00,0.000000000000000000e+00
8.249781908793939467e-01,0.000000000000000000e+00,0.000000000000000000e+00
8.262871878183897234e-01,0.000000000000000000e+00,0.000000000000000000e+00
8.275961847573853891e-01,0.000000000000000000e+00,0.000000000000000000e+00
8.289051816963811659e-01,0.000000000000000000e+00,0.000000000000000000e+00
8.302141786353769426e-01,0.000000000000000000e+00,0.000000000000000000e+00
8.315231755743727193e-01,0.000000000000000000e+00,0.000000000000000000e+00
8.328321725133683850e-01,0.000000000000000000e+00,0.000000000000000000e+00
8.341411694523641618e-01,0.000000000000000000e+00,0.000000000000000000e+00
8.354501663913599385e-01,0.000000000000000000e+00,0.000000000000000000e+00
8.367591633303557153e-01,0.000000000000000000e+00,0.000000000000000000e+00
8.380681602693513810e-01,0.000000000000000000e+00,0.000000000000000000e+00
8.393771572083471577e-01,0.000000000000000000e+00,0.000000000000000000e+00
8.406861541473429345e-01,0.000000000000000000e+00,0.000000000000000000e+00
8.419951510863387112e-01,0.000000000000000000e+00,0.000000000000000000e+00
8.433041480253343769e-01,0.000000000000000000e+00,0.000000000000000000e+00
8.446131449643301536e-01,0.000000000000000000e+00,0.000000000000000000e+00
8.459221419033259304e-01,0.000000000000000000e+00,0.000000000000000000e+00
8.472311388423217071e-01,0.000000000000000000e+00,0.000000000000000000e+00
8.485401357813173728e-01,0.000000000000000000e+00,0.000000000000000000e+00
8.498491327203131496e-01,0.000000000000000000e+00,0.000000000000000000e+00
8.511581296593089263e-01,0.000000000000000000e+00,0.000000000000000000e+00
8.524671265983047030e-01,0.000000000000000000e+00,0.000000000000000000e+00
8.537761235373003688e-01,0.000000000000000000e+00,0.000000000000000000e+00
8.550851204762961455e-01,0.000000000000000000e+00,0.000000000000000000e+00
8.563941174152919222e-01,0.000000000000000000e+00,0.000000000000000000e+00
8.577031143542876990e-01,0.000000000000000000e+00,0.000000000000000000e+00
8.590121112932833647e-01,0.000000000000000000e+00,0.000000000000000000e+00
8.603211082322791414e-01,0.000000000000000000e+00,0.000000000000000000e+00
8.616301051712749182e-01,0.000000000000000000e+00,0.000000000000000000e+00
8.629391021102706949e-01,0.000000000000000000e+00,0.000000000000000000e+00
8.642480990492663606e-01,0.000000000000000000e+00,0.000000000000000000e+00
8.655570959882621374e-01,0.000000000000000000e+00,0.000000000000000000e+00
8.668660929272579141e-01,0.000000000000000000e+00,0.000000000000000000e+00
8.681750898662536908e-01,0.000000000000000000e+00,0.000000000000000000e+00
8.694840868052493565e-01,0.000000000000000000e+00,0.000000000000000000e+00
8.707930837442451333e-01,0.000000000000000000e+00,0.000000000000000000e+00
8.721020806832409100e-01,0.000000000000000000e+00,0.000000000000000000e+00
8.734110776222366868e-01,0.000000000000000000e+00,0.000000000000000000e+00
8.747200745612323525e-01,0.000000000000000000e+00,0.000000000000000000e+00
8.760290715002281292e-01,0.000000000000000000e+00,0.000000000000000000e+00
8.773380684392239059e-01,0.000000000000000000e+00,0.000000000000000000e+00
8.786470653782196827e-01,0.000000000000000000e+00,0.000000000000000000e+00
8.799560623172153484e-01,0.000000000000000000e+00,0.000000000000000000e+00
8.812650592562111251e-01,0.000000000000000000e+00,0.000000000000000000e+00
8.825740561952069019e-01,0.000000000000000000e+00,0.000000000000000000e+00
8.838830531342026786e-01,0.000000000000000000e+00,0.000000000000000000e+00
8.851920500731983443e-01,0.000000000000000000e+00,0.000000000000000000e+00
8.865010470121941211e-01,0.000000000000000000e+00,0.000000000000000000e+00
8.878100439511898978e-01,0.000000000000000000e+00,0.000000000000000000e+00
8.891190408901856745e-01,0.000000000000000000e+00,0.000000000000000000e+00
8.904280378291813403e-01,0.000000000000000000e+00,0.000000000000000000e+00
8.917370347681771170e-01,0.000000000000000000e+00,0.000000000000000000e+00
8.930460317071728937e-01,0.000000000000000000e+00,0.000000000000000000e+00
8.943550286461686705e-01,0.000000000000000000e+00,0.000000000000000000e+00
8.956640255851643362e-01,0.000000000000000000e+00,0.000000000000000000e+00
8.969730225241601129e-01,0.000000000000000000e+00,0.000000000000000000e+00
8.982820194631558897e-01,0.000000000000000000e+00,0.000000000000000000e+00
8.995910164021516664e-01,0.000000000000000000e+00,0.000000000000000000e+00
9.009000133411473321e-01,0.000000000000000000e+00,0.000000000000000000e+00
9.022090102801431089e-01,0.000000000000000000e+00,0.000000000000000000e+00
9.035180072191388856e-01,0.000000000000000000e+00,0.000000000000000000e+00
9.048270041581346623e-01,0.000000000000000000e+00,0.000000000000000000e+00
9.061360010971303280e-01,0.000000000000000000e+00,0.000000000000000000e+00
9.074449980361261048e-01,0.000000000000000000e+00,0.000000000000000000e+00
9.087539949751218815e-01,0.000000000000000000e+00,0.000000000000000000e+00
9.100629919141176583e-01,0.000000000000000000e+00,0.000000000000000000e+00
9.113719888531133240e-01,0.000000000000000000e+00,0.000000000000000000e+00
9.126809857921091007e-01,0.000000000000000000e+00,0.000000000000000000e+00
9.139899827311048774e-01,0.000000000000000000e+00,0.000000000000000000e+00
9.152989796701006542e-01,0.000000000000000000e+00,0.000000000000000000e+00
9.166079766090963199e-01,0.000000000000000000e+00,0.000000000000000000e+00
9.179169735480920966e-01,0.000000000000000000e+00,0.000000000000000000e+00
9.192259704870878734e-01,0.000000000000000000e+00,0.000000000000000000e+00
9.205349674260836501e-01,0.000000000000000000e+00,0.000000000000000000e+00
9.218439643650793158e-01,0.000000000000000000e+00,0.000000000000000000e+00
9.231529613040750926e-01,0.000000000000000000e+00,0.000000000000000000e+00
9.244619582430708693e-01,0.000000000000000000e+00,0.000000000000000000e+00
9.257709551820666460e-01,0.000000000000000000e+00,0.000000000000000000e+00
9.270799521210623118e-01,0.000000000000000000e+00,0.000000000000000000e+00
9.283889490600580885e-01,0.000000000000000000e+00,0.000000000000000000e+00
9.296979459990538652e-01,0.000000000000000000e+00,0.000000000000000000e+00
9.310069429380496420e-01,0.000000000000000000e+00,0.000000000000000000e+00
9.323159398770453077e-01,0.000000000000000000e+00,0.000000000000000000e+00
9.336249368160410844e-01,0.000000000000000000e+00,0.000000000000000000e+00
9.349339337550368612e-01,0.000000000000000000e+00,0.000000000000000000e+00
9.362429306940326379e-01,0.000000000000000000e+00,0.000000000000000000e+00
9.375519276330283036e-01,0.000000000000000000e+00,0.000000000000000000e+00
9.388609245720240803e-01,0.000000000000000000e+00,0.000000000000000000e+00
9.401699215110198571e-01,0.000000000000000000e+00,0.000000000000000000e+00
9.414789184500156338e-01,0.000000000000000000e+00,0.000000000000000000e+00
9.427879153890112995e-01,0.000000000000000000e+00,-1.081141664374674072e-05
9.440969123280070763e-01,0.000000000000000000e+00,-3.067367968094536490e-05
9.454059092670028530e-01,0.000000000000000000e+00,-4.265075050186029060e-05
9.467149062059986298e-01,0.000000000000000000e+00,-4.920389244471301549e-05
9.480239031449942955e-01,0.000000000000000000e+00,-5.328346548573448249e-05
9.493329000839900722e-01,0.000000000000000000e+00,-5.571824664223068435e-05
9.506418970229858489e-01,0.000000000000000000e+00,-5.701150379582020644e-05
9.519508939619816257e-01,0.000000000000000000e+00,-5.763491041743673549e-05
9.532598909009772914e-01,0.000000000000000000e+00,-5.801915874169283338e-05
9.545688878399730681e-01,0.000000000000000000e+00,-5.834666074128191937e-05
9.558778847789688449e-01,0.000000000000000000e+00,-5.863601900010784185e-05
9.571868817179646216e-01,0.000000000000000000e+00,-5.891407456254382780e-05
9.584958786569602873e-01,0.000000000000000000e+00,-5.921012976609074663e-05
9.598048755959560641e-01,0.000000000000000000e+00,-5.953836630043229938e-05
9.611138725349518408e-01,0.000000000000000000e+00,-5.989031545150513836e-05
9.624228694739476175e-01,0.000000000000000000e+00,-6.025191877441493649e-05
9.637318664129432833e-01,0.000000000000000000e+00,-6.062285112815035681e-05
9.650408633519390600e-01,0.000000000000000000e+00,-6.101201660986543818e-05
9.663498602909348367e-01,0.000000000000000000e+00,-6.141440185820912223e-05
9.676588572299306135e-01,0.000000000000000000e+00,-6.181556045972702584e-05
9.689678541689262792e-01,0.000000000000000000e+00,-6.221704435294128643e-05
9.702768511079220559e-01,0.000000000000000000e+00,-6.263139176396204100e-05
9.715858480469178327e-01,0.000000000000000000e+00,-6.305467810226172976e-05
9.728948449859136094e-01,0.000000000000000000e+00,-6.347146886750976158e-05
9.742038419249092751e-01,0.000000000000000000e+00,-6.388332134646401705e-05
9.755128388639050518e-01,0.000000000000000000e+00,-6.430512999787418860e-05
9.768218358029008286e-01,0.000000000000000000e+00,-6.473645460601529233e-05
9.781308327418966053e-01,0.000000000000000000e+00,-6.516514074295098879e-05
9.794398296808922710e-01,0.000000000000000000e+00,-6.559291795245336676e-05
9.807488266198880478e-01,0.000000000000000000e+00,-6.603079267901434957e-05
9.820578235588838245e-01,0.000000000000000000e+00,-6.647584640426251745e-05
9.833668204978796012e-01,0.000000000000000000e+00,-6.691575401784888300e-05
9.846758174368752670e-01,0.000000000000000000e+00,-6.735399007817832739e-05
9.859848143758710437e-01,0.000000000000000000e+00,-6.780420074357917937e-05
9.872938113148668204e-01,0.000000000000000000e+00,-6.826304421887752216e-05
9.886028082538625972e-01,0.000000000000000000e+00,-6.871571548604238355e-05
9.899118051928582629e-01,0.000000000000000000e+00,-6.916522390743029547e-05
9.912208021318540396e-01,0.000000000000000000e+00,-6.962725917906975592e-05
9.925297990708498164e-01,0.000000000000000000e+00,-7.009954975858989634e-05
9.938387960098455931e-01,0.000000000000000000e+00,-7.056692624397842284e-05
9.951477929488412588e-01,0.000000000000000000e+00,-7.103125289675826792e-05
9.964567898878370356e-01,0.000000000000000000e+00,-7.150682675988173642e-05
9.977657868268328123e-01,0.000000000000000000e+00,-7.199149489416079017e-05
9.990747837658285890e-01,0.000000000000000000e+00,-7.247118695681564748e-05
1.000383780704824144e+00,0.000000000000000000e+00,-7.294907030172548268e-05
1.001692777643820031e+00,0.000000000000000000e+00,-7.343982547364236169e-05
1.003001774582815919e+00,0.000000000000000000e+00,-7.393998314011995809e-05
1.004310771521811585e+00,0.000000000000000000e+00,-7.443354593129891672e-05
1.005619768460807251e+00,0.000000000000000000e+00,-7.492395310093602490e-05
1.006928765399802916e+00,0.000000000000000000e+00,-7.542827406675778334e-05
1.008237762338798804e+00,0.000000000000000000e+00,-7.594351313892910849e-05
1.009546759277794692e+00,0.000000000000000000e+00,-7.645233123422523480e-05
1.010855756216790358e+00,0.000000000000000000e+00,-7.695746795510771676e-05
1.012164753155786023e+00,0.000000000000000000e+00,-7.747631089460860210e-05
1.013473750094781689e+00,0.000000000000000000e+00,-7.800626241466490640e-05
1.014782747033777577e+00,0.000000000000000000e+00,-7.853009991118375943e-05
1.016091743972773243e+00,0.000000000000000000e+00,-7.905042176267751408e-05
1.017400740911769130e+00,0.000000000000000000e+00,-7.958433679461363042e-05
1.018709737850764796e+00,0.000000000000000000e+00,-8.012944138940936156e-05
1.020018734789760462e+00,0.000000000000000000e+00,-8.066905791004330695e-05
1.021327731728756127e+00,0.000000000000000000e+00,-8.120554112893418885e-05
1.022636728667752015e+00,0.000000000000000000e+00,-8.175507978691598510e-05
1.023945725606747903e+00,0.000000000000000000e+00,-8.231525885386836716e-05
1.025254722545743569e+00,0.000000000000000000e+00,-8.287017695224330183e-05
1.026563719484739234e+00,0.000000000000000000e+00,-8.342290636571825235e-05
1.027872716423735122e+00,0.000000000000000000e+00,-8.398957582610167005e-05
1.029181713362730788e+00,0.000000000000000000e+00,-8.456683754380633911e-05
1.030490710301726454e+00,0.000000000000000000e+00,-8.513767373785618986e-05
1.031799707240722119e+00,0.000000000000000000e+00,-8.570570670093924370e-05
1.033108704179718007e+00,0.000000000000000000e+00,-8.628889764435154763e-05
1.034417701118713673e+00,0.000000000000000000e+00,-8.688389659540496357e-05
1.035726698057709338e+00,0.000000000000000000e+00,-8.747223591464015069e-05
1.037035694996705004e+00,0.000000000000000000e+00,-8.805702109310198367e-05
1.038344691935700892e+00,0.000000000000000000e+00,-8.865692887033427283e-05
1.039653688874696558e+00,0.000000000000000000e+00,-8.926907838485709235e-05
1.040962685813692223e+00,0.000000000000000000e+00,-8.987494351309077700e-05
1.042271682752687889e+00,0.000000000000000000e+00,-9.047760958566519740e-05
1.043580679691683777e+00,0.000000000000000000e+00,-9.109559757985996598e-05
1.044889676630679443e+00,0.000000000000000000e+00,-9.172570616948483302e-05
1.046198673569675108e+00,0.000000000000000000e+00,-9.234908841190825335e-05
1.047507670508670774e+00,0.000000000000000000e+00,-9.296932497369903015e-05
1.048816667447666662e+00,0.000000000000000000e+00,-9.360581504484766224e-05
1.050125664386662327e+00,0.000000000000000000e+00,-9.425507106131103541e-05
1.051434661325657993e+00,0.000000000000000000e+00,-9.489721932620653888e-05
1.052743658264653659e+00,0.000000000000000000e+00,-9.553571832288110244e-05
1.054052655203649547e+00,0.000000000000000000e+00,-9.619077479526561003e-05
1.055361652142645212e+00,0.000000000000000000e+00,-9.685912634208038163e-05
1.056670649081640878e+00,0.000000000000000000e+00,-9.752052587444492993e-05
1.057979646020636544e+00,0.000000000000000000e+00,-9.817837813066998542e-05
1.059288642959632432e+00,0.000000000000000000e+00,-9.885304669170202896e-05
1.060597639898628097e+00,0.000000000000000000e+00,-9.954114159128890638e-05
1.061906636837623763e+00,0.000000000000000000e+00,-1.002221094742045127e-04
1.063215633776619429e+00,0.000000000000000000e+00,-1.008995921373823101e-04
1.064524630715615316e+00,0.000000000000000000e+00,-1.015944660700401903e-04
1.065833627654610982e+00,0.000000000000000000e+00,-1.023031734053714281e-04
1.067142624593606648e+00,0.000000000000000000e+00,-1.030045727237055564e-04
1.068451621532602314e+00,0.000000000000000000e+00,-1.037023454496938113e-04
1.069760618471598201e+00,0.000000000000000000e+00,-1.044179174241738339e-04
1.071069615410593867e+00,0.000000000000000000e+00,-1.051477490928154346e-04
1.072378612349589533e+00,0.000000000000000000e+00,-1.058703049415105069e-04
1.073687609288585199e+00,0.000000000000000000e+00,-1.065892289682651706e-04
1.074996606227581086e+00,0.000000000000000000e+00,-1.073261977909134579e-04
1.076305603166576752e+00,0.000000000000000000e+00,-1.080776847219300230e-04
1.077614600105572418e+00,0.000000000000000000e+00,-1.088219969330034287e-04
1.078923597044568083e+00,0.000000000000000000e+00,-1.095628804192727568e-04
1.080232593983563971e+00,0.000000000000000000e+00,-1.103221627114098213e-04
1.081541590922559637e+00,0.000000000000000000e+00,-1.110961189922793357e-04
1.082850587861555303e+00,0.000000000000000000e+00,-1.118627109024383781e-04
1.084159584800550968e+00,0.000000000000000000e+00,-1.126260032555670421e-04
1.085468581739546856e+00,0.000000000000000000e+00,-1.134084230393905823e-04
1.086777578678542522e+00,0.000000000000000000e+00,-1.142059467226785863e-04
1.088086575617538188e+00,0.000000000000000000e+00,-1.149957119964684082e-04
1.089395572556533853e+00,0.000000000000000000e+00,-1.157819870162557496e-04
1.090704569495529741e+00,0.000000000000000000e+00,-1.165881299273197058e-04
1.092013566434525407e+00,0.000000000000000000e+00,-1.174099958987234738e-04
1.093322563373521072e+00,0.000000000000000000e+00,-1.182238474798369410e-04
1.094631560312516738e+00,0.000000000000000000e+00,-1.190340485925645009e-04
1.095940557251512626e+00,0.000000000000000000e+00,-1.198647652786294371e-04
1.097249554190508292e+00,0.000000000000000000e+00,-1.207117250787009821e-04
1.098558551129503957e+00,0.000000000000000000e+00,-1.215503868214062866e-04
1.099867548068499623e+00,0.000000000000000000e+00,-1.223853073273328818e-04
1.101176545007495511e+00,0.000000000000000000e+00,-1.232415105931750077e-04
1.102485541946491177e+00,0.000000000000000000e+00,-1.241145423425682459e-04
1.103794538885486842e+00,0.000000000000000000e+00,-1.249789694072883650e-04
1.105103535824482508e+00,0.000000000000000000e+00,-1.258394430775494621e-04
1.106412532763478396e+00,0.000000000000000000e+00,-1.267218480164727934e-04
1.107721529702474061e+00,0.000000000000000000e+00,-1.276217255370692971e-04
1.109030526641469727e+00,0.000000000000000000e+00,-1.285129974660514929e-04
1.110339523580465393e+00,0.000000000000000000e+00,-1.294002386380832537e-04
1.111648520519461281e+00,0.000000000000000000e+00,-1.303097342665732183e-04
1.112957517458456946e+00,0.000000000000000000e+00,-1.312370692569120312e-04
1.114266514397452612e+00,0.000000000000000000e+00,-1.321559477456685228e-04
1.115575511336448278e+00,0.000000000000000000e+00,-1.330711042965421198e-04
1.116884508275444166e+00,0.000000000000000000e+00,-1.340090246256669948e-04
1.118193505214439831e+00,0.000000000000000000e+00,-1.349649619494380781e-04
1.119502502153435497e+00,0.000000000000000000e+00,-1.359120802540136896e-04
1.120811499092431163e+00,0.000000000000000000e+00,-1.368556313891544640e-04
1.122120496031427050e+00,0.000000000000000000e+00,-1.378230639690197767e-04
1.123429492970422716e+00,0.000000000000000000e+00,-1.388091926451950897e-04
1.124738489909418382e+00,0.000000000000000000e+00,-1.397859379012877934e-04
1.126047486848414048e+00,0.000000000000000000e+00,-1.407587005305410699e-04
1.127356483787409935e+00,0.000000000000000000e+00,-1.417561827375957151e-04
1.128665480726405601e+00,0.000000000000000000e+00,-1.427732597829717287e-04
1.129974477665401267e+00,0.000000000000000000e+00,-1.437810185196536361e-04
1.131283474604396933e+00,0.000000000000000000e+00,-1.447846846839018209e-04
1.132592471543392820e+00,0.000000000000000000e+00,-1.458133694852703499e-04
1.133901468482388486e+00,0.000000000000000000e+00,-1.468620151222760351e-04
1.135210465421384152e+00,0.000000000000000000e+00,-1.479015175629150303e-04
1.136519462360379817e+00,0.000000000000000000e+00,-1.489373185106224184e-04
1.137828459299375705e+00,0.000000000000000000e+00,-1.499987561491417098e-04
1.139137456238371371e+00,0.000000000000000000e+00,-1.510804234124696332e-04
1.140446453177367037e+00,0.000000000000000000e+00,-1.521526717901816594e-04
1.141755450116362702e+00,0.000000000000000000e+00,-1.532213394308534760e-04
1.143064447055358590e+00,0.000000000000000000e+00,-1.543165771391435959e-04
1.144373443994354256e+00,0.000000000000000000e+00,-1.554326686652590661e-04
1.145682440933349922e+00,0.000000000000000000e+00,-1.565390476380712492e-04
1.146991437872345587e+00,0.000000000000000000e+00,-1.576417463225593396e-04
1.148300434811341475e+00,0.000000000000000000e+00,-1.587718281428618372e-04
1.149609431750337141e+00,0.000000000000000000e+00,-1.599234414940003957e-04
1.150918428689332806e+00,0.000000000000000000e+00,-1.610652318687344486e-04
1.152227425628328472e+00,0.000000000000000000e+00,-1.622032796529393472e-04
1.153536422567324360e+00,0.000000000000000000e+00,-1.633692634909755803e-04
1.154845419506320026e+00,0.000000000000000000e+00,-1.645572806134448784e-04
1.156154416445315691e+00,0.000000000000000000e+00,-1.657355325423992554e-04
1.157463413384311357e+00,0.000000000000000000e+00,-1.669101704749736959e-04
1.158772410323307245e+00,0.000000000000000000e+00,-1.681131449192962979e-04
1.160081407262302911e+00,0.000000000000000000e+00,-1.693383436534995345e-04
1.161390404201298576e+00,0.000000000000000000e+00,-1.705535841029504063e-04
1.162699401140294242e+00,0.000000000000000000e+00,-1.717654283826669515e-04
1.164008398079290130e+00,0.000000000000000000e+00,-1.730062918656044557e-04
1.165317395018285795e+00,0.000000000000000000e+00,-1.742693070395928689e-04
1.166626391957281461e+00,0.000000000000000000e+00,-1.755210224642506089e-04
1.167935388896277127e+00,0.000000000000000000e+00,-1.767688528469951725e-04
1.169244385835273015e+00,0.000000000000000000e+00,-1.780470208531947929e-04
1.170553382774268680e+00,0.000000000000000000e+00,-1.793477840402041279e-04
1.171862379713264346e+00,0.000000000000000000e+00,-1.806352663710208972e-04
1.173171376652260012e+00,0.000000000000000000e+00,-1.819161415434616957e-04
1.174480373591255900e+00,0.000000000000000000e+00,-1.832257696632311195e-04
1.175789370530251565e+00,0.000000000000000000e+00,-1.845569575324307321e-04
1.177098367469247231e+00,0.000000000000000000e+00,-1.858736359699741936e-04
1.178407364408242897e+00,0.000000000000000000e+00,-1.871816217620531075e-04
1.179716361347238784e+00,0.000000000000000000e+00,-1.885143979606374032e-04
1.181025358286234450e+00,0.000000000000000000e+00,-1.898631805450912147e-04
1.182334355225230116e+00,0.000000000000000000e+00,-1.911908554346197775e-04
1.183643352164225782e+00,0.000000000000000000e+00,-1.925030787859743908e-04
1.184952349103221669e+00,0.000000000000000000e+00,-1.938327145277335406e-04
1.186261346042217335e+00,0.000000000000000000e+00,-1.951682044300240282e-04
1.187570342981213001e+00,0.000000000000000000e+00,-1.964686373719798373e-04
1.188879339920208666e+00,0.000000000000000000e+00,-1.977358371880177934e-04
1.190188336859204554e+00,0.000000000000000000e+00,-1.989995163367008768e-04
1.191497333798200220e+00,0.000000000000000000e+00,-2.002455729066821011e-04
1.192806330737195886e+00,0.000000000000000000e+00,-2.014299894321364137e-04
1.194115327676191551e+00,0.000000000000000000e+00,-2.025394961318593978e-04
1.195424324615187439e+00,-7.176748883536143708e-06,-2.035817060343503293e-04
1.196733321554183105e+00,-5.257981430001334999e-06,-2.045358096953303617e-04
1.198042318493178771e+00,-3.743600205718955465e-06,-2.053630725800115187e-04
1.199351315432174436e+00,-2.697538694390599900e-06,-2.060571265906224747e-04
1.200660312371170324e+00,-1.829822676241432688e-06,-2.066468746452915228e-04
1.201969309310165990e+00,-1.306096059333627935e-06,-2.071495048978355680e-04
1.203278306249161655e+00,-8.448810303041121017e-07,-2.075655718233454516e-04
1.204587303188157321e+00,-5.752147113624594965e-07,-2.079056005209745095e-04
1.205896300127153209e+00,-2.551437176256943218e-07,-2.081866825927869424e-04
1.207205297066148875e+00,-1.765896298355773553e-07,-2.084181407079610526e-04
1.208514294005144540e+00,-6.321966616873453404e-08,-2.086043394367159687e-04
1.209823290944140206e+00,4.734680178475336731e-08,-2.087536541916096278e-04
1.211132287883136094e+00,1.251378595190644205e-07,-2.088744857485919093e-04
1.212441284822131760e+00,1.746043825356924373e-07,-2.089707796099349313e-04
1.213750281761127425e+00,1.076100403785140713e-07,-2.090458590774946224e-04
1.215059278700123091e+00,1.512036095219215781e-07,-2.091052447337343745e-04
1.216368275639118979e+00,1.783028806268127653e-07,-2.091525085672757411e-04
1.217677272578114644e+00,1.791339220846843716e-07,-2.091880214608321520e-04
1.218986269517110310e+00,7.834650742055693229e-08,-2.092130481841092404e-04
1.220295266456105976e+00,1.077349494893464765e-07,-2.092285201542587458e-04
1.221604263395101864e+00,1.174129801440049192e-07,-2.092324132602491060e-04
1.222913260334097529e+00,9.324362554297138672e-08,-2.092242388745946258e-04
1.224222257273093195e+00,5.494386590143562898e-08,-2.092076767994111020e-04
1.225531254212088861e+00,-3.833290374011255608e-08,-2.091885777357332943e-04
1.226840251151084749e+00,-6.773134528237356733e-08,-2.091660939885081616e-04
1.228149248090080414e+00,-1.350339998984484424e-07,-2.091290390098393681e-04
1.229458245029076080e+00,-1.762128695459441730e-07,-2.090647391858047044e-04
1.230767241968071746e+00,-2.953784100645506783e-07,-2.089698445510990155e-04
1.232076238907067633e+00,-3.075626489601468450e-07,-2.088454783890775213e-04
1.233385235846063299e+00,-5.084698553869948512e-07,-2.086809024191699224e-04
1.234694232785058965e+00,-6.384312456197971386e-07,-2.084583017428615070e-04
1.236003229724054631e+00,-8.420315772417197309e-07,-2.081628411830654946e-04
1.237312226663050518e+00,-9.256846539296148535e-07,-2.077765262940983737e-04
1.238621223602046184e+00,-1.152356099015650059e-06,-2.072735738156694651e-04
1.239930220541041850e+00,-1.485924509797564852e-06,-2.066266262013422006e-04
1.241239217480037516e+00,-1.741228376900272323e-06,-2.058051340367017534e-04
1.242548214419033403e+00,-1.983627143736788057e-06,-2.047575870314927160e-04
1.243857211358029069e+00,-2.232352259906589254e-06,-2.034116506987038164e-04
1.245166208297024735e+00,-2.578596254632081752e-06,-2.016938859901173942e-04
1.246475205236020400e+00,-2.722031716279049718e-06,-1.995209139289411127e-04
1.247784202175016288e+00,-2.637462455462591393e-06,-1.967701604611987731e-04
1.249093199114011954e+00,-2.315733688640353449e-06,-1.932842029912645865e-04
1.250402196053007620e+00,-1.795787994862685366e-06,-1.889128445644316923e-04
1.251711192992003285e+00,-1.290080018367945058e-07,-1.834747202021508317e-04
1.253020189930999173e+00,3.982989080456023068e-06,-1.766306471568668268e-04
1.254329186869994839e+00,2.316121812728777485e-06,-1.674352934011996696e-04
1.255638183808990505e+00,9.606274417456317494e-07,-1.546895553237587206e-04
