# Exudyn: solution of belt drive, slip and gap over belt length
# Exudyn output file
# Exudyn version=1.2.34.dev1
# endTime=2.45
# stepSize=0.0001
# nSegments=4
# nANCFnodes=240
# contactStiffnessPerArea=100000000.0
# frictionStiffnessPerArea=100000000.0
# contactStiffness=418879.02047863905
# frictionStiffness=523598.7755982988
# contactDamping=8.377580409572781
# frictionVelocityPenalty=33.70609928242229
# dryFriction=0.5
# 
1.000113040474870374e-03,1.632833178139003749e-06,-7.682454612217837209e-06
2.309109979470758134e-03,0.000000000000000000e+00,0.000000000000000000e+00
3.618106918466423849e-03,0.000000000000000000e+00,0.000000000000000000e+00
4.927103857462089564e-03,0.000000000000000000e+00,0.000000000000000000e+00
6.236100796457755280e-03,0.000000000000000000e+00,0.000000000000000000e+00
7.545097735453643040e-03,0.000000000000000000e+00,0.000000000000000000e+00
8.854094674449308755e-03,0.000000000000000000e+00,0.000000000000000000e+00
1.016309161344497447e-02,0.000000000000000000e+00,0.000000000000000000e+00
1.147208855244064019e-02,0.000000000000000000e+00,0.000000000000000000e+00
1.278108549143652795e-02,0.000000000000000000e+00,0.000000000000000000e+00
1.409008243043219366e-02,0.000000000000000000e+00,0.000000000000000000e+00
1.539907936942785938e-02,0.000000000000000000e+00,0.000000000000000000e+00
1.670807630842352509e-02,0.000000000000000000e+00,0.000000000000000000e+00
1.801707324741941285e-02,0.000000000000000000e+00,0.000000000000000000e+00
1.932607018641507857e-02,0.000000000000000000e+00,0.000000000000000000e+00
2.063506712541074428e-02,0.000000000000000000e+00,0.000000000000000000e+00
2.194406406441040680e-02,0.000000000000000000e+00,0.000000000000000000e+00
2.325306100340629456e-02,0.000000000000000000e+00,0.000000000000000000e+00
2.456205794240196028e-02,0.000000000000000000e+00,0.000000000000000000e+00
2.587105488139762599e-02,0.000000000000000000e+00,0.000000000000000000e+00
2.718005182039351375e-02,0.000000000000000000e+00,0.000000000000000000e+00
2.848904875938917947e-02,0.000000000000000000e+00,0.000000000000000000e+00
2.979804569838484518e-02,0.000000000000000000e+00,0.000000000000000000e+00
3.110704263738073294e-02,0.000000000000000000e+00,0.000000000000000000e+00
3.241603957637639866e-02,0.000000000000000000e+00,0.000000000000000000e+00
3.372503651537206437e-02,0.000000000000000000e+00,0.000000000000000000e+00
3.503403345436795213e-02,0.000000000000000000e+00,0.000000000000000000e+00
3.634303039336361785e-02,0.000000000000000000e+00,0.000000000000000000e+00
3.765202733235950561e-02,0.000000000000000000e+00,0.000000000000000000e+00
3.896102427135517132e-02,0.000000000000000000e+00,0.000000000000000000e+00
4.027002121035083704e-02,0.000000000000000000e+00,0.000000000000000000e+00
4.157901814934672480e-02,0.000000000000000000e+00,0.000000000000000000e+00
4.288801508834239051e-02,0.000000000000000000e+00,0.000000000000000000e+00
4.419701202733805623e-02,0.000000000000000000e+00,0.000000000000000000e+00
4.550600896633394399e-02,0.000000000000000000e+00,0.000000000000000000e+00
4.681500590532960970e-02,0.000000000000000000e+00,0.000000000000000000e+00
4.812400284432549746e-02,0.000000000000000000e+00,0.000000000000000000e+00
4.943299978332116318e-02,0.000000000000000000e+00,0.000000000000000000e+00
5.074199672231682889e-02,0.000000000000000000e+00,0.000000000000000000e+00
5.205099366131271665e-02,0.000000000000000000e+00,0.000000000000000000e+00
5.335999060030838237e-02,0.000000000000000000e+00,0.000000000000000000e+00
5.466898753930404808e-02,0.000000000000000000e+00,0.000000000000000000e+00
5.597798447829993584e-02,0.000000000000000000e+00,0.000000000000000000e+00
5.728698141729560156e-02,0.000000000000000000e+00,0.000000000000000000e+00
5.859597835629126727e-02,0.000000000000000000e+00,0.000000000000000000e+00
5.990497529528715503e-02,0.000000000000000000e+00,0.000000000000000000e+00
6.121397223428282075e-02,0.000000000000000000e+00,0.000000000000000000e+00
6.252296917327870851e-02,0.000000000000000000e+00,0.000000000000000000e+00
6.383196611227437423e-02,0.000000000000000000e+00,0.000000000000000000e+00
6.514096305127003994e-02,0.000000000000000000e+00,0.000000000000000000e+00
6.644995999026592770e-02,0.000000000000000000e+00,0.000000000000000000e+00
6.775895692926159342e-02,0.000000000000000000e+00,0.000000000000000000e+00
6.906795386825725913e-02,0.000000000000000000e+00,0.000000000000000000e+00
7.037695080725314689e-02,0.000000000000000000e+00,0.000000000000000000e+00
7.168594774624881261e-02,0.000000000000000000e+00,0.000000000000000000e+00
7.299494468524447832e-02,0.000000000000000000e+00,0.000000000000000000e+00
7.430394162424036608e-02,0.000000000000000000e+00,0.000000000000000000e+00
7.561293856323603180e-02,0.000000000000000000e+00,0.000000000000000000e+00
7.692193550223191956e-02,0.000000000000000000e+00,0.000000000000000000e+00
7.823093244122758527e-02,0.000000000000000000e+00,0.000000000000000000e+00
7.953992938022325099e-02,0.000000000000000000e+00,0.000000000000000000e+00
8.084892631921913875e-02,0.000000000000000000e+00,0.000000000000000000e+00
8.215792325821480446e-02,0.000000000000000000e+00,0.000000000000000000e+00
8.346692019721047018e-02,0.000000000000000000e+00,0.000000000000000000e+00
8.477591713620635794e-02,0.000000000000000000e+00,0.000000000000000000e+00
8.608491407520202365e-02,0.000000000000000000e+00,0.000000000000000000e+00
8.739391101419791141e-02,0.000000000000000000e+00,0.000000000000000000e+00
8.870290795319357713e-02,0.000000000000000000e+00,0.000000000000000000e+00
9.001190489218924284e-02,0.000000000000000000e+00,0.000000000000000000e+00
9.132090183118513060e-02,0.000000000000000000e+00,0.000000000000000000e+00
9.262989877018079632e-02,0.000000000000000000e+00,0.000000000000000000e+00
9.393889570917646203e-02,0.000000000000000000e+00,0.000000000000000000e+00
9.524789264817234979e-02,0.000000000000000000e+00,0.000000000000000000e+00
9.655688958716801551e-02,0.000000000000000000e+00,0.000000000000000000e+00
9.786588652616368122e-02,0.000000000000000000e+00,0.000000000000000000e+00
9.917488346515956898e-02,0.000000000000000000e+00,0.000000000000000000e+00
1.004838804041552347e-01,0.000000000000000000e+00,0.000000000000000000e+00
1.017928773431509004e-01,0.000000000000000000e+00,0.000000000000000000e+00
1.031018742821467882e-01,0.000000000000000000e+00,0.000000000000000000e+00
1.044108712211424539e-01,0.000000000000000000e+00,0.000000000000000000e+00
1.057198681601381196e-01,0.000000000000000000e+00,0.000000000000000000e+00
1.070288650991340074e-01,0.000000000000000000e+00,0.000000000000000000e+00
1.083378620381296731e-01,0.000000000000000000e+00,0.000000000000000000e+00
1.096468589771255608e-01,0.000000000000000000e+00,0.000000000000000000e+00
1.109558559161212266e-01,0.000000000000000000e+00,0.000000000000000000e+00
1.122648528551168923e-01,0.000000000000000000e+00,0.000000000000000000e+00
1.135738497941127800e-01,0.000000000000000000e+00,0.000000000000000000e+00
1.148828467331084457e-01,0.000000000000000000e+00,0.000000000000000000e+00
1.161918436721041115e-01,0.000000000000000000e+00,0.000000000000000000e+00
1.175008406110999992e-01,0.000000000000000000e+00,0.000000000000000000e+00
1.188098375500956649e-01,0.000000000000000000e+00,0.000000000000000000e+00
1.201188344890913307e-01,0.000000000000000000e+00,0.000000000000000000e+00
1.214278314280872184e-01,0.000000000000000000e+00,0.000000000000000000e+00
1.227368283670828841e-01,0.000000000000000000e+00,0.000000000000000000e+00
1.240458253060787719e-01,0.000000000000000000e+00,0.000000000000000000e+00
1.253548222450744376e-01,0.000000000000000000e+00,0.000000000000000000e+00
1.266638191840701033e-01,0.000000000000000000e+00,0.000000000000000000e+00
1.279728161230659911e-01,0.000000000000000000e+00,0.000000000000000000e+00
1.292818130620616568e-01,0.000000000000000000e+00,0.000000000000000000e+00
1.305908100010573225e-01,0.000000000000000000e+00,0.000000000000000000e+00
1.318998069400532103e-01,0.000000000000000000e+00,0.000000000000000000e+00
1.332088038790488760e-01,0.000000000000000000e+00,0.000000000000000000e+00
1.345178008180445417e-01,0.000000000000000000e+00,0.000000000000000000e+00
1.358267977570404295e-01,0.000000000000000000e+00,0.000000000000000000e+00
1.371357946960360952e-01,0.000000000000000000e+00,0.000000000000000000e+00
1.384447916350319829e-01,0.000000000000000000e+00,0.000000000000000000e+00
1.397537885740276487e-01,0.000000000000000000e+00,0.000000000000000000e+00
1.410627855130233144e-01,0.000000000000000000e+00,0.000000000000000000e+00
1.423717824520192021e-01,0.000000000000000000e+00,0.000000000000000000e+00
1.436807793910148678e-01,0.000000000000000000e+00,0.000000000000000000e+00
1.449897763300105336e-01,0.000000000000000000e+00,0.000000000000000000e+00
1.462987732690064213e-01,0.000000000000000000e+00,0.000000000000000000e+00
1.476077702080020870e-01,0.000000000000000000e+00,0.000000000000000000e+00
1.489167671469977527e-01,0.000000000000000000e+00,0.000000000000000000e+00
1.502257640859936405e-01,0.000000000000000000e+00,0.000000000000000000e+00
1.515347610249893062e-01,0.000000000000000000e+00,0.000000000000000000e+00
1.528437579639851940e-01,0.000000000000000000e+00,0.000000000000000000e+00
1.541527549029808597e-01,0.000000000000000000e+00,0.000000000000000000e+00
1.554617518419765254e-01,0.000000000000000000e+00,0.000000000000000000e+00
1.567707487809724132e-01,0.000000000000000000e+00,0.000000000000000000e+00
1.580797457199680789e-01,0.000000000000000000e+00,0.000000000000000000e+00
1.593887426589637446e-01,0.000000000000000000e+00,0.000000000000000000e+00
1.606977395979596324e-01,0.000000000000000000e+00,0.000000000000000000e+00
1.620067365369552981e-01,0.000000000000000000e+00,0.000000000000000000e+00
1.633157334759509638e-01,0.000000000000000000e+00,0.000000000000000000e+00
1.646247304149468516e-01,0.000000000000000000e+00,0.000000000000000000e+00
1.659337273539425173e-01,0.000000000000000000e+00,0.000000000000000000e+00
1.672427242929384050e-01,0.000000000000000000e+00,0.000000000000000000e+00
1.685517212319340707e-01,0.000000000000000000e+00,0.000000000000000000e+00
1.698607181709297365e-01,0.000000000000000000e+00,0.000000000000000000e+00
1.711697151099256242e-01,0.000000000000000000e+00,0.000000000000000000e+00
1.724787120489212899e-01,0.000000000000000000e+00,0.000000000000000000e+00
1.737877089879171777e-01,0.000000000000000000e+00,0.000000000000000000e+00
1.750967059269128434e-01,0.000000000000000000e+00,0.000000000000000000e+00
1.764057028659085091e-01,0.000000000000000000e+00,0.000000000000000000e+00
1.777146998049043969e-01,0.000000000000000000e+00,0.000000000000000000e+00
1.790236967439000626e-01,0.000000000000000000e+00,0.000000000000000000e+00
1.803326936828957283e-01,0.000000000000000000e+00,0.000000000000000000e+00
1.816416906218916161e-01,0.000000000000000000e+00,0.000000000000000000e+00
1.829506875608872818e-01,0.000000000000000000e+00,0.000000000000000000e+00
1.842596844998829475e-01,0.000000000000000000e+00,0.000000000000000000e+00
1.855686814388788353e-01,0.000000000000000000e+00,0.000000000000000000e+00
1.868776783778745010e-01,0.000000000000000000e+00,0.000000000000000000e+00
1.881866753168703887e-01,0.000000000000000000e+00,0.000000000000000000e+00
1.894956722558660545e-01,0.000000000000000000e+00,0.000000000000000000e+00
1.908046691948617202e-01,0.000000000000000000e+00,0.000000000000000000e+00
1.921136661338576079e-01,0.000000000000000000e+00,0.000000000000000000e+00
1.934226630728532736e-01,0.000000000000000000e+00,0.000000000000000000e+00
1.947316600118491614e-01,0.000000000000000000e+00,0.000000000000000000e+00
1.960406569508448271e-01,0.000000000000000000e+00,0.000000000000000000e+00
1.973496538898404928e-01,0.000000000000000000e+00,0.000000000000000000e+00
1.986586508288363806e-01,0.000000000000000000e+00,0.000000000000000000e+00
1.999676477678320463e-01,0.000000000000000000e+00,0.000000000000000000e+00
2.012766447068277120e-01,0.000000000000000000e+00,0.000000000000000000e+00
2.025856416458235998e-01,0.000000000000000000e+00,0.000000000000000000e+00
2.038946385848192655e-01,0.000000000000000000e+00,0.000000000000000000e+00
2.052036355238149312e-01,0.000000000000000000e+00,0.000000000000000000e+00
2.065126324628108190e-01,0.000000000000000000e+00,0.000000000000000000e+00
2.078216294018064847e-01,0.000000000000000000e+00,0.000000000000000000e+00
2.091306263408023725e-01,0.000000000000000000e+00,0.000000000000000000e+00
2.104396232797980382e-01,0.000000000000000000e+00,0.000000000000000000e+00
2.117486202187937039e-01,0.000000000000000000e+00,0.000000000000000000e+00
2.130576171577895916e-01,0.000000000000000000e+00,0.000000000000000000e+00
2.143666140967852574e-01,0.000000000000000000e+00,0.000000000000000000e+00
2.156756110357811451e-01,0.000000000000000000e+00,0.000000000000000000e+00
2.169846079747768108e-01,0.000000000000000000e+00,0.000000000000000000e+00
2.182936049137724766e-01,0.000000000000000000e+00,0.000000000000000000e+00
2.196026018527683643e-01,0.000000000000000000e+00,0.000000000000000000e+00
2.209115987917640300e-01,0.000000000000000000e+00,0.000000000000000000e+00
2.222205957307596957e-01,0.000000000000000000e+00,0.000000000000000000e+00
2.235295926697555835e-01,0.000000000000000000e+00,0.000000000000000000e+00
2.248385896087512492e-01,0.000000000000000000e+00,0.000000000000000000e+00
2.261475865477469149e-01,0.000000000000000000e+00,0.000000000000000000e+00
2.274565834867428027e-01,0.000000000000000000e+00,0.000000000000000000e+00
2.287655804257384684e-01,0.000000000000000000e+00,0.000000000000000000e+00
2.300745773647343562e-01,0.000000000000000000e+00,0.000000000000000000e+00
2.313835743037300219e-01,0.000000000000000000e+00,0.000000000000000000e+00
2.326925712427256876e-01,0.000000000000000000e+00,0.000000000000000000e+00
2.340015681817215754e-01,0.000000000000000000e+00,0.000000000000000000e+00
2.353105651207172411e-01,0.000000000000000000e+00,0.000000000000000000e+00
2.366195620597131288e-01,0.000000000000000000e+00,0.000000000000000000e+00
2.379285589987087945e-01,0.000000000000000000e+00,0.000000000000000000e+00
2.392375559377044603e-01,0.000000000000000000e+00,0.000000000000000000e+00
2.405465528767003480e-01,0.000000000000000000e+00,0.000000000000000000e+00
2.418555498156960137e-01,0.000000000000000000e+00,0.000000000000000000e+00
2.431645467546916795e-01,0.000000000000000000e+00,0.000000000000000000e+00
2.444735436936875672e-01,0.000000000000000000e+00,0.000000000000000000e+00
2.457825406326832329e-01,0.000000000000000000e+00,0.000000000000000000e+00
2.470915375716788986e-01,0.000000000000000000e+00,0.000000000000000000e+00
2.484005345106747864e-01,0.000000000000000000e+00,0.000000000000000000e+00
2.497095314496704521e-01,0.000000000000000000e+00,0.000000000000000000e+00
2.510185283886663399e-01,0.000000000000000000e+00,0.000000000000000000e+00
2.523275253276620056e-01,0.000000000000000000e+00,0.000000000000000000e+00
2.536365222666576713e-01,0.000000000000000000e+00,0.000000000000000000e+00
2.549455192056535591e-01,0.000000000000000000e+00,0.000000000000000000e+00
2.562545161446492248e-01,0.000000000000000000e+00,0.000000000000000000e+00
2.575635130836450015e-01,0.000000000000000000e+00,0.000000000000000000e+00
2.588725100226407783e-01,0.000000000000000000e+00,0.000000000000000000e+00
2.601815069616364440e-01,0.000000000000000000e+00,0.000000000000000000e+00
2.614905039006322207e-01,0.000000000000000000e+00,0.000000000000000000e+00
2.627995008396279975e-01,0.000000000000000000e+00,0.000000000000000000e+00
2.641084977786237742e-01,0.000000000000000000e+00,0.000000000000000000e+00
2.654174947176195509e-01,0.000000000000000000e+00,0.000000000000000000e+00
2.667264916566152166e-01,0.000000000000000000e+00,0.000000000000000000e+00
2.680354885956109934e-01,0.000000000000000000e+00,0.000000000000000000e+00
2.693444855346067701e-01,0.000000000000000000e+00,0.000000000000000000e+00
2.706534824736024358e-01,0.000000000000000000e+00,0.000000000000000000e+00
2.719624794125983236e-01,0.000000000000000000e+00,0.000000000000000000e+00
2.732714763515939893e-01,0.000000000000000000e+00,0.000000000000000000e+00
2.745804732905896550e-01,0.000000000000000000e+00,0.000000000000000000e+00
2.758894702295855428e-01,0.000000000000000000e+00,0.000000000000000000e+00
2.771984671685812085e-01,0.000000000000000000e+00,0.000000000000000000e+00
2.785074641075769852e-01,0.000000000000000000e+00,0.000000000000000000e+00
2.798164610465727620e-01,0.000000000000000000e+00,0.000000000000000000e+00
2.811254579855684277e-01,0.000000000000000000e+00,0.000000000000000000e+00
2.824344549245642044e-01,0.000000000000000000e+00,0.000000000000000000e+00
2.837434518635599812e-01,0.000000000000000000e+00,0.000000000000000000e+00
2.850524488025556469e-01,0.000000000000000000e+00,0.000000000000000000e+00
2.863614457415515346e-01,0.000000000000000000e+00,0.000000000000000000e+00
2.876704426805472004e-01,0.000000000000000000e+00,0.000000000000000000e+00
2.889794396195429771e-01,0.000000000000000000e+00,0.000000000000000000e+00
2.902884365585387538e-01,0.000000000000000000e+00,0.000000000000000000e+00
2.915974334975344195e-01,0.000000000000000000e+00,0.000000000000000000e+00
2.929064304365301963e-01,0.000000000000000000e+00,0.000000000000000000e+00
2.942154273755259730e-01,0.000000000000000000e+00,0.000000000000000000e+00
2.955244243145216387e-01,0.000000000000000000e+00,0.000000000000000000e+00
2.968334212535175265e-01,0.000000000000000000e+00,0.000000000000000000e+00
2.981424181925131922e-01,0.000000000000000000e+00,0.000000000000000000e+00
2.994514151315089689e-01,0.000000000000000000e+00,0.000000000000000000e+00
3.007604120705047457e-01,0.000000000000000000e+00,0.000000000000000000e+00
3.020694090095004114e-01,0.000000000000000000e+00,0.000000000000000000e+00
3.033784059484961881e-01,0.000000000000000000e+00,-1.014976915304777183e-05
3.046874028874919649e-01,0.000000000000000000e+00,-1.626305703752994880e-05
3.059963998264876306e-01,0.000000000000000000e+00,-1.954950570683122724e-05
3.073053967654835184e-01,0.000000000000000000e+00,-2.072198356831145283e-05
3.086143937044791841e-01,0.000000000000000000e+00,-2.078242731928803266e-05
3.099233906434749608e-01,0.000000000000000000e+00,-2.067275933560763779e-05
3.112323875824707375e-01,0.000000000000000000e+00,-2.059432210414768871e-05
3.125413845214664033e-01,0.000000000000000000e+00,-2.044338500704900863e-05
3.138503814604621800e-01,0.000000000000000000e+00,-2.028973510709297656e-05
3.151593783994579567e-01,0.000000000000000000e+00,-2.015980015344920329e-05
3.164683753384536224e-01,0.000000000000000000e+00,-2.001976960616658197e-05
3.177773722774495102e-01,0.000000000000000000e+00,-1.986234593023827877e-05
3.190863692164451759e-01,0.000000000000000000e+00,-1.972294319672884821e-05
3.203953661554409527e-01,0.000000000000000000e+00,-1.960170021149398867e-05
3.217043630944367294e-01,0.000000000000000000e+00,-1.946042941033954143e-05
3.230133600334323951e-01,0.000000000000000000e+00,-1.929841860134895448e-05
3.243223569724281719e-01,0.000000000000000000e+00,-1.915537758445662320e-05
3.256313539114239486e-01,0.000000000000000000e+00,-1.903567687770724159e-05
3.269403508504196143e-01,0.000000000000000000e+00,-1.890204011283092012e-05
3.282493477894155021e-01,0.000000000000000000e+00,-1.874999721283854281e-05
3.295583447284111678e-01,0.000000000000000000e+00,-1.861392978673437337e-05
3.308673416674069445e-01,0.000000000000000000e+00,-1.849682992349777066e-05
3.321763386064027213e-01,0.000000000000000000e+00,-1.836560443085888394e-05
3.334853355453983870e-01,0.000000000000000000e+00,-1.821812547189716192e-05
3.347943324843941637e-01,0.000000000000000000e+00,-1.808775612996416093e-05
3.361033294233899404e-01,0.000000000000000000e+00,-1.797609533550625915e-05
3.374123263623856062e-01,0.000000000000000000e+00,-1.784891667175325658e-05
3.387213233013814939e-01,0.000000000000000000e+00,-1.770421694088919473e-05
3.400303202403771596e-01,0.000000000000000000e+00,-1.757612422846610567e-05
3.413393171793729364e-01,0.000000000000000000e+00,-1.746759800193287138e-05
3.426483141183687131e-01,0.000000000000000000e+00,-1.734546938608749755e-05
3.439573110573643788e-01,0.000000000000000000e+00,-1.720683011095791581e-05
3.452663079963601556e-01,0.000000000000000000e+00,-1.708380446815982445e-05
3.465753049353559323e-01,0.000000000000000000e+00,-1.697852605903049650e-05
3.478843018743515980e-01,0.000000000000000000e+00,-1.685899133799240168e-05
3.491932988133474858e-01,0.000000000000000000e+00,-1.672337922947741973e-05
3.505022957523431515e-01,0.000000000000000000e+00,-1.660404747047539153e-05
3.518112926913389282e-01,0.000000000000000000e+00,-1.650307799375139162e-05
3.531202896303347050e-01,0.000000000000000000e+00,-1.638795170663676082e-05
3.544292865693303707e-01,0.000000000000000000e+00,-1.625632578920732652e-05
3.557382835083261474e-01,0.000000000000000000e+00,-1.614019583895398569e-05
3.570472804473219242e-01,0.000000000000000000e+00,-1.604215229100702800e-05
3.583562773863175899e-01,0.000000000000000000e+00,-1.593076659760217506e-05
3.596652743253134776e-01,0.000000000000000000e+00,-1.580342303802995119e-05
3.609742712643091433e-01,0.000000000000000000e+00,-1.569076410941339095e-05
3.622832682033049201e-01,0.000000000000000000e+00,-1.559538580828134791e-05
3.635922651423006968e-01,0.000000000000000000e+00,-1.548732213010883818e-05
3.649012620812963625e-01,0.000000000000000000e+00,-1.536411663551062734e-05
3.662102590202921393e-01,0.000000000000000000e+00,-1.525517918608831902e-05
3.675192559592879160e-01,0.000000000000000000e+00,-1.516274466335787441e-05
3.688282528982835817e-01,0.000000000000000000e+00,-1.505766296158728146e-05
3.701372498372794695e-01,0.000000000000000000e+00,-1.493780265414412778e-05
3.714462467762751352e-01,0.000000000000000000e+00,-1.483211572086973185e-05
3.727552437152709119e-01,0.000000000000000000e+00,-1.474290051195481510e-05
3.740642406542666887e-01,0.000000000000000000e+00,-1.464144486421070646e-05
3.753732375932623544e-01,0.000000000000000000e+00,-1.452526244567764468e-05
3.766822345322581311e-01,0.000000000000000000e+00,-1.442230043592618305e-05
3.779912314712539079e-01,0.000000000000000000e+00,-1.433517178146825888e-05
3.793002284102495736e-01,0.000000000000000000e+00,-1.423673080305776217e-05
3.806092253492454613e-01,0.000000000000000000e+00,-1.412456497638936437e-05
3.819182222882411271e-01,0.000000000000000000e+00,-1.402527468119529885e-05
3.832272192272369038e-01,0.000000000000000000e+00,-1.394085813102852178e-05
3.845362161662326805e-01,0.000000000000000000e+00,-1.384480351614147953e-05
3.858452131052283463e-01,0.000000000000000000e+00,-1.373530508862186306e-05
3.871542100442241230e-01,0.000000000000000000e+00,-1.363904487147737932e-05
3.884632069832198997e-01,0.000000000000000000e+00,-1.355790049749339143e-05
3.897722039222155654e-01,0.000000000000000000e+00,-1.346501468266203538e-05
3.910812008612114532e-01,0.000000000000000000e+00,-1.335838487562246435e-05
3.923901978002071189e-01,0.000000000000000000e+00,-1.326466326452557798e-05
3.936991947392028957e-01,0.000000000000000000e+00,-1.318600218513932276e-05
3.950081916781986724e-01,0.000000000000000000e+00,-1.309597497251013820e-05
3.963171886171943381e-01,0.000000000000000000e+00,-1.299245422556327689e-05
3.976261855561901148e-01,0.000000000000000000e+00,-1.290155681084315109e-05
3.989351824951858916e-01,0.000000000000000000e+00,-1.282538896044127519e-05
4.002441794341815573e-01,0.000000000000000000e+00,-1.273801177026356868e-05
4.015531763731774451e-01,0.000000000000000000e+00,-1.263732025334751707e-05
4.028621733121731108e-01,0.000000000000000000e+00,-1.254894689976804312e-05
4.041711702511688875e-01,0.000000000000000000e+00,-1.247512478079471077e-05
4.054801671901646642e-01,0.000000000000000000e+00,-1.239054341117817870e-05
4.067891641291603300e-01,0.000000000000000000e+00,-1.229290846481434496e-05
4.080981610681561067e-01,0.000000000000000000e+00,-1.220695401303595329e-05
4.094071580071518834e-01,0.000000000000000000e+00,-1.213503647294611465e-05
4.107161549461475492e-01,0.000000000000000000e+00,-1.205296046778714381e-05
4.120251518851434369e-01,0.000000000000000000e+00,-1.195842473383779136e-05
4.133341488241391026e-01,0.000000000000000000e+00,-1.187506879853084119e-05
4.146431457631348794e-01,0.000000000000000000e+00,-1.180510622413033506e-05
4.159521427021306561e-01,0.000000000000000000e+00,-1.172529981494085938e-05
4.172611396411263218e-01,0.000000000000000000e+00,-1.163352199134992659e-05
4.185701365801220986e-01,0.000000000000000000e+00,-1.155266081311057125e-05
4.198791335191178753e-01,0.000000000000000000e+00,-1.148479888807285576e-05
4.211881304581135410e-01,0.000000000000000000e+00,-1.140728972111315631e-05
4.224971273971094288e-01,0.000000000000000000e+00,-1.131808476806384078e-05
4.238061243361050945e-01,0.000000000000000000e+00,-1.123954331172516419e-05
4.251151212751008712e-01,0.000000000000000000e+00,-1.117371568847003171e-05
4.264241182140966480e-01,0.000000000000000000e+00,-1.109845943454701445e-05
4.277331151530923137e-01,0.000000000000000000e+00,-1.101175826884182030e-05
4.290421120920880904e-01,0.000000000000000000e+00,-1.093549496135326482e-05
4.303511090310838672e-01,0.000000000000000000e+00,-1.087165986086990888e-05
4.316601059700795329e-01,0.000000000000000000e+00,-1.079853381345807772e-05
4.329691029090754206e-01,0.000000000000000000e+00,-1.071417581469114033e-05
4.342780998480710863e-01,0.000000000000000000e+00,-1.064013220307413743e-05
4.355870967870668631e-01,0.000000000000000000e+00,-1.057833230434790384e-05
4.368960937260626398e-01,0.000000000000000000e+00,-1.050731533362714298e-05
4.382050906650583055e-01,0.000000000000000000e+00,-1.042516288594919072e-05
4.395140876040540823e-01,0.000000000000000000e+00,-1.035316582655154694e-05
4.408230845430498590e-01,0.000000000000000000e+00,-1.029330568631803278e-05
4.421320814820455247e-01,0.000000000000000000e+00,-1.022443553484742029e-05
4.434410784210414125e-01,0.000000000000000000e+00,-1.014454960431010466e-05
4.447500753600370782e-01,0.000000000000000000e+00,-1.007449591942932710e-05
4.460590722990328549e-01,0.000000000000000000e+00,-1.001633836324178350e-05
4.473680692380286317e-01,0.000000000000000000e+00,-9.949500282602219414e-06
4.486770661770242974e-01,0.000000000000000000e+00,-9.871935279071042402e-06
4.499860631160200741e-01,0.000000000000000000e+00,-9.803878538786059416e-06
4.512950600550158509e-01,0.000000000000000000e+00,-9.747354839689803541e-06
4.526040569940115166e-01,0.000000000000000000e+00,-9.682379563502596653e-06
4.539130539330074043e-01,0.000000000000000000e+00,-9.606978048165570883e-06
4.552220508720030701e-01,0.000000000000000000e+00,-9.540883516762077576e-06
4.565310478109988468e-01,0.000000000000000000e+00,-9.486061943383972128e-06
4.578400447499946235e-01,0.000000000000000000e+00,-9.422953774235187652e-06
4.591490416889902892e-01,0.000000000000000000e+00,-9.349599040447964526e-06
4.604580386279860660e-01,0.000000000000000000e+00,-9.285297268429859585e-06
4.617670355669818427e-01,0.000000000000000000e+00,-9.232065013464740844e-06
4.630760325059775084e-01,0.000000000000000000e+00,-9.170842093217390634e-06
4.643850294449733962e-01,0.000000000000000000e+00,-9.099603836146274993e-06
4.656940263839690619e-01,0.000000000000000000e+00,-9.037057762117939319e-06
4.670030233229648386e-01,0.000000000000000000e+00,-8.985248170584325678e-06
4.683120202619606154e-01,0.000000000000000000e+00,-8.925768953671475714e-06
4.696210172009562811e-01,0.000000000000000000e+00,-8.856609646126778479e-06
4.709300141399520578e-01,0.000000000000000000e+00,-8.795848755419055642e-06
4.722390110789478346e-01,0.000000000000000000e+00,-8.745475354884901797e-06
4.735480080179435003e-01,0.000000000000000000e+00,-8.687658578060419856e-06
4.748570049569393881e-01,0.000000000000000000e+00,-8.620445245882679686e-06
4.761660018959350538e-01,0.000000000000000000e+00,-8.561400450676770468e-06
4.774749988349308305e-01,0.000000000000000000e+00,-8.512460854148695688e-06
4.787839957739266072e-01,0.000000000000000000e+00,-8.456258099420743690e-06
4.800929927129222730e-01,0.000000000000000000e+00,-8.390896591797813997e-06
4.814019896519180497e-01,0.000000000000000000e+00,-8.333543255550912576e-06
4.827109865909138264e-01,0.000000000000000000e+00,-8.286070037014092726e-06
4.840199835299094921e-01,0.000000000000000000e+00,-8.231429258598321752e-06
4.853289804689053799e-01,0.000000000000000000e+00,-8.167769565414761956e-06
4.866379774079010456e-01,0.000000000000000000e+00,-8.111976079486216129e-06
4.879469743468968224e-01,0.000000000000000000e+00,-8.065949933466765032e-06
4.892559712858925991e-01,0.000000000000000000e+00,-8.012949597582808003e-06
4.905649682248882648e-01,0.000000000000000000e+00,-7.951049525972697651e-06
4.918739651638840416e-01,0.000000000000000000e+00,-7.896714794369819046e-06
4.931829621028798183e-01,0.000000000000000000e+00,-7.851911721284965395e-06
4.944919590418754840e-01,0.000000000000000000e+00,-7.800428143092674738e-06
4.958009559808713718e-01,0.000000000000000000e+00,-7.740329546854218812e-06
4.971099529198670375e-01,0.000000000000000000e+00,-7.687556714250365353e-06
4.984189498588628142e-01,0.000000000000000000e+00,-7.644001554993340442e-06
4.997279467978585910e-01,0.000000000000000000e+00,-7.593901105718003919e-06
5.010369437368542567e-01,0.000000000000000000e+00,-7.535408508632657210e-06
5.023459406758500334e-01,0.000000000000000000e+00,-7.484120472328603668e-06
5.036549376148458101e-01,0.000000000000000000e+00,-7.441880431460767831e-06
5.049639345538414759e-01,0.000000000000000000e+00,-7.393204570105282869e-06
5.062729314928373636e-01,0.000000000000000000e+00,-7.336260461857091464e-06
5.075819284318330293e-01,0.000000000000000000e+00,-7.286364163028302698e-06
5.088909253708288061e-01,0.000000000000000000e+00,-7.245363013941297226e-06
5.101999223098245828e-01,0.000000000000000000e+00,-7.198066360514232542e-06
5.115089192488202485e-01,0.000000000000000000e+00,-7.142641852975195604e-06
5.128179161878160253e-01,0.000000000000000000e+00,-7.094109042177221269e-06
5.141269131268118020e-01,0.000000000000000000e+00,-7.054322426244818978e-06
5.154359100658074677e-01,0.000000000000000000e+00,-7.008393788934808022e-06
5.167449070048033555e-01,0.000000000000000000e+00,-6.954461191199801107e-06
5.180539039437990212e-01,0.000000000000000000e+00,-6.907192084598667847e-06
5.193629008827947979e-01,0.000000000000000000e+00,-6.868494156320181787e-06
5.206718978217905747e-01,0.000000000000000000e+00,-6.823911289685624659e-06
5.219808947607862404e-01,0.000000000000000000e+00,-6.771551876519343871e-06
5.232898916997820171e-01,0.000000000000000000e+00,-6.725619746045241598e-06
5.245988886387776828e-01,0.000000000000000000e+00,-6.687951820183446472e-06
5.259078855777734596e-01,0.000000000000000000e+00,-6.644502357738835130e-06
5.272168825167692363e-01,0.000000000000000000e+00,-6.593512019884006925e-06
5.285258794557650130e-01,0.000000000000000000e+00,-6.548953914747857041e-06
5.298348763947606788e-01,0.000000000000000000e+00,-6.512547926287859390e-06
5.311438733337564555e-01,0.000000000000000000e+00,-6.470312078024620384e-06
5.324528702727522322e-01,0.000000000000000000e+00,-6.420526134531812090e-06
5.337618672117480090e-01,0.000000000000000000e+00,-6.377111679473079775e-06
5.350708641507436747e-01,0.000000000000000000e+00,-6.341852154728711000e-06
5.363798610897394514e-01,0.000000000000000000e+00,-6.300902736247615543e-06
5.376888580287352282e-01,0.000000000000000000e+00,-6.252494491237881036e-06
5.389978549677310049e-01,0.000000000000000000e+00,-6.210355349617335818e-06
5.403068519067266706e-01,0.000000000000000000e+00,-6.176233134161379645e-06
5.416158488457224474e-01,0.000000000000000000e+00,-6.136194347777790270e-06
5.429248457847182241e-01,0.000000000000000000e+00,-6.087935036105940334e-06
5.442338427237140008e-01,0.000000000000000000e+00,-6.044450118064537136e-06
5.455428396627096665e-01,0.000000000000000000e+00,-6.008062833837146677e-06
5.468518366017054433e-01,2.089447705581198855e-06,-5.967845169402297145e-06
5.481608335407012200e-01,2.070960511492241085e-06,-5.924732336348714767e-06
5.494698304796969968e-01,1.546830815426711303e-06,-5.893700939452184429e-06
5.507788274186926625e-01,5.410492141463829618e-07,-5.879807847414264543e-06
5.520878243576884392e-01,5.234248714180989026e-07,-5.871484947392313636e-06
5.533968212966842160e-01,8.929893072356920314e-07,-5.861592404676763124e-06
5.547058182356799927e-01,6.372898271288229832e-07,-5.854349550846182915e-06
5.560148151746756584e-01,-1.604417924003231910e-07,-5.851968909342808445e-06
5.573238121136714351e-01,3.534691456197336379e-09,-5.850382900657313812e-06
5.586328090526672119e-01,5.611906934363530830e-07,-5.846621798991091801e-06
5.599418059916629886e-01,3.780633404497357741e-07,-5.843171505773292473e-06
5.612508029306586543e-01,-3.563946835843934124e-07,-5.842320968341141452e-06
5.625597998696544311e-01,-1.251069746653621362e-07,-5.841992152560981921e-06
5.638687968086502078e-01,4.819465301425518433e-07,-5.839867803350551334e-06
5.651777937476459845e-01,3.160552183509302004e-07,-5.837581646531142532e-06
5.664867906866416503e-01,-4.085216815802317214e-07,-5.837204422445840812e-06
5.677957876256374270e-01,-1.930935056779214953e-07,-5.837331874314344304e-06
5.691047845646332037e-01,3.712967070849948481e-07,-5.836157852268097912e-06
5.704137815036289805e-01,2.452330081677278617e-07,-5.835357121619644261e-06
5.717227784426246462e-01,-4.384219976921732709e-07,-5.836778093543104617e-06
5.730317753816204229e-01,-2.092681523520323328e-07,-5.838385280454438941e-06
5.743407723206161997e-01,3.646307560195571895e-07,-5.837708684577891383e-06
5.756497692596119764e-01,2.676216220090510411e-07,-5.835907354131975033e-06
5.769587661986076421e-01,-4.258158686556989814e-07,-5.835374905463486250e-06
5.782677631376034189e-01,-1.721624327613580085e-07,-5.835697105202597434e-06
5.795767600765991956e-01,4.212693198585304444e-07,-5.835016174515761378e-06
5.808857570155949723e-01,2.461416570634367140e-07,-5.834057705919604153e-06
5.821947539545906380e-01,-4.527862831893436635e-07,-5.834386179598416433e-06
5.835037508935864148e-01,-2.017301247922431706e-07,-5.834821120320743404e-06
5.848127478325821915e-01,3.559507706848985542e-07,-5.833813249145336499e-06
5.861217447715779683e-01,2.412950886598874689e-07,-5.833026845092348367e-06
5.874307417105736340e-01,-4.480270979073663895e-07,-5.834590280306972687e-06
5.887397386495694107e-01,-2.168920913980798559e-07,-5.836754480556538560e-06
5.900487355885651874e-01,3.851050946399037223e-07,-5.836661066349613236e-06
5.913577325275609642e-01,2.658729184035202309e-07,-5.834685150446494717e-06
5.926667294665566299e-01,-4.388184037112941027e-07,-5.833504591254423666e-06
5.939757264055524066e-01,-1.879638402424443910e-07,-5.833912253450090901e-06
5.952847233445481834e-01,4.239929711907786114e-07,-5.833993938053616546e-06
5.965937202835439601e-01,2.511127193127737911e-07,-5.833309563482713678e-06
5.979027172225396258e-01,-4.152030974730047674e-07,-5.832823883708537771e-06
5.992117141615354026e-01,-1.328852202164831908e-07,-5.831973878364649089e-06
6.005207111005311793e-01,4.203682060638369578e-07,-5.830231748216174736e-06
6.018297080395269560e-01,2.803382429666934073e-07,-5.830029061501540433e-06
6.031387049785226218e-01,-3.758068390785629376e-07,-5.833020206430505894e-06
6.044477019175183985e-01,-1.532056776165635625e-07,-5.835337835782827831e-06
6.057566988565141752e-01,4.932343214691936595e-07,-5.832634911093204089e-06
6.070656957955099520e-01,4.087792390417011035e-07,-5.824831838613375723e-06
6.083746927345056177e-01,-2.883868555070279172e-07,-5.810006282969126801e-06
6.096836896735013944e-01,6.391243750902830811e-08,-5.793978978443914407e-06
6.109926866124971712e-01,8.657485454643953915e-07,-5.805066797384683674e-06
6.123016835514929479e-01,1.106079560206363332e-06,-5.884870077618731266e-06
6.136106804904886136e-01,1.676793415963939715e-06,-6.252371075515794629e-06
6.149196774294843904e-01,2.664682872521861867e-06,-6.925797685478074506e-06
6.162286743684801671e-01,2.992500071491432934e-06,-7.234879623174705898e-06
6.175376713074759438e-01,0.000000000000000000e+00,-6.344434982846758331e-06
6.188466682464716095e-01,0.000000000000000000e+00,-3.298204071244814628e-06
6.201556651854673863e-01,0.000000000000000000e+00,0.000000000000000000e+00
6.214646621244631630e-01,0.000000000000000000e+00,0.000000000000000000e+00
6.227736590634589398e-01,0.000000000000000000e+00,0.000000000000000000e+00
6.240826560024546055e-01,0.000000000000000000e+00,0.000000000000000000e+00
6.253916529414503822e-01,0.000000000000000000e+00,0.000000000000000000e+00
6.267006498804461589e-01,0.000000000000000000e+00,0.000000000000000000e+00
6.280096468194419357e-01,0.000000000000000000e+00,0.000000000000000000e+00
6.293186437584376014e-01,0.000000000000000000e+00,0.000000000000000000e+00
6.306276406974333781e-01,0.000000000000000000e+00,0.000000000000000000e+00
6.319366376364291549e-01,0.000000000000000000e+00,0.000000000000000000e+00
6.332456345754249316e-01,0.000000000000000000e+00,0.000000000000000000e+00
6.345546315144205973e-01,0.000000000000000000e+00,0.000000000000000000e+00
6.358636284534163741e-01,0.000000000000000000e+00,0.000000000000000000e+00
6.371726253924121508e-01,0.000000000000000000e+00,0.000000000000000000e+00
6.384816223314079275e-01,0.000000000000000000e+00,0.000000000000000000e+00
6.397906192704035933e-01,0.000000000000000000e+00,0.000000000000000000e+00
6.410996162093993700e-01,0.000000000000000000e+00,0.000000000000000000e+00
6.424086131483951467e-01,0.000000000000000000e+00,0.000000000000000000e+00
6.437176100873909235e-01,0.000000000000000000e+00,0.000000000000000000e+00
6.450266070263865892e-01,0.000000000000000000e+00,0.000000000000000000e+00
6.463356039653823659e-01,0.000000000000000000e+00,0.000000000000000000e+00
6.476446009043781427e-01,0.000000000000000000e+00,0.000000000000000000e+00
6.489535978433739194e-01,0.000000000000000000e+00,0.000000000000000000e+00
6.502625947823695851e-01,0.000000000000000000e+00,0.000000000000000000e+00
6.515715917213653618e-01,0.000000000000000000e+00,0.000000000000000000e+00
6.528805886603611386e-01,0.000000000000000000e+00,0.000000000000000000e+00
6.541895855993569153e-01,0.000000000000000000e+00,0.000000000000000000e+00
6.554985825383525810e-01,0.000000000000000000e+00,0.000000000000000000e+00
6.568075794773483578e-01,0.000000000000000000e+00,0.000000000000000000e+00
6.581165764163441345e-01,0.000000000000000000e+00,0.000000000000000000e+00
6.594255733553399113e-01,0.000000000000000000e+00,0.000000000000000000e+00
6.607345702943355770e-01,0.000000000000000000e+00,0.000000000000000000e+00
6.620435672333313537e-01,0.000000000000000000e+00,0.000000000000000000e+00
6.633525641723271304e-01,0.000000000000000000e+00,0.000000000000000000e+00
6.646615611113229072e-01,0.000000000000000000e+00,0.000000000000000000e+00
6.659705580503185729e-01,0.000000000000000000e+00,0.000000000000000000e+00
6.672795549893143496e-01,0.000000000000000000e+00,0.000000000000000000e+00
6.685885519283101264e-01,0.000000000000000000e+00,0.000000000000000000e+00
6.698975488673059031e-01,0.000000000000000000e+00,0.000000000000000000e+00
6.712065458063015688e-01,0.000000000000000000e+00,0.000000000000000000e+00
6.725155427452973456e-01,0.000000000000000000e+00,0.000000000000000000e+00
6.738245396842931223e-01,0.000000000000000000e+00,0.000000000000000000e+00
6.751335366232888990e-01,0.000000000000000000e+00,0.000000000000000000e+00
6.764425335622845648e-01,0.000000000000000000e+00,0.000000000000000000e+00
6.777515305012803415e-01,0.000000000000000000e+00,0.000000000000000000e+00
6.790605274402761182e-01,0.000000000000000000e+00,0.000000000000000000e+00
6.803695243792718950e-01,0.000000000000000000e+00,0.000000000000000000e+00
6.816785213182675607e-01,0.000000000000000000e+00,0.000000000000000000e+00
6.829875182572633374e-01,0.000000000000000000e+00,0.000000000000000000e+00
6.842965151962591142e-01,0.000000000000000000e+00,0.000000000000000000e+00
6.856055121352548909e-01,0.000000000000000000e+00,0.000000000000000000e+00
6.869145090742505566e-01,0.000000000000000000e+00,0.000000000000000000e+00
6.882235060132463333e-01,0.000000000000000000e+00,0.000000000000000000e+00
6.895325029522421101e-01,0.000000000000000000e+00,0.000000000000000000e+00
6.908414998912378868e-01,0.000000000000000000e+00,0.000000000000000000e+00
6.921504968302335525e-01,0.000000000000000000e+00,0.000000000000000000e+00
6.934594937692293293e-01,0.000000000000000000e+00,0.000000000000000000e+00
6.947684907082251060e-01,0.000000000000000000e+00,0.000000000000000000e+00
6.960774876472208827e-01,0.000000000000000000e+00,0.000000000000000000e+00
6.973864845862165485e-01,0.000000000000000000e+00,0.000000000000000000e+00
6.986954815252123252e-01,0.000000000000000000e+00,0.000000000000000000e+00
7.000044784642081019e-01,0.000000000000000000e+00,0.000000000000000000e+00
7.013134754032038787e-01,0.000000000000000000e+00,0.000000000000000000e+00
7.026224723421995444e-01,0.000000000000000000e+00,0.000000000000000000e+00
7.039314692811953211e-01,0.000000000000000000e+00,0.000000000000000000e+00
7.052404662201910979e-01,0.000000000000000000e+00,0.000000000000000000e+00
7.065494631591868746e-01,0.000000000000000000e+00,0.000000000000000000e+00
7.078584600981825403e-01,0.000000000000000000e+00,0.000000000000000000e+00
7.091674570371783171e-01,0.000000000000000000e+00,0.000000000000000000e+00
7.104764539761740938e-01,0.000000000000000000e+00,0.000000000000000000e+00
7.117854509151698705e-01,0.000000000000000000e+00,0.000000000000000000e+00
7.130944478541655362e-01,0.000000000000000000e+00,0.000000000000000000e+00
7.144034447931613130e-01,0.000000000000000000e+00,0.000000000000000000e+00
7.157124417321570897e-01,0.000000000000000000e+00,0.000000000000000000e+00
7.170214386711528665e-01,0.000000000000000000e+00,0.000000000000000000e+00
7.183304356101485322e-01,0.000000000000000000e+00,0.000000000000000000e+00
7.196394325491443089e-01,0.000000000000000000e+00,0.000000000000000000e+00
7.209484294881400857e-01,0.000000000000000000e+00,0.000000000000000000e+00
7.222574264271358624e-01,0.000000000000000000e+00,0.000000000000000000e+00
7.235664233661315281e-01,0.000000000000000000e+00,0.000000000000000000e+00
7.248754203051273048e-01,0.000000000000000000e+00,0.000000000000000000e+00
7.261844172441230816e-01,0.000000000000000000e+00,0.000000000000000000e+00
7.274934141831188583e-01,0.000000000000000000e+00,0.000000000000000000e+00
7.288024111221145240e-01,0.000000000000000000e+00,0.000000000000000000e+00
7.301114080611103008e-01,0.000000000000000000e+00,0.000000000000000000e+00
7.314204050001060775e-01,0.000000000000000000e+00,0.000000000000000000e+00
7.327294019391018542e-01,0.000000000000000000e+00,0.000000000000000000e+00
7.340383988780975200e-01,0.000000000000000000e+00,0.000000000000000000e+00
7.353473958170932967e-01,0.000000000000000000e+00,0.000000000000000000e+00
7.366563927560890734e-01,0.000000000000000000e+00,0.000000000000000000e+00
7.379653896950848502e-01,0.000000000000000000e+00,0.000000000000000000e+00
7.392743866340805159e-01,0.000000000000000000e+00,0.000000000000000000e+00
7.405833835730762926e-01,0.000000000000000000e+00,0.000000000000000000e+00
7.418923805120720694e-01,0.000000000000000000e+00,0.000000000000000000e+00
7.432013774510678461e-01,0.000000000000000000e+00,0.000000000000000000e+00
7.445103743900635118e-01,0.000000000000000000e+00,0.000000000000000000e+00
7.458193713290592886e-01,0.000000000000000000e+00,0.000000000000000000e+00
7.471283682680550653e-01,0.000000000000000000e+00,0.000000000000000000e+00
7.484373652070508420e-01,0.000000000000000000e+00,0.000000000000000000e+00
7.497463621460465077e-01,0.000000000000000000e+00,0.000000000000000000e+00
7.510553590850422845e-01,0.000000000000000000e+00,0.000000000000000000e+00
7.523643560240380612e-01,0.000000000000000000e+00,0.000000000000000000e+00
7.536733529630338380e-01,0.000000000000000000e+00,0.000000000000000000e+00
7.549823499020295037e-01,0.000000000000000000e+00,0.000000000000000000e+00
7.562913468410252804e-01,0.000000000000000000e+00,0.000000000000000000e+00
7.576003437800210571e-01,0.000000000000000000e+00,0.000000000000000000e+00
7.589093407190168339e-01,0.000000000000000000e+00,0.000000000000000000e+00
7.602183376580124996e-01,0.000000000000000000e+00,0.000000000000000000e+00
7.615273345970082763e-01,0.000000000000000000e+00,0.000000000000000000e+00
7.628363315360040531e-01,0.000000000000000000e+00,0.000000000000000000e+00
7.641453284749998298e-01,0.000000000000000000e+00,0.000000000000000000e+00
7.654543254139954955e-01,0.000000000000000000e+00,0.000000000000000000e+00
7.667633223529912723e-01,0.000000000000000000e+00,0.000000000000000000e+00
7.680723192919870490e-01,0.000000000000000000e+00,0.000000000000000000e+00
7.693813162309828257e-01,0.000000000000000000e+00,0.000000000000000000e+00
7.706903131699784915e-01,0.000000000000000000e+00,0.000000000000000000e+00
7.719993101089742682e-01,0.000000000000000000e+00,0.000000000000000000e+00
7.733083070479700449e-01,0.000000000000000000e+00,0.000000000000000000e+00
7.746173039869658217e-01,0.000000000000000000e+00,0.000000000000000000e+00
7.759263009259614874e-01,0.000000000000000000e+00,0.000000000000000000e+00
7.772352978649572641e-01,0.000000000000000000e+00,0.000000000000000000e+00
7.785442948039530409e-01,0.000000000000000000e+00,0.000000000000000000e+00
7.798532917429488176e-01,0.000000000000000000e+00,0.000000000000000000e+00
7.811622886819444833e-01,0.000000000000000000e+00,0.000000000000000000e+00
7.824712856209402601e-01,0.000000000000000000e+00,0.000000000000000000e+00
7.837802825599360368e-01,0.000000000000000000e+00,0.000000000000000000e+00
7.850892794989318135e-01,0.000000000000000000e+00,0.000000000000000000e+00
7.863982764379274792e-01,0.000000000000000000e+00,0.000000000000000000e+00
7.877072733769232560e-01,0.000000000000000000e+00,0.000000000000000000e+00
7.890162703159190327e-01,0.000000000000000000e+00,0.000000000000000000e+00
7.903252672549148095e-01,0.000000000000000000e+00,0.000000000000000000e+00
7.916342641939104752e-01,0.000000000000000000e+00,0.000000000000000000e+00
7.929432611329062519e-01,0.000000000000000000e+00,0.000000000000000000e+00
7.942522580719020286e-01,0.000000000000000000e+00,0.000000000000000000e+00
7.955612550108978054e-01,0.000000000000000000e+00,0.000000000000000000e+00
7.968702519498934711e-01,0.000000000000000000e+00,0.000000000000000000e+00
7.981792488888892478e-01,0.000000000000000000e+00,0.000000000000000000e+00
7.994882458278850246e-01,0.000000000000000000e+00,0.000000000000000000e+00
8.007972427668808013e-01,0.000000000000000000e+00,0.000000000000000000e+00
8.021062397058764670e-01,0.000000000000000000e+00,0.000000000000000000e+00
8.034152366448722438e-01,0.000000000000000000e+00,0.000000000000000000e+00
8.047242335838680205e-01,0.000000000000000000e+00,0.000000000000000000e+00
8.060332305228637972e-01,0.000000000000000000e+00,0.000000000000000000e+00
8.073422274618594630e-01,0.000000000000000000e+00,0.000000000000000000e+00
8.086512244008552397e-01,0.000000000000000000e+00,0.000000000000000000e+00
8.099602213398510164e-01,0.000000000000000000e+00,0.000000000000000000e+00
8.112692182788467932e-01,0.000000000000000000e+00,0.000000000000000000e+00
8.125782152178424589e-01,0.000000000000000000e+00,0.000000000000000000e+00
8.138872121568382356e-01,0.000000000000000000e+00,0.000000000000000000e+00
8.151962090958340124e-01,0.000000000000000000e+00,0.000000000000000000e+00
8.165052060348297891e-01,0.000000000000000000e+00,0.000000000000000000e+00
8.178142029738254548e-01,0.000000000000000000e+00,0.000000000000000000e+00
8.191231999128212315e-01,0.000000000000000000e+00,0.000000000000000000e+00
8.204321968518170083e-01,0.000000000000000000e+00,0.000000000000000000e+00
8.217411937908127850e-01,0.000000000000000000e+00,0.000000000000000000e+00
8.230501907298084507e-01,0.000000000000000000e+00,0.000000000000000000e+00
8.243591876688042275e-01,0.000000000000000000e+00,0.000000000000000000e+00
8.256681846078000042e-01,0.000000000000000000e+00,0.000000000000000000e+00
8.269771815467957810e-01,0.000000000000000000e+00,0.000000000000000000e+00
8.282861784857914467e-01,0.000000000000000000e+00,0.000000000000000000e+00
8.295951754247872234e-01,0.000000000000000000e+00,0.000000000000000000e+00
8.309041723637830001e-01,0.000000000000000000e+00,0.000000000000000000e+00
8.322131693027787769e-01,0.000000000000000000e+00,0.000000000000000000e+00
8.335221662417744426e-01,0.000000000000000000e+00,0.000000000000000000e+00
8.348311631807702193e-01,0.000000000000000000e+00,0.000000000000000000e+00
8.361401601197659961e-01,0.000000000000000000e+00,0.000000000000000000e+00
8.374491570587617728e-01,0.000000000000000000e+00,0.000000000000000000e+00
8.387581539977574385e-01,0.000000000000000000e+00,0.000000000000000000e+00
8.400671509367532153e-01,0.000000000000000000e+00,0.000000000000000000e+00
8.413761478757489920e-01,0.000000000000000000e+00,0.000000000000000000e+00
8.426851448147447687e-01,0.000000000000000000e+00,0.000000000000000000e+00
8.439941417537404345e-01,0.000000000000000000e+00,0.000000000000000000e+00
8.453031386927362112e-01,0.000000000000000000e+00,0.000000000000000000e+00
8.466121356317319879e-01,0.000000000000000000e+00,0.000000000000000000e+00
8.479211325707277647e-01,0.000000000000000000e+00,0.000000000000000000e+00
8.492301295097234304e-01,0.000000000000000000e+00,0.000000000000000000e+00
8.505391264487192071e-01,0.000000000000000000e+00,0.000000000000000000e+00
8.518481233877149839e-01,0.000000000000000000e+00,0.000000000000000000e+00
8.531571203267107606e-01,0.000000000000000000e+00,0.000000000000000000e+00
8.544661172657064263e-01,0.000000000000000000e+00,0.000000000000000000e+00
8.557751142047022030e-01,0.000000000000000000e+00,0.000000000000000000e+00
8.570841111436979798e-01,0.000000000000000000e+00,0.000000000000000000e+00
8.583931080826937565e-01,0.000000000000000000e+00,0.000000000000000000e+00
8.597021050216894222e-01,0.000000000000000000e+00,0.000000000000000000e+00
8.610111019606851990e-01,0.000000000000000000e+00,0.000000000000000000e+00
8.623200988996809757e-01,0.000000000000000000e+00,0.000000000000000000e+00
8.636290958386767525e-01,0.000000000000000000e+00,0.000000000000000000e+00
8.649380927776724182e-01,0.000000000000000000e+00,0.000000000000000000e+00
8.662470897166681949e-01,0.000000000000000000e+00,0.000000000000000000e+00
8.675560866556639716e-01,0.000000000000000000e+00,0.000000000000000000e+00
8.688650835946597484e-01,0.000000000000000000e+00,0.000000000000000000e+00
8.701740805336554141e-01,0.000000000000000000e+00,0.000000000000000000e+00
8.714830774726511908e-01,0.000000000000000000e+00,0.000000000000000000e+00
8.727920744116469676e-01,0.000000000000000000e+00,0.000000000000000000e+00
8.741010713506427443e-01,0.000000000000000000e+00,0.000000000000000000e+00
8.754100682896384100e-01,0.000000000000000000e+00,0.000000000000000000e+00
8.767190652286341868e-01,0.000000000000000000e+00,0.000000000000000000e+00
8.780280621676299635e-01,0.000000000000000000e+00,0.000000000000000000e+00
8.793370591066257402e-01,0.000000000000000000e+00,0.000000000000000000e+00
8.806460560456214059e-01,0.000000000000000000e+00,0.000000000000000000e+00
8.819550529846171827e-01,0.000000000000000000e+00,0.000000000000000000e+00
8.832640499236129594e-01,0.000000000000000000e+00,0.000000000000000000e+00
8.845730468626087362e-01,0.000000000000000000e+00,0.000000000000000000e+00
8.858820438016044019e-01,0.000000000000000000e+00,0.000000000000000000e+00
8.871910407406001786e-01,0.000000000000000000e+00,0.000000000000000000e+00
8.885000376795959554e-01,0.000000000000000000e+00,0.000000000000000000e+00
8.898090346185917321e-01,0.000000000000000000e+00,0.000000000000000000e+00
8.911180315575873978e-01,0.000000000000000000e+00,0.000000000000000000e+00
8.924270284965831745e-01,0.000000000000000000e+00,0.000000000000000000e+00
8.937360254355789513e-01,0.000000000000000000e+00,0.000000000000000000e+00
8.950450223745747280e-01,0.000000000000000000e+00,0.000000000000000000e+00
8.963540193135703937e-01,0.000000000000000000e+00,0.000000000000000000e+00
8.976630162525661705e-01,0.000000000000000000e+00,0.000000000000000000e+00
8.989720131915619472e-01,0.000000000000000000e+00,0.000000000000000000e+00
9.002810101305577239e-01,0.000000000000000000e+00,0.000000000000000000e+00
9.015900070695533897e-01,0.000000000000000000e+00,0.000000000000000000e+00
9.028990040085491664e-01,0.000000000000000000e+00,0.000000000000000000e+00
9.042080009475449431e-01,0.000000000000000000e+00,0.000000000000000000e+00
9.055169978865407199e-01,0.000000000000000000e+00,0.000000000000000000e+00
9.068259948255363856e-01,0.000000000000000000e+00,0.000000000000000000e+00
9.081349917645321623e-01,0.000000000000000000e+00,0.000000000000000000e+00
9.094439887035279391e-01,0.000000000000000000e+00,0.000000000000000000e+00
9.107529856425237158e-01,0.000000000000000000e+00,0.000000000000000000e+00
9.120619825815193815e-01,0.000000000000000000e+00,0.000000000000000000e+00
9.133709795205151583e-01,0.000000000000000000e+00,0.000000000000000000e+00
9.146799764595109350e-01,0.000000000000000000e+00,0.000000000000000000e+00
9.159889733985067117e-01,0.000000000000000000e+00,0.000000000000000000e+00
9.172979703375023774e-01,0.000000000000000000e+00,0.000000000000000000e+00
9.186069672764981542e-01,0.000000000000000000e+00,0.000000000000000000e+00
9.199159642154939309e-01,0.000000000000000000e+00,0.000000000000000000e+00
9.212249611544897077e-01,0.000000000000000000e+00,0.000000000000000000e+00
9.225339580934853734e-01,0.000000000000000000e+00,0.000000000000000000e+00
9.238429550324811501e-01,0.000000000000000000e+00,0.000000000000000000e+00
9.251519519714769269e-01,0.000000000000000000e+00,0.000000000000000000e+00
9.264609489104727036e-01,0.000000000000000000e+00,0.000000000000000000e+00
9.277699458494683693e-01,0.000000000000000000e+00,0.000000000000000000e+00
9.290789427884641460e-01,0.000000000000000000e+00,0.000000000000000000e+00
9.303879397274599228e-01,0.000000000000000000e+00,0.000000000000000000e+00
9.316969366664556995e-01,0.000000000000000000e+00,0.000000000000000000e+00
9.330059336054513652e-01,0.000000000000000000e+00,0.000000000000000000e+00
9.343149305444471420e-01,0.000000000000000000e+00,0.000000000000000000e+00
9.356239274834429187e-01,0.000000000000000000e+00,0.000000000000000000e+00
9.369329244224386954e-01,0.000000000000000000e+00,0.000000000000000000e+00
9.382419213614343612e-01,0.000000000000000000e+00,0.000000000000000000e+00
9.395509183004301379e-01,0.000000000000000000e+00,0.000000000000000000e+00
9.408599152394259146e-01,0.000000000000000000e+00,0.000000000000000000e+00
9.421689121784216914e-01,0.000000000000000000e+00,0.000000000000000000e+00
9.434779091174173571e-01,0.000000000000000000e+00,0.000000000000000000e+00
9.447869060564131338e-01,0.000000000000000000e+00,-1.638539617668244297e-06
9.460959029954089106e-01,0.000000000000000000e+00,-5.722420302986530594e-06
9.474048999344046873e-01,0.000000000000000000e+00,-7.128716985077554469e-06
9.487138968734003530e-01,0.000000000000000000e+00,-6.950016062212682755e-06
9.500228938123961298e-01,0.000000000000000000e+00,-6.482405565486071275e-06
9.513318907513919065e-01,0.000000000000000000e+00,-6.107187750972742357e-06
9.526408876903876832e-01,0.000000000000000000e+00,-5.891551088627045019e-06
9.539498846293833489e-01,0.000000000000000000e+00,-5.846913187737556861e-06
9.552588815683791257e-01,0.000000000000000000e+00,-5.890868269770033194e-06
9.565678785073749024e-01,0.000000000000000000e+00,-5.953176540493543278e-06
9.578768754463706792e-01,0.000000000000000000e+00,-6.008836110904525185e-06
9.591858723853663449e-01,0.000000000000000000e+00,-6.051519315833364665e-06
9.604948693243621216e-01,0.000000000000000000e+00,-6.094788659524730257e-06
9.618038662633578983e-01,0.000000000000000000e+00,-6.140520587047393342e-06
9.631128632023536751e-01,0.000000000000000000e+00,-6.177681428159997878e-06
9.644218601413493408e-01,0.000000000000000000e+00,-6.209935102641228610e-06
9.657308570803451175e-01,0.000000000000000000e+00,-6.251349200223077496e-06
9.670398540193408943e-01,0.000000000000000000e+00,-6.299807072562835231e-06
9.683488509583366710e-01,0.000000000000000000e+00,-6.341382534330586296e-06
9.696578478973323367e-01,0.000000000000000000e+00,-6.377176313285271014e-06
9.709668448363281135e-01,0.000000000000000000e+00,-6.420237627050018325e-06
9.722758417753238902e-01,0.000000000000000000e+00,-6.468979558735266089e-06
9.735848387143196669e-01,0.000000000000000000e+00,-6.510316467742138791e-06
9.748938356533153327e-01,0.000000000000000000e+00,-6.546459657585934622e-06
9.762028325923111094e-01,0.000000000000000000e+00,-6.591140052747412881e-06
9.775118295313068861e-01,0.000000000000000000e+00,-6.642123050251691474e-06
9.788208264703026629e-01,0.000000000000000000e+00,-6.685060390934638441e-06
9.801298234092983286e-01,0.000000000000000000e+00,-6.721942662213375996e-06
9.814388203482941053e-01,0.000000000000000000e+00,-6.767557457834638690e-06
9.827478172872898821e-01,0.000000000000000000e+00,-6.820058155831976165e-06
9.840568142262856588e-01,0.000000000000000000e+00,-6.864581506865752303e-06
9.853658111652813245e-01,0.000000000000000000e+00,-6.902733361777158017e-06
9.866748081042771013e-01,0.000000000000000000e+00,-6.949317556778633609e-06
9.879838050432728780e-01,0.000000000000000000e+00,-7.002796248392617606e-06
9.892928019822686547e-01,0.000000000000000000e+00,-7.048631273667838038e-06
9.906017989212643204e-01,0.000000000000000000e+00,-7.088490735676633570e-06
9.919107958602600972e-01,0.000000000000000000e+00,-7.136812883834497967e-06
9.932197927992558739e-01,0.000000000000000000e+00,-7.191716435178685529e-06
9.945287897382516507e-01,0.000000000000000000e+00,-7.238507926748960486e-06
9.958377866772473164e-01,0.000000000000000000e+00,-7.279198063897540649e-06
9.971467836162430931e-01,0.000000000000000000e+00,-7.328892593416735934e-06
9.984557805552388698e-01,0.000000000000000000e+00,-7.385627119771420723e-06
9.997647774942346466e-01,0.000000000000000000e+00,-7.434053758165193315e-06
1.001073774433230312e+00,0.000000000000000000e+00,-7.476027801045503907e-06
1.002382771372225978e+00,0.000000000000000000e+00,-7.527077740362986269e-06
1.003691768311221866e+00,0.000000000000000000e+00,-7.585299861001537636e-06
1.005000765250217754e+00,0.000000000000000000e+00,-7.634966023267741875e-06
1.006309762189213419e+00,0.000000000000000000e+00,-7.678066820240858625e-06
1.007618759128209085e+00,0.000000000000000000e+00,-7.730686573614864443e-06
1.008927756067204751e+00,0.000000000000000000e+00,-7.790831632298322873e-06
1.010236753006200638e+00,0.000000000000000000e+00,-7.842138172037271815e-06
1.011545749945196304e+00,0.000000000000000000e+00,-7.886423786768181898e-06
1.012854746884192192e+00,0.000000000000000000e+00,-7.940238541753741330e-06
1.014163743823187858e+00,0.000000000000000000e+00,-8.001874298169120436e-06
1.015472740762183523e+00,0.000000000000000000e+00,-8.054894592351979909e-06
1.016781737701179189e+00,0.000000000000000000e+00,-8.100929195314909848e-06
1.018090734640175077e+00,0.000000000000000000e+00,-8.156296409572716399e-06
1.019399731579170965e+00,0.000000000000000000e+00,-8.219292345193474070e-06
1.020708728518166630e+00,0.000000000000000000e+00,-8.273646323414540760e-06
1.022017725457162296e+00,0.000000000000000000e+00,-8.321254911805575638e-06
1.023326722396158184e+00,0.000000000000000000e+00,-8.378547671369918071e-06
1.024635719335153849e+00,0.000000000000000000e+00,-8.443454249523751898e-06
1.025944716274149515e+00,0.000000000000000000e+00,-8.499121709248935730e-06
1.027253713213145181e+00,0.000000000000000000e+00,-8.547754294291332045e-06
1.028562710152141069e+00,0.000000000000000000e+00,-8.606793735724260763e-06
1.029871707091136734e+00,0.000000000000000000e+00,-8.674029676108974130e-06
1.031180704030132400e+00,0.000000000000000000e+00,-8.731511715362461068e-06
1.032489700969128066e+00,0.000000000000000000e+00,-8.781284915021503323e-06
1.033798697908123954e+00,0.000000000000000000e+00,-8.841732498321430711e-06
1.035107694847119619e+00,0.000000000000000000e+00,-8.910917695142961392e-06
1.036416691786115285e+00,0.000000000000000000e+00,-8.970334548594194324e-06
1.037725688725110951e+00,0.000000000000000000e+00,-9.021800932706991460e-06
1.039034685664106838e+00,0.000000000000000000e+00,-9.083923937822091510e-06
1.040343682603102504e+00,0.000000000000000000e+00,-9.154868912064628717e-06
1.041652679542098170e+00,0.000000000000000000e+00,-9.215985594085429611e-06
1.042961676481093836e+00,0.000000000000000000e+00,-9.269157347099876709e-06
1.044270673420089723e+00,0.000000000000000000e+00,-9.333187157858913174e-06
1.045579670359085389e+00,0.000000000000000000e+00,-9.406122643940140193e-06
1.046888667298081055e+00,0.000000000000000000e+00,-9.468963936568042250e-06
1.048197664237076721e+00,0.000000000000000000e+00,-9.523717949336263366e-06
1.049506661176072608e+00,0.000000000000000000e+00,-9.589686930835950029e-06
1.050815658115068274e+00,0.000000000000000000e+00,-9.664816803325870787e-06
1.052124655054063940e+00,0.000000000000000000e+00,-9.729506875194582349e-06
1.053433651993059605e+00,0.000000000000000000e+00,-9.785800821449086584e-06
1.054742648932055493e+00,0.000000000000000000e+00,-9.853660473360670302e-06
1.056051645871051159e+00,0.000000000000000000e+00,-9.931054821152307532e-06
1.057360642810046825e+00,0.000000000000000000e+00,-9.997787906501631738e-06
1.058669639749042490e+00,0.000000000000000000e+00,-1.005580259386129605e-05
1.059978636688038378e+00,0.000000000000000000e+00,-1.012553048865272309e-05
1.061287633627034044e+00,0.000000000000000000e+00,-1.020505539441052267e-05
1.062596630566029710e+00,0.000000000000000000e+00,-1.027386503693605846e-05
1.063905627505025375e+00,0.000000000000000000e+00,-1.033384547033389111e-05
1.065214624444021263e+00,0.000000000000000000e+00,-1.040563745095812731e-05
1.066523621383016929e+00,0.000000000000000000e+00,-1.048730608844972156e-05
1.067832618322012594e+00,0.000000000000000000e+00,-1.055808633057542245e-05
1.069141615261008260e+00,0.000000000000000000e+00,-1.061998950072085002e-05
1.070450612200004148e+00,0.000000000000000000e+00,-1.069403852009542799e-05
1.071759609138999814e+00,0.000000000000000000e+00,-1.077814140770794182e-05
1.073068606077995479e+00,0.000000000000000000e+00,-1.085096235745042215e-05
1.074377603016991145e+00,0.000000000000000000e+00,-1.091462808236465243e-05
1.075686599955987033e+00,0.000000000000000000e+00,-1.099088753157839715e-05
1.076995596894982699e+00,0.000000000000000000e+00,-1.107760187275819153e-05
1.078304593833978364e+00,0.000000000000000000e+00,-1.115269629510529104e-05
1.079613590772974030e+00,0.000000000000000000e+00,-1.121825067117165897e-05
1.080922587711969918e+00,0.000000000000000000e+00,-1.129669216118345254e-05
1.082231584650965583e+00,0.000000000000000000e+00,-1.138594932624525935e-05
1.083540581589961249e+00,0.000000000000000000e+00,-1.146337308438605262e-05
1.084849578528956915e+00,0.000000000000000000e+00,-1.153101302295289621e-05
1.086158575467952803e+00,0.000000000000000000e+00,-1.161180345959911264e-05
1.087467572406948468e+00,0.000000000000000000e+00,-1.170365685243535125e-05
1.088776569345944134e+00,0.000000000000000000e+00,-1.178339347882029209e-05
1.090085566284939800e+00,0.000000000000000000e+00,-1.185312940402138970e-05
1.091394563223935688e+00,0.000000000000000000e+00,-1.193639318122774462e-05
1.092703560162931353e+00,0.000000000000000000e+00,-1.203102065126804288e-05
1.094012557101927019e+00,0.000000000000000000e+00,-1.211315833880843851e-05
1.095321554040922685e+00,0.000000000000000000e+00,-1.218498336516549152e-05
1.096630550979918572e+00,0.000000000000000000e+00,-1.227076585051667390e-05
1.097939547918914238e+00,0.000000000000000000e+00,-1.236830140446953941e-05
1.099248544857909904e+00,0.000000000000000000e+00,-1.245297356762542496e-05
1.100557541796905570e+00,0.000000000000000000e+00,-1.252695872726306003e-05
1.101866538735901457e+00,0.000000000000000000e+00,-1.261528543693157811e-05
1.103175535674897123e+00,0.000000000000000000e+00,-1.271577892673902976e-05
1.104484532613892789e+00,0.000000000000000000e+00,-1.280313001604527212e-05
1.105793529552888455e+00,0.000000000000000000e+00,-1.287945124021916410e-05
1.107102526491884342e+00,0.000000000000000000e+00,-1.297037407431422817e-05
1.108411523430880008e+00,0.000000000000000000e+00,-1.307379343554182505e-05
1.109720520369875674e+00,0.000000000000000000e+00,-1.316389983835319910e-05
1.111029517308871339e+00,0.000000000000000000e+00,-1.324275996532342514e-05
1.112338514247867227e+00,0.000000000000000000e+00,-1.333642446656180258e-05
1.113647511186862893e+00,0.000000000000000000e+00,-1.344280509819884006e-05
1.114956508125858559e+00,0.000000000000000000e+00,-1.353569707732149574e-05
1.116265505064854224e+00,0.000000000000000000e+00,-1.361718926931598794e-05
1.117574502003850112e+00,0.000000000000000000e+00,-1.371373310685153335e-05
1.118883498942845778e+00,0.000000000000000000e+00,-1.382320003766313032e-05
1.120192495881841444e+00,0.000000000000000000e+00,-1.391894481889144330e-05
1.121501492820837109e+00,0.000000000000000000e+00,-1.400312965746386418e-05
1.122810489759832997e+00,0.000000000000000000e+00,-1.410270596792495557e-05
1.124119486698828663e+00,0.000000000000000000e+00,-1.421543785894152645e-05
1.125428483637824328e+00,0.000000000000000000e+00,-1.431405663034068798e-05
1.126737480576819994e+00,0.000000000000000000e+00,-1.440087869494788286e-05
1.128046477515815882e+00,0.000000000000000000e+00,-1.450364565898365488e-05
1.129355474454811548e+00,0.000000000000000000e+00,-1.461996466492476721e-05
1.130664471393807213e+00,0.000000000000000000e+00,-1.472161219379097830e-05
1.131973468332802879e+00,0.000000000000000000e+00,-1.481099060395008049e-05
1.133282465271798767e+00,0.000000000000000000e+00,-1.491691071846268368e-05
1.134591462210794433e+00,0.000000000000000000e+00,-1.503697501323286723e-05
1.135900459149790098e+00,0.000000000000000000e+00,-1.514194552192094090e-05
1.137209456088785764e+00,0.000000000000000000e+00,-1.523411895566761931e-05
1.138518453027781652e+00,0.000000000000000000e+00,-1.534318154310099214e-05
1.139827449966777317e+00,0.000000000000000000e+00,-1.546686891049087187e-05
1.141136446905772983e+00,0.000000000000000000e+00,-1.557526266400544035e-05
1.142445443844768649e+00,0.000000000000000000e+00,-1.567059130433423597e-05
1.143754440783764537e+00,0.000000000000000000e+00,-1.578307615913987494e-05
1.145063437722760202e+00,0.000000000000000000e+00,-1.591041480640542627e-05
1.146372434661755868e+00,0.000000000000000000e+00,-1.602208810247418569e-05
1.147681431600751534e+00,0.000000000000000000e+00,-1.612053312871619681e-05
1.148990428539747422e+00,0.000000000000000000e+00,-1.623678371773240592e-05
1.150299425478743087e+00,0.000000000000000000e+00,-1.636828384858624030e-05
1.151608422417738753e+00,0.000000000000000000e+00,-1.648341031569577897e-05
1.152917419356734419e+00,0.000000000000000000e+00,-1.658471617106693774e-05
1.154226416295730306e+00,0.000000000000000000e+00,-1.670452246479992020e-05
1.155535413234725972e+00,0.000000000000000000e+00,-1.684033398317852370e-05
1.156844410173721638e+00,0.000000000000000000e+00,-1.695941803733780340e-05
1.158153407112717304e+00,0.000000000000000000e+00,-1.706414437362135939e-05
1.159462404051713191e+00,0.000000000000000000e+00,-1.718765049588122373e-05
1.160771400990708857e+00,0.000000000000000000e+00,-1.732751585512004588e-05
1.162080397929704523e+00,0.000000000000000000e+00,-1.745026647376191065e-05
1.163389394868700188e+00,0.000000000000000000e+00,-1.755841437645067060e-05
1.164698391807696076e+00,0.000000000000000000e+00,-1.768600306591150417e-05
1.166007388746691742e+00,0.000000000000000000e+00,-1.783051669014545926e-05
1.167316385685687408e+00,0.000000000000000000e+00,-1.795751309646709259e-05
1.168625382624683073e+00,0.000000000000000000e+00,-1.806925341524268092e-05
1.169934379563678961e+00,0.000000000000000000e+00,-1.820047212948427973e-05
1.171243376502674627e+00,0.000000000000000000e+00,-1.834903680082711208e-05
1.172552373441670293e+00,0.000000000000000000e+00,-1.848034857064584369e-05
1.173861370380665958e+00,0.000000000000000000e+00,-1.859656533438613923e-05
1.175170367319661846e+00,0.000000000000000000e+00,-1.873230176256679425e-05
1.176479364258657512e+00,0.000000000000000000e+00,-1.888519843834535195e-05
1.177788361197653177e+00,0.000000000000000000e+00,-1.902039237246244685e-05
1.179097358136648843e+00,0.000000000000000000e+00,-1.914049318503530106e-05
1.180406355075644731e+00,0.000000000000000000e+00,-1.928097070812151426e-05
1.181715352014640397e+00,0.000000000000000000e+00,-1.943918953914436365e-05
1.183024348953636062e+00,0.000000000000000000e+00,-1.957920735407014945e-05
1.184333345892631728e+00,0.000000000000000000e+00,-1.970384590113671841e-05
1.185642342831627616e+00,0.000000000000000000e+00,-1.985023772695104771e-05
1.186951339770623282e+00,0.000000000000000000e+00,-2.001620562101791290e-05
1.188260336709618947e+00,0.000000000000000000e+00,-2.016471319395141126e-05
1.189569333648614613e+00,-7.287763742508390763e-06,-2.028886703804577696e-05
1.190878330587610501e+00,-5.843237354002939199e-06,-2.040993951470115864e-05
1.192187327526606166e+00,-5.142967744536930397e-06,-2.052269272431739289e-05
1.193496324465601832e+00,-3.017440543429117383e-06,-2.059906782726772523e-05
1.194805321404597498e+00,-1.721689652234292822e-06,-2.063913614819279374e-05
1.196114318343593386e+00,-1.725380820633004575e-06,-2.067048571408047763e-05
1.197423315282589051e+00,-1.992168548931028127e-06,-2.070188678912621150e-05
1.198732312221584717e+00,-7.827236575830287535e-07,-2.072226130690746349e-05
1.200041309160580383e+00,-8.462353903726516080e-08,-2.073238948102629209e-05
1.201350306099576271e+00,-4.707110212998077969e-07,-2.074297575267725069e-05
1.202659303038571936e+00,-1.243133739309287833e-06,-2.075501097716092591e-05
1.203968299977567602e+00,-1.155080265602403955e-07,-2.076148964658131035e-05
1.205277296916563268e+00,4.319856820311773760e-07,-2.076310220770760662e-05
1.206586293855559155e+00,-6.191474255512474656e-08,-2.076604661586933798e-05
1.207895290794554821e+00,-7.963454637383016177e-07,-2.076986200842678709e-05
1.209204287733550487e+00,1.285627902747332740e-07,-2.076961091959650396e-05
1.210513284672546153e+00,5.554636529347956042e-07,-2.076778060015882499e-05
1.211822281611542040e+00,-5.705587946547296951e-10,-2.077068452324692949e-05
1.213131278550537706e+00,-8.747678135190284365e-07,-2.077610196403456566e-05
1.214440275489533372e+00,1.278416560668294011e-07,-2.077688430433821676e-05
1.215749272428529038e+00,6.977386415030206734e-07,-2.077348602518014342e-05
1.217058269367524925e+00,7.832283310804655230e-08,-2.077238900395628196e-05
1.218367266306520591e+00,-8.405297316216309156e-07,-2.077419169796423937e-05
1.219676263245516257e+00,1.251241856514706541e-07,-2.077514982538886112e-05
1.220985260184511922e+00,6.196351950149558974e-07,-2.077564223099126473e-05
1.222294257123507810e+00,8.070836490792210327e-08,-2.077759489098329748e-05
1.223603254062503476e+00,-7.009901948906716029e-07,-2.077892577442841393e-05
1.224912251001499142e+00,1.610387815043079485e-07,-2.077621059064227449e-05
1.226221247940494807e+00,6.523766009902676188e-07,-2.077239356421123340e-05
1.227530244879490695e+00,-1.682691153082060964e-09,-2.077348180642979436e-05
1.228839241818486361e+00,-9.531300798892861081e-07,-2.077836004719946228e-05
1.230148238757482027e+00,8.246871463502003508e-08,-2.078206257304093807e-05
1.231457235696477692e+00,5.786718913214361493e-07,-2.078363142093975213e-05
1.232766232635473580e+00,2.955994732323219409e-08,-2.078463165619548469e-05
1.234075229574469246e+00,-8.086938131368626159e-07,-2.078434369509607471e-05
1.235384226513464911e+00,-7.477669400346442785e-09,-2.078127108962046776e-05
1.236693223452460577e+00,4.809943634775937227e-07,-2.077975596483094822e-05
1.238002220391456465e+00,-1.698595606114405854e-07,-2.078542844775876919e-05
1.239311217330452131e+00,-1.073634690096358923e-06,-2.079527945302028780e-05
1.240620214269447796e+00,-3.323356760343010308e-07,-2.080223400512115628e-05
1.241929211208443462e+00,5.686542642324710073e-08,-2.080922465202972305e-05
1.243238208147439350e+00,-8.536572116135676680e-07,-2.082562131862364385e-05
1.244547205086435016e+00,-2.094101788141511378e-06,-2.084935372022311828e-05
1.245856202025430681e+00,-1.490190519065626162e-06,-2.087034196936177199e-05
1.247165198964426347e+00,-1.543628248223960497e-06,-2.089618697265205327e-05
1.248474195903422235e+00,-2.916359513605026876e-06,-2.093801604369227576e-05
1.249783192842417900e+00,-4.711895556452905254e-06,-2.097040874390887488e-05
1.251092189781413566e+00,-5.003688486299173732e-06,-2.094475458012945435e-05
1.252401186720409232e+00,-6.766057935841951476e-06,-2.096929186441720550e-05
1.253710183659405120e+00,-8.196985804578837964e-06,-2.073832492102689606e-05
1.255019180598400785e+00,-6.261604835217093878e-06,-1.914473232114688450e-05
1.256328177537396451e+00,5.802839721791297478e-07,-1.513544636713715086e-05
