# Exudyn: solution of belt drive, slip and gap over belt length
# Exudyn output file
# Exudyn version=1.2.34.dev1
# endTime=0.5
# stepSize=5e-05
# nSegments=4
# nANCFnodes=240
# contactStiffnessPerArea=100000000.0
# frictionStiffnessPerArea=100000000.0
# contactStiffness=418879.02047863905
# frictionStiffness=523598.7755982988
# contactDamping=8.377580409572781
# frictionVelocityPenalty=33.70609928242229
# dryFriction=0.5
# 
8.706542778363635104e-04,4.649975101356229601e-07,-4.489861090306579428e-06
2.179651216832112492e-03,0.000000000000000000e+00,0.000000000000000000e+00
3.488648155827861475e-03,0.000000000000000000e+00,0.000000000000000000e+00
4.797645094823610457e-03,0.000000000000000000e+00,0.000000000000000000e+00
6.106642033819359439e-03,0.000000000000000000e+00,0.000000000000000000e+00
7.415638972815108421e-03,0.000000000000000000e+00,0.000000000000000000e+00
8.724635911810857403e-03,0.000000000000000000e+00,0.000000000000000000e+00
1.003363285080660638e-02,0.000000000000000000e+00,0.000000000000000000e+00
1.134262978980235537e-02,0.000000000000000000e+00,0.000000000000000000e+00
1.265162672879810435e-02,0.000000000000000000e+00,0.000000000000000000e+00
1.396062366779385333e-02,0.000000000000000000e+00,0.000000000000000000e+00
1.526962060678960231e-02,0.000000000000000000e+00,0.000000000000000000e+00
1.657861754578535129e-02,0.000000000000000000e+00,0.000000000000000000e+00
1.788761448478110028e-02,0.000000000000000000e+00,0.000000000000000000e+00
1.919661142377684926e-02,0.000000000000000000e+00,0.000000000000000000e+00
2.050560836277259824e-02,0.000000000000000000e+00,0.000000000000000000e+00
2.181460530176834722e-02,0.000000000000000000e+00,0.000000000000000000e+00
2.312360224076409621e-02,0.000000000000000000e+00,0.000000000000000000e+00
2.443259917975984519e-02,0.000000000000000000e+00,0.000000000000000000e+00
2.574159611875559417e-02,0.000000000000000000e+00,0.000000000000000000e+00
2.705059305775134315e-02,0.000000000000000000e+00,0.000000000000000000e+00
2.835958999674709213e-02,0.000000000000000000e+00,0.000000000000000000e+00
2.966858693574284112e-02,0.000000000000000000e+00,0.000000000000000000e+00
3.097758387473859010e-02,0.000000000000000000e+00,0.000000000000000000e+00
3.228658081373436683e-02,0.000000000000000000e+00,0.000000000000000000e+00
3.359557775273008806e-02,0.000000000000000000e+00,0.000000000000000000e+00
3.490457469172580929e-02,0.000000000000000000e+00,0.000000000000000000e+00
3.621357163072158603e-02,0.000000000000000000e+00,0.000000000000000000e+00
3.752256856971730725e-02,0.000000000000000000e+00,0.000000000000000000e+00
3.883156550871308399e-02,0.000000000000000000e+00,0.000000000000000000e+00
4.014056244770880522e-02,0.000000000000000000e+00,0.000000000000000000e+00
4.144955938670458195e-02,0.000000000000000000e+00,0.000000000000000000e+00
4.275855632570030318e-02,0.000000000000000000e+00,0.000000000000000000e+00
4.406755326469607992e-02,0.000000000000000000e+00,0.000000000000000000e+00
4.537655020369180114e-02,0.000000000000000000e+00,0.000000000000000000e+00
4.668554714268757788e-02,0.000000000000000000e+00,0.000000000000000000e+00
4.799454408168329911e-02,0.000000000000000000e+00,0.000000000000000000e+00
4.930354102067907585e-02,0.000000000000000000e+00,0.000000000000000000e+00
5.061253795967479707e-02,0.000000000000000000e+00,0.000000000000000000e+00
5.192153489867057381e-02,0.000000000000000000e+00,0.000000000000000000e+00
5.323053183766629504e-02,0.000000000000000000e+00,0.000000000000000000e+00
5.453952877666207177e-02,0.000000000000000000e+00,0.000000000000000000e+00
5.584852571565779300e-02,0.000000000000000000e+00,0.000000000000000000e+00
5.715752265465356974e-02,0.000000000000000000e+00,0.000000000000000000e+00
5.846651959364929096e-02,0.000000000000000000e+00,0.000000000000000000e+00
5.977551653264506770e-02,0.000000000000000000e+00,0.000000000000000000e+00
6.108451347164078893e-02,0.000000000000000000e+00,0.000000000000000000e+00
6.239351041063656567e-02,0.000000000000000000e+00,0.000000000000000000e+00
6.370250734963228689e-02,0.000000000000000000e+00,0.000000000000000000e+00
6.501150428862806363e-02,0.000000000000000000e+00,0.000000000000000000e+00
6.632050122762378486e-02,0.000000000000000000e+00,0.000000000000000000e+00
6.762949816661956159e-02,0.000000000000000000e+00,0.000000000000000000e+00
6.893849510561528282e-02,0.000000000000000000e+00,0.000000000000000000e+00
7.024749204461105956e-02,0.000000000000000000e+00,0.000000000000000000e+00
7.155648898360678078e-02,0.000000000000000000e+00,0.000000000000000000e+00
7.286548592260255752e-02,0.000000000000000000e+00,0.000000000000000000e+00
7.417448286159827875e-02,0.000000000000000000e+00,0.000000000000000000e+00
7.548347980059405549e-02,0.000000000000000000e+00,0.000000000000000000e+00
7.679247673958977671e-02,0.000000000000000000e+00,0.000000000000000000e+00
7.810147367858555345e-02,0.000000000000000000e+00,0.000000000000000000e+00
7.941047061758127468e-02,0.000000000000000000e+00,0.000000000000000000e+00
8.071946755657705141e-02,0.000000000000000000e+00,0.000000000000000000e+00
8.202846449557277264e-02,0.000000000000000000e+00,0.000000000000000000e+00
8.333746143456854938e-02,0.000000000000000000e+00,0.000000000000000000e+00
8.464645837356427061e-02,0.000000000000000000e+00,0.000000000000000000e+00
8.595545531256004734e-02,0.000000000000000000e+00,0.000000000000000000e+00
8.726445225155576857e-02,0.000000000000000000e+00,0.000000000000000000e+00
8.857344919055154531e-02,0.000000000000000000e+00,0.000000000000000000e+00
8.988244612954726653e-02,0.000000000000000000e+00,0.000000000000000000e+00
9.119144306854304327e-02,0.000000000000000000e+00,0.000000000000000000e+00
9.250044000753876450e-02,0.000000000000000000e+00,0.000000000000000000e+00
9.380943694653454124e-02,0.000000000000000000e+00,0.000000000000000000e+00
9.511843388553026246e-02,0.000000000000000000e+00,0.000000000000000000e+00
9.642743082452603920e-02,0.000000000000000000e+00,0.000000000000000000e+00
9.773642776352176043e-02,0.000000000000000000e+00,0.000000000000000000e+00
9.904542470251753716e-02,0.000000000000000000e+00,0.000000000000000000e+00
1.003544216415132584e-01,0.000000000000000000e+00,0.000000000000000000e+00
1.016634185805090351e-01,0.000000000000000000e+00,0.000000000000000000e+00
1.029724155195047564e-01,0.000000000000000000e+00,0.000000000000000000e+00
1.042814124585005331e-01,0.000000000000000000e+00,0.000000000000000000e+00
1.055904093974962543e-01,0.000000000000000000e+00,0.000000000000000000e+00
1.068994063364920311e-01,0.000000000000000000e+00,0.000000000000000000e+00
1.082084032754877523e-01,0.000000000000000000e+00,0.000000000000000000e+00
1.095174002144835290e-01,0.000000000000000000e+00,0.000000000000000000e+00
1.108263971534792502e-01,0.000000000000000000e+00,0.000000000000000000e+00
1.121353940924750270e-01,0.000000000000000000e+00,0.000000000000000000e+00
1.134443910314707482e-01,0.000000000000000000e+00,0.000000000000000000e+00
1.147533879704665249e-01,0.000000000000000000e+00,0.000000000000000000e+00
1.160623849094622462e-01,0.000000000000000000e+00,0.000000000000000000e+00
1.173713818484580229e-01,0.000000000000000000e+00,0.000000000000000000e+00
1.186803787874537441e-01,0.000000000000000000e+00,0.000000000000000000e+00
1.199893757264495209e-01,0.000000000000000000e+00,0.000000000000000000e+00
1.212983726654452421e-01,0.000000000000000000e+00,0.000000000000000000e+00
1.226073696044410188e-01,0.000000000000000000e+00,0.000000000000000000e+00
1.239163665434367401e-01,0.000000000000000000e+00,0.000000000000000000e+00
1.252253634824325168e-01,0.000000000000000000e+00,0.000000000000000000e+00
1.265343604214282380e-01,0.000000000000000000e+00,0.000000000000000000e+00
1.278433573604240148e-01,0.000000000000000000e+00,0.000000000000000000e+00
1.291523542994197360e-01,0.000000000000000000e+00,0.000000000000000000e+00
1.304613512384155127e-01,0.000000000000000000e+00,0.000000000000000000e+00
1.317703481774112340e-01,0.000000000000000000e+00,0.000000000000000000e+00
1.330793451164070107e-01,0.000000000000000000e+00,0.000000000000000000e+00
1.343883420554027319e-01,0.000000000000000000e+00,0.000000000000000000e+00
1.356973389943985087e-01,0.000000000000000000e+00,0.000000000000000000e+00
1.370063359333942299e-01,0.000000000000000000e+00,0.000000000000000000e+00
1.383153328723900066e-01,0.000000000000000000e+00,0.000000000000000000e+00
1.396243298113857279e-01,0.000000000000000000e+00,0.000000000000000000e+00
1.409333267503815046e-01,0.000000000000000000e+00,0.000000000000000000e+00
1.422423236893772258e-01,0.000000000000000000e+00,0.000000000000000000e+00
1.435513206283730026e-01,0.000000000000000000e+00,0.000000000000000000e+00
1.448603175673687238e-01,0.000000000000000000e+00,0.000000000000000000e+00
1.461693145063645005e-01,0.000000000000000000e+00,0.000000000000000000e+00
1.474783114453602217e-01,0.000000000000000000e+00,0.000000000000000000e+00
1.487873083843559985e-01,0.000000000000000000e+00,0.000000000000000000e+00
1.500963053233517197e-01,0.000000000000000000e+00,0.000000000000000000e+00
1.514053022623474964e-01,0.000000000000000000e+00,0.000000000000000000e+00
1.527142992013432177e-01,0.000000000000000000e+00,0.000000000000000000e+00
1.540232961403389944e-01,0.000000000000000000e+00,0.000000000000000000e+00
1.553322930793347156e-01,0.000000000000000000e+00,0.000000000000000000e+00
1.566412900183304924e-01,0.000000000000000000e+00,0.000000000000000000e+00
1.579502869573262136e-01,0.000000000000000000e+00,0.000000000000000000e+00
1.592592838963219903e-01,0.000000000000000000e+00,0.000000000000000000e+00
1.605682808353177116e-01,0.000000000000000000e+00,0.000000000000000000e+00
1.618772777743134883e-01,0.000000000000000000e+00,0.000000000000000000e+00
1.631862747133092095e-01,0.000000000000000000e+00,0.000000000000000000e+00
1.644952716523049863e-01,0.000000000000000000e+00,0.000000000000000000e+00
1.658042685913007075e-01,0.000000000000000000e+00,0.000000000000000000e+00
1.671132655302964842e-01,0.000000000000000000e+00,0.000000000000000000e+00
1.684222624692922055e-01,0.000000000000000000e+00,0.000000000000000000e+00
1.697312594082879822e-01,0.000000000000000000e+00,0.000000000000000000e+00
1.710402563472837034e-01,0.000000000000000000e+00,0.000000000000000000e+00
1.723492532862794802e-01,0.000000000000000000e+00,0.000000000000000000e+00
1.736582502252752014e-01,0.000000000000000000e+00,0.000000000000000000e+00
1.749672471642709781e-01,0.000000000000000000e+00,0.000000000000000000e+00
1.762762441032666993e-01,0.000000000000000000e+00,0.000000000000000000e+00
1.775852410422624761e-01,0.000000000000000000e+00,0.000000000000000000e+00
1.788942379812581973e-01,0.000000000000000000e+00,0.000000000000000000e+00
1.802032349202539740e-01,0.000000000000000000e+00,0.000000000000000000e+00
1.815122318592496953e-01,0.000000000000000000e+00,0.000000000000000000e+00
1.828212287982454720e-01,0.000000000000000000e+00,0.000000000000000000e+00
1.841302257372411932e-01,0.000000000000000000e+00,0.000000000000000000e+00
1.854392226762369700e-01,0.000000000000000000e+00,0.000000000000000000e+00
1.867482196152326912e-01,0.000000000000000000e+00,0.000000000000000000e+00
1.880572165542284679e-01,0.000000000000000000e+00,0.000000000000000000e+00
1.893662134932241892e-01,0.000000000000000000e+00,0.000000000000000000e+00
1.906752104322199659e-01,0.000000000000000000e+00,0.000000000000000000e+00
1.919842073712156871e-01,0.000000000000000000e+00,0.000000000000000000e+00
1.932932043102114639e-01,0.000000000000000000e+00,0.000000000000000000e+00
1.946022012492071851e-01,0.000000000000000000e+00,0.000000000000000000e+00
1.959111981882029618e-01,0.000000000000000000e+00,0.000000000000000000e+00
1.972201951271986831e-01,0.000000000000000000e+00,0.000000000000000000e+00
1.985291920661944598e-01,0.000000000000000000e+00,0.000000000000000000e+00
1.998381890051901810e-01,0.000000000000000000e+00,0.000000000000000000e+00
2.011471859441859578e-01,0.000000000000000000e+00,0.000000000000000000e+00
2.024561828831816790e-01,0.000000000000000000e+00,0.000000000000000000e+00
2.037651798221774557e-01,0.000000000000000000e+00,0.000000000000000000e+00
2.050741767611731770e-01,0.000000000000000000e+00,0.000000000000000000e+00
2.063831737001689537e-01,0.000000000000000000e+00,0.000000000000000000e+00
2.076921706391646749e-01,0.000000000000000000e+00,0.000000000000000000e+00
2.090011675781604517e-01,0.000000000000000000e+00,0.000000000000000000e+00
2.103101645171561729e-01,0.000000000000000000e+00,0.000000000000000000e+00
2.116191614561519496e-01,0.000000000000000000e+00,0.000000000000000000e+00
2.129281583951476708e-01,0.000000000000000000e+00,0.000000000000000000e+00
2.142371553341434476e-01,0.000000000000000000e+00,0.000000000000000000e+00
2.155461522731391688e-01,0.000000000000000000e+00,0.000000000000000000e+00
2.168551492121349455e-01,0.000000000000000000e+00,0.000000000000000000e+00
2.181641461511306668e-01,0.000000000000000000e+00,0.000000000000000000e+00
2.194731430901264435e-01,0.000000000000000000e+00,0.000000000000000000e+00
2.207821400291221647e-01,0.000000000000000000e+00,0.000000000000000000e+00
2.220911369681179415e-01,0.000000000000000000e+00,0.000000000000000000e+00
2.234001339071136627e-01,0.000000000000000000e+00,0.000000000000000000e+00
2.247091308461094394e-01,0.000000000000000000e+00,0.000000000000000000e+00
2.260181277851051607e-01,0.000000000000000000e+00,0.000000000000000000e+00
2.273271247241009374e-01,0.000000000000000000e+00,0.000000000000000000e+00
2.286361216630966586e-01,0.000000000000000000e+00,0.000000000000000000e+00
2.299451186020924354e-01,0.000000000000000000e+00,0.000000000000000000e+00
2.312541155410881566e-01,0.000000000000000000e+00,0.000000000000000000e+00
2.325631124800839333e-01,0.000000000000000000e+00,0.000000000000000000e+00
2.338721094190796546e-01,0.000000000000000000e+00,0.000000000000000000e+00
2.351811063580754313e-01,0.000000000000000000e+00,0.000000000000000000e+00
2.364901032970711525e-01,0.000000000000000000e+00,0.000000000000000000e+00
2.377991002360669293e-01,0.000000000000000000e+00,0.000000000000000000e+00
2.391080971750626505e-01,0.000000000000000000e+00,0.000000000000000000e+00
2.404170941140584272e-01,0.000000000000000000e+00,0.000000000000000000e+00
2.417260910530541484e-01,0.000000000000000000e+00,0.000000000000000000e+00
2.430350879920499252e-01,0.000000000000000000e+00,0.000000000000000000e+00
2.443440849310456464e-01,0.000000000000000000e+00,0.000000000000000000e+00
2.456530818700414232e-01,0.000000000000000000e+00,0.000000000000000000e+00
2.469620788090371444e-01,0.000000000000000000e+00,0.000000000000000000e+00
2.482710757480329211e-01,0.000000000000000000e+00,0.000000000000000000e+00
2.495800726870286423e-01,0.000000000000000000e+00,0.000000000000000000e+00
2.508890696260244191e-01,0.000000000000000000e+00,0.000000000000000000e+00
2.521980665650201403e-01,0.000000000000000000e+00,0.000000000000000000e+00
2.535070635040159170e-01,0.000000000000000000e+00,0.000000000000000000e+00
2.548160604430116383e-01,0.000000000000000000e+00,0.000000000000000000e+00
2.561250573820074150e-01,0.000000000000000000e+00,0.000000000000000000e+00
2.574340543210031362e-01,0.000000000000000000e+00,0.000000000000000000e+00
2.587430512599989130e-01,0.000000000000000000e+00,0.000000000000000000e+00
2.600520481989946342e-01,0.000000000000000000e+00,0.000000000000000000e+00
2.613610451379904109e-01,0.000000000000000000e+00,0.000000000000000000e+00
2.626700420769861322e-01,0.000000000000000000e+00,0.000000000000000000e+00
2.639790390159819089e-01,0.000000000000000000e+00,0.000000000000000000e+00
2.652880359549776301e-01,0.000000000000000000e+00,0.000000000000000000e+00
2.665970328939734069e-01,0.000000000000000000e+00,0.000000000000000000e+00
2.679060298329691281e-01,0.000000000000000000e+00,0.000000000000000000e+00
2.692150267719649048e-01,0.000000000000000000e+00,0.000000000000000000e+00
2.705240237109606261e-01,0.000000000000000000e+00,0.000000000000000000e+00
2.718330206499564028e-01,0.000000000000000000e+00,0.000000000000000000e+00
2.731420175889521240e-01,0.000000000000000000e+00,0.000000000000000000e+00
2.744510145279479008e-01,0.000000000000000000e+00,0.000000000000000000e+00
2.757600114669436220e-01,0.000000000000000000e+00,0.000000000000000000e+00
2.770690084059393987e-01,0.000000000000000000e+00,0.000000000000000000e+00
2.783780053449351199e-01,0.000000000000000000e+00,0.000000000000000000e+00
2.796870022839308967e-01,0.000000000000000000e+00,0.000000000000000000e+00
2.809959992229266179e-01,0.000000000000000000e+00,0.000000000000000000e+00
2.823049961619223391e-01,0.000000000000000000e+00,0.000000000000000000e+00
2.836139931009181159e-01,0.000000000000000000e+00,0.000000000000000000e+00
2.849229900399137816e-01,0.000000000000000000e+00,0.000000000000000000e+00
2.862319869789095583e-01,0.000000000000000000e+00,0.000000000000000000e+00
2.875409839179053351e-01,0.000000000000000000e+00,0.000000000000000000e+00
2.888499808569011118e-01,0.000000000000000000e+00,0.000000000000000000e+00
2.901589777958967775e-01,0.000000000000000000e+00,0.000000000000000000e+00
2.914679747348925543e-01,0.000000000000000000e+00,0.000000000000000000e+00
2.927769716738883310e-01,0.000000000000000000e+00,0.000000000000000000e+00
2.940859686128841077e-01,0.000000000000000000e+00,0.000000000000000000e+00
2.953949655518797734e-01,0.000000000000000000e+00,0.000000000000000000e+00
2.967039624908755502e-01,0.000000000000000000e+00,0.000000000000000000e+00
2.980129594298713269e-01,0.000000000000000000e+00,0.000000000000000000e+00
2.993219563688671037e-01,0.000000000000000000e+00,0.000000000000000000e+00
3.006309533078627694e-01,0.000000000000000000e+00,0.000000000000000000e+00
3.019399502468585461e-01,0.000000000000000000e+00,0.000000000000000000e+00
3.032489471858543228e-01,0.000000000000000000e+00,0.000000000000000000e+00
3.045579441248500996e-01,0.000000000000000000e+00,0.000000000000000000e+00
3.058669410638457653e-01,0.000000000000000000e+00,0.000000000000000000e+00
3.071759380028415420e-01,0.000000000000000000e+00,0.000000000000000000e+00
3.084849349418373188e-01,0.000000000000000000e+00,-4.192896481305941059e-06
3.097939318808330955e-01,0.000000000000000000e+00,-1.169772740193530947e-05
3.111029288198287612e-01,0.000000000000000000e+00,-1.504437871219233003e-05
3.124119257588245380e-01,0.000000000000000000e+00,-1.628811919313077894e-05
3.137209226978203147e-01,0.000000000000000000e+00,-1.647115760870787593e-05
3.150299196368160914e-01,0.000000000000000000e+00,-1.622457831650103710e-05
3.163389165758117572e-01,0.000000000000000000e+00,-1.602694622336586772e-05
3.176479135148075339e-01,0.000000000000000000e+00,-1.590201604197150065e-05
3.189569104538033106e-01,0.000000000000000000e+00,-1.575849198891254854e-05
3.202659073927990874e-01,0.000000000000000000e+00,-1.563333147246159793e-05
3.215749043317947531e-01,0.000000000000000000e+00,-1.553219245056802755e-05
3.228839012707905298e-01,0.000000000000000000e+00,-1.542233090091882364e-05
3.241928982097863066e-01,0.000000000000000000e+00,-1.529837162637937009e-05
3.255018951487820833e-01,0.000000000000000000e+00,-1.518908014475073287e-05
3.268108920877777490e-01,0.000000000000000000e+00,-1.509665549692673636e-05
3.281198890267735258e-01,0.000000000000000000e+00,-1.499256802638126995e-05
3.294288859657693025e-01,0.000000000000000000e+00,-1.487475686892669735e-05
3.307378829047650792e-01,0.000000000000000000e+00,-1.477164176721945665e-05
3.320468798437607449e-01,0.000000000000000000e+00,-1.468407876527300093e-05
3.333558767827565217e-01,0.000000000000000000e+00,-1.458207070129113880e-05
3.346648737217522984e-01,0.000000000000000000e+00,-1.446434593563306059e-05
3.359738706607480752e-01,0.000000000000000000e+00,-1.436153130041084580e-05
3.372828675997437409e-01,0.000000000000000000e+00,-1.427660086737725376e-05
3.385918645387395176e-01,0.000000000000000000e+00,-1.417985190281523256e-05
3.399008614777352943e-01,0.000000000000000000e+00,-1.406783614779638647e-05
3.412098584167310711e-01,0.000000000000000000e+00,-1.396820188737102342e-05
3.425188553557267368e-01,0.000000000000000000e+00,-1.388377140965069145e-05
3.438278522947225135e-01,0.000000000000000000e+00,-1.378820981678963165e-05
3.451368492337182903e-01,0.000000000000000000e+00,-1.367950384316418688e-05
3.464458461727140670e-01,0.000000000000000000e+00,-1.358415484022101882e-05
3.477548431117097327e-01,0.000000000000000000e+00,-1.350382825017482080e-05
3.490638400507055095e-01,0.000000000000000000e+00,-1.341150534606150302e-05
3.503728369897012862e-01,0.000000000000000000e+00,-1.330516560321681752e-05
3.516818339286970629e-01,0.000000000000000000e+00,-1.321150699362672043e-05
3.529908308676927287e-01,0.000000000000000000e+00,-1.313269394695448788e-05
3.542998278066885054e-01,0.000000000000000000e+00,-1.304170507265833834e-05
3.556088247456842821e-01,0.000000000000000000e+00,-1.293518385549197180e-05
3.569178216846800589e-01,0.000000000000000000e+00,-1.283813953345536163e-05
3.582268186236757246e-01,0.000000000000000000e+00,-1.275900746676439379e-05
3.595358155626715013e-01,3.890889410343434385e-06,-1.268382796734690565e-05
3.608448125016672781e-01,2.888227432301659903e-06,-1.261232328753081333e-05
3.621538094406630548e-01,2.161880445897268466e-06,-1.256233071707246740e-05
3.634628063796587205e-01,1.643750952198819171e-06,-1.253720943145131272e-05
3.647718033186544973e-01,1.256300643542873630e-06,-1.251994079276563809e-05
3.660808002576502740e-01,9.647863864203909401e-07,-1.250128994594035259e-05
3.673897971966460507e-01,7.614662292099172447e-07,-1.248637004369612669e-05
3.686987941356417164e-01,6.310180026419809352e-07,-1.247744601463873781e-05
3.700077910746374932e-01,5.541263940478380334e-07,-1.246994423663438933e-05
3.713167880136332699e-01,5.225704713118783928e-07,-1.246074948137165794e-05
3.726257849526290467e-01,5.355526916522856951e-07,-1.245233204369422531e-05
3.739347818916247124e-01,5.957454322774724531e-07,-1.244541576121693804e-05
3.752437788306204891e-01,7.124261503649309546e-07,-1.243601932265914201e-05
3.765527757696162658e-01,8.943361497343316202e-07,-1.242251340002886728e-05
3.778617727086120426e-01,1.146452130396102831e-06,-1.240869952394418885e-05
3.791707696476077083e-01,1.491089914873455768e-06,-1.239261539648373045e-05
3.804797665866034850e-01,1.980306963994538094e-06,-1.236361836409738402e-05
3.817887635255992618e-01,2.663476632192018911e-06,-1.231833781334401579e-05
3.830977604645950385e-01,3.574360138536292197e-06,-1.226425547340426192e-05
3.844067574035907042e-01,4.776350419705144290e-06,-1.219910463909346099e-05
3.857157543425864810e-01,4.837899943183066043e-06,-1.211239057326285451e-05
3.870247512815822577e-01,4.790786534342172942e-06,-1.201282692982197364e-05
3.883337482205780344e-01,4.748135005561149313e-06,-1.192601859108244344e-05
3.896427451595737002e-01,4.710582599154466976e-06,-1.185477163116732680e-05
3.909517420985694769e-01,4.666293792532361095e-06,-1.177465648678766019e-05
3.922607390375652536e-01,4.614730961055579783e-06,-1.168289193975713403e-05
3.935697359765610304e-01,4.563951295166734923e-06,-1.160270303315891205e-05
3.948787329155566961e-01,4.513940203620947500e-06,-1.153623991925756265e-05
3.961877298545524728e-01,4.450075273498832473e-06,-1.146052941894404320e-05
3.974967267935482496e-01,4.369706243789739375e-06,-1.137325053301996292e-05
3.988057237325440263e-01,4.280589674526824595e-06,-1.129664153667886417e-05
4.001147206715396920e-01,4.179618911276383741e-06,-1.123377365802591399e-05
4.014237176105354687e-01,4.044649118600807114e-06,-1.116407958109966181e-05
4.027327145495312455e-01,3.864433943151501794e-06,-1.108496682143689238e-05
4.040417114885270222e-01,3.645917483613425603e-06,-1.101609112570678395e-05
4.053507084275226879e-01,3.363530467342945585e-06,-1.096216147807027586e-05
4.066597053665184647e-01,2.995303120312264866e-06,-1.090812107855387847e-05
4.079687023055142414e-01,2.529314234056556643e-06,-1.085163571405700633e-05
4.092776992445100182e-01,1.933563719525022151e-06,-1.080745029194418727e-05
4.105866961835056839e-01,1.177050635292609115e-06,-1.078055963647794879e-05
4.118956931225014606e-01,6.546086728786981723e-07,-1.076232442798197297e-05
4.132046900614972373e-01,7.302465790948176050e-07,-1.075156859688120026e-05
4.145136870004930141e-01,-1.610739374741099184e-06,-1.075797577572423780e-05
4.158226839394886798e-01,-2.713559029587919724e-06,-1.079156686745186278e-05
4.171316808784844565e-01,-3.021468503949797935e-06,-1.085070736803195324e-05
4.184406778174802333e-01,-3.058779788123189292e-06,-1.091891880300455142e-05
4.197496747564760100e-01,-2.864809061864370676e-06,-1.097774251208882834e-05
4.210586716954716757e-01,-2.521743892008876387e-06,-1.102267203116624739e-05
4.223676686344674525e-01,-2.001021866482322054e-06,-1.106271694864546795e-05
4.236766655734632292e-01,-1.407548810200554001e-06,-1.109793833191374812e-05
4.249856625124590059e-01,-7.378645207334333378e-07,-1.112036452267928244e-05
4.262946594514546717e-01,-1.579753283742491021e-07,-1.112714688907001648e-05
4.276036563904504484e-01,5.497284441269290056e-07,-1.112009926965140671e-05
4.289126533294462251e-01,1.216823626387641966e-06,-1.110211051413845240e-05
4.302216502684420019e-01,1.884758597220370646e-06,-1.107762295932124275e-05
4.315306472074376676e-01,2.477759795505019014e-06,-1.104398804925577071e-05
4.328396441464334443e-01,3.058141480216658437e-06,-1.099096843308611238e-05
4.341486410854292211e-01,3.585539667561032928e-06,-1.092168300424745109e-05
4.354576380244249978e-01,4.105829557593532186e-06,-1.085309181994564831e-05
4.367666349634206635e-01,4.148441106854861005e-06,-1.078856061272059907e-05
4.380756319024164402e-01,4.064316989266236746e-06,-1.071442575069359027e-05
4.393846288414122170e-01,3.952896617004375557e-06,-1.063242720408807962e-05
4.406936257804079937e-01,3.825708406540728745e-06,-1.056240648171502539e-05
4.420026227194036594e-01,3.597594491255851068e-06,-1.050699476537464427e-05
4.433116196583994362e-01,3.423055101398064792e-06,-1.044765084111387576e-05
4.446206165973952129e-01,3.231691821925508634e-06,-1.038199368495751340e-05
4.459296135363909896e-01,2.933481996064690733e-06,-1.032759102484459568e-05
4.472386104753866554e-01,2.490201374494294129e-06,-1.028762536661731453e-05
4.485476074143824321e-01,2.443067247615005044e-06,-1.024635098369197639e-05
4.498566043533782088e-01,2.346195142832740999e-06,-1.020034366942812465e-05
4.511656012923739856e-01,1.946277281755781630e-06,-1.016297356330742030e-05
4.524745982313696513e-01,1.517626114611037025e-06,-1.013762025244002718e-05
4.537835951703654280e-01,1.388563609983073377e-06,-1.011281743298897418e-05
4.550925921093612048e-01,1.594288652040365406e-06,-1.008469370629427875e-05
4.564015890483569815e-01,1.119392518955653060e-06,-1.006182452419068785e-05
4.577105859873526472e-01,7.354184569374755398e-07,-1.004754182380718230e-05
4.590195829263484240e-01,7.505982173861003304e-07,-1.003506261144926359e-05
4.603285798653442007e-01,7.884812720793110685e-07,-1.002061993743419421e-05
4.616375768043399774e-01,5.053667715138043803e-07,-1.000832573408438897e-05
4.629465737433356431e-01,3.064503954763875271e-07,-1.000158754943525352e-05
4.642555706823314199e-01,1.890588513242530411e-07,-9.998517015899488491e-06
4.655645676213271966e-01,4.923644830734374978e-08,-9.996060868669442989e-06
4.668735645603229734e-01,-4.029721806242392290e-08,-9.994500212953671969e-06
4.681825614993186391e-01,-1.630615708847482637e-07,-9.995886722138913605e-06
4.694915584383144158e-01,-1.926644544181232988e-07,-1.000031490100417031e-05
4.708005553773101926e-01,-3.388987631358642005e-07,-1.000520497962398281e-05
4.721095523163059693e-01,-2.614648693388677003e-07,-1.000909571631514172e-05
4.734185492553016350e-01,-3.888911642158099369e-07,-1.001375609729904248e-05
4.747275461942974117e-01,-3.723697250823665428e-07,-1.002069120445425732e-05
4.760365431332931885e-01,-4.091472959322217662e-07,-1.002782552421421780e-05
4.773455400722889652e-01,-3.014360508424296370e-07,-1.003305870334036953e-05
4.786545370112846309e-01,-3.985241722737065118e-07,-1.003785730412098953e-05
4.799635339502804077e-01,-3.274604390146595989e-07,-1.004401437113000561e-05
4.812725308892761844e-01,-3.289307428377963305e-07,-1.004994284438398555e-05
4.825815278282719611e-01,-2.336673513569920146e-07,-1.005394363647049705e-05
4.838905247672676269e-01,-2.466519860300220301e-07,-1.005712295062966000e-05
4.851995217062634036e-01,-1.574097930334694695e-07,-1.006040484609338481e-05
4.865085186452591803e-01,-1.300262067183144410e-07,-1.006252789061135022e-05
4.878175155842549571e-01,-7.057266382393123649e-09,-1.006305909273530474e-05
4.891265125232506228e-01,-3.814275767455299615e-08,-1.006315637228083482e-05
4.904355094622463995e-01,7.372362034741009040e-08,-1.006249018425942054e-05
4.917445064012421763e-01,1.655446079662503678e-07,-1.005971805694005905e-05
4.930535033402379530e-01,2.558093096516333986e-07,-1.005558601496758797e-05
4.943625002792336187e-01,3.036278654333646188e-07,-1.005105136796247134e-05
4.956714972182293955e-01,4.395496663311959651e-07,-1.004442276600348016e-05
4.969804941572251722e-01,5.065293488537569999e-07,-1.003475828857680607e-05
4.982894910962209489e-01,5.763551896853513767e-07,-1.002471269284654909e-05
4.995984880352166146e-01,6.732017656940758599e-07,-1.001516492039888906e-05
5.009074849742123359e-01,7.813556374414165617e-07,-1.000244964868834963e-05
5.022164819132082236e-01,8.755926320103135652e-07,-9.985757102537462515e-06
5.035254788522038893e-01,9.363747621726759007e-07,-9.969883532592871411e-06
5.048344757911995551e-01,9.395919594035184730e-07,-9.955630273561499877e-06
5.061434727301954428e-01,1.105583108174101881e-06,-9.937128098616576644e-06
5.074524696691911085e-01,1.265783648507490255e-06,-9.913745139866758649e-06
5.087614666081869963e-01,1.265217286272601882e-06,-9.892745982315043207e-06
5.100704635471826620e-01,1.046359591583279069e-06,-9.875299077977128803e-06
5.113794604861783277e-01,1.205919773927810468e-06,-9.853336856366357033e-06
5.126884574251742155e-01,1.722220746791514046e-06,-9.825604964472378633e-06
5.139974543641698812e-01,1.398379324890619557e-06,-9.800827888151175671e-06
5.153064513031655469e-01,1.150029762531090682e-06,-9.780876373072233676e-06
5.166154482421614347e-01,1.307742662937094735e-06,-9.757012836772438469e-06
5.179244451811571004e-01,1.832511269894698813e-06,-9.727452632168898106e-06
5.192334421201529882e-01,1.474534267131843990e-06,-9.701083788282716114e-06
5.205424390591486539e-01,1.203880662603573626e-06,-9.679957002156625023e-06
5.218514359981443196e-01,1.351179476305475191e-06,-9.655531484117907404e-06
5.231604329371402073e-01,1.789366097237898856e-06,-9.626198601758728657e-06
5.244694298761358731e-01,1.380864730449182787e-06,-9.600932532202732794e-06
5.257784268151315388e-01,1.099542773108641569e-06,-9.581620693352443929e-06
5.270874237541274265e-01,1.277557719669975000e-06,-9.559255200547456255e-06
5.283964206931230922e-01,1.688036932234737719e-06,-9.531751492652951185e-06
5.297054176321189800e-01,1.315034283633220724e-06,-9.507727748436778370e-06
5.310144145711146457e-01,1.012303153802296407e-06,-9.489259783418413363e-06
5.323234115101103114e-01,1.214498106749672957e-06,-9.468117252886543156e-06
5.336324084491061992e-01,1.592537803907223548e-06,-9.442521733488140612e-06
5.349414053881018649e-01,1.122862186897499726e-06,-9.420821411601498774e-06
5.362504023270975306e-01,8.162357207908144119e-07,-9.404974533375187740e-06
5.375593992660934184e-01,1.075537608197230099e-06,-9.386844860612142405e-06
5.388683962050890841e-01,1.419512952460788568e-06,-9.364548604257061371e-06
5.401773931440849719e-01,9.661233101865285278e-07,-9.346127008785787282e-06
5.414863900830806376e-01,6.301095328842265531e-07,-9.333375554546052832e-06
5.427953870220763033e-01,8.475788718653731735e-07,-9.318154909732090374e-06
5.441043839610721911e-01,1.318063328981100568e-06,-9.298534747945175205e-06
5.454133809000678568e-01,8.020568425526342082e-07,-9.282467257398785421e-06
5.467223778390635225e-01,4.920766227822781502e-07,-9.272247953384660235e-06
5.480313747780594102e-01,6.721108370411066346e-07,-9.260307455391525444e-06
5.493403717170550760e-01,1.131805913823225040e-06,-9.244026832624929746e-06
5.506493686560509637e-01,6.940964268342675325e-07,-9.229906654931174792e-06
5.519583655950466294e-01,3.511397524968984385e-07,-9.220735140702540633e-06
5.532673625340422952e-01,5.439803877349547179e-07,-9.211204157033581197e-06
5.545763594730381829e-01,9.717377524864900806e-07,-9.198722263972780588e-06
5.558853564120338486e-01,5.427715022987555926e-07,-9.187748168035247964e-06
5.571943533510295143e-01,2.205625587725634773e-07,-9.180214750229009901e-06
5.585033502900254021e-01,4.183921731848450065e-07,-9.171935929391805686e-06
5.598123472290210678e-01,8.673440621831396413e-07,-9.161344083949418682e-06
5.611213441680169556e-01,3.848180747390017586e-07,-9.153053697044666315e-06
5.624303411070126213e-01,8.583057498068313862e-08,-9.148572187658854382e-06
5.637393380460082870e-01,3.213571601601294958e-07,-9.142780638377034919e-06
5.650483349850041748e-01,7.493959625071155983e-07,-9.133858364818170372e-06
5.663573319239998405e-01,2.809411380200188546e-07,-9.126786937804776123e-06
5.676663288629955062e-01,5.405697833804623542e-09,-9.123569487859417571e-06
5.689753258019913940e-01,2.093616796039476924e-07,-9.119415926558960273e-06
5.702843227409870597e-01,6.581555812568140595e-07,-9.112319431944793102e-06
5.715933196799829474e-01,2.614781934862087098e-07,-9.106858857424460219e-06
5.729023166189786131e-01,-8.575980547931294495e-08,-9.104903103393513497e-06
5.742113135579742789e-01,1.312427730382204061e-07,-9.101837479180696633e-06
5.755203104969701666e-01,6.268180586244120889e-07,-9.095674564155165065e-06
5.768293074359658323e-01,2.042433938642673752e-07,-9.090801917160939993e-06
5.781383043749614981e-01,-1.610647495930983553e-07,-9.089261753081334660e-06
5.794473013139573858e-01,1.216893767419513495e-07,-9.086887595974313392e-06
5.807562982529530515e-01,6.430489599695832226e-07,-9.081644189473658813e-06
5.820652951919489393e-01,1.447547347543931551e-07,-9.077478341820710561e-06
5.833742921309446050e-01,-1.349617387291779380e-07,-9.076293922216649435e-06
5.846832890699402707e-01,5.282455739497038394e-08,-9.074073719833597451e-06
5.859922860089361585e-01,6.680586591145676323e-07,-9.068693453184728526e-06
5.873012829479318242e-01,2.080878103716266025e-07,-9.063816238760735722e-06
5.886102798869274899e-01,-8.318855621025633695e-08,-9.061677916047394810e-06
5.899192768259233777e-01,1.052241657695240917e-07,-9.059021457230587160e-06
5.912282737649190434e-01,5.967103747228641453e-07,-9.053676095424623149e-06
5.925372707039149311e-01,2.176378739449091881e-07,-9.048561176935865369e-06
5.938462676429105969e-01,-4.033008826898054622e-08,-9.045728599263447300e-06
5.951552645819062626e-01,1.454336207018513960e-07,-9.042590377553172409e-06
5.964642615209021503e-01,6.794025046996665651e-07,-9.037333939018732387e-06
5.977732584598978161e-01,2.684246017681246599e-07,-9.032672507208738821e-06
5.990822553988934818e-01,-7.862944506609181872e-08,-9.029868704518717593e-06
6.003912523378893695e-01,2.067716515230522134e-07,-9.025313311941673966e-06
6.017002492768850352e-01,8.214267894213200805e-07,-9.017335674543769386e-06
6.030092462158809230e-01,4.007531246852380491e-07,-9.009678345370253361e-06
6.043182431548765887e-01,3.849719959481134879e-08,-9.004695330716572244e-06
6.056272400938722544e-01,2.958275479025829213e-07,-8.999265149758906013e-06
6.069362370328681422e-01,8.451139027476628485e-07,-8.991355807216883100e-06
6.082452339718638079e-01,4.338667655701122783e-07,-8.984039267634358339e-06
6.095542309108594736e-01,2.096765743253570236e-07,-8.977376378338508545e-06
6.108632278498553614e-01,5.816040692385726629e-07,-8.966262699541815984e-06
6.121722247888510271e-01,1.202797663191201849e-06,-8.950990336126229963e-06
6.134812217278469149e-01,8.321336945615875891e-07,-8.939450745093502348e-06
6.147902186668425806e-01,7.311328347192613819e-07,-8.935694484887846123e-06
6.160992156058382463e-01,1.163333428255697299e-06,-8.944618196893294737e-06
6.174082125448341341e-01,2.076622509616932177e-06,-8.988272869714375446e-06
6.187172094838297998e-01,2.189418761788797241e-06,-9.101613744011416429e-06
6.200262064228254655e-01,3.087147521230182434e-06,-9.530567098361975020e-06
6.213352033618213532e-01,3.837005961238038054e-06,-1.006899958058693478e-05
6.226442003008170190e-01,3.843812538595337003e-06,-9.542410277646462546e-06
6.239531972398129067e-01,1.774223440054178980e-06,-6.825770876864312164e-06
6.252621941788085724e-01,-3.032243575673554403e-07,-1.144536069572210657e-06
6.265711911178042381e-01,0.000000000000000000e+00,0.000000000000000000e+00
6.278801880568001259e-01,0.000000000000000000e+00,0.000000000000000000e+00
6.291891849957957916e-01,0.000000000000000000e+00,0.000000000000000000e+00
6.304981819347914573e-01,0.000000000000000000e+00,0.000000000000000000e+00
6.318071788737873451e-01,0.000000000000000000e+00,0.000000000000000000e+00
6.331161758127830108e-01,0.000000000000000000e+00,0.000000000000000000e+00
6.344251727517788986e-01,0.000000000000000000e+00,0.000000000000000000e+00
6.357341696907745643e-01,0.000000000000000000e+00,0.000000000000000000e+00
6.370431666297702300e-01,0.000000000000000000e+00,0.000000000000000000e+00
6.383521635687661178e-01,0.000000000000000000e+00,0.000000000000000000e+00
6.396611605077617835e-01,0.000000000000000000e+00,0.000000000000000000e+00
6.409701574467574492e-01,0.000000000000000000e+00,0.000000000000000000e+00
6.422791543857533370e-01,0.000000000000000000e+00,0.000000000000000000e+00
6.435881513247490027e-01,0.000000000000000000e+00,0.000000000000000000e+00
6.448971482637448904e-01,0.000000000000000000e+00,0.000000000000000000e+00
6.462061452027405561e-01,0.000000000000000000e+00,0.000000000000000000e+00
6.475151421417362219e-01,0.000000000000000000e+00,0.000000000000000000e+00
6.488241390807321096e-01,0.000000000000000000e+00,0.000000000000000000e+00
6.501331360197277753e-01,0.000000000000000000e+00,0.000000000000000000e+00
6.514421329587234410e-01,0.000000000000000000e+00,0.000000000000000000e+00
6.527511298977193288e-01,0.000000000000000000e+00,0.000000000000000000e+00
6.540601268367149945e-01,0.000000000000000000e+00,0.000000000000000000e+00
6.553691237757108823e-01,0.000000000000000000e+00,0.000000000000000000e+00
6.566781207147065480e-01,0.000000000000000000e+00,0.000000000000000000e+00
6.579871176537022137e-01,0.000000000000000000e+00,0.000000000000000000e+00
6.592961145926981015e-01,0.000000000000000000e+00,0.000000000000000000e+00
6.606051115316937672e-01,0.000000000000000000e+00,0.000000000000000000e+00
6.619141084706894329e-01,0.000000000000000000e+00,0.000000000000000000e+00
6.632231054096853207e-01,0.000000000000000000e+00,0.000000000000000000e+00
6.645321023486809864e-01,0.000000000000000000e+00,0.000000000000000000e+00
6.658410992876768741e-01,0.000000000000000000e+00,0.000000000000000000e+00
6.671500962266725399e-01,0.000000000000000000e+00,0.000000000000000000e+00
6.684590931656682056e-01,0.000000000000000000e+00,0.000000000000000000e+00
6.697680901046640933e-01,0.000000000000000000e+00,0.000000000000000000e+00
6.710770870436597590e-01,0.000000000000000000e+00,0.000000000000000000e+00
6.723860839826554248e-01,0.000000000000000000e+00,0.000000000000000000e+00
6.736950809216513125e-01,0.000000000000000000e+00,0.000000000000000000e+00
6.750040778606469782e-01,0.000000000000000000e+00,0.000000000000000000e+00
6.763130747996428660e-01,0.000000000000000000e+00,0.000000000000000000e+00
6.776220717386385317e-01,0.000000000000000000e+00,0.000000000000000000e+00
6.789310686776341974e-01,0.000000000000000000e+00,0.000000000000000000e+00
6.802400656166300852e-01,0.000000000000000000e+00,0.000000000000000000e+00
6.815490625556257509e-01,0.000000000000000000e+00,0.000000000000000000e+00
6.828580594946214166e-01,0.000000000000000000e+00,0.000000000000000000e+00
6.841670564336173044e-01,0.000000000000000000e+00,0.000000000000000000e+00
6.854760533726129701e-01,0.000000000000000000e+00,0.000000000000000000e+00
6.867850503116088579e-01,0.000000000000000000e+00,0.000000000000000000e+00
6.880940472506045236e-01,0.000000000000000000e+00,0.000000000000000000e+00
6.894030441896001893e-01,0.000000000000000000e+00,0.000000000000000000e+00
6.907120411285960770e-01,0.000000000000000000e+00,0.000000000000000000e+00
6.920210380675917428e-01,0.000000000000000000e+00,0.000000000000000000e+00
6.933300350065874085e-01,0.000000000000000000e+00,0.000000000000000000e+00
6.946390319455832962e-01,0.000000000000000000e+00,0.000000000000000000e+00
6.959480288845789620e-01,0.000000000000000000e+00,0.000000000000000000e+00
6.972570258235748497e-01,0.000000000000000000e+00,0.000000000000000000e+00
6.985660227625705154e-01,0.000000000000000000e+00,0.000000000000000000e+00
6.998750197015661811e-01,0.000000000000000000e+00,0.000000000000000000e+00
7.011840166405620689e-01,0.000000000000000000e+00,0.000000000000000000e+00
7.024930135795577346e-01,0.000000000000000000e+00,0.000000000000000000e+00
7.038020105185534003e-01,0.000000000000000000e+00,0.000000000000000000e+00
7.051110074575492881e-01,0.000000000000000000e+00,0.000000000000000000e+00
7.064200043965449538e-01,0.000000000000000000e+00,0.000000000000000000e+00
7.077290013355408416e-01,0.000000000000000000e+00,0.000000000000000000e+00
7.090379982745365073e-01,0.000000000000000000e+00,0.000000000000000000e+00
7.103469952135321730e-01,0.000000000000000000e+00,0.000000000000000000e+00
7.116559921525280608e-01,0.000000000000000000e+00,0.000000000000000000e+00
7.129649890915237265e-01,0.000000000000000000e+00,0.000000000000000000e+00
7.142739860305193922e-01,0.000000000000000000e+00,0.000000000000000000e+00
7.155829829695152799e-01,0.000000000000000000e+00,0.000000000000000000e+00
7.168919799085109457e-01,0.000000000000000000e+00,0.000000000000000000e+00
7.182009768475068334e-01,0.000000000000000000e+00,0.000000000000000000e+00
7.195099737865024991e-01,0.000000000000000000e+00,0.000000000000000000e+00
7.208189707254981649e-01,0.000000000000000000e+00,0.000000000000000000e+00
7.221279676644940526e-01,0.000000000000000000e+00,0.000000000000000000e+00
7.234369646034897183e-01,0.000000000000000000e+00,0.000000000000000000e+00
7.247459615424853840e-01,0.000000000000000000e+00,0.000000000000000000e+00
7.260549584814812718e-01,0.000000000000000000e+00,0.000000000000000000e+00
7.273639554204769375e-01,0.000000000000000000e+00,0.000000000000000000e+00
7.286729523594728253e-01,0.000000000000000000e+00,0.000000000000000000e+00
7.299819492984684910e-01,0.000000000000000000e+00,0.000000000000000000e+00
7.312909462374641567e-01,0.000000000000000000e+00,0.000000000000000000e+00
7.325999431764600445e-01,0.000000000000000000e+00,0.000000000000000000e+00
7.339089401154557102e-01,0.000000000000000000e+00,0.000000000000000000e+00
7.352179370544513759e-01,0.000000000000000000e+00,0.000000000000000000e+00
7.365269339934472637e-01,0.000000000000000000e+00,0.000000000000000000e+00
7.378359309324429294e-01,0.000000000000000000e+00,0.000000000000000000e+00
7.391449278714388171e-01,0.000000000000000000e+00,0.000000000000000000e+00
7.404539248104344829e-01,0.000000000000000000e+00,0.000000000000000000e+00
7.417629217494301486e-01,0.000000000000000000e+00,0.000000000000000000e+00
7.430719186884260363e-01,0.000000000000000000e+00,0.000000000000000000e+00
7.443809156274217020e-01,0.000000000000000000e+00,0.000000000000000000e+00
7.456899125664173678e-01,0.000000000000000000e+00,0.000000000000000000e+00
7.469989095054132555e-01,0.000000000000000000e+00,0.000000000000000000e+00
7.483079064444089212e-01,0.000000000000000000e+00,0.000000000000000000e+00
7.496169033834048090e-01,0.000000000000000000e+00,0.000000000000000000e+00
7.509259003224004747e-01,0.000000000000000000e+00,0.000000000000000000e+00
7.522348972613961404e-01,0.000000000000000000e+00,0.000000000000000000e+00
7.535438942003920282e-01,0.000000000000000000e+00,0.000000000000000000e+00
7.548528911393876939e-01,0.000000000000000000e+00,0.000000000000000000e+00
7.561618880783833596e-01,0.000000000000000000e+00,0.000000000000000000e+00
7.574708850173792474e-01,0.000000000000000000e+00,0.000000000000000000e+00
7.587798819563749131e-01,0.000000000000000000e+00,0.000000000000000000e+00
7.600888788953708008e-01,0.000000000000000000e+00,0.000000000000000000e+00
7.613978758343664666e-01,0.000000000000000000e+00,0.000000000000000000e+00
7.627068727733621323e-01,0.000000000000000000e+00,0.000000000000000000e+00
7.640158697123580200e-01,0.000000000000000000e+00,0.000000000000000000e+00
7.653248666513536858e-01,0.000000000000000000e+00,0.000000000000000000e+00
7.666338635903493515e-01,0.000000000000000000e+00,0.000000000000000000e+00
7.679428605293452392e-01,0.000000000000000000e+00,0.000000000000000000e+00
7.692518574683409049e-01,0.000000000000000000e+00,0.000000000000000000e+00
7.705608544073367927e-01,0.000000000000000000e+00,0.000000000000000000e+00
7.718698513463324584e-01,0.000000000000000000e+00,0.000000000000000000e+00
7.731788482853281241e-01,0.000000000000000000e+00,0.000000000000000000e+00
7.744878452243240119e-01,0.000000000000000000e+00,0.000000000000000000e+00
7.757968421633196776e-01,0.000000000000000000e+00,0.000000000000000000e+00
7.771058391023153433e-01,0.000000000000000000e+00,0.000000000000000000e+00
7.784148360413112311e-01,0.000000000000000000e+00,0.000000000000000000e+00
7.797238329803068968e-01,0.000000000000000000e+00,0.000000000000000000e+00
7.810328299193027846e-01,0.000000000000000000e+00,0.000000000000000000e+00
7.823418268582984503e-01,0.000000000000000000e+00,0.000000000000000000e+00
7.836508237972943380e-01,0.000000000000000000e+00,0.000000000000000000e+00
7.849598207362900038e-01,0.000000000000000000e+00,0.000000000000000000e+00
7.862688176752856695e-01,0.000000000000000000e+00,0.000000000000000000e+00
7.875778146142813352e-01,0.000000000000000000e+00,0.000000000000000000e+00
7.888868115532772229e-01,0.000000000000000000e+00,0.000000000000000000e+00
7.901958084922728887e-01,0.000000000000000000e+00,0.000000000000000000e+00
7.915048054312685544e-01,0.000000000000000000e+00,0.000000000000000000e+00
7.928138023702642201e-01,0.000000000000000000e+00,0.000000000000000000e+00
7.941227993092601078e-01,0.000000000000000000e+00,0.000000000000000000e+00
7.954317962482557736e-01,0.000000000000000000e+00,0.000000000000000000e+00
7.967407931872514393e-01,0.000000000000000000e+00,0.000000000000000000e+00
7.980497901262471050e-01,0.000000000000000000e+00,0.000000000000000000e+00
7.993587870652429928e-01,0.000000000000000000e+00,0.000000000000000000e+00
8.006677840042386585e-01,0.000000000000000000e+00,0.000000000000000000e+00
8.019767809432343242e-01,0.000000000000000000e+00,0.000000000000000000e+00
8.032857778822299899e-01,0.000000000000000000e+00,0.000000000000000000e+00
8.045947748212258777e-01,0.000000000000000000e+00,0.000000000000000000e+00
8.059037717602215434e-01,0.000000000000000000e+00,0.000000000000000000e+00
8.072127686992172091e-01,0.000000000000000000e+00,0.000000000000000000e+00
8.085217656382128748e-01,0.000000000000000000e+00,0.000000000000000000e+00
8.098307625772087626e-01,0.000000000000000000e+00,0.000000000000000000e+00
8.111397595162044283e-01,0.000000000000000000e+00,0.000000000000000000e+00
8.124487564552000940e-01,0.000000000000000000e+00,0.000000000000000000e+00
8.137577533941957597e-01,0.000000000000000000e+00,0.000000000000000000e+00
8.150667503331916475e-01,0.000000000000000000e+00,0.000000000000000000e+00
8.163757472721873132e-01,0.000000000000000000e+00,0.000000000000000000e+00
8.176847442111829789e-01,0.000000000000000000e+00,0.000000000000000000e+00
8.189937411501786446e-01,0.000000000000000000e+00,0.000000000000000000e+00
8.203027380891745324e-01,0.000000000000000000e+00,0.000000000000000000e+00
8.216117350281701981e-01,0.000000000000000000e+00,0.000000000000000000e+00
8.229207319671658638e-01,0.000000000000000000e+00,0.000000000000000000e+00
8.242297289061615295e-01,0.000000000000000000e+00,0.000000000000000000e+00
8.255387258451574173e-01,0.000000000000000000e+00,0.000000000000000000e+00
8.268477227841530830e-01,0.000000000000000000e+00,0.000000000000000000e+00
8.281567197231487487e-01,0.000000000000000000e+00,0.000000000000000000e+00
8.294657166621444144e-01,0.000000000000000000e+00,0.000000000000000000e+00
8.307747136011403022e-01,0.000000000000000000e+00,0.000000000000000000e+00
8.320837105401359679e-01,0.000000000000000000e+00,0.000000000000000000e+00
8.333927074791316336e-01,0.000000000000000000e+00,0.000000000000000000e+00
8.347017044181272993e-01,0.000000000000000000e+00,0.000000000000000000e+00
8.360107013571231871e-01,0.000000000000000000e+00,0.000000000000000000e+00
8.373196982961188528e-01,0.000000000000000000e+00,0.000000000000000000e+00
8.386286952351145185e-01,0.000000000000000000e+00,0.000000000000000000e+00
8.399376921741101842e-01,0.000000000000000000e+00,0.000000000000000000e+00
8.412466891131060720e-01,0.000000000000000000e+00,0.000000000000000000e+00
8.425556860521017377e-01,0.000000000000000000e+00,0.000000000000000000e+00
8.438646829910974034e-01,0.000000000000000000e+00,0.000000000000000000e+00
8.451736799300930691e-01,0.000000000000000000e+00,0.000000000000000000e+00
8.464826768690889569e-01,0.000000000000000000e+00,0.000000000000000000e+00
8.477916738080846226e-01,0.000000000000000000e+00,0.000000000000000000e+00
8.491006707470802883e-01,0.000000000000000000e+00,0.000000000000000000e+00
8.504096676860759541e-01,0.000000000000000000e+00,0.000000000000000000e+00
8.517186646250718418e-01,0.000000000000000000e+00,0.000000000000000000e+00
8.530276615640675075e-01,0.000000000000000000e+00,0.000000000000000000e+00
8.543366585030631732e-01,0.000000000000000000e+00,0.000000000000000000e+00
8.556456554420588390e-01,0.000000000000000000e+00,0.000000000000000000e+00
8.569546523810547267e-01,0.000000000000000000e+00,0.000000000000000000e+00
8.582636493200503924e-01,0.000000000000000000e+00,0.000000000000000000e+00
8.595726462590460581e-01,0.000000000000000000e+00,0.000000000000000000e+00
8.608816431980417239e-01,0.000000000000000000e+00,0.000000000000000000e+00
8.621906401370376116e-01,0.000000000000000000e+00,0.000000000000000000e+00
8.634996370760332773e-01,0.000000000000000000e+00,0.000000000000000000e+00
8.648086340150289431e-01,0.000000000000000000e+00,0.000000000000000000e+00
8.661176309540246088e-01,0.000000000000000000e+00,0.000000000000000000e+00
8.674266278930204965e-01,0.000000000000000000e+00,0.000000000000000000e+00
8.687356248320161622e-01,0.000000000000000000e+00,0.000000000000000000e+00
8.700446217710118280e-01,0.000000000000000000e+00,0.000000000000000000e+00
8.713536187100074937e-01,0.000000000000000000e+00,0.000000000000000000e+00
8.726626156490033814e-01,0.000000000000000000e+00,0.000000000000000000e+00
8.739716125879990472e-01,0.000000000000000000e+00,0.000000000000000000e+00
8.752806095269947129e-01,0.000000000000000000e+00,0.000000000000000000e+00
8.765896064659903786e-01,0.000000000000000000e+00,0.000000000000000000e+00
8.778986034049862663e-01,0.000000000000000000e+00,0.000000000000000000e+00
8.792076003439819321e-01,0.000000000000000000e+00,0.000000000000000000e+00
8.805165972829775978e-01,0.000000000000000000e+00,0.000000000000000000e+00
8.818255942219732635e-01,0.000000000000000000e+00,0.000000000000000000e+00
8.831345911609691512e-01,0.000000000000000000e+00,0.000000000000000000e+00
8.844435880999648170e-01,0.000000000000000000e+00,0.000000000000000000e+00
8.857525850389604827e-01,0.000000000000000000e+00,0.000000000000000000e+00
8.870615819779561484e-01,0.000000000000000000e+00,0.000000000000000000e+00
8.883705789169520362e-01,0.000000000000000000e+00,0.000000000000000000e+00
8.896795758559477019e-01,0.000000000000000000e+00,0.000000000000000000e+00
8.909885727949433676e-01,0.000000000000000000e+00,0.000000000000000000e+00
8.922975697339390333e-01,0.000000000000000000e+00,0.000000000000000000e+00
8.936065666729349211e-01,0.000000000000000000e+00,0.000000000000000000e+00
8.949155636119305868e-01,0.000000000000000000e+00,0.000000000000000000e+00
8.962245605509262525e-01,0.000000000000000000e+00,0.000000000000000000e+00
8.975335574899219182e-01,0.000000000000000000e+00,0.000000000000000000e+00
8.988425544289178060e-01,0.000000000000000000e+00,0.000000000000000000e+00
9.001515513679134717e-01,0.000000000000000000e+00,0.000000000000000000e+00
9.014605483069091374e-01,0.000000000000000000e+00,0.000000000000000000e+00
9.027695452459048031e-01,0.000000000000000000e+00,0.000000000000000000e+00
9.040785421849006909e-01,0.000000000000000000e+00,0.000000000000000000e+00
9.053875391238963566e-01,0.000000000000000000e+00,0.000000000000000000e+00
9.066965360628920223e-01,0.000000000000000000e+00,0.000000000000000000e+00
9.080055330018876880e-01,0.000000000000000000e+00,0.000000000000000000e+00
9.093145299408835758e-01,0.000000000000000000e+00,0.000000000000000000e+00
9.106235268798792415e-01,0.000000000000000000e+00,0.000000000000000000e+00
9.119325238188749072e-01,0.000000000000000000e+00,0.000000000000000000e+00
9.132415207578705729e-01,0.000000000000000000e+00,0.000000000000000000e+00
9.145505176968664607e-01,0.000000000000000000e+00,0.000000000000000000e+00
9.158595146358621264e-01,0.000000000000000000e+00,0.000000000000000000e+00
9.171685115748577921e-01,0.000000000000000000e+00,0.000000000000000000e+00
9.184775085138534578e-01,0.000000000000000000e+00,0.000000000000000000e+00
9.197865054528493456e-01,0.000000000000000000e+00,0.000000000000000000e+00
9.210955023918450113e-01,0.000000000000000000e+00,0.000000000000000000e+00
9.224044993308406770e-01,0.000000000000000000e+00,0.000000000000000000e+00
9.237134962698363427e-01,0.000000000000000000e+00,0.000000000000000000e+00
9.250224932088322305e-01,0.000000000000000000e+00,0.000000000000000000e+00
9.263314901478278962e-01,0.000000000000000000e+00,0.000000000000000000e+00
9.276404870868235619e-01,0.000000000000000000e+00,0.000000000000000000e+00
9.289494840258192276e-01,0.000000000000000000e+00,0.000000000000000000e+00
9.302584809648151154e-01,0.000000000000000000e+00,0.000000000000000000e+00
9.315674779038107811e-01,0.000000000000000000e+00,0.000000000000000000e+00
9.328764748428064468e-01,0.000000000000000000e+00,0.000000000000000000e+00
9.341854717818021125e-01,0.000000000000000000e+00,0.000000000000000000e+00
9.354944687207980003e-01,0.000000000000000000e+00,0.000000000000000000e+00
9.368034656597936660e-01,0.000000000000000000e+00,0.000000000000000000e+00
9.381124625987893317e-01,0.000000000000000000e+00,0.000000000000000000e+00
9.394214595377849975e-01,0.000000000000000000e+00,0.000000000000000000e+00
9.407304564767808852e-01,0.000000000000000000e+00,0.000000000000000000e+00
9.420394534157765509e-01,0.000000000000000000e+00,0.000000000000000000e+00
9.433484503547722166e-01,0.000000000000000000e+00,0.000000000000000000e+00
9.446574472937678824e-01,0.000000000000000000e+00,-6.661631798271505644e-07
9.459664442327637701e-01,0.000000000000000000e+00,-6.938592409633237423e-06
9.472754411717594358e-01,0.000000000000000000e+00,-9.580223644001240046e-06
9.485844381107551015e-01,0.000000000000000000e+00,-9.937894374270617170e-06
9.498934350497507673e-01,0.000000000000000000e+00,-9.511458279432005725e-06
9.512024319887466550e-01,0.000000000000000000e+00,-9.238432677333152654e-06
9.525114289277423207e-01,0.000000000000000000e+00,-9.088257843861691221e-06
9.538204258667379865e-01,0.000000000000000000e+00,-9.035649476227258781e-06
9.551294228057336522e-01,0.000000000000000000e+00,-9.054774356545558511e-06
9.564384197447295399e-01,0.000000000000000000e+00,-9.115963026939954972e-06
9.577474166837252056e-01,0.000000000000000000e+00,-9.191158414231792584e-06
9.590564136227208714e-01,0.000000000000000000e+00,-9.256855949629771985e-06
9.603654105617165371e-01,0.000000000000000000e+00,-9.312223876040137682e-06
9.616744075007124248e-01,0.000000000000000000e+00,-9.377038129004811040e-06
9.629834044397080905e-01,0.000000000000000000e+00,-9.450574421449031703e-06
9.642924013787037563e-01,0.000000000000000000e+00,-9.513747966080621232e-06
9.656013983176994220e-01,0.000000000000000000e+00,-9.568663339024063852e-06
9.669103952566953097e-01,0.000000000000000000e+00,-9.634837413369234937e-06
9.682193921956909755e-01,0.000000000000000000e+00,-9.710154581038521471e-06
9.695283891346866412e-01,0.000000000000000000e+00,-9.774743016027764853e-06
9.708373860736823069e-01,0.000000000000000000e+00,-9.830606559749210938e-06
9.721463830126781946e-01,0.000000000000000000e+00,-9.898029484534109912e-06
9.734553799516738604e-01,0.000000000000000000e+00,-9.975269732731550931e-06
9.747643768906695261e-01,0.000000000000000000e+00,-1.004225390056900924e-05
9.760733738296651918e-01,0.000000000000000000e+00,-1.010082550423341274e-05
9.773823707686610796e-01,0.000000000000000000e+00,-1.017104920431055604e-05
9.786913677076567453e-01,0.000000000000000000e+00,-1.025079514242743794e-05
9.800003646466524110e-01,0.000000000000000000e+00,-1.031953647995242918e-05
9.813093615856480767e-01,0.000000000000000000e+00,-1.037937180982384522e-05
9.826183585246439645e-01,0.000000000000000000e+00,-1.045126721627154254e-05
9.839273554636396302e-01,0.000000000000000000e+00,-1.053321310059973648e-05
9.852363524026352959e-01,0.000000000000000000e+00,-1.060408817696312234e-05
9.865453493416309616e-01,0.000000000000000000e+00,-1.066602097248015024e-05
9.878543462806268494e-01,0.000000000000000000e+00,-1.074051079909266182e-05
9.891633432196225151e-01,0.000000000000000000e+00,-1.082530355919764098e-05
9.904723401586181808e-01,0.000000000000000000e+00,-1.089838358804551266e-05
9.917813370976138465e-01,0.000000000000000000e+00,-1.096178939569147914e-05
9.930903340366097343e-01,0.000000000000000000e+00,-1.103793032902755655e-05
9.943993309756054000e-01,0.000000000000000000e+00,-1.112498407965234470e-05
9.957083279146010657e-01,0.000000000000000000e+00,-1.120069085099040240e-05
9.970173248535967314e-01,0.000000000000000000e+00,-1.126684330514382548e-05
9.983263217925926192e-01,0.000000000000000000e+00,-1.134559586732364345e-05
9.996353187315882849e-01,0.000000000000000000e+00,-1.143489034498290646e-05
1.000944315670583951e+00,0.000000000000000000e+00,-1.151225570614200500e-05
1.002253312609579616e+00,0.000000000000000000e+00,-1.158005517468141399e-05
1.003562309548575504e+00,0.000000000000000000e+00,-1.166143494837901251e-05
1.004871306487571170e+00,0.000000000000000000e+00,-1.175402464852204343e-05
1.006180303426566836e+00,0.000000000000000000e+00,-1.183411268156076002e-05
1.007489300365562501e+00,0.000000000000000000e+00,-1.190381182221422751e-05
1.008798297304558389e+00,0.000000000000000000e+00,-1.198722565941279239e-05
1.010107294243554055e+00,0.000000000000000000e+00,-1.208232440361167725e-05
1.011416291182549720e+00,0.000000000000000000e+00,-1.216489981485657790e-05
1.012725288121545386e+00,0.000000000000000000e+00,-1.223695148835912683e-05
1.014034285060541274e+00,0.000000000000000000e+00,-1.232288595355568450e-05
1.015343281999536940e+00,0.000000000000000000e+00,-1.242067412421388184e-05
1.016652278938532605e+00,0.000000000000000000e+00,-1.250577440331523960e-05
1.017961275877528271e+00,0.000000000000000000e+00,-1.258022955594184644e-05
1.019270272816524159e+00,0.000000000000000000e+00,-1.266880830169681005e-05
1.020579269755519825e+00,0.000000000000000000e+00,-1.276941224263861141e-05
1.021888266694515490e+00,0.000000000000000000e+00,-1.285705816397864076e-05
1.023197263633511156e+00,0.000000000000000000e+00,-1.293385612452513378e-05
1.024506260572507044e+00,0.000000000000000000e+00,-1.302509565395681967e-05
1.025815257511502709e+00,0.000000000000000000e+00,-1.312863834652955308e-05
1.027124254450498375e+00,0.000000000000000000e+00,-1.321895915845638925e-05
1.028433251389494041e+00,0.000000000000000000e+00,-1.329825341497836710e-05
1.029742248328489929e+00,0.000000000000000000e+00,-1.339253569664078380e-05
1.031051245267485594e+00,0.000000000000000000e+00,-1.349979035945858552e-05
1.032360242206481260e+00,0.000000000000000000e+00,-1.359397960302988206e-05
1.033669239145476926e+00,0.000000000000000000e+00,-1.367718079420265909e-05
1.034978236084472814e+00,0.000000000000000000e+00,-1.377524100351634750e-05
1.036287233023468479e+00,-5.303098153525143132e-06,-1.388504180671601418e-05
1.037596229962464145e+00,-4.982528953784148840e-06,-1.397917022294414835e-05
1.038905226901463807e+00,-4.583821681641842005e-06,-1.405489388331404577e-05
1.040214223840459473e+00,-4.131933300677292920e-06,-1.413348263072655708e-05
1.041523220779455361e+00,-3.584619192809057608e-06,-1.421646038163304482e-05
1.042832217718451027e+00,-2.840163517953131489e-06,-1.428634293387798238e-05
1.044141214657446692e+00,-2.379446361583381631e-06,-1.432887726898757208e-05
1.045450211596442580e+00,1.793758700185943411e-07,-1.433678262698079298e-05
1.046759208535438246e+00,2.484457620466340444e-06,-1.431188417497231136e-05
1.048068205474434134e+00,3.273722637253673184e-06,-1.426328337952864622e-05
1.049377202413429799e+00,3.560840336452875121e-06,-1.420043825157979445e-05
1.050686199352425465e+00,3.561793627315790189e-06,-1.412837838790648171e-05
1.051995196291421353e+00,3.056190498396116340e-06,-1.405624950966133380e-05
1.053304193230417019e+00,2.489270316430314267e-06,-1.399943440266726569e-05
1.054613190169412684e+00,1.868766618784434286e-06,-1.396432657449486747e-05
1.055922187108408572e+00,1.184001274662227488e-06,-1.394218489027265750e-05
1.057231184047404238e+00,3.589172366535997583e-07,-1.392736074680434033e-05
1.058540180986399903e+00,-3.794985450888965772e-07,-1.392318578771756243e-05
1.059849177925395791e+00,-1.007962648263971417e-06,-1.393523514123251594e-05
1.061158174864391457e+00,-1.584784597552513219e-06,-1.396507593987017515e-05
1.062467171803387345e+00,-2.230221075677496501e-06,-1.400548140648161244e-05
1.063776168742383010e+00,-2.697319078537319115e-06,-1.404692108498972747e-05
1.065085165681378676e+00,-3.074144032805259386e-06,-1.409278530439816990e-05
1.066394162620374564e+00,-3.314525580333516075e-06,-1.415434074769628126e-05
1.067703159559370230e+00,-3.628741262889922936e-06,-1.422600167302889851e-05
1.069012156498365895e+00,-3.772051828221378855e-06,-1.429079983225611805e-05
1.070321153437361783e+00,-3.865742885550416119e-06,-1.435042638964212358e-05
1.071630150376357449e+00,-3.860137854555523163e-06,-1.442130848396117049e-05
1.072939147315353114e+00,-3.866599173035778492e-06,-1.450012925545418607e-05
1.074248144254349002e+00,-3.757889373040557146e-06,-1.456808068693582481e-05
1.075557141193344668e+00,-3.703042360789221554e-06,-1.462562130588596077e-05
1.076866138132340556e+00,-3.440802329557346440e-06,-1.468952690508729120e-05
1.078175135071336221e+00,-3.301127096178024800e-06,-1.475842766922308424e-05
1.079484132010331887e+00,-3.132089399698889665e-06,-1.481593329791253133e-05
1.080793128949327775e+00,-2.877605258716497971e-06,-1.486206373120524393e-05
1.082102125888323441e+00,-2.611118024409275762e-06,-1.491075239942740716e-05
1.083411122827319106e+00,-2.385542429372833340e-06,-1.496161486697067389e-05
1.084720119766314994e+00,-2.141313939454936310e-06,-1.500251535617447285e-05
1.086029116705310660e+00,-1.893438511438305660e-06,-1.503328764712597021e-05
1.087338113644306326e+00,-1.539190993285477482e-06,-1.506358366884508193e-05
1.088647110583302213e+00,-1.391973480799335583e-06,-1.509369326335718853e-05
1.089956107522297879e+00,-1.161264011548257535e-06,-1.511668468252846953e-05
1.091265104461293767e+00,-9.522940201817098327e-07,-1.513286941495772808e-05
1.092574101400289432e+00,-6.470298908184402009e-07,-1.514738210339761082e-05
1.093883098339285098e+00,-5.661744772317289787e-07,-1.516017697636429240e-05
1.095192095278280986e+00,-3.726387849678491904e-07,-1.516841235965626922e-05
1.096501092217276652e+00,-1.898911278774839673e-07,-1.517285788782407607e-05
1.097810089156272539e+00,1.886255711347484265e-08,-1.517526403103930388e-05
1.099119086095268205e+00,5.140930788016806474e-08,-1.517532769149121386e-05
1.100428083034263871e+00,1.392558554025313811e-07,-1.517325290058268994e-05
1.101737079973259537e+00,2.548530582957564405e-07,-1.517024679312251045e-05
1.103046076912255424e+00,4.587773563685670908e-07,-1.516557476259616788e-05
1.104355073851251090e+00,3.503816001643178524e-07,-1.515836409687887354e-05
1.105664070790246978e+00,4.293509243830095912e-07,-1.515050016187569071e-05
1.106973067729242644e+00,5.067104850292603047e-07,-1.514363729247791834e-05
1.108282064668238309e+00,5.669212974068749133e-07,-1.513601765661121146e-05
1.109591061607234197e+00,4.656486604776022276e-07,-1.512647752922868793e-05
1.110900058546229863e+00,4.221321096425922903e-07,-1.511755255123592434e-05
1.112209055485225528e+00,4.479023698877870885e-07,-1.511127032029213613e-05
1.113518052424221416e+00,4.681527000088836488e-07,-1.510563347253968125e-05
1.114827049363217082e+00,3.187740445081965746e-07,-1.509881383271460820e-05
1.116136046302212748e+00,2.347230729782268099e-07,-1.509262600785099551e-05
1.117445043241208635e+00,2.673771255651269385e-07,-1.508919304236966408e-05
1.118754040180204301e+00,2.282461597780116591e-07,-1.508734871098760255e-05
1.120063037119200189e+00,9.735213078732041225e-08,-1.508506089753502977e-05
1.121372034058195855e+00,8.482759009109663850e-09,-1.508301906333331388e-05
1.122681030997191520e+00,-4.672558004403803977e-08,-1.508365176415560338e-05
1.123990027936187408e+00,-9.299489316105802317e-08,-1.508734314896453821e-05
1.125299024875183074e+00,-2.580362252341261708e-07,-1.509189106095598643e-05
1.126608021814178739e+00,-3.583720156602465678e-07,-1.509626609680347897e-05
1.127917018753174627e+00,-3.880361946206889456e-07,-1.510250724852391091e-05
1.129226015692170293e+00,-4.230185251530294011e-07,-1.511217269878351033e-05
1.130535012631165959e+00,-5.726349805307284768e-07,-1.512315638145522723e-05
1.131844009570161846e+00,-6.875077420975816977e-07,-1.513325128030262867e-05
1.133153006509157512e+00,-7.422871238504935576e-07,-1.514463769589080577e-05
1.134462003448153400e+00,-7.364946403437544475e-07,-1.516016553231025465e-05
1.135771000387149066e+00,-8.937058585192780846e-07,-1.517749633390963471e-05
1.137079997326144731e+00,-9.659415037416296812e-07,-1.519286107537487496e-05
1.138388994265140619e+00,-1.003511614458552081e-06,-1.520842785418530241e-05
1.139697991204136285e+00,-1.011718185513210688e-06,-1.522863321166967321e-05
1.141006988143131951e+00,-1.170203378697554086e-06,-1.525131808166602099e-05
1.142315985082127838e+00,-1.215778811444745422e-06,-1.527141458179670508e-05
1.143624982021123504e+00,-1.243523358611386964e-06,-1.529080355273937375e-05
1.144933978960119170e+00,-1.197488258289358676e-06,-1.531479006967872980e-05
1.146242975899115057e+00,-1.354664442364261756e-06,-1.534127500510407138e-05
1.147551972838110723e+00,-1.377827211761217807e-06,-1.536433007368054326e-05
1.148860969777106389e+00,-1.344139639064545477e-06,-1.538571382370124141e-05
1.150169966716102277e+00,-1.303257717161221407e-06,-1.541143321896754070e-05
1.151478963655097942e+00,-1.429073331692121140e-06,-1.543956061803020141e-05
1.152787960594093608e+00,-1.412359191751977328e-06,-1.546372124168471363e-05
1.154096957533089496e+00,-1.409997283680075597e-06,-1.548579351227930001e-05
1.155405954472085162e+00,-1.364387521150811633e-06,-1.551234709079585272e-05
1.156714951411081049e+00,-1.445569276198321873e-06,-1.554135959563884839e-05
1.158023948350076715e+00,-1.389045151740930795e-06,-1.556583633688379820e-05
1.159332945289072381e+00,-1.381113644324805101e-06,-1.558737772687501799e-05
1.160641942228068269e+00,-1.319345223446677373e-06,-1.561285356410646585e-05
1.161950939167063934e+00,-1.363999278872207732e-06,-1.564063362516354694e-05
1.163259936106059600e+00,-1.338870509480505344e-06,-1.566395339036574796e-05
1.164568933045055488e+00,-1.279378784510565303e-06,-1.568432361487293036e-05
1.165877929984051153e+00,-1.240730911278992155e-06,-1.570829027507103515e-05
1.167186926923046819e+00,-1.273748518808986985e-06,-1.573435592658323223e-05
1.168495923862042707e+00,-1.268662372953810458e-06,-1.575623383354152196e-05
1.169804920801038373e+00,-1.220606878390984029e-06,-1.577532513546975323e-05
1.171113917740034260e+00,-1.059107120171542959e-06,-1.579752652046406691e-05
1.172422914679029926e+00,-1.166185213143794419e-06,-1.582129574854984622e-05
1.173731911618025592e+00,-1.167188351126197121e-06,-1.584088196268651494e-05
1.175040908557021480e+00,-9.948170583522208954e-07,-1.585749190345653314e-05
1.176349905496017145e+00,-9.221225973597702019e-07,-1.587633550667599813e-05
1.177658902435013033e+00,-1.009772013723514439e-06,-1.589630236409345088e-05
1.178967899374008699e+00,-9.382837435067958864e-07,-1.591294001050680418e-05
1.180276896313004364e+00,-8.665670753263410298e-07,-1.592740765501976519e-05
1.181585893252000252e+00,-7.543764065833652444e-07,-1.594346052787021240e-05
1.182894890190995918e+00,-8.329622511737966306e-07,-1.595980413729436442e-05
1.184203887129991584e+00,-7.650270609591697246e-07,-1.597312306957088257e-05
1.185512884068987471e+00,-7.435425518394905842e-07,-1.598495804731869807e-05
1.186821881007983137e+00,-5.698932126528902242e-07,-1.599840693597420760e-05
1.188130877946978803e+00,-6.650737476221121880e-07,-1.601185969590801506e-05
1.189439874885974691e+00,-6.250020978234085978e-07,-1.602232292302607775e-05
1.190748871824970356e+00,-5.185556178370284708e-07,-1.603128664574848816e-05
1.192057868763966244e+00,-4.386521846601841579e-07,-1.604158054223370211e-05
1.193366865702961910e+00,-5.618577205179255130e-07,-1.605195000610459832e-05
1.194675862641957576e+00,-4.759824544518830372e-07,-1.606018005007037175e-05
1.195984859580953463e+00,-4.353626400920192208e-07,-1.606758542400943401e-05
1.197293856519949129e+00,-3.025745529275716827e-07,-1.607595790771576549e-05
1.198602853458945017e+00,-3.907534286669636647e-07,-1.608397461372312875e-05
1.199911850397940682e+00,-4.467682503889527923e-07,-1.609024595941588309e-05
1.201220847336936348e+00,-3.212465856843385592e-07,-1.609620450894466703e-05
1.202529844275932236e+00,-1.951295503128946951e-07,-1.610288804279602637e-05
1.203838841214927902e+00,-3.121424657949456449e-07,-1.610868037889290338e-05
1.205147838153923567e+00,-2.875408897807379960e-07,-1.611256031944230394e-05
1.206456835092919455e+00,-2.083197311597562162e-07,-1.611645158354491070e-05
1.207765832031915121e+00,-1.625563370057092616e-07,-1.612174642043329165e-05
1.209074828970910787e+00,-2.350756833652961619e-07,-1.612674753753706725e-05
1.210383825909906674e+00,-2.937684245342409017e-07,-1.613011332854408231e-05
1.211692822848902340e+00,-1.736353700369785980e-07,-1.613338034339717453e-05
1.213001819787898228e+00,-7.451383439785463914e-08,-1.613780954104471199e-05
1.214310816726893894e+00,-2.550602545316194014e-07,-1.614198815701184397e-05
1.215619813665889559e+00,-2.358025347343195577e-07,-1.614498655964913265e-05
1.216928810604885447e+00,-1.458806742279938895e-07,-1.614830107102283030e-05
1.218237807543881113e+00,-1.069262162561868124e-07,-1.615256658707431292e-05
1.219546804482877000e+00,-1.779924684690292747e-07,-1.615600059780286646e-05
1.220855801421872666e+00,-2.517217390571313551e-07,-1.615769591643834158e-05
1.222164798360868332e+00,-1.184881072008314717e-07,-1.615983669929488276e-05
1.223473795299864220e+00,-6.749034184988511598e-08,-1.616410145902080764e-05
1.224782792238859885e+00,-1.775084617038069634e-07,-1.616861260128610311e-05
1.226091789177855551e+00,-2.028558146877079693e-07,-1.617153487218359054e-05
1.227400786116851439e+00,-2.296518021790983077e-07,-1.617368412465403082e-05
1.228709783055847105e+00,-4.948250061087566820e-08,-1.617619547754356457e-05
1.230018779994842770e+00,-2.476778252005762404e-07,-1.617901040668057178e-05
1.231327776933838658e+00,-2.417340439417325904e-07,-1.618322693978935245e-05
1.232636773872834324e+00,-2.637085040821385284e-07,-1.618977386499964588e-05
1.233945770811830211e+00,-2.227411149205438257e-07,-1.619605454858397131e-05
1.235254767750825877e+00,-3.582390365602927673e-07,-1.619964366732229433e-05
1.236563764689821543e+00,-3.960179714365685832e-07,-1.620160896231848113e-05
1.237872761628817431e+00,-3.608196122856233146e-07,-1.620618008875418514e-05
1.239181758567813096e+00,-3.777249497349810525e-07,-1.621598075186858612e-05
1.240490755506808984e+00,-5.867526657321597838e-07,-1.622819453123147682e-05
1.241799752445804650e+00,-6.741502298415746885e-07,-1.623927815919135043e-05
1.243108749384800316e+00,-8.227876077335216642e-07,-1.625138834036865543e-05
1.244417746323796203e+00,-7.670443625540368515e-07,-1.626901822636417361e-05
1.245726743262791869e+00,-1.062084049728573287e-06,-1.629064072487806936e-05
1.247035740201787535e+00,-1.364982694339322844e-06,-1.631209498585695084e-05
1.248344737140783423e+00,-1.621264503356978359e-06,-1.635006168959618478e-05
1.249653734079779088e+00,-2.066644980910914420e-06,-1.642615059475882600e-05
1.250962731018774754e+00,-2.814852406031465026e-06,-1.652085480201292977e-05
1.252271727957770642e+00,-3.633048265498650675e-06,-1.658895829700912650e-05
1.253580724896766307e+00,-4.640168954794798850e-06,-1.659678804664943552e-05
1.254889721835762195e+00,-3.574221839656999133e-06,-1.560750445075975712e-05
1.256198718774757861e+00,8.515594128455372669e-07,-1.218073039484235398e-05
