# Exudyn: solution of belt drive, contact forces over belt length
# Exudyn output file
# Exudyn version=1.2.34.dev1
# endTime=2.45
# stepSize=5e-05
# nSegments=4
# nANCFnodes=240
# contactStiffnessPerArea=100000000.0
# frictionStiffnessPerArea=10000000.0
# contactStiffness=418879.02047863905
# frictionStiffness=52359.87755982989
# contactDamping=8.377580409572781
# frictionVelocityPenalty=10.658804477222144
# dryFriction=0.5
# 
1.085033070675534006e-03,5.146791844996839700e+02,-2.804178370395762977e+04
2.394030009671199721e-03,0.000000000000000000e+00,0.000000000000000000e+00
3.703026948666865437e-03,0.000000000000000000e+00,0.000000000000000000e+00
5.012023887662753197e-03,0.000000000000000000e+00,0.000000000000000000e+00
6.321020826658418912e-03,0.000000000000000000e+00,0.000000000000000000e+00
7.630017765654084627e-03,0.000000000000000000e+00,0.000000000000000000e+00
8.939014704649750342e-03,0.000000000000000000e+00,0.000000000000000000e+00
1.024801164364563810e-02,0.000000000000000000e+00,0.000000000000000000e+00
1.155700858264130382e-02,0.000000000000000000e+00,0.000000000000000000e+00
1.286600552163696953e-02,0.000000000000000000e+00,0.000000000000000000e+00
1.417500246063263525e-02,0.000000000000000000e+00,0.000000000000000000e+00
1.548399939962852301e-02,0.000000000000000000e+00,0.000000000000000000e+00
1.679299633862418872e-02,0.000000000000000000e+00,0.000000000000000000e+00
1.810199327761985444e-02,0.000000000000000000e+00,0.000000000000000000e+00
1.941099021661552015e-02,0.000000000000000000e+00,0.000000000000000000e+00
2.071998715561140791e-02,0.000000000000000000e+00,0.000000000000000000e+00
2.202898409460707363e-02,0.000000000000000000e+00,0.000000000000000000e+00
2.333798103360273934e-02,0.000000000000000000e+00,0.000000000000000000e+00
2.464697797260240186e-02,0.000000000000000000e+00,0.000000000000000000e+00
2.595597491159828962e-02,0.000000000000000000e+00,0.000000000000000000e+00
2.726497185059395534e-02,0.000000000000000000e+00,0.000000000000000000e+00
2.857396878958962105e-02,0.000000000000000000e+00,0.000000000000000000e+00
2.988296572858550881e-02,0.000000000000000000e+00,0.000000000000000000e+00
3.119196266758117453e-02,0.000000000000000000e+00,0.000000000000000000e+00
3.250095960657684024e-02,0.000000000000000000e+00,0.000000000000000000e+00
3.380995654557272800e-02,0.000000000000000000e+00,0.000000000000000000e+00
3.511895348456839372e-02,0.000000000000000000e+00,0.000000000000000000e+00
3.642795042356405943e-02,0.000000000000000000e+00,0.000000000000000000e+00
3.773694736255994719e-02,0.000000000000000000e+00,0.000000000000000000e+00
3.904594430155561291e-02,0.000000000000000000e+00,0.000000000000000000e+00
4.035494124055150067e-02,0.000000000000000000e+00,0.000000000000000000e+00
4.166393817954716638e-02,0.000000000000000000e+00,0.000000000000000000e+00
4.297293511854283210e-02,0.000000000000000000e+00,0.000000000000000000e+00
4.428193205753871986e-02,0.000000000000000000e+00,0.000000000000000000e+00
4.559092899653438558e-02,0.000000000000000000e+00,0.000000000000000000e+00
4.689992593553005129e-02,0.000000000000000000e+00,0.000000000000000000e+00
4.820892287452593905e-02,0.000000000000000000e+00,0.000000000000000000e+00
4.951791981352160477e-02,0.000000000000000000e+00,0.000000000000000000e+00
5.082691675251749253e-02,0.000000000000000000e+00,0.000000000000000000e+00
5.213591369151315824e-02,0.000000000000000000e+00,0.000000000000000000e+00
5.344491063050882396e-02,0.000000000000000000e+00,0.000000000000000000e+00
5.475390756950471172e-02,0.000000000000000000e+00,0.000000000000000000e+00
5.606290450850037743e-02,0.000000000000000000e+00,0.000000000000000000e+00
5.737190144749604315e-02,0.000000000000000000e+00,0.000000000000000000e+00
5.868089838649193091e-02,0.000000000000000000e+00,0.000000000000000000e+00
5.998989532548759662e-02,0.000000000000000000e+00,0.000000000000000000e+00
6.129889226448326234e-02,0.000000000000000000e+00,0.000000000000000000e+00
6.260788920347915010e-02,0.000000000000000000e+00,0.000000000000000000e+00
6.391688614247481581e-02,0.000000000000000000e+00,0.000000000000000000e+00
6.522588308147070357e-02,0.000000000000000000e+00,0.000000000000000000e+00
6.653488002046636929e-02,0.000000000000000000e+00,0.000000000000000000e+00
6.784387695946203500e-02,0.000000000000000000e+00,0.000000000000000000e+00
6.915287389845792276e-02,0.000000000000000000e+00,0.000000000000000000e+00
7.046187083745358848e-02,0.000000000000000000e+00,0.000000000000000000e+00
7.177086777644925419e-02,0.000000000000000000e+00,0.000000000000000000e+00
7.307986471544514195e-02,0.000000000000000000e+00,0.000000000000000000e+00
7.438886165444080767e-02,0.000000000000000000e+00,0.000000000000000000e+00
7.569785859343647338e-02,0.000000000000000000e+00,0.000000000000000000e+00
7.700685553243236114e-02,0.000000000000000000e+00,0.000000000000000000e+00
7.831585247142802686e-02,0.000000000000000000e+00,0.000000000000000000e+00
7.962484941042391462e-02,0.000000000000000000e+00,0.000000000000000000e+00
8.093384634941958033e-02,0.000000000000000000e+00,0.000000000000000000e+00
8.224284328841524605e-02,0.000000000000000000e+00,0.000000000000000000e+00
8.355184022741113381e-02,0.000000000000000000e+00,0.000000000000000000e+00
8.486083716640679953e-02,0.000000000000000000e+00,0.000000000000000000e+00
8.616983410540246524e-02,0.000000000000000000e+00,0.000000000000000000e+00
8.747883104439835300e-02,0.000000000000000000e+00,0.000000000000000000e+00
8.878782798339401872e-02,0.000000000000000000e+00,0.000000000000000000e+00
9.009682492238990648e-02,0.000000000000000000e+00,0.000000000000000000e+00
9.140582186138557219e-02,0.000000000000000000e+00,0.000000000000000000e+00
9.271481880038123791e-02,0.000000000000000000e+00,0.000000000000000000e+00
9.402381573937712567e-02,0.000000000000000000e+00,0.000000000000000000e+00
9.533281267837279138e-02,0.000000000000000000e+00,0.000000000000000000e+00
9.664180961736845710e-02,0.000000000000000000e+00,0.000000000000000000e+00
9.795080655636434486e-02,0.000000000000000000e+00,0.000000000000000000e+00
9.925980349536001057e-02,0.000000000000000000e+00,0.000000000000000000e+00
1.005688004343556763e-01,0.000000000000000000e+00,0.000000000000000000e+00
1.018777973733515640e-01,0.000000000000000000e+00,0.000000000000000000e+00
1.031867943123472298e-01,0.000000000000000000e+00,0.000000000000000000e+00
1.044957912513428955e-01,0.000000000000000000e+00,0.000000000000000000e+00
1.058047881903387832e-01,0.000000000000000000e+00,0.000000000000000000e+00
1.071137851293344490e-01,0.000000000000000000e+00,0.000000000000000000e+00
1.084227820683301147e-01,0.000000000000000000e+00,0.000000000000000000e+00
1.097317790073260024e-01,0.000000000000000000e+00,0.000000000000000000e+00
1.110407759463216681e-01,0.000000000000000000e+00,0.000000000000000000e+00
1.123497728853175559e-01,0.000000000000000000e+00,0.000000000000000000e+00
1.136587698243132216e-01,0.000000000000000000e+00,0.000000000000000000e+00
1.149677667633088873e-01,0.000000000000000000e+00,0.000000000000000000e+00
1.162767637023047751e-01,0.000000000000000000e+00,0.000000000000000000e+00
1.175857606413004408e-01,0.000000000000000000e+00,0.000000000000000000e+00
1.188947575802961065e-01,0.000000000000000000e+00,0.000000000000000000e+00
1.202037545192919943e-01,0.000000000000000000e+00,0.000000000000000000e+00
1.215127514582876600e-01,0.000000000000000000e+00,0.000000000000000000e+00
1.228217483972833257e-01,0.000000000000000000e+00,0.000000000000000000e+00
1.241307453362792135e-01,0.000000000000000000e+00,0.000000000000000000e+00
1.254397422752748792e-01,0.000000000000000000e+00,0.000000000000000000e+00
1.267487392142707670e-01,0.000000000000000000e+00,0.000000000000000000e+00
1.280577361532664327e-01,0.000000000000000000e+00,0.000000000000000000e+00
1.293667330922620984e-01,0.000000000000000000e+00,0.000000000000000000e+00
1.306757300312579861e-01,0.000000000000000000e+00,0.000000000000000000e+00
1.319847269702536519e-01,0.000000000000000000e+00,0.000000000000000000e+00
1.332937239092493176e-01,0.000000000000000000e+00,0.000000000000000000e+00
1.346027208482452053e-01,0.000000000000000000e+00,0.000000000000000000e+00
1.359117177872408710e-01,0.000000000000000000e+00,0.000000000000000000e+00
1.372207147262365368e-01,0.000000000000000000e+00,0.000000000000000000e+00
1.385297116652324245e-01,0.000000000000000000e+00,0.000000000000000000e+00
1.398387086042280902e-01,0.000000000000000000e+00,0.000000000000000000e+00
1.411477055432239780e-01,0.000000000000000000e+00,0.000000000000000000e+00
1.424567024822196437e-01,0.000000000000000000e+00,0.000000000000000000e+00
1.437656994212153094e-01,0.000000000000000000e+00,0.000000000000000000e+00
1.450746963602111972e-01,0.000000000000000000e+00,0.000000000000000000e+00
1.463836932992068629e-01,0.000000000000000000e+00,0.000000000000000000e+00
1.476926902382025286e-01,0.000000000000000000e+00,0.000000000000000000e+00
1.490016871771984164e-01,0.000000000000000000e+00,0.000000000000000000e+00
1.503106841161940821e-01,0.000000000000000000e+00,0.000000000000000000e+00
1.516196810551897478e-01,0.000000000000000000e+00,0.000000000000000000e+00
1.529286779941856356e-01,0.000000000000000000e+00,0.000000000000000000e+00
1.542376749331813013e-01,0.000000000000000000e+00,0.000000000000000000e+00
1.555466718721771890e-01,0.000000000000000000e+00,0.000000000000000000e+00
1.568556688111728548e-01,0.000000000000000000e+00,0.000000000000000000e+00
1.581646657501685205e-01,0.000000000000000000e+00,0.000000000000000000e+00
1.594736626891644082e-01,0.000000000000000000e+00,0.000000000000000000e+00
1.607826596281600740e-01,0.000000000000000000e+00,0.000000000000000000e+00
1.620916565671557397e-01,0.000000000000000000e+00,0.000000000000000000e+00
1.634006535061516274e-01,0.000000000000000000e+00,0.000000000000000000e+00
1.647096504451472931e-01,0.000000000000000000e+00,0.000000000000000000e+00
1.660186473841429589e-01,0.000000000000000000e+00,0.000000000000000000e+00
1.673276443231388466e-01,0.000000000000000000e+00,0.000000000000000000e+00
1.686366412621345123e-01,0.000000000000000000e+00,0.000000000000000000e+00
1.699456382011304001e-01,0.000000000000000000e+00,0.000000000000000000e+00
1.712546351401260658e-01,0.000000000000000000e+00,0.000000000000000000e+00
1.725636320791217315e-01,0.000000000000000000e+00,0.000000000000000000e+00
1.738726290181176193e-01,0.000000000000000000e+00,0.000000000000000000e+00
1.751816259571132850e-01,0.000000000000000000e+00,0.000000000000000000e+00
1.764906228961091728e-01,0.000000000000000000e+00,0.000000000000000000e+00
1.777996198351048385e-01,0.000000000000000000e+00,0.000000000000000000e+00
1.791086167741005042e-01,0.000000000000000000e+00,0.000000000000000000e+00
1.804176137130963919e-01,0.000000000000000000e+00,0.000000000000000000e+00
1.817266106520920577e-01,0.000000000000000000e+00,0.000000000000000000e+00
1.830356075910877234e-01,0.000000000000000000e+00,0.000000000000000000e+00
1.843446045300836111e-01,0.000000000000000000e+00,0.000000000000000000e+00
1.856536014690792769e-01,0.000000000000000000e+00,0.000000000000000000e+00
1.869625984080749426e-01,0.000000000000000000e+00,0.000000000000000000e+00
1.882715953470708303e-01,0.000000000000000000e+00,0.000000000000000000e+00
1.895805922860664960e-01,0.000000000000000000e+00,0.000000000000000000e+00
1.908895892250623838e-01,0.000000000000000000e+00,0.000000000000000000e+00
1.921985861640580495e-01,0.000000000000000000e+00,0.000000000000000000e+00
1.935075831030537152e-01,0.000000000000000000e+00,0.000000000000000000e+00
1.948165800420496030e-01,0.000000000000000000e+00,0.000000000000000000e+00
1.961255769810452687e-01,0.000000000000000000e+00,0.000000000000000000e+00
1.974345739200411565e-01,0.000000000000000000e+00,0.000000000000000000e+00
1.987435708590368222e-01,0.000000000000000000e+00,0.000000000000000000e+00
2.000525677980324879e-01,0.000000000000000000e+00,0.000000000000000000e+00
2.013615647370283757e-01,0.000000000000000000e+00,0.000000000000000000e+00
2.026705616760240414e-01,0.000000000000000000e+00,0.000000000000000000e+00
2.039795586150197071e-01,0.000000000000000000e+00,0.000000000000000000e+00
2.052885555540155949e-01,0.000000000000000000e+00,0.000000000000000000e+00
2.065975524930112606e-01,0.000000000000000000e+00,0.000000000000000000e+00
2.079065494320069263e-01,0.000000000000000000e+00,0.000000000000000000e+00
2.092155463710028140e-01,0.000000000000000000e+00,0.000000000000000000e+00
2.105245433099984798e-01,0.000000000000000000e+00,0.000000000000000000e+00
2.118335402489943675e-01,0.000000000000000000e+00,0.000000000000000000e+00
2.131425371879900332e-01,0.000000000000000000e+00,0.000000000000000000e+00
2.144515341269856989e-01,0.000000000000000000e+00,0.000000000000000000e+00
2.157605310659815867e-01,0.000000000000000000e+00,0.000000000000000000e+00
2.170695280049772524e-01,0.000000000000000000e+00,0.000000000000000000e+00
2.183785249439731402e-01,0.000000000000000000e+00,0.000000000000000000e+00
2.196875218829688059e-01,0.000000000000000000e+00,0.000000000000000000e+00
2.209965188219644716e-01,0.000000000000000000e+00,0.000000000000000000e+00
2.223055157609603594e-01,0.000000000000000000e+00,0.000000000000000000e+00
2.236145126999560251e-01,0.000000000000000000e+00,0.000000000000000000e+00
2.249235096389516908e-01,0.000000000000000000e+00,0.000000000000000000e+00
2.262325065779475786e-01,0.000000000000000000e+00,0.000000000000000000e+00
2.275415035169432443e-01,0.000000000000000000e+00,0.000000000000000000e+00
2.288505004559389100e-01,0.000000000000000000e+00,0.000000000000000000e+00
2.301594973949347978e-01,0.000000000000000000e+00,0.000000000000000000e+00
2.314684943339304635e-01,0.000000000000000000e+00,0.000000000000000000e+00
2.327774912729263512e-01,0.000000000000000000e+00,0.000000000000000000e+00
2.340864882119220169e-01,0.000000000000000000e+00,0.000000000000000000e+00
2.353954851509176827e-01,0.000000000000000000e+00,0.000000000000000000e+00
2.367044820899135704e-01,0.000000000000000000e+00,0.000000000000000000e+00
2.380134790289092361e-01,0.000000000000000000e+00,0.000000000000000000e+00
2.393224759679051239e-01,0.000000000000000000e+00,0.000000000000000000e+00
2.406314729069007896e-01,0.000000000000000000e+00,0.000000000000000000e+00
2.419404698458964553e-01,0.000000000000000000e+00,0.000000000000000000e+00
2.432494667848923431e-01,0.000000000000000000e+00,0.000000000000000000e+00
2.445584637238880088e-01,0.000000000000000000e+00,0.000000000000000000e+00
2.458674606628836745e-01,0.000000000000000000e+00,0.000000000000000000e+00
2.471764576018795623e-01,0.000000000000000000e+00,0.000000000000000000e+00
2.484854545408752280e-01,0.000000000000000000e+00,0.000000000000000000e+00
2.497944514798708937e-01,0.000000000000000000e+00,0.000000000000000000e+00
2.511034484188667815e-01,0.000000000000000000e+00,0.000000000000000000e+00
2.524124453578624472e-01,0.000000000000000000e+00,0.000000000000000000e+00
2.537214422968583349e-01,0.000000000000000000e+00,0.000000000000000000e+00
2.550304392358540007e-01,0.000000000000000000e+00,0.000000000000000000e+00
2.563394361748496664e-01,0.000000000000000000e+00,0.000000000000000000e+00
2.576484331138455541e-01,0.000000000000000000e+00,0.000000000000000000e+00
2.589574300528412198e-01,0.000000000000000000e+00,0.000000000000000000e+00
2.602664269918369966e-01,0.000000000000000000e+00,0.000000000000000000e+00
2.615754239308327733e-01,0.000000000000000000e+00,0.000000000000000000e+00
2.628844208698284390e-01,0.000000000000000000e+00,0.000000000000000000e+00
2.641934178088242158e-01,0.000000000000000000e+00,0.000000000000000000e+00
2.655024147478199925e-01,0.000000000000000000e+00,0.000000000000000000e+00
2.668114116868157693e-01,0.000000000000000000e+00,0.000000000000000000e+00
2.681204086258115460e-01,0.000000000000000000e+00,0.000000000000000000e+00
2.694294055648072117e-01,0.000000000000000000e+00,0.000000000000000000e+00
2.707384025038029884e-01,0.000000000000000000e+00,0.000000000000000000e+00
2.720473994427987652e-01,0.000000000000000000e+00,0.000000000000000000e+00
2.733563963817944309e-01,0.000000000000000000e+00,0.000000000000000000e+00
2.746653933207903187e-01,0.000000000000000000e+00,0.000000000000000000e+00
2.759743902597859844e-01,0.000000000000000000e+00,0.000000000000000000e+00
2.772833871987816501e-01,0.000000000000000000e+00,0.000000000000000000e+00
2.785923841377775378e-01,0.000000000000000000e+00,0.000000000000000000e+00
2.799013810767732036e-01,0.000000000000000000e+00,0.000000000000000000e+00
2.812103780157689803e-01,0.000000000000000000e+00,0.000000000000000000e+00
2.825193749547647570e-01,0.000000000000000000e+00,0.000000000000000000e+00
2.838283718937604228e-01,0.000000000000000000e+00,0.000000000000000000e+00
2.851373688327561995e-01,0.000000000000000000e+00,0.000000000000000000e+00
2.864463657717519762e-01,0.000000000000000000e+00,0.000000000000000000e+00
2.877553627107476419e-01,0.000000000000000000e+00,0.000000000000000000e+00
2.890643596497435297e-01,0.000000000000000000e+00,0.000000000000000000e+00
2.903733565887391954e-01,0.000000000000000000e+00,0.000000000000000000e+00
2.916823535277349722e-01,0.000000000000000000e+00,0.000000000000000000e+00
2.929913504667307489e-01,0.000000000000000000e+00,0.000000000000000000e+00
2.943003474057264146e-01,0.000000000000000000e+00,0.000000000000000000e+00
2.956093443447221913e-01,0.000000000000000000e+00,0.000000000000000000e+00
2.969183412837179681e-01,0.000000000000000000e+00,0.000000000000000000e+00
2.982273382227136338e-01,0.000000000000000000e+00,0.000000000000000000e+00
2.995363351617095216e-01,0.000000000000000000e+00,0.000000000000000000e+00
3.008453321007051873e-01,0.000000000000000000e+00,0.000000000000000000e+00
3.021543290397009640e-01,0.000000000000000000e+00,0.000000000000000000e+00
3.034633259786967407e-01,1.978673464471878469e+04,-3.957346928943756939e+04
3.047723229176924065e-01,3.328194168579559482e+04,-6.656388337159118964e+04
3.060813198566881832e-01,3.928654037555037212e+04,-7.857308075110074424e+04
3.073903167956839599e-01,4.109646636248605500e+04,-8.219293272497211001e+04
3.086993137346796257e-01,4.143003746323214000e+04,-8.286007492646428000e+04
3.100083106736755134e-01,4.135559844364274613e+04,-8.271119688728549227e+04
3.113173076126711791e-01,4.112602913684705709e+04,-8.225205827369411418e+04
3.126263045516669559e-01,4.088516396757396433e+04,-8.177032793514792866e+04
3.139353014906627326e-01,4.060049846999342844e+04,-8.120099693998685689e+04
3.152442984296583983e-01,4.026693176248244708e+04,-8.053386352496489417e+04
3.165532953686541751e-01,3.997247789148706215e+04,-7.994495578297412430e+04
3.178622923076499518e-01,3.972631574652353447e+04,-7.945263149304706894e+04
3.191712892466456175e-01,3.944599903765258932e+04,-7.889199807530517865e+04
3.204802861856415053e-01,3.912312383210629923e+04,-7.824624766421259847e+04
3.217892831246371710e-01,3.883557671598308661e+04,-7.767115343196617323e+04
3.230982800636329477e-01,3.859188171188237902e+04,-7.718376342376475804e+04
3.244072770026287245e-01,3.831951178112371417e+04,-7.663902356224742834e+04
3.257162739416243902e-01,3.801156224355890299e+04,-7.602312448711780598e+04
3.270252708806201669e-01,3.773797712861290347e+04,-7.547595425722580694e+04
3.283342678196159437e-01,3.750235793768952135e+04,-7.500471587537904270e+04
3.296432647586116094e-01,3.723407688244289602e+04,-7.446815376488579204e+04
3.309522616976074971e-01,3.693040567263755656e+04,-7.386081134527511313e+04
3.322612586366031628e-01,3.666410337029957736e+04,-7.332820674059915473e+04
3.335702555755989396e-01,3.644012384195737104e+04,-7.288024768391474208e+04
3.348792525145947163e-01,3.618556105930737249e+04,-7.237112211861474498e+04
3.361882494535903820e-01,3.589363540495697816e+04,-7.178727080991395633e+04
3.374972463925861588e-01,3.563333896033619385e+04,-7.126667792067238770e+04
3.388062433315819355e-01,3.541165359343210730e+04,-7.082330718686421460e+04
3.401152402705776012e-01,3.516318180337344529e+04,-7.032636360674689058e+04
3.414242372095734890e-01,3.488208857788644673e+04,-6.976417715577289346e+04
3.427332341485691547e-01,3.463209353852534696e+04,-6.926418707705069392e+04
3.440422310875649314e-01,3.441803195386646985e+04,-6.883606390773293970e+04
3.453512280265607082e-01,3.417690701249696576e+04,-6.835381402499393153e+04
3.466602249655563739e-01,3.390399638325279375e+04,-6.780799276650558750e+04
3.479692219045521506e-01,3.366148302961931768e+04,-6.732296605923863535e+04
3.492782188435479274e-01,3.345398335120408592e+04,-6.690796670240817184e+04
3.505872157825435931e-01,3.321991088483820204e+04,-6.643982176967640407e+04
3.518962127215394808e-01,3.295497332332754013e+04,-6.590994664665508026e+04
3.532052096605351466e-01,3.272050454365496262e+04,-6.544100908730992523e+04
3.545142065995309233e-01,3.252048539190158044e+04,-6.504097078380316088e+04
3.558232035385267000e-01,3.229334295618430406e+04,-6.458668591236860811e+04
3.571322004775223657e-01,3.203514649159545661e+04,-6.407029298319091322e+04
3.584411974165181425e-01,3.180751506710130707e+04,-6.361503013420261414e+04
3.597501943555139192e-01,3.161470915218442315e+04,-6.322941830436884629e+04
3.610591912945095849e-01,3.139513142001294909e+04,-6.279026284002589819e+04
3.623681882335054727e-01,3.114432811932047116e+04,-6.228865623864094232e+04
3.636771851725011384e-01,3.092318070982080826e+04,-6.184636141964161652e+04
3.649861821114969151e-01,3.073634606581971821e+04,-6.147269213163943641e+04
3.662951790504926919e-01,3.052355437091244312e+04,-6.104710874182488624e+04
3.676041759894883576e-01,3.028013960333246359e+04,-6.056027920666492719e+04
3.689131729284841343e-01,3.006543194730452524e+04,-6.013086389460905048e+04
3.702221698674799111e-01,2.988433430016277998e+04,-5.976866860032555996e+04
3.715311668064755768e-01,2.967844154417492246e+04,-5.935688308834984491e+04
3.728401637454714646e-01,2.944275502960452286e+04,-5.888551005920904572e+04
3.741491606844671303e-01,2.923425476687174159e+04,-5.846850953374348319e+04
3.754581576234629070e-01,2.905790855062595438e+04,-5.811581710125190875e+04
3.767671545624586837e-01,2.885795074528064288e+04,-5.771590149056128575e+04
3.780761515014543495e-01,2.862969198234257055e+04,-5.725938396468514111e+04
3.793851484404501262e-01,2.842794879760965341e+04,-5.685589759521930682e+04
3.806941453794459029e-01,2.825706109039774310e+04,-5.651412218079548620e+04
3.820031423184415686e-01,2.806268985489862825e+04,-5.612537970979725651e+04
3.833121392574374564e-01,2.784068401375709800e+04,-5.568136802751419600e+04
3.846211361964331221e-01,2.764501262316661450e+04,-5.529002524633322901e+04
3.859301331354288989e-01,2.747986545259257036e+04,-5.495973090518514073e+04
3.872391300744246756e-01,2.729148671607928918e+04,-5.458297343215857836e+04
3.885481270134203413e-01,2.707558279385398055e+04,-5.415116558770796109e+04
3.898571239524161181e-01,2.688522000573746118e+04,-5.377044001147492236e+04
3.911661208914118948e-01,2.672505363704365300e+04,-5.345010727408730600e+04
3.924751178304075605e-01,2.654281722112555508e+04,-5.308563444225111016e+04
3.937841147694034483e-01,2.633372977685737351e+04,-5.266745955371474702e+04
3.950931117083991140e-01,2.614873306959785623e+04,-5.229746613919571246e+04
3.964021086473948907e-01,2.599256423623499722e+04,-5.198512847246999445e+04
3.977111055863906675e-01,2.581541264799854252e+04,-5.163082529599708505e+04
3.990201025253863332e-01,2.561287119437127330e+04,-5.122574238874254661e+04
4.003290994643821099e-01,2.543402223808400231e+04,-5.086804447616800462e+04
4.016380964033778866e-01,2.528279032955621369e+04,-5.056558065911242738e+04
4.029470933423735524e-01,2.511024901263671200e+04,-5.022049802527342399e+04
4.042560902813694401e-01,2.491270349809676190e+04,-4.982540699619352381e+04
4.055650872203651058e-01,2.473914806262174534e+04,-4.947829612524349068e+04
4.068740841593608826e-01,2.459338653296666962e+04,-4.918677306593333924e+04
4.081830810983566593e-01,2.442629377253845087e+04,-4.885258754507690173e+04
4.094920780373523250e-01,2.423389784533260899e+04,-4.846779569066521799e+04
4.108010749763481018e-01,2.406487763782498587e+04,-4.812975527564997174e+04
4.121100719153438785e-01,2.392352647325272847e+04,-4.784705294650545693e+04
4.134190688543395442e-01,2.376168907617301011e+04,-4.752337815234602022e+04
4.147280657933354320e-01,2.357501345359745756e+04,-4.715002690719491511e+04
4.160370627323310977e-01,2.341076699852214733e+04,-4.682153399704429467e+04
4.173460596713268744e-01,2.327335572622876862e+04,-4.654671145245753723e+04
4.186550566103226512e-01,2.311625921763417500e+04,-4.623251843526835000e+04
4.199640535493183169e-01,2.293514290879663531e+04,-4.587028581759327062e+04
4.212730504883140936e-01,2.277568359715532279e+04,-4.555136719431064557e+04
4.225820474273098704e-01,2.264217383564290867e+04,-4.528434767128581734e+04
4.238910443663055361e-01,2.248959537190068295e+04,-4.497919074380136590e+04
4.252000413053014238e-01,2.231375655674433801e+04,-4.462751311348867603e+04
4.265090382442970895e-01,2.215898963705993447e+04,-4.431797927411986893e+04
4.278180351832928663e-01,2.202940382145399053e+04,-4.405880764290798106e+04
4.291270321222886430e-01,2.188114127964312866e+04,-4.376228255928625731e+04
4.304360290612843087e-01,2.171020630176755003e+04,-4.342041260353510006e+04
4.317450260002800855e-01,2.155998937236346319e+04,-4.311997874472692638e+04
4.330540229392758622e-01,2.143443420514962781e+04,-4.286886841029925563e+04
4.343630198782715279e-01,2.129042597998942801e+04,-4.258085195997885603e+04
4.356720168172674157e-01,2.112407239812759508e+04,-4.224814479625519016e+04
4.369810137562630814e-01,2.097810117568923306e+04,-4.195620235137846612e+04
4.382900106952588581e-01,2.085647653042003003e+04,-4.171295306084006006e+04
4.395990076342546349e-01,2.071676431610377767e+04,-4.143352863220755535e+04
4.409080045732503006e-01,2.055498141545608087e+04,-4.110996283091216173e+04
4.422170015122460773e-01,2.041301778152241241e+04,-4.082603556304482481e+04
4.435259984512418541e-01,2.029495816276890400e+04,-4.058991632553780801e+04
4.448349953902375198e-01,2.015938975731054597e+04,-4.031877951462109195e+04
4.461439923292334075e-01,2.000224780333198942e+04,-4.000449560666397883e+04
4.474529892682290733e-01,1.986429771231288032e+04,-3.972859542462576064e+04
4.487619862072248500e-01,1.974959798028891237e+04,-3.949919596057782474e+04
4.500709831462206267e-01,1.961788000167722566e+04,-3.923576000335445133e+04
4.513799800852162925e-01,1.946516969146031624e+04,-3.893033938292063249e+04
4.526889770242120692e-01,1.933120411025227440e+04,-3.866240822050454881e+04
4.539979739632078459e-01,1.921991900476518640e+04,-3.843983800953037280e+04
4.553069709022035116e-01,1.909193762225270984e+04,-3.818387524450541969e+04
4.566159678411993994e-01,1.894337820009225470e+04,-3.788675640018450940e+04
4.579249647801950651e-01,1.881316768851533197e+04,-3.762633537703066395e+04
4.592339617191908419e-01,1.870523272543784697e+04,-3.741046545087569393e+04
4.605429586581866186e-01,1.858099617574202421e+04,-3.716199235148404841e+04
4.618519555971822843e-01,1.843653570379010853e+04,-3.687307140758021706e+04
4.631609525361780610e-01,1.830989302796345510e+04,-3.661978605592691019e+04
4.644699494751738378e-01,1.820505308729308672e+04,-3.641010617458617344e+04
4.657789464141695035e-01,1.808442706428458041e+04,-3.616885412856916082e+04
4.670879433531653913e-01,1.794406502969765279e+04,-3.588813005939530558e+04
4.683969402921610570e-01,1.782098255104849522e+04,-3.564196510209699045e+04
4.697059372311568337e-01,1.771911043630721906e+04,-3.543822087261443812e+04
4.710149341701526104e-01,1.760185928277822677e+04,-3.520371856555645354e+04
4.723239311091482762e-01,1.746537578239920549e+04,-3.493075156479841098e+04
4.736329280481440529e-01,1.734579392623915192e+04,-3.469158785247830383e+04
4.749419249871398296e-01,1.724696587345068838e+04,-3.449393174690137675e+04
4.762509219261354954e-01,1.713307582186513537e+04,-3.426615164373027073e+04
4.775599188651313831e-01,1.700026755901843353e+04,-3.400053511803686706e+04
4.788689158041270488e-01,1.688385078797333699e+04,-3.376770157594667398e+04
4.801779127431228256e-01,1.678782992136910616e+04,-3.357565984273821232e+04
4.814869096821186023e-01,1.667740108091556976e+04,-3.335480216183113953e+04
4.827959066211142680e-01,1.654852133467640670e+04,-3.309704266935281339e+04
4.841049035601100448e-01,1.643523391507897031e+04,-3.287046783015794063e+04
4.854139004991058215e-01,1.634157540081809202e+04,-3.268315080163618404e+04
4.867228974381014872e-01,1.623414752511162078e+04,-3.246829505022324156e+04
4.880318943770973750e-01,1.610907131293143539e+04,-3.221814262586287077e+04
4.893408913160930407e-01,1.599924567588260470e+04,-3.199849135176520940e+04
4.906498882550888174e-01,1.590834577731129502e+04,-3.181669155462259005e+04
4.919588851940845942e-01,1.580368450430875964e+04,-3.160736900861751928e+04
4.932678821330802599e-01,1.568169892480589988e+04,-3.136339784961179976e+04
4.945768790720760366e-01,1.557492822722119490e+04,-3.114985645444238980e+04
4.958858760110718134e-01,1.548700937063509446e+04,-3.097401874127018891e+04
4.971948729500674791e-01,1.538550584555116257e+04,-3.077101169110232513e+04
4.985038698890633668e-01,1.526670630982086914e+04,-3.053341261964173827e+04
4.998128668280590325e-01,1.516263488722502734e+04,-3.032526977445005468e+04
5.011218637670548093e-01,1.507715721540078266e+04,-3.015431443080156532e+04
5.024308607060505860e-01,1.497866701829450903e+04,-2.995733403658901807e+04
5.037398576450462517e-01,1.486329218446631967e+04,-2.972658436893263934e+04
5.050488545840420285e-01,1.476204799721779818e+04,-2.952409599443559637e+04
5.063578515230378052e-01,1.467882722706573077e+04,-2.935765445413146153e+04
5.076668484620334709e-01,1.458310793134993946e+04,-2.916621586269987893e+04
5.089758454010293587e-01,1.447105456155273168e+04,-2.894210912310546337e+04
5.102848423400250244e-01,1.437265565835137932e+04,-2.874531131670275863e+04
5.115938392790208011e-01,1.429169243227414518e+04,-2.858338486454829035e+04
5.129028362180165779e-01,1.419856396878228225e+04,-2.839712793756456449e+04
5.142118331570122436e-01,1.408957566454491825e+04,-2.817915132908983651e+04
5.155208300960080203e-01,1.399396601031770842e+04,-2.798793202063541685e+04
5.168298270350037971e-01,1.391538788190008199e+04,-2.783077576380016399e+04
5.181388239739994628e-01,1.382484082349995697e+04,-2.764968164699991394e+04
5.194478209129953505e-01,1.371873680460176911e+04,-2.743747360920353822e+04
5.207568178519910163e-01,1.362582422927765401e+04,-2.725164845855530803e+04
5.220658147909867930e-01,1.354962416090662009e+04,-2.709924832181324018e+04
5.233748117299825697e-01,1.346148596823397020e+04,-2.692297193646794040e+04
5.246838086689782354e-01,1.335797283560876349e+04,-2.671594567121752698e+04
5.259928056079740122e-01,1.326766551752926534e+04,-2.653533103505853069e+04
5.273018025469696779e-01,1.319419656427177870e+04,-2.638839312854355740e+04
5.286107994859654546e-01,1.310895856415888375e+04,-2.621791712831776749e+04
5.299197964249612314e-01,1.300775298717174337e+04,-2.601550597434348674e+04
5.312287933639570081e-01,1.291795393354805310e+04,-2.583590786709610620e+04
5.325377903029526738e-01,1.284372686332594276e+04,-2.568745372665188552e+04
5.338467872419484506e-01,1.275907149647091865e+04,-2.551814299294183729e+04
5.351557841809442273e-01,1.233219988047739571e+04,-2.532204205317882952e+04
5.364647811199400040e-01,1.127907566494086859e+04,-2.515258518704055678e+04
5.377737780589356698e-01,1.027564177763016596e+04,-2.502603587223809882e+04
5.390827749979314465e-01,9.349903693068379653e+03,-2.490198731209391190e+04
5.403917719369272232e-01,8.499870143683385322e+03,-2.476758318212555605e+04
5.417007688759230000e-01,7.752373399918739779e+03,-2.465646747892294297e+04
5.430097658149186657e-01,7.068618914424932882e+03,-2.457603851021928858e+04
5.443187627539144424e-01,6.455328745372285084e+03,-2.449320850443771633e+04
5.456277596929102192e-01,5.892721604004691471e+03,-2.439818906146775771e+04
5.469367566319059959e-01,5.398534624620246177e+03,-2.431876711050756785e+04
5.482457535709016616e-01,4.914160785689753538e+03,-2.426356270066619982e+04
5.495547505098974383e-01,4.486848728817515621e+03,-2.420716471440261739e+04
5.508637474488932151e-01,4.081737559531461102e+03,-2.414003689528708856e+04
5.521727443878889918e-01,3.768542034077847347e+03,-2.408333179753192962e+04
5.534817413268846575e-01,3.449847430940025333e+03,-2.404522749159562591e+04
5.547907382658804343e-01,3.146873593667439764e+03,-2.400642257516087193e+04
5.560997352048762110e-01,2.811786732062265855e+03,-2.395800659164745957e+04
5.574087321438719878e-01,2.626669849840586267e+03,-2.391590461264814439e+04
5.587177290828676535e-01,2.373040260857481371e+03,-2.388908067063682392e+04
5.600267260218634302e-01,2.212430345909070638e+03,-2.386444108094806870e+04
5.613357229608592069e-01,1.978133457420666900e+03,-2.383245925659792192e+04
5.626447198998549837e-01,1.850490839565753504e+03,-2.380226232790373251e+04
5.639537168388506494e-01,1.745266668189756956e+03,-2.378132471966450976e+04
5.652627137778464261e-01,1.618007356636472650e+03,-2.376181468674406642e+04
5.665717107168422029e-01,1.529224479906696615e+03,-2.373647399472295729e+04
5.678807076558379796e-01,1.445688503928773116e+03,-2.371229560825218505e+04
5.691897045948336453e-01,1.350965984128000173e+03,-2.369639665057965249e+04
5.704987015338294221e-01,1.225811124086290874e+03,-2.368248770850919027e+04
5.718076984728251988e-01,1.148832694114009655e+03,-2.366345136440849092e+04
5.731166954118209755e-01,1.156179461132594270e+03,-2.364484823502847939e+04
5.744256923508166413e-01,1.052866089624525102e+03,-2.363264979284740184e+04
5.757346892898124180e-01,1.014018468909336775e+03,-2.362063169106977148e+04
5.770436862288081947e-01,9.814474613890174624e+02,-2.360285425867043887e+04
5.783526831678039715e-01,1.023314168473281597e+03,-2.358627180657508143e+04
5.796616801067996372e-01,1.016800074414041092e+03,-2.357734373123389378e+04
5.809706770457954139e-01,1.065979752384419953e+03,-2.356811103239034128e+04
5.822796739847911907e-01,1.065841808146873745e+03,-2.354991566882838379e+04
5.835886709237869674e-01,1.083697249672235102e+03,-2.352730726397558101e+04
5.848976678627826331e-01,1.089394195699693682e+03,-2.351084904958030529e+04
5.862066648017784098e-01,1.117623070996815159e+03,-2.350158220057497965e+04
5.875156617407741866e-01,1.181693582791639756e+03,-2.349095613470278840e+04
5.888246586797699633e-01,1.237428188681476740e+03,-2.347639452491778866e+04
5.901336556187656290e-01,1.282244383140692207e+03,-2.346022963705678558e+04
5.914426525577614058e-01,1.379516593538632151e+03,-2.343981930724578706e+04
5.927516494967571825e-01,1.456566853645419769e+03,-2.341260348118348702e+04
5.940606464357529592e-01,1.606771185435160533e+03,-2.338601822033525241e+04
5.953696433747486250e-01,1.727435817478697572e+03,-2.336809877678863268e+04
5.966786403137444017e-01,1.871704310599118116e+03,-2.335290705396108751e+04
5.979876372527401784e-01,2.037078133454796216e+03,-2.333199589087012282e+04
5.992966341917359552e-01,2.192414837700950102e+03,-2.330898569766477522e+04
6.006056311307316209e-01,2.430264381703334948e+03,-2.328576944809734050e+04
6.019146280697273976e-01,2.637622346075237601e+03,-2.325178659216242522e+04
6.032236250087231744e-01,2.863419152259111343e+03,-2.320215959788439795e+04
6.045326219477189511e-01,3.093774887015700187e+03,-2.314842826865967800e+04
6.058416188867146168e-01,3.340814525512295404e+03,-2.308708380988830686e+04
6.071506158257103936e-01,3.687274832139194586e+03,-2.299740211199215992e+04
6.084596127647061703e-01,4.000198173529066480e+03,-2.289078588524385486e+04
6.097686097037019470e-01,4.399390713056819550e+03,-2.281299503716062463e+04
6.110776066426976127e-01,4.885438918259116690e+03,-2.293568482542558559e+04
6.123866035816933895e-01,5.538719073845098137e+03,-2.352423856552850339e+04
6.136956005206891662e-01,6.207236490866996064e+03,-2.468400646494434477e+04
6.150045974596849430e-01,6.949603483696559124e+03,-2.639957717075856272e+04
6.163135943986806087e-01,7.563580536022947854e+03,-2.830388063827471706e+04
6.176225913376763854e-01,5.810435590309169129e+03,-2.618684874813869101e+04
6.189315882766721622e-01,8.487298925646998669e+02,-1.459932484964770265e+04
6.202405852156679389e-01,0.000000000000000000e+00,0.000000000000000000e+00
6.215495821546636046e-01,0.000000000000000000e+00,0.000000000000000000e+00
6.228585790936593813e-01,0.000000000000000000e+00,0.000000000000000000e+00
6.241675760326551581e-01,0.000000000000000000e+00,0.000000000000000000e+00
6.254765729716509348e-01,0.000000000000000000e+00,0.000000000000000000e+00
6.267855699106466005e-01,0.000000000000000000e+00,0.000000000000000000e+00
6.280945668496423773e-01,0.000000000000000000e+00,0.000000000000000000e+00
6.294035637886381540e-01,0.000000000000000000e+00,0.000000000000000000e+00
6.307125607276339307e-01,0.000000000000000000e+00,0.000000000000000000e+00
6.320215576666295965e-01,0.000000000000000000e+00,0.000000000000000000e+00
6.333305546056253732e-01,0.000000000000000000e+00,0.000000000000000000e+00
6.346395515446211499e-01,0.000000000000000000e+00,0.000000000000000000e+00
6.359485484836169267e-01,0.000000000000000000e+00,0.000000000000000000e+00
6.372575454226125924e-01,0.000000000000000000e+00,0.000000000000000000e+00
6.385665423616083691e-01,0.000000000000000000e+00,0.000000000000000000e+00
6.398755393006041459e-01,0.000000000000000000e+00,0.000000000000000000e+00
6.411845362395999226e-01,0.000000000000000000e+00,0.000000000000000000e+00
6.424935331785955883e-01,0.000000000000000000e+00,0.000000000000000000e+00
6.438025301175913651e-01,0.000000000000000000e+00,0.000000000000000000e+00
6.451115270565871418e-01,0.000000000000000000e+00,0.000000000000000000e+00
6.464205239955829185e-01,0.000000000000000000e+00,0.000000000000000000e+00
6.477295209345785842e-01,0.000000000000000000e+00,0.000000000000000000e+00
6.490385178735743610e-01,0.000000000000000000e+00,0.000000000000000000e+00
6.503475148125701377e-01,0.000000000000000000e+00,0.000000000000000000e+00
6.516565117515659145e-01,0.000000000000000000e+00,0.000000000000000000e+00
6.529655086905615802e-01,0.000000000000000000e+00,0.000000000000000000e+00
6.542745056295573569e-01,0.000000000000000000e+00,0.000000000000000000e+00
6.555835025685531336e-01,0.000000000000000000e+00,0.000000000000000000e+00
6.568924995075489104e-01,0.000000000000000000e+00,0.000000000000000000e+00
6.582014964465445761e-01,0.000000000000000000e+00,0.000000000000000000e+00
6.595104933855403528e-01,0.000000000000000000e+00,0.000000000000000000e+00
6.608194903245361296e-01,0.000000000000000000e+00,0.000000000000000000e+00
6.621284872635319063e-01,0.000000000000000000e+00,0.000000000000000000e+00
6.634374842025275720e-01,0.000000000000000000e+00,0.000000000000000000e+00
6.647464811415233488e-01,0.000000000000000000e+00,0.000000000000000000e+00
6.660554780805191255e-01,0.000000000000000000e+00,0.000000000000000000e+00
6.673644750195149022e-01,0.000000000000000000e+00,0.000000000000000000e+00
6.686734719585105680e-01,0.000000000000000000e+00,0.000000000000000000e+00
6.699824688975063447e-01,0.000000000000000000e+00,0.000000000000000000e+00
6.712914658365021214e-01,0.000000000000000000e+00,0.000000000000000000e+00
6.726004627754978982e-01,0.000000000000000000e+00,0.000000000000000000e+00
6.739094597144935639e-01,0.000000000000000000e+00,0.000000000000000000e+00
6.752184566534893406e-01,0.000000000000000000e+00,0.000000000000000000e+00
6.765274535924851174e-01,0.000000000000000000e+00,0.000000000000000000e+00
6.778364505314808941e-01,0.000000000000000000e+00,0.000000000000000000e+00
6.791454474704765598e-01,0.000000000000000000e+00,0.000000000000000000e+00
6.804544444094723366e-01,0.000000000000000000e+00,0.000000000000000000e+00
6.817634413484681133e-01,0.000000000000000000e+00,0.000000000000000000e+00
6.830724382874638900e-01,0.000000000000000000e+00,0.000000000000000000e+00
6.843814352264595557e-01,0.000000000000000000e+00,0.000000000000000000e+00
6.856904321654553325e-01,0.000000000000000000e+00,0.000000000000000000e+00
6.869994291044511092e-01,0.000000000000000000e+00,0.000000000000000000e+00
6.883084260434468860e-01,0.000000000000000000e+00,0.000000000000000000e+00
6.896174229824425517e-01,0.000000000000000000e+00,0.000000000000000000e+00
6.909264199214383284e-01,0.000000000000000000e+00,0.000000000000000000e+00
6.922354168604341051e-01,0.000000000000000000e+00,0.000000000000000000e+00
6.935444137994298819e-01,0.000000000000000000e+00,0.000000000000000000e+00
6.948534107384255476e-01,0.000000000000000000e+00,0.000000000000000000e+00
6.961624076774213243e-01,0.000000000000000000e+00,0.000000000000000000e+00
6.974714046164171011e-01,0.000000000000000000e+00,0.000000000000000000e+00
6.987804015554128778e-01,0.000000000000000000e+00,0.000000000000000000e+00
7.000893984944085435e-01,0.000000000000000000e+00,0.000000000000000000e+00
7.013983954334043203e-01,0.000000000000000000e+00,0.000000000000000000e+00
7.027073923724000970e-01,0.000000000000000000e+00,0.000000000000000000e+00
7.040163893113958737e-01,0.000000000000000000e+00,0.000000000000000000e+00
7.053253862503915395e-01,0.000000000000000000e+00,0.000000000000000000e+00
7.066343831893873162e-01,0.000000000000000000e+00,0.000000000000000000e+00
7.079433801283830929e-01,0.000000000000000000e+00,0.000000000000000000e+00
7.092523770673788697e-01,0.000000000000000000e+00,0.000000000000000000e+00
7.105613740063745354e-01,0.000000000000000000e+00,0.000000000000000000e+00
7.118703709453703121e-01,0.000000000000000000e+00,0.000000000000000000e+00
7.131793678843660889e-01,0.000000000000000000e+00,0.000000000000000000e+00
7.144883648233618656e-01,0.000000000000000000e+00,0.000000000000000000e+00
7.157973617623575313e-01,0.000000000000000000e+00,0.000000000000000000e+00
7.171063587013533080e-01,0.000000000000000000e+00,0.000000000000000000e+00
7.184153556403490848e-01,0.000000000000000000e+00,0.000000000000000000e+00
7.197243525793448615e-01,0.000000000000000000e+00,0.000000000000000000e+00
7.210333495183405272e-01,0.000000000000000000e+00,0.000000000000000000e+00
7.223423464573363040e-01,0.000000000000000000e+00,0.000000000000000000e+00
7.236513433963320807e-01,0.000000000000000000e+00,0.000000000000000000e+00
7.249603403353278575e-01,0.000000000000000000e+00,0.000000000000000000e+00
7.262693372743235232e-01,0.000000000000000000e+00,0.000000000000000000e+00
7.275783342133192999e-01,0.000000000000000000e+00,0.000000000000000000e+00
7.288873311523150766e-01,0.000000000000000000e+00,0.000000000000000000e+00
7.301963280913108534e-01,0.000000000000000000e+00,0.000000000000000000e+00
7.315053250303065191e-01,0.000000000000000000e+00,0.000000000000000000e+00
7.328143219693022958e-01,0.000000000000000000e+00,0.000000000000000000e+00
7.341233189082980726e-01,0.000000000000000000e+00,0.000000000000000000e+00
7.354323158472938493e-01,0.000000000000000000e+00,0.000000000000000000e+00
7.367413127862895150e-01,0.000000000000000000e+00,0.000000000000000000e+00
7.380503097252852918e-01,0.000000000000000000e+00,0.000000000000000000e+00
7.393593066642810685e-01,0.000000000000000000e+00,0.000000000000000000e+00
7.406683036032768452e-01,0.000000000000000000e+00,0.000000000000000000e+00
7.419773005422725110e-01,0.000000000000000000e+00,0.000000000000000000e+00
7.432862974812682877e-01,0.000000000000000000e+00,0.000000000000000000e+00
7.445952944202640644e-01,0.000000000000000000e+00,0.000000000000000000e+00
7.459042913592598412e-01,0.000000000000000000e+00,0.000000000000000000e+00
7.472132882982555069e-01,0.000000000000000000e+00,0.000000000000000000e+00
7.485222852372512836e-01,0.000000000000000000e+00,0.000000000000000000e+00
7.498312821762470604e-01,0.000000000000000000e+00,0.000000000000000000e+00
7.511402791152428371e-01,0.000000000000000000e+00,0.000000000000000000e+00
7.524492760542385028e-01,0.000000000000000000e+00,0.000000000000000000e+00
7.537582729932342795e-01,0.000000000000000000e+00,0.000000000000000000e+00
7.550672699322300563e-01,0.000000000000000000e+00,0.000000000000000000e+00
7.563762668712258330e-01,0.000000000000000000e+00,0.000000000000000000e+00
7.576852638102214987e-01,0.000000000000000000e+00,0.000000000000000000e+00
7.589942607492172755e-01,0.000000000000000000e+00,0.000000000000000000e+00
7.603032576882130522e-01,0.000000000000000000e+00,0.000000000000000000e+00
7.616122546272088289e-01,0.000000000000000000e+00,0.000000000000000000e+00
7.629212515662044947e-01,0.000000000000000000e+00,0.000000000000000000e+00
7.642302485052002714e-01,0.000000000000000000e+00,0.000000000000000000e+00
7.655392454441960481e-01,0.000000000000000000e+00,0.000000000000000000e+00
7.668482423831918249e-01,0.000000000000000000e+00,0.000000000000000000e+00
7.681572393221874906e-01,0.000000000000000000e+00,0.000000000000000000e+00
7.694662362611832673e-01,0.000000000000000000e+00,0.000000000000000000e+00
7.707752332001790441e-01,0.000000000000000000e+00,0.000000000000000000e+00
7.720842301391748208e-01,0.000000000000000000e+00,0.000000000000000000e+00
7.733932270781704865e-01,0.000000000000000000e+00,0.000000000000000000e+00
7.747022240171662633e-01,0.000000000000000000e+00,0.000000000000000000e+00
7.760112209561620400e-01,0.000000000000000000e+00,0.000000000000000000e+00
7.773202178951578167e-01,0.000000000000000000e+00,0.000000000000000000e+00
7.786292148341534824e-01,0.000000000000000000e+00,0.000000000000000000e+00
7.799382117731492592e-01,0.000000000000000000e+00,0.000000000000000000e+00
7.812472087121450359e-01,0.000000000000000000e+00,0.000000000000000000e+00
7.825562056511408127e-01,0.000000000000000000e+00,0.000000000000000000e+00
7.838652025901364784e-01,0.000000000000000000e+00,0.000000000000000000e+00
7.851741995291322551e-01,0.000000000000000000e+00,0.000000000000000000e+00
7.864831964681280319e-01,0.000000000000000000e+00,0.000000000000000000e+00
7.877921934071238086e-01,0.000000000000000000e+00,0.000000000000000000e+00
7.891011903461194743e-01,0.000000000000000000e+00,0.000000000000000000e+00
7.904101872851152510e-01,0.000000000000000000e+00,0.000000000000000000e+00
7.917191842241110278e-01,0.000000000000000000e+00,0.000000000000000000e+00
7.930281811631068045e-01,0.000000000000000000e+00,0.000000000000000000e+00
7.943371781021024702e-01,0.000000000000000000e+00,0.000000000000000000e+00
7.956461750410982470e-01,0.000000000000000000e+00,0.000000000000000000e+00
7.969551719800940237e-01,0.000000000000000000e+00,0.000000000000000000e+00
7.982641689190898004e-01,0.000000000000000000e+00,0.000000000000000000e+00
7.995731658580854662e-01,0.000000000000000000e+00,0.000000000000000000e+00
8.008821627970812429e-01,0.000000000000000000e+00,0.000000000000000000e+00
8.021911597360770196e-01,0.000000000000000000e+00,0.000000000000000000e+00
8.035001566750727964e-01,0.000000000000000000e+00,0.000000000000000000e+00
8.048091536140684621e-01,0.000000000000000000e+00,0.000000000000000000e+00
8.061181505530642388e-01,0.000000000000000000e+00,0.000000000000000000e+00
8.074271474920600156e-01,0.000000000000000000e+00,0.000000000000000000e+00
8.087361444310557923e-01,0.000000000000000000e+00,0.000000000000000000e+00
8.100451413700514580e-01,0.000000000000000000e+00,0.000000000000000000e+00
8.113541383090472348e-01,0.000000000000000000e+00,0.000000000000000000e+00
8.126631352480430115e-01,0.000000000000000000e+00,0.000000000000000000e+00
8.139721321870387882e-01,0.000000000000000000e+00,0.000000000000000000e+00
8.152811291260344539e-01,0.000000000000000000e+00,0.000000000000000000e+00
8.165901260650302307e-01,0.000000000000000000e+00,0.000000000000000000e+00
8.178991230040260074e-01,0.000000000000000000e+00,0.000000000000000000e+00
8.192081199430217842e-01,0.000000000000000000e+00,0.000000000000000000e+00
8.205171168820174499e-01,0.000000000000000000e+00,0.000000000000000000e+00
8.218261138210132266e-01,0.000000000000000000e+00,0.000000000000000000e+00
8.231351107600090034e-01,0.000000000000000000e+00,0.000000000000000000e+00
8.244441076990047801e-01,0.000000000000000000e+00,0.000000000000000000e+00
8.257531046380004458e-01,0.000000000000000000e+00,0.000000000000000000e+00
8.270621015769962225e-01,0.000000000000000000e+00,0.000000000000000000e+00
8.283710985159919993e-01,0.000000000000000000e+00,0.000000000000000000e+00
8.296800954549877760e-01,0.000000000000000000e+00,0.000000000000000000e+00
8.309890923939834417e-01,0.000000000000000000e+00,0.000000000000000000e+00
8.322980893329792185e-01,0.000000000000000000e+00,0.000000000000000000e+00
8.336070862719749952e-01,0.000000000000000000e+00,0.000000000000000000e+00
8.349160832109707719e-01,0.000000000000000000e+00,0.000000000000000000e+00
8.362250801499664377e-01,0.000000000000000000e+00,0.000000000000000000e+00
8.375340770889622144e-01,0.000000000000000000e+00,0.000000000000000000e+00
8.388430740279579911e-01,0.000000000000000000e+00,0.000000000000000000e+00
8.401520709669537679e-01,0.000000000000000000e+00,0.000000000000000000e+00
8.414610679059494336e-01,0.000000000000000000e+00,0.000000000000000000e+00
8.427700648449452103e-01,0.000000000000000000e+00,0.000000000000000000e+00
8.440790617839409871e-01,0.000000000000000000e+00,0.000000000000000000e+00
8.453880587229367638e-01,0.000000000000000000e+00,0.000000000000000000e+00
8.466970556619324295e-01,0.000000000000000000e+00,0.000000000000000000e+00
8.480060526009282063e-01,0.000000000000000000e+00,0.000000000000000000e+00
8.493150495399239830e-01,0.000000000000000000e+00,0.000000000000000000e+00
8.506240464789197597e-01,0.000000000000000000e+00,0.000000000000000000e+00
8.519330434179154254e-01,0.000000000000000000e+00,0.000000000000000000e+00
8.532420403569112022e-01,0.000000000000000000e+00,0.000000000000000000e+00
8.545510372959069789e-01,0.000000000000000000e+00,0.000000000000000000e+00
8.558600342349027557e-01,0.000000000000000000e+00,0.000000000000000000e+00
8.571690311738984214e-01,0.000000000000000000e+00,0.000000000000000000e+00
8.584780281128941981e-01,0.000000000000000000e+00,0.000000000000000000e+00
8.597870250518899748e-01,0.000000000000000000e+00,0.000000000000000000e+00
8.610960219908857516e-01,0.000000000000000000e+00,0.000000000000000000e+00
8.624050189298814173e-01,0.000000000000000000e+00,0.000000000000000000e+00
8.637140158688771940e-01,0.000000000000000000e+00,0.000000000000000000e+00
8.650230128078729708e-01,0.000000000000000000e+00,0.000000000000000000e+00
8.663320097468687475e-01,0.000000000000000000e+00,0.000000000000000000e+00
8.676410066858644132e-01,0.000000000000000000e+00,0.000000000000000000e+00
8.689500036248601900e-01,0.000000000000000000e+00,0.000000000000000000e+00
8.702590005638559667e-01,0.000000000000000000e+00,0.000000000000000000e+00
8.715679975028517434e-01,0.000000000000000000e+00,0.000000000000000000e+00
8.728769944418474092e-01,0.000000000000000000e+00,0.000000000000000000e+00
8.741859913808431859e-01,0.000000000000000000e+00,0.000000000000000000e+00
8.754949883198389626e-01,0.000000000000000000e+00,0.000000000000000000e+00
8.768039852588347394e-01,0.000000000000000000e+00,0.000000000000000000e+00
8.781129821978304051e-01,0.000000000000000000e+00,0.000000000000000000e+00
8.794219791368261818e-01,0.000000000000000000e+00,0.000000000000000000e+00
8.807309760758219586e-01,0.000000000000000000e+00,0.000000000000000000e+00
8.820399730148177353e-01,0.000000000000000000e+00,0.000000000000000000e+00
8.833489699538134010e-01,0.000000000000000000e+00,0.000000000000000000e+00
8.846579668928091778e-01,0.000000000000000000e+00,0.000000000000000000e+00
8.859669638318049545e-01,0.000000000000000000e+00,0.000000000000000000e+00
8.872759607708007312e-01,0.000000000000000000e+00,0.000000000000000000e+00
8.885849577097963969e-01,0.000000000000000000e+00,0.000000000000000000e+00
8.898939546487921737e-01,0.000000000000000000e+00,0.000000000000000000e+00
8.912029515877879504e-01,0.000000000000000000e+00,0.000000000000000000e+00
8.925119485267837272e-01,0.000000000000000000e+00,0.000000000000000000e+00
8.938209454657793929e-01,0.000000000000000000e+00,0.000000000000000000e+00
8.951299424047751696e-01,0.000000000000000000e+00,0.000000000000000000e+00
8.964389393437709463e-01,0.000000000000000000e+00,0.000000000000000000e+00
8.977479362827667231e-01,0.000000000000000000e+00,0.000000000000000000e+00
8.990569332217623888e-01,0.000000000000000000e+00,0.000000000000000000e+00
9.003659301607581655e-01,0.000000000000000000e+00,0.000000000000000000e+00
9.016749270997539423e-01,0.000000000000000000e+00,0.000000000000000000e+00
9.029839240387497190e-01,0.000000000000000000e+00,0.000000000000000000e+00
9.042929209777453847e-01,0.000000000000000000e+00,0.000000000000000000e+00
9.056019179167411615e-01,0.000000000000000000e+00,0.000000000000000000e+00
9.069109148557369382e-01,0.000000000000000000e+00,0.000000000000000000e+00
9.082199117947327149e-01,0.000000000000000000e+00,0.000000000000000000e+00
9.095289087337283807e-01,0.000000000000000000e+00,0.000000000000000000e+00
9.108379056727241574e-01,0.000000000000000000e+00,0.000000000000000000e+00
9.121469026117199341e-01,0.000000000000000000e+00,0.000000000000000000e+00
9.134558995507157109e-01,0.000000000000000000e+00,0.000000000000000000e+00
9.147648964897113766e-01,0.000000000000000000e+00,0.000000000000000000e+00
9.160738934287071533e-01,0.000000000000000000e+00,0.000000000000000000e+00
9.173828903677029301e-01,0.000000000000000000e+00,0.000000000000000000e+00
9.186918873066987068e-01,0.000000000000000000e+00,0.000000000000000000e+00
9.200008842456943725e-01,0.000000000000000000e+00,0.000000000000000000e+00
9.213098811846901492e-01,0.000000000000000000e+00,0.000000000000000000e+00
9.226188781236859260e-01,0.000000000000000000e+00,0.000000000000000000e+00
9.239278750626817027e-01,0.000000000000000000e+00,0.000000000000000000e+00
9.252368720016773684e-01,0.000000000000000000e+00,0.000000000000000000e+00
9.265458689406731452e-01,0.000000000000000000e+00,0.000000000000000000e+00
9.278548658796689219e-01,0.000000000000000000e+00,0.000000000000000000e+00
9.291638628186646987e-01,0.000000000000000000e+00,0.000000000000000000e+00
9.304728597576603644e-01,0.000000000000000000e+00,0.000000000000000000e+00
9.317818566966561411e-01,0.000000000000000000e+00,0.000000000000000000e+00
9.330908536356519178e-01,0.000000000000000000e+00,0.000000000000000000e+00
9.343998505746476946e-01,0.000000000000000000e+00,0.000000000000000000e+00
9.357088475136433603e-01,0.000000000000000000e+00,0.000000000000000000e+00
9.370178444526391370e-01,0.000000000000000000e+00,0.000000000000000000e+00
9.383268413916349138e-01,0.000000000000000000e+00,0.000000000000000000e+00
9.396358383306306905e-01,0.000000000000000000e+00,0.000000000000000000e+00
9.409448352696263562e-01,0.000000000000000000e+00,0.000000000000000000e+00
9.422538322086221330e-01,0.000000000000000000e+00,0.000000000000000000e+00
9.435628291476179097e-01,0.000000000000000000e+00,0.000000000000000000e+00
9.448718260866136864e-01,-4.010646979334018397e+03,-8.021293958668036794e+03
9.461808230256093522e-01,-1.162561130769575175e+04,-2.325122261539150350e+04
9.474898199646051289e-01,-1.453606332830467909e+04,-2.907212665660935818e+04
9.487988169036009056e-01,-1.422595069876340494e+04,-2.845190139752680989e+04
9.501078138425966824e-01,-1.272988344280912861e+04,-2.545976688561825722e+04
9.514168107815923481e-01,-1.185988968528793339e+04,-2.371977937057586678e+04
9.527258077205881248e-01,-1.170447121497818625e+04,-2.340894242995637251e+04
9.540348046595839016e-01,-1.173372330299982241e+04,-2.346744660599964482e+04
9.553438015985796783e-01,-1.182416785087569951e+04,-2.364833570175139903e+04
9.566527985375753440e-01,-1.190697804565988918e+04,-2.381395609131977835e+04
9.579617954765711207e-01,-1.199325964664047751e+04,-2.398651929328095503e+04
9.592707924155668975e-01,-1.208974430149498221e+04,-2.417948860298996442e+04
9.605797893545626742e-01,-1.217295220882332251e+04,-2.434590441764664502e+04
9.618887862935583399e-01,-1.224549295342047662e+04,-2.449098590684095325e+04
9.631977832325541167e-01,-1.232929749353380430e+04,-2.465859498706760860e+04
9.645067801715498934e-01,-1.242002593221531424e+04,-2.484005186443062848e+04
9.658157771105456701e-01,-1.249393384966230224e+04,-2.498786769932460447e+04
9.671247740495413359e-01,-1.255971117392292035e+04,-2.511942234784584070e+04
9.684337709885371126e-01,-1.264810092832541159e+04,-2.529620185665082317e+04
9.697427679275328893e-01,-1.275174621914124327e+04,-2.550349243828248655e+04
9.710517648665286661e-01,-1.283579926731500382e+04,-2.567159853463000763e+04
9.723607618055243318e-01,-1.290244882873490496e+04,-2.580489765746980993e+04
9.736697587445201085e-01,-1.298593019517686116e+04,-2.597186039035372232e+04
9.749787556835158853e-01,-1.308602844235365774e+04,-2.617205688470731548e+04
9.762877526225116620e-01,-1.317319989870352765e+04,-2.634639979740705530e+04
9.775967495615073277e-01,-1.324810927399581851e+04,-2.649621854799163702e+04
9.789057465005031045e-01,-1.333650401300013436e+04,-2.667300802600026873e+04
9.802147434394988812e-01,-1.343629993576975539e+04,-2.687259987153951079e+04
9.815237403784946579e-01,-1.352280578396914643e+04,-2.704561156793829286e+04
9.828327373174903236e-01,-1.360030066861218802e+04,-2.720060133722437604e+04
9.841417342564861004e-01,-1.369423513819156324e+04,-2.738847027638312647e+04
9.854507311954818771e-01,-1.379940153421082323e+04,-2.759880306842164646e+04
9.867597281344776539e-01,-1.388787383375842364e+04,-2.777574766751684729e+04
9.880687250734733196e-01,-1.396448467921926203e+04,-2.792896935843852407e+04
9.893777220124690963e-01,-1.405923443002348540e+04,-2.811846886004697080e+04
9.906867189514648731e-01,-1.416802187503656023e+04,-2.833604375007312046e+04
9.919957158904606498e-01,-1.426039540075705918e+04,-2.852079080151411836e+04
9.933047128294563155e-01,-1.434015098120485891e+04,-2.868030196240971782e+04
9.946137097684520922e-01,-1.443818236845078900e+04,-2.887636473690157800e+04
9.959227067074478690e-01,-1.455050817548893428e+04,-2.910101635097786857e+04
9.972317036464436457e-01,-1.464558125388212284e+04,-2.929116250776424567e+04
9.985407005854393114e-01,-1.472669905102131270e+04,-2.945339810204262540e+04
9.998496975244350882e-01,-1.482563444135390819e+04,-2.965126888270781637e+04
1.001158694463430976e+00,-1.493988755043299534e+04,-2.987977510086599068e+04
1.002467691402426642e+00,-1.503920042098203521e+04,-3.007840084196407042e+04
1.003776688341422307e+00,-1.512605295797432700e+04,-3.025210591594865400e+04
1.005085685280417973e+00,-1.522918680623877117e+04,-3.045837361247754234e+04
1.006394682219413861e+00,-1.534503872407857489e+04,-3.069007744815714977e+04
1.007703679158409749e+00,-1.544434873765644443e+04,-3.088869747531288886e+04
1.009012676097405414e+00,-1.553209293164579503e+04,-3.106418586329159007e+04
1.010321673036401080e+00,-1.563946425663148329e+04,-3.127892851326296659e+04
1.011630669975396746e+00,-1.576152339290497366e+04,-3.152304678580994732e+04
1.012939666914392634e+00,-1.586539304680044734e+04,-3.173078609360089467e+04
1.014248663853388299e+00,-1.595472266351182407e+04,-3.190944532702364813e+04
1.015557660792384187e+00,-1.606294236356714464e+04,-3.212588472713428928e+04
1.016866657731379853e+00,-1.618703825522807529e+04,-3.237407651045615057e+04
1.018175654670375518e+00,-1.629445653515859522e+04,-3.258891307031719043e+04
1.019484651609371184e+00,-1.638846515834347883e+04,-3.277693031668695767e+04
1.020793648548367072e+00,-1.650116618121290958e+04,-3.300233236242581916e+04
1.022102645487362960e+00,-1.662858675943437629e+04,-3.325717351886875258e+04
1.023411642426358625e+00,-1.673782449495251058e+04,-3.347564898990502115e+04
1.024720639365354291e+00,-1.683330652039908091e+04,-3.366661304079816182e+04
1.026029636304350179e+00,-1.694925167615929968e+04,-3.389850335231859935e+04
1.027338633243345845e+00,-1.708148476030094025e+04,-3.416296952060188050e+04
1.028647630182341510e+00,-1.719515374829559732e+04,-3.439030749659119465e+04
1.029956627121337176e+00,-1.729373210883166757e+04,-3.458746421766333515e+04
1.031265624060333064e+00,-1.741217076832176463e+04,-3.482434153664352925e+04
1.032574620999328729e+00,-1.754712254505571764e+04,-3.509424509011143527e+04
1.033883617938324395e+00,-1.766395636701089825e+04,-3.532791273402179650e+04
1.035192614877320061e+00,-1.776637598929026353e+04,-3.553275197858052707e+04
1.036501611816315949e+00,-1.788914194300533927e+04,-3.577828388601067854e+04
1.037810608755311614e+00,-1.802808490883345803e+04,-3.605616981766691606e+04
1.039119605694307280e+00,-1.814755856265731200e+04,-3.629511712531462399e+04
1.040428602633302946e+00,-1.825220352937271673e+04,-3.650440705874543346e+04
1.041737599572298834e+00,-1.837902254336181431e+04,-3.675804508672362863e+04
1.043046596511294499e+00,-1.852319946766921203e+04,-3.704639893533842405e+04
1.044355593450290165e+00,-1.864622473979449569e+04,-3.729244947958899138e+04
1.045664590389285831e+00,-1.875276453685970046e+04,-3.750552907371940091e+04
1.046973587328281718e+00,-1.888286369737016867e+04,-3.776572739474033733e+04
1.048282584267277384e+00,-1.903211567468548674e+04,-3.806423134937097348e+04
1.049591581206273050e+00,-1.915967484041492207e+04,-3.831934968082984415e+04
1.050900578145268716e+00,-1.926930010300029971e+04,-3.853860020600059943e+04
1.052209575084264603e+00,-1.940227322751376414e+04,-3.880454645502752828e+04
1.053518572023260269e+00,-1.955513905122207143e+04,-3.911027810244414286e+04
1.054827568962255935e+00,-1.968699019513020903e+04,-3.937398039026041806e+04
1.056136565901251601e+00,-1.980110562863793530e+04,-3.960221125727587059e+04
1.057445562840247488e+00,-1.993805318831979093e+04,-3.987610637663958187e+04
1.058754559779243154e+00,-2.009439615949625295e+04,-4.018879231899250590e+04
1.060063556718238820e+00,-2.022978381064249334e+04,-4.045956762128498667e+04
1.061372553657234485e+00,-2.034790022160183798e+04,-4.069580044320367597e+04
1.062681550596230373e+00,-2.048922156423698834e+04,-4.097844312847397669e+04
1.063990547535226039e+00,-2.064987302948271827e+04,-4.129974605896543653e+04
1.065299544474221705e+00,-2.078907096102664218e+04,-4.157814192205328436e+04
1.066608541413217370e+00,-2.091087202863884886e+04,-4.182174405727769772e+04
1.067917538352213258e+00,-2.105662008036075349e+04,-4.211324016072150698e+04
1.069226535291208924e+00,-2.122207518114097184e+04,-4.244415036228194367e+04
1.070535532230204590e+00,-2.136517671579277521e+04,-4.273035343158555042e+04
1.071844529169200255e+00,-2.149028262851359250e+04,-4.298056525702718500e+04
1.073153526108196143e+00,-2.164042305281081644e+04,-4.328084610562163289e+04
1.074462523047191809e+00,-2.181122965268698317e+04,-4.362245930537396634e+04
1.075771519986187474e+00,-2.195890512850949744e+04,-4.391781025701899489e+04
1.077080516925183140e+00,-2.208755114302454240e+04,-4.417510228604908480e+04
1.078389513864179028e+00,-2.224166773030805416e+04,-4.448333546061610832e+04
1.079698510803174694e+00,-2.241731171474056464e+04,-4.483462342948112928e+04
1.081007507742170359e+00,-2.256982031494928742e+04,-4.513964062989857484e+04
1.082316504681166025e+00,-2.270296219377200032e+04,-4.540592438754400064e+04
1.083625501620161913e+00,-2.286158256160770907e+04,-4.572316512321541813e+04
1.084934498559157579e+00,-2.304182613800393301e+04,-4.608365227600786602e+04
1.086243495498153244e+00,-2.319871108893696510e+04,-4.639742217787393020e+04
1.087552492437148910e+00,-2.333629580030698708e+04,-4.667259160061397415e+04
1.088861489376144798e+00,-2.350002242267201655e+04,-4.700004484534403309e+04
1.090170486315140463e+00,-2.368561544809790212e+04,-4.737123089619580423e+04
1.091479483254136129e+00,-2.384696716510507031e+04,-4.769393433021014062e+04
1.092788480193131795e+00,-2.398850096013475195e+04,-4.797700192026950390e+04
1.094097477132127683e+00,-2.415726043726117496e+04,-4.831452087452234991e+04
1.095406474071123348e+00,-2.434875953402552841e+04,-4.869751906805105682e+04
1.096715471010119014e+00,-2.451513651815550475e+04,-4.903027303631100949e+04
1.098024467949114680e+00,-2.466076924256353595e+04,-4.932153848512707191e+04
1.099333464888110568e+00,-2.483440718183670469e+04,-4.966881436367340939e+04
1.100642461827106233e+00,-2.503170479625174630e+04,-5.006340959250349260e+04
1.101951458766101899e+00,-2.520333884240646148e+04,-5.040667768481292296e+04
1.103260455705097565e+00,-2.535358917317945088e+04,-5.070717834635890176e+04
1.104569452644093452e+00,-2.553247197878383668e+04,-5.106494395756767335e+04
1.105878449583089118e+00,-2.573562418940296993e+04,-5.147124837880593986e+04
1.107187446522084784e+00,-2.591242466580265682e+04,-5.182484933160531364e+04
1.108496443461080450e+00,-2.606730344344583500e+04,-5.213460688689167000e+04
1.109805440400076337e+00,-2.625172817824419326e+04,-5.250345635648838652e+04
1.111114437339072003e+00,-2.646119404726560970e+04,-5.292238809453121939e+04
1.112423434278067669e+00,-2.664350239028823125e+04,-5.328700478057646251e+04
1.113732431217063334e+00,-2.680307465297343879e+04,-5.360614930594687758e+04
1.115041428156059222e+00,-2.699295682218394722e+04,-5.398591364436789445e+04
1.116350425095054888e+00,-2.720876553790182152e+04,-5.441753107580364303e+04
1.117659422034050554e+00,-2.739695462856176891e+04,-5.479390925712353783e+04
1.118968418973046219e+00,-2.756177179967383563e+04,-5.512354359934767126e+04
1.120277415912042107e+00,-2.775734241288010526e+04,-5.551468482576021051e+04
1.121586412851037773e+00,-2.797939313942881199e+04,-5.595878627885762398e+04
1.122895409790033439e+00,-2.817344005712158105e+04,-5.634688011424316210e+04
1.124204406729029104e+00,-2.834379170401519877e+04,-5.668758340803039755e+04
1.125513403668024992e+00,-2.854551327865338317e+04,-5.709102655730676634e+04
1.126822400607020658e+00,-2.877417154121275598e+04,-5.754834308242551197e+04
1.128131397546016323e+00,-2.897414887337977780e+04,-5.794829774675955559e+04
1.129440394485011989e+00,-2.914995393498675912e+04,-5.829990786997351825e+04
1.130749391424007877e+00,-2.935801248125357597e+04,-5.871602496250715194e+04
1.132058388363003543e+00,-2.959374295307766806e+04,-5.918748590615533612e+04
1.133367385301999208e+00,-2.980005425826375358e+04,-5.960010851652750716e+04
1.134676382240994874e+00,-2.998144179854855975e+04,-5.996288359709711949e+04
1.135985379179990762e+00,-3.019580082393070916e+04,-6.039160164786141831e+04
1.137294376118986428e+00,-3.043869024529755552e+04,-6.087738049059511104e+04
1.138603373057982093e+00,-3.065181237095470351e+04,-6.130362474190940702e+04
1.139912369996977759e+00,-3.083939190112498909e+04,-6.167878380224997818e+04
1.141221366935973647e+00,-3.106015986651285857e+04,-6.212031973302571714e+04
1.142530363874969312e+00,-3.130992661422930178e+04,-6.261985322845860355e+04
1.143839360813964978e+00,-3.152988637618950088e+04,-6.305977275237900176e+04
1.145148357752960644e+00,-3.172430649973397158e+04,-6.344861299946794315e+04
1.146457354691956532e+00,-3.195231038257756518e+04,-6.390462076515513036e+04
1.147766351630952197e+00,-3.220933090416424602e+04,-6.441866180832849204e+04
1.149075348569947863e+00,-3.243562086600204566e+04,-6.487124173200409132e+04
1.150384345508943529e+00,-3.263623303007333016e+04,-6.527246606014666031e+04
1.151693342447939417e+00,-3.287213366337965272e+04,-6.574426732675930543e+04
1.153002339386935082e+00,-3.313796276138804387e+04,-6.627592552277608775e+04
1.154311336325930748e+00,-3.337124440159579535e+04,-6.674248880319159070e+04
1.155620333264926414e+00,-3.357732713953698112e+04,-6.715465427907396224e+04
1.156929330203922301e+00,-3.382039493715420394e+04,-6.764078987430840789e+04
1.158238327142917967e+00,-3.409527647442599846e+04,-6.819055294885199692e+04
1.159547324081913633e+00,-3.433677684576124011e+04,-6.867355369152248022e+04
1.160856321020909299e+00,-3.454961117857750651e+04,-6.909922235715501301e+04
1.162165317959905186e+00,-3.479982759267160873e+04,-6.959965518534321745e+04
1.163474314898900852e+00,-3.508281421994152333e+04,-7.016562843988304667e+04
1.164783311837896518e+00,-3.533220949545363692e+04,-7.066441899090727384e+04
1.166092308776892184e+00,-3.555269249818048411e+04,-7.110538499636096822e+04
1.167401305715888071e+00,-3.581125178575304744e+04,-7.162250357150609489e+04
1.168710302654883737e+00,-3.610297418876623124e+04,-7.220594837753246247e+04
1.170019299593879403e+00,-3.636011667966593086e+04,-7.272023335933186172e+04
1.171328296532875068e+00,-3.658780003387382749e+04,-7.317560006774765498e+04
1.172637293471870956e+00,-3.685490478439600702e+04,-7.370980956879201403e+04
1.173946290410866622e+00,-3.715615718034595193e+04,-7.431231436069190386e+04
1.175255287349862288e+00,-3.742159406375129038e+04,-7.484318812750258076e+04
1.176564284288857953e+00,-3.765660129106134264e+04,-7.531320258212268527e+04
1.177873281227853841e+00,-3.793283650983476400e+04,-7.586567301966952800e+04
1.179182278166849507e+00,-3.824542047989257844e+04,-7.649084095978515688e+04
1.180491275105845173e+00,-3.852231017799667461e+04,-7.704462035599334922e+04
1.181800272044840838e+00,-3.876780076527417987e+04,-7.753560153054835973e+04
1.183109268983836726e+00,-3.905166966861035326e+04,-7.810333933722070651e+04
1.184418265922832392e+00,-3.745767832630425255e+04,-7.872854199457143841e+04
1.185727262861828057e+00,-3.403004767409135093e+04,-7.925720884419172944e+04
1.187036259800823723e+00,-3.104548691648402018e+04,-7.967327261653829191e+04
1.188345256739819611e+00,-2.838757060464416281e+04,-8.009738285220586113e+04
1.189654253678815277e+00,-2.589049198446608352e+04,-8.054025508297473425e+04
1.190963250617810942e+00,-2.355182268217687306e+04,-8.090383870541941724e+04
1.192272247556806608e+00,-2.139956773209189851e+04,-8.118776871608640067e+04
1.193581244495802496e+00,-1.949283683980971546e+04,-8.148009593692183262e+04
1.194890241434798162e+00,-1.782407623440140378e+04,-8.178567169332021149e+04
1.196199238373793827e+00,-1.620842533057320179e+04,-8.203468109964964970e+04
1.197508235312789493e+00,-1.483005316823330031e+04,-8.222855725692634587e+04
1.198817232251785381e+00,-1.354178588051784936e+04,-8.243065224537879112e+04
1.200126229190781046e+00,-1.243364588794510928e+04,-8.264420396089700807e+04
1.201435226129776712e+00,-1.129368684560544716e+04,-8.282133493786012696e+04
1.202744223068772378e+00,-1.031141744976969858e+04,-8.296203667655169556e+04
1.204053220007768266e+00,-9.440693034676894968e+03,-8.310471572250884492e+04
1.205362216946763931e+00,-8.638055798257188144e+03,-8.324914982173145108e+04
1.206671213885759597e+00,-7.875176606486774290e+03,-8.336575211468723137e+04
1.207980210824755263e+00,-7.258149608918158265e+03,-8.346237076616717968e+04
1.209289207763751151e+00,-6.618824400726110980e+03,-8.356935041102809191e+04
1.210598204702746816e+00,-6.066802711434234880e+03,-8.367959982210746966e+04
1.211907201641742482e+00,-5.625357567253247908e+03,-8.376346796957498009e+04
1.213216198580738148e+00,-5.250057834082205773e+03,-8.382701234053530789e+04
1.214525195519734035e+00,-4.856230353971168370e+03,-8.389985446823206439e+04
1.215834192458729701e+00,-4.540815492129381710e+03,-8.397952336840980570e+04
1.217143189397725367e+00,-4.200645718860235320e+03,-8.404356749846256571e+04
1.218452186336721033e+00,-3.898247896926690828e+03,-8.409628510303766234e+04
1.219761183275716920e+00,-3.577293994212996949e+03,-8.415627110070304479e+04
1.221070180214712586e+00,-3.425088152393971086e+03,-8.421802366677693499e+04
1.222379177153708252e+00,-3.300982561839508890e+03,-8.426437048930644232e+04
1.223688174092703917e+00,-3.170770751064775141e+03,-8.430201589134414098e+04
1.224997171031699805e+00,-3.081622054364252563e+03,-8.434850480363769748e+04
1.226306167970695471e+00,-3.007932496994946177e+03,-8.439899425375171995e+04
1.227615164909691137e+00,-2.949541019512526418e+03,-8.443928566359044635e+04
1.228924161848686802e+00,-2.871516606723810128e+03,-8.447616662040301890e+04
1.230233158787682690e+00,-2.815866510713393836e+03,-8.452334602303078282e+04
1.231542155726678356e+00,-2.860856371580637642e+03,-8.457320981395269337e+04
1.232851152665674022e+00,-2.912976198667156041e+03,-8.461088664480437001e+04
1.234160149604669687e+00,-2.999591231773395066e+03,-8.464476535337693349e+04
1.235469146543665575e+00,-2.998481215057406644e+03,-8.469309808188919851e+04
1.236778143482661241e+00,-3.145713320037626545e+03,-8.475132262100990920e+04
1.238087140421656906e+00,-3.402821573368957615e+03,-8.480546671277337009e+04
1.239396137360652572e+00,-3.541311799088697171e+03,-8.485536439672438428e+04
1.240705134299648460e+00,-3.712247510424696429e+03,-8.490580117564566899e+04
1.242014131238644126e+00,-3.993010849104372937e+03,-8.495488532894643140e+04
1.243323128177639791e+00,-4.232870018145677932e+03,-8.500285916954001004e+04
1.244632125116635457e+00,-4.463222624705434100e+03,-8.505724288378962956e+04
1.245941122055631345e+00,-4.734816965563336453e+03,-8.511260329421146889e+04
1.247250118994627011e+00,-5.247061526715376203e+03,-8.514602837815323437e+04
1.248559115933622676e+00,-5.698675525022472357e+03,-8.513714877100895683e+04
1.249868112872618342e+00,-6.204360354254126833e+03,-8.511935730284413148e+04
1.251177109811614230e+00,-6.578980796921036927e+03,-8.497359260740029276e+04
1.252486106750609895e+00,-6.927599775113593751e+03,-8.424213516878979863e+04
1.253795103689605561e+00,-7.181194777986497684e+03,-8.234249524201110762e+04
1.255104100628601227e+00,-5.577729402556741661e+03,-7.654436030960125208e+04
1.256413097567597115e+00,6.625181375049886583e+02,-6.162390855510078836e+04
