# Exudyn: solution of belt drive, slip and gap over belt length
# Exudyn output file
# Exudyn version=1.2.34.dev1
# endTime=2.45
# stepSize=2e-05
# nSegments=4
# nANCFnodes=240
# contactStiffnessPerArea=100000000.0
# frictionStiffnessPerArea=100000000.0
# contactStiffness=418879.02047863905
# frictionStiffness=523598.7755982988
# contactDamping=8.377580409572781
# frictionVelocityPenalty=33.70609928242229
# dryFriction=0.5
# 
1.089401463558736793e-03,1.088337178017928508e-06,-5.971422050943253623e-06
2.398398402554624553e-03,0.000000000000000000e+00,0.000000000000000000e+00
3.707395341550290269e-03,0.000000000000000000e+00,0.000000000000000000e+00
5.016392280545955984e-03,0.000000000000000000e+00,0.000000000000000000e+00
6.325389219541621699e-03,0.000000000000000000e+00,0.000000000000000000e+00
7.634386158537509459e-03,0.000000000000000000e+00,0.000000000000000000e+00
8.943383097533175174e-03,0.000000000000000000e+00,0.000000000000000000e+00
1.025238003652884089e-02,0.000000000000000000e+00,0.000000000000000000e+00
1.156137697552450661e-02,0.000000000000000000e+00,0.000000000000000000e+00
1.287037391452039437e-02,0.000000000000000000e+00,0.000000000000000000e+00
1.417937085351606008e-02,0.000000000000000000e+00,0.000000000000000000e+00
1.548836779251172580e-02,0.000000000000000000e+00,0.000000000000000000e+00
1.679736473150739151e-02,0.000000000000000000e+00,0.000000000000000000e+00
1.810636167050327927e-02,0.000000000000000000e+00,0.000000000000000000e+00
1.941535860949894499e-02,0.000000000000000000e+00,0.000000000000000000e+00
2.072435554849461070e-02,0.000000000000000000e+00,0.000000000000000000e+00
2.203335248749427322e-02,0.000000000000000000e+00,0.000000000000000000e+00
2.334234942649016098e-02,0.000000000000000000e+00,0.000000000000000000e+00
2.465134636548582669e-02,0.000000000000000000e+00,0.000000000000000000e+00
2.596034330448149241e-02,0.000000000000000000e+00,0.000000000000000000e+00
2.726934024347738017e-02,0.000000000000000000e+00,0.000000000000000000e+00
2.857833718247304589e-02,0.000000000000000000e+00,0.000000000000000000e+00
2.988733412146871160e-02,0.000000000000000000e+00,0.000000000000000000e+00
3.119633106046459936e-02,0.000000000000000000e+00,0.000000000000000000e+00
3.250532799946026508e-02,0.000000000000000000e+00,0.000000000000000000e+00
3.381432493845593079e-02,0.000000000000000000e+00,0.000000000000000000e+00
3.512332187745181855e-02,0.000000000000000000e+00,0.000000000000000000e+00
3.643231881644748427e-02,0.000000000000000000e+00,0.000000000000000000e+00
3.774131575544337203e-02,0.000000000000000000e+00,0.000000000000000000e+00
3.905031269443903774e-02,0.000000000000000000e+00,0.000000000000000000e+00
4.035930963343470346e-02,0.000000000000000000e+00,0.000000000000000000e+00
4.166830657243059122e-02,0.000000000000000000e+00,0.000000000000000000e+00
4.297730351142625693e-02,0.000000000000000000e+00,0.000000000000000000e+00
4.428630045042192265e-02,0.000000000000000000e+00,0.000000000000000000e+00
4.559529738941781041e-02,0.000000000000000000e+00,0.000000000000000000e+00
4.690429432841347612e-02,0.000000000000000000e+00,0.000000000000000000e+00
4.821329126740936388e-02,0.000000000000000000e+00,0.000000000000000000e+00
4.952228820640502960e-02,0.000000000000000000e+00,0.000000000000000000e+00
5.083128514540069531e-02,0.000000000000000000e+00,0.000000000000000000e+00
5.214028208439658307e-02,0.000000000000000000e+00,0.000000000000000000e+00
5.344927902339224879e-02,0.000000000000000000e+00,0.000000000000000000e+00
5.475827596238791450e-02,0.000000000000000000e+00,0.000000000000000000e+00
5.606727290138380226e-02,0.000000000000000000e+00,0.000000000000000000e+00
5.737626984037946798e-02,0.000000000000000000e+00,0.000000000000000000e+00
5.868526677937513369e-02,0.000000000000000000e+00,0.000000000000000000e+00
5.999426371837102145e-02,0.000000000000000000e+00,0.000000000000000000e+00
6.130326065736668717e-02,0.000000000000000000e+00,0.000000000000000000e+00
6.261225759636257493e-02,0.000000000000000000e+00,0.000000000000000000e+00
6.392125453535824064e-02,0.000000000000000000e+00,0.000000000000000000e+00
6.523025147435390636e-02,0.000000000000000000e+00,0.000000000000000000e+00
6.653924841334979412e-02,0.000000000000000000e+00,0.000000000000000000e+00
6.784824535234545984e-02,0.000000000000000000e+00,0.000000000000000000e+00
6.915724229134112555e-02,0.000000000000000000e+00,0.000000000000000000e+00
7.046623923033701331e-02,0.000000000000000000e+00,0.000000000000000000e+00
7.177523616933267903e-02,0.000000000000000000e+00,0.000000000000000000e+00
7.308423310832834474e-02,0.000000000000000000e+00,0.000000000000000000e+00
7.439323004732423250e-02,0.000000000000000000e+00,0.000000000000000000e+00
7.570222698631989822e-02,0.000000000000000000e+00,0.000000000000000000e+00
7.701122392531578598e-02,0.000000000000000000e+00,0.000000000000000000e+00
7.832022086431145169e-02,0.000000000000000000e+00,0.000000000000000000e+00
7.962921780330711741e-02,0.000000000000000000e+00,0.000000000000000000e+00
8.093821474230300517e-02,0.000000000000000000e+00,0.000000000000000000e+00
8.224721168129867088e-02,0.000000000000000000e+00,0.000000000000000000e+00
8.355620862029433660e-02,0.000000000000000000e+00,0.000000000000000000e+00
8.486520555929022436e-02,0.000000000000000000e+00,0.000000000000000000e+00
8.617420249828589007e-02,0.000000000000000000e+00,0.000000000000000000e+00
8.748319943728155579e-02,0.000000000000000000e+00,0.000000000000000000e+00
8.879219637627744355e-02,0.000000000000000000e+00,0.000000000000000000e+00
9.010119331527310926e-02,0.000000000000000000e+00,0.000000000000000000e+00
9.141019025426899702e-02,0.000000000000000000e+00,0.000000000000000000e+00
9.271918719326466274e-02,0.000000000000000000e+00,0.000000000000000000e+00
9.402818413226032845e-02,0.000000000000000000e+00,0.000000000000000000e+00
9.533718107125621621e-02,0.000000000000000000e+00,0.000000000000000000e+00
9.664617801025188193e-02,0.000000000000000000e+00,0.000000000000000000e+00
9.795517494924754764e-02,0.000000000000000000e+00,0.000000000000000000e+00
9.926417188824343540e-02,0.000000000000000000e+00,0.000000000000000000e+00
1.005731688272391011e-01,0.000000000000000000e+00,0.000000000000000000e+00
1.018821657662347668e-01,0.000000000000000000e+00,0.000000000000000000e+00
1.031911627052306546e-01,0.000000000000000000e+00,0.000000000000000000e+00
1.045001596442263203e-01,0.000000000000000000e+00,0.000000000000000000e+00
1.058091565832222081e-01,0.000000000000000000e+00,0.000000000000000000e+00
1.071181535222178738e-01,0.000000000000000000e+00,0.000000000000000000e+00
1.084271504612135395e-01,0.000000000000000000e+00,0.000000000000000000e+00
1.097361474002094273e-01,0.000000000000000000e+00,0.000000000000000000e+00
1.110451443392050930e-01,0.000000000000000000e+00,0.000000000000000000e+00
1.123541412782007587e-01,0.000000000000000000e+00,0.000000000000000000e+00
1.136631382171966465e-01,0.000000000000000000e+00,0.000000000000000000e+00
1.149721351561923122e-01,0.000000000000000000e+00,0.000000000000000000e+00
1.162811320951879779e-01,0.000000000000000000e+00,0.000000000000000000e+00
1.175901290341838656e-01,0.000000000000000000e+00,0.000000000000000000e+00
1.188991259731795314e-01,0.000000000000000000e+00,0.000000000000000000e+00
1.202081229121754191e-01,0.000000000000000000e+00,0.000000000000000000e+00
1.215171198511710848e-01,0.000000000000000000e+00,0.000000000000000000e+00
1.228261167901667505e-01,0.000000000000000000e+00,0.000000000000000000e+00
1.241351137291626383e-01,0.000000000000000000e+00,0.000000000000000000e+00
1.254441106681583040e-01,0.000000000000000000e+00,0.000000000000000000e+00
1.267531076071539697e-01,0.000000000000000000e+00,0.000000000000000000e+00
1.280621045461498575e-01,0.000000000000000000e+00,0.000000000000000000e+00
1.293711014851455232e-01,0.000000000000000000e+00,0.000000000000000000e+00
1.306800984241411889e-01,0.000000000000000000e+00,0.000000000000000000e+00
1.319890953631370767e-01,0.000000000000000000e+00,0.000000000000000000e+00
1.332980923021327424e-01,0.000000000000000000e+00,0.000000000000000000e+00
1.346070892411284081e-01,0.000000000000000000e+00,0.000000000000000000e+00
1.359160861801242959e-01,0.000000000000000000e+00,0.000000000000000000e+00
1.372250831191199616e-01,0.000000000000000000e+00,0.000000000000000000e+00
1.385340800581156273e-01,0.000000000000000000e+00,0.000000000000000000e+00
1.398430769971115151e-01,0.000000000000000000e+00,0.000000000000000000e+00
1.411520739361071808e-01,0.000000000000000000e+00,0.000000000000000000e+00
1.424610708751030685e-01,0.000000000000000000e+00,0.000000000000000000e+00
1.437700678140987343e-01,0.000000000000000000e+00,0.000000000000000000e+00
1.450790647530944000e-01,0.000000000000000000e+00,0.000000000000000000e+00
1.463880616920902877e-01,0.000000000000000000e+00,0.000000000000000000e+00
1.476970586310859535e-01,0.000000000000000000e+00,0.000000000000000000e+00
1.490060555700816192e-01,0.000000000000000000e+00,0.000000000000000000e+00
1.503150525090775069e-01,0.000000000000000000e+00,0.000000000000000000e+00
1.516240494480731726e-01,0.000000000000000000e+00,0.000000000000000000e+00
1.529330463870688384e-01,0.000000000000000000e+00,0.000000000000000000e+00
1.542420433260647261e-01,0.000000000000000000e+00,0.000000000000000000e+00
1.555510402650603918e-01,0.000000000000000000e+00,0.000000000000000000e+00
1.568600372040562796e-01,0.000000000000000000e+00,0.000000000000000000e+00
1.581690341430519453e-01,0.000000000000000000e+00,0.000000000000000000e+00
1.594780310820476110e-01,0.000000000000000000e+00,0.000000000000000000e+00
1.607870280210434988e-01,0.000000000000000000e+00,0.000000000000000000e+00
1.620960249600391645e-01,0.000000000000000000e+00,0.000000000000000000e+00
1.634050218990350523e-01,0.000000000000000000e+00,0.000000000000000000e+00
1.647140188380307180e-01,0.000000000000000000e+00,0.000000000000000000e+00
1.660230157770263837e-01,0.000000000000000000e+00,0.000000000000000000e+00
1.673320127160222714e-01,0.000000000000000000e+00,0.000000000000000000e+00
1.686410096550179372e-01,0.000000000000000000e+00,0.000000000000000000e+00
1.699500065940136029e-01,0.000000000000000000e+00,0.000000000000000000e+00
1.712590035330094906e-01,0.000000000000000000e+00,0.000000000000000000e+00
1.725680004720051564e-01,0.000000000000000000e+00,0.000000000000000000e+00
1.738769974110008221e-01,0.000000000000000000e+00,0.000000000000000000e+00
1.751859943499967098e-01,0.000000000000000000e+00,0.000000000000000000e+00
1.764949912889923755e-01,0.000000000000000000e+00,0.000000000000000000e+00
1.778039882279882633e-01,0.000000000000000000e+00,0.000000000000000000e+00
1.791129851669839290e-01,0.000000000000000000e+00,0.000000000000000000e+00
1.804219821059795947e-01,0.000000000000000000e+00,0.000000000000000000e+00
1.817309790449754825e-01,0.000000000000000000e+00,0.000000000000000000e+00
1.830399759839711482e-01,0.000000000000000000e+00,0.000000000000000000e+00
1.843489729229670360e-01,0.000000000000000000e+00,0.000000000000000000e+00
1.856579698619627017e-01,0.000000000000000000e+00,0.000000000000000000e+00
1.869669668009583674e-01,0.000000000000000000e+00,0.000000000000000000e+00
1.882759637399542552e-01,0.000000000000000000e+00,0.000000000000000000e+00
1.895849606789499209e-01,0.000000000000000000e+00,0.000000000000000000e+00
1.908939576179455866e-01,0.000000000000000000e+00,0.000000000000000000e+00
1.922029545569414744e-01,0.000000000000000000e+00,0.000000000000000000e+00
1.935119514959371401e-01,0.000000000000000000e+00,0.000000000000000000e+00
1.948209484349328058e-01,0.000000000000000000e+00,0.000000000000000000e+00
1.961299453739286935e-01,0.000000000000000000e+00,0.000000000000000000e+00
1.974389423129243593e-01,0.000000000000000000e+00,0.000000000000000000e+00
1.987479392519202470e-01,0.000000000000000000e+00,0.000000000000000000e+00
2.000569361909159127e-01,0.000000000000000000e+00,0.000000000000000000e+00
2.013659331299115784e-01,0.000000000000000000e+00,0.000000000000000000e+00
2.026749300689074662e-01,0.000000000000000000e+00,0.000000000000000000e+00
2.039839270079031319e-01,0.000000000000000000e+00,0.000000000000000000e+00
2.052929239468990197e-01,0.000000000000000000e+00,0.000000000000000000e+00
2.066019208858946854e-01,0.000000000000000000e+00,0.000000000000000000e+00
2.079109178248903511e-01,0.000000000000000000e+00,0.000000000000000000e+00
2.092199147638862389e-01,0.000000000000000000e+00,0.000000000000000000e+00
2.105289117028819046e-01,0.000000000000000000e+00,0.000000000000000000e+00
2.118379086418775703e-01,0.000000000000000000e+00,0.000000000000000000e+00
2.131469055808734581e-01,0.000000000000000000e+00,0.000000000000000000e+00
2.144559025198691238e-01,0.000000000000000000e+00,0.000000000000000000e+00
2.157648994588647895e-01,0.000000000000000000e+00,0.000000000000000000e+00
2.170738963978606773e-01,0.000000000000000000e+00,0.000000000000000000e+00
2.183828933368563430e-01,0.000000000000000000e+00,0.000000000000000000e+00
2.196918902758522307e-01,0.000000000000000000e+00,0.000000000000000000e+00
2.210008872148478964e-01,0.000000000000000000e+00,0.000000000000000000e+00
2.223098841538435622e-01,0.000000000000000000e+00,0.000000000000000000e+00
2.236188810928394499e-01,0.000000000000000000e+00,0.000000000000000000e+00
2.249278780318351156e-01,0.000000000000000000e+00,0.000000000000000000e+00
2.262368749708310034e-01,0.000000000000000000e+00,0.000000000000000000e+00
2.275458719098266691e-01,0.000000000000000000e+00,0.000000000000000000e+00
2.288548688488223348e-01,0.000000000000000000e+00,0.000000000000000000e+00
2.301638657878182226e-01,0.000000000000000000e+00,0.000000000000000000e+00
2.314728627268138883e-01,0.000000000000000000e+00,0.000000000000000000e+00
2.327818596658095540e-01,0.000000000000000000e+00,0.000000000000000000e+00
2.340908566048054418e-01,0.000000000000000000e+00,0.000000000000000000e+00
2.353998535438011075e-01,0.000000000000000000e+00,0.000000000000000000e+00
2.367088504827967732e-01,0.000000000000000000e+00,0.000000000000000000e+00
2.380178474217926610e-01,0.000000000000000000e+00,0.000000000000000000e+00
2.393268443607883267e-01,0.000000000000000000e+00,0.000000000000000000e+00
2.406358412997842144e-01,0.000000000000000000e+00,0.000000000000000000e+00
2.419448382387798802e-01,0.000000000000000000e+00,0.000000000000000000e+00
2.432538351777755459e-01,0.000000000000000000e+00,0.000000000000000000e+00
2.445628321167714336e-01,0.000000000000000000e+00,0.000000000000000000e+00
2.458718290557670993e-01,0.000000000000000000e+00,0.000000000000000000e+00
2.471808259947629871e-01,0.000000000000000000e+00,0.000000000000000000e+00
2.484898229337586528e-01,0.000000000000000000e+00,0.000000000000000000e+00
2.497988198727543185e-01,0.000000000000000000e+00,0.000000000000000000e+00
2.511078168117502063e-01,0.000000000000000000e+00,0.000000000000000000e+00
2.524168137507458720e-01,0.000000000000000000e+00,0.000000000000000000e+00
2.537258106897415377e-01,0.000000000000000000e+00,0.000000000000000000e+00
2.550348076287374255e-01,0.000000000000000000e+00,0.000000000000000000e+00
2.563438045677330912e-01,0.000000000000000000e+00,0.000000000000000000e+00
2.576528015067288679e-01,0.000000000000000000e+00,0.000000000000000000e+00
2.589617984457246447e-01,0.000000000000000000e+00,0.000000000000000000e+00
2.602707953847203104e-01,0.000000000000000000e+00,0.000000000000000000e+00
2.615797923237160871e-01,0.000000000000000000e+00,0.000000000000000000e+00
2.628887892627118639e-01,0.000000000000000000e+00,0.000000000000000000e+00
2.641977862017076406e-01,0.000000000000000000e+00,0.000000000000000000e+00
2.655067831407034173e-01,0.000000000000000000e+00,0.000000000000000000e+00
2.668157800796990831e-01,0.000000000000000000e+00,0.000000000000000000e+00
2.681247770186948598e-01,0.000000000000000000e+00,0.000000000000000000e+00
2.694337739576906365e-01,0.000000000000000000e+00,0.000000000000000000e+00
2.707427708966863023e-01,0.000000000000000000e+00,0.000000000000000000e+00
2.720517678356821900e-01,0.000000000000000000e+00,0.000000000000000000e+00
2.733607647746778557e-01,0.000000000000000000e+00,0.000000000000000000e+00
2.746697617136735214e-01,0.000000000000000000e+00,0.000000000000000000e+00
2.759787586526694092e-01,0.000000000000000000e+00,0.000000000000000000e+00
2.772877555916650749e-01,0.000000000000000000e+00,0.000000000000000000e+00
2.785967525306608517e-01,0.000000000000000000e+00,0.000000000000000000e+00
2.799057494696566284e-01,0.000000000000000000e+00,0.000000000000000000e+00
2.812147464086522941e-01,0.000000000000000000e+00,0.000000000000000000e+00
2.825237433476480708e-01,0.000000000000000000e+00,0.000000000000000000e+00
2.838327402866438476e-01,0.000000000000000000e+00,0.000000000000000000e+00
2.851417372256395133e-01,0.000000000000000000e+00,0.000000000000000000e+00
2.864507341646354011e-01,0.000000000000000000e+00,0.000000000000000000e+00
2.877597311036310668e-01,0.000000000000000000e+00,0.000000000000000000e+00
2.890687280426268435e-01,0.000000000000000000e+00,0.000000000000000000e+00
2.903777249816226202e-01,0.000000000000000000e+00,0.000000000000000000e+00
2.916867219206182860e-01,0.000000000000000000e+00,0.000000000000000000e+00
2.929957188596140627e-01,0.000000000000000000e+00,0.000000000000000000e+00
2.943047157986098394e-01,0.000000000000000000e+00,0.000000000000000000e+00
2.956137127376055052e-01,0.000000000000000000e+00,0.000000000000000000e+00
2.969227096766013929e-01,0.000000000000000000e+00,0.000000000000000000e+00
2.982317066155970586e-01,0.000000000000000000e+00,0.000000000000000000e+00
2.995407035545928354e-01,0.000000000000000000e+00,0.000000000000000000e+00
3.008497004935886121e-01,0.000000000000000000e+00,0.000000000000000000e+00
3.021586974325842778e-01,0.000000000000000000e+00,0.000000000000000000e+00
3.034676943715800546e-01,0.000000000000000000e+00,-1.033688648235941976e-05
3.047766913105758313e-01,0.000000000000000000e+00,-1.634235814407247744e-05
3.060856882495714970e-01,0.000000000000000000e+00,-1.957128706862876211e-05
3.073946851885673848e-01,0.000000000000000000e+00,-2.072065200239836535e-05
3.087036821275630505e-01,0.000000000000000000e+00,-2.078060761601108197e-05
3.100126790665588272e-01,0.000000000000000000e+00,-2.067548690677656342e-05
3.113216760055546040e-01,0.000000000000000000e+00,-2.060193748537608727e-05
3.126306729445502697e-01,0.000000000000000000e+00,-2.045609855612362527e-05
3.139396698835460464e-01,0.000000000000000000e+00,-2.030232192189174167e-05
3.152486668225418232e-01,0.000000000000000000e+00,-2.016572960954199356e-05
3.165576637615374889e-01,0.000000000000000000e+00,-2.001739912696476331e-05
3.178666607005333766e-01,0.000000000000000000e+00,-1.985348260181984958e-05
3.191756576395290423e-01,0.000000000000000000e+00,-1.970954328033014402e-05
3.204846545785248191e-01,0.000000000000000000e+00,-1.958632522724990110e-05
3.217936515175205958e-01,0.000000000000000000e+00,-1.944613116905413719e-05
3.231026484565162615e-01,0.000000000000000000e+00,-1.928748746608810460e-05
3.244116453955120383e-01,0.000000000000000000e+00,-1.914860735001411296e-05
3.257206423345078150e-01,0.000000000000000000e+00,-1.903148704049395512e-05
3.270296392735034807e-01,0.000000000000000000e+00,-1.889721794717802439e-05
3.283386362124993685e-01,0.000000000000000000e+00,-1.874294442551216466e-05
3.296476331514950342e-01,0.000000000000000000e+00,-1.860635356668027818e-05
3.309566300904908109e-01,0.000000000000000000e+00,-1.849101103440498051e-05
3.322656270294865877e-01,0.000000000000000000e+00,-1.836085371137441413e-05
3.335746239684822534e-01,0.000000000000000000e+00,-1.821245336272592219e-05
3.348836209074780301e-01,0.000000000000000000e+00,-1.808030714890718205e-05
3.361926178464738069e-01,0.000000000000000000e+00,-1.796754176315584761e-05
3.375016147854694726e-01,0.000000000000000000e+00,-1.784097779393423178e-05
3.388106117244653603e-01,0.000000000000000000e+00,-1.769798637081543280e-05
3.401196086634610261e-01,0.000000000000000000e+00,-1.757124216698879859e-05
3.414286056024568028e-01,0.000000000000000000e+00,-1.746278134290291106e-05
3.427376025414525795e-01,0.000000000000000000e+00,-1.733976633688794067e-05
3.440465994804482452e-01,0.000000000000000000e+00,-1.720011815287136869e-05
3.453555964194440220e-01,0.000000000000000000e+00,-1.707659599030353359e-05
3.466645933584397987e-01,0.000000000000000000e+00,-1.697181829800331609e-05
3.479735902974354644e-01,0.000000000000000000e+00,-1.685352252538130369e-05
3.492825872364313522e-01,0.000000000000000000e+00,-1.671890652170382463e-05
3.505915841754270179e-01,0.000000000000000000e+00,-1.659919414333244081e-05
3.519005811144227946e-01,0.000000000000000000e+00,-1.649685490998087367e-05
3.532095780534185714e-01,0.000000000000000000e+00,-1.638127585024129473e-05
3.545185749924142371e-01,0.000000000000000000e+00,-1.625043675182458180e-05
3.558275719314100138e-01,0.000000000000000000e+00,-1.613508610996683412e-05
3.571365688704057906e-01,0.000000000000000000e+00,-1.603712541579926931e-05
3.584455658094014563e-01,0.000000000000000000e+00,-1.592547845763458980e-05
3.597545627483973441e-01,0.000000000000000000e+00,-1.579800286763410888e-05
3.610635596873930098e-01,0.000000000000000000e+00,-1.568547103583672886e-05
3.623725566263887865e-01,0.000000000000000000e+00,-1.559028310590959698e-05
3.636815535653845632e-01,0.000000000000000000e+00,-1.548209260242294771e-05
3.649905505043802290e-01,0.000000000000000000e+00,-1.535861120249837342e-05
3.662995474433760057e-01,0.000000000000000000e+00,-1.524982640847827309e-05
3.676085443823717824e-01,0.000000000000000000e+00,-1.515791240283559382e-05
3.689175413213674481e-01,0.000000000000000000e+00,-1.505299717738384224e-05
3.702265382603633359e-01,0.000000000000000000e+00,-1.493285682838130235e-05
3.715355351993590016e-01,0.000000000000000000e+00,-1.482699845588297816e-05
3.728445321383547784e-01,0.000000000000000000e+00,-1.473784273244016507e-05
3.741535290773505551e-01,0.000000000000000000e+00,-1.463633063981950588e-05
3.754625260163462208e-01,0.000000000000000000e+00,-1.452003125815282125e-05
3.767715229553419976e-01,0.000000000000000000e+00,-1.441738200715081408e-05
3.780805198943377743e-01,0.000000000000000000e+00,-1.433075784426640631e-05
3.793895168333334400e-01,0.000000000000000000e+00,-1.423217946440458181e-05
3.806985137723293278e-01,0.000000000000000000e+00,-1.411935202712266690e-05
3.820075107113249935e-01,0.000000000000000000e+00,-1.401981221375858677e-05
3.833165076503207702e-01,0.000000000000000000e+00,-1.393581413447475548e-05
3.846255045893165470e-01,0.000000000000000000e+00,-1.384015007180328105e-05
3.859345015283122127e-01,0.000000000000000000e+00,-1.373062529065605109e-05
3.872434984673079894e-01,0.000000000000000000e+00,-1.363409874362286889e-05
3.885524954063037661e-01,0.000000000000000000e+00,-1.355272950744057514e-05
3.898614923452994319e-01,0.000000000000000000e+00,-1.345987893498767907e-05
3.911704892842953196e-01,0.000000000000000000e+00,-1.335341043555426932e-05
3.924794862232909853e-01,0.000000000000000000e+00,-1.325965322568345428e-05
3.937884831622867621e-01,0.000000000000000000e+00,-1.318082420030675106e-05
3.950974801012825388e-01,0.000000000000000000e+00,-1.309088216372433777e-05
3.964064770402782045e-01,0.000000000000000000e+00,-1.298758315597392521e-05
3.977154739792739813e-01,0.000000000000000000e+00,-1.289649261317082907e-05
3.990244709182697580e-01,0.000000000000000000e+00,-1.281985943417385254e-05
4.003334678572654237e-01,0.000000000000000000e+00,-1.273251394363905664e-05
4.016424647962613115e-01,0.000000000000000000e+00,-1.263230210063470693e-05
4.029514617352569772e-01,0.000000000000000000e+00,-1.254405874290265288e-05
4.042604586742527539e-01,0.000000000000000000e+00,-1.246982339096758263e-05
4.055694556132485307e-01,0.000000000000000000e+00,-1.238491025765120490e-05
4.068784525522441964e-01,0.000000000000000000e+00,-1.228734052463598125e-05
4.081874494912399731e-01,0.000000000000000000e+00,-1.220165018286922809e-05
4.094964464302357499e-01,0.000000000000000000e+00,-1.212988490215116677e-05
4.108054433692314156e-01,0.000000000000000000e+00,-1.204762772472056653e-05
4.121144403082273033e-01,0.000000000000000000e+00,-1.195276828769298305e-05
4.134234372472229690e-01,0.000000000000000000e+00,-1.186935213315365445e-05
4.147324341862187458e-01,0.000000000000000000e+00,-1.179962914682475272e-05
4.160414311252145225e-01,0.000000000000000000e+00,-1.171995021438665407e-05
4.173504280642101882e-01,0.000000000000000000e+00,-1.162804134947903467e-05
4.186594250032059650e-01,0.000000000000000000e+00,-1.154698366313822167e-05
4.199684219422017417e-01,0.000000000000000000e+00,-1.147904776821473405e-05
4.212774188811974074e-01,0.000000000000000000e+00,-1.140163912873026764e-05
4.225864158201932952e-01,0.000000000000000000e+00,-1.131257357553372422e-05
4.238954127591889609e-01,0.000000000000000000e+00,-1.123401496623543938e-05
4.252044096981847376e-01,0.000000000000000000e+00,-1.116801667043476609e-05
4.265134066371805144e-01,0.000000000000000000e+00,-1.109266857061974587e-05
4.278224035761761801e-01,0.000000000000000000e+00,-1.100602783500603810e-05
4.291314005151719568e-01,0.000000000000000000e+00,-1.092986307579812966e-05
4.304403974541677336e-01,0.000000000000000000e+00,-1.086606102350395897e-05
4.317493943931633993e-01,0.000000000000000000e+00,-1.079287654666416518e-05
4.330583913321592870e-01,0.000000000000000000e+00,-1.070843006624466742e-05
4.343673882711549528e-01,0.000000000000000000e+00,-1.063435131887224827e-05
4.356763852101507295e-01,0.000000000000000000e+00,-1.057260837886153659e-05
4.369853821491465062e-01,0.000000000000000000e+00,-1.050168324515099449e-05
4.382943790881421720e-01,0.000000000000000000e+00,-1.041956984888792181e-05
4.396033760271379487e-01,0.000000000000000000e+00,-1.034749062914230855e-05
4.409123729661337254e-01,0.000000000000000000e+00,-1.028751692544460639e-05
4.422213699051293911e-01,0.000000000000000000e+00,-1.021869502512706696e-05
4.435303668441252789e-01,0.000000000000000000e+00,-1.013896839680006323e-05
4.448393637831209446e-01,0.000000000000000000e+00,-1.006894486758891372e-05
4.461483607221167214e-01,0.000000000000000000e+00,-1.001066928804639211e-05
4.474573576611124981e-01,0.000000000000000000e+00,-9.943795774070007809e-06
4.487663546001081638e-01,0.000000000000000000e+00,-9.866322890322853922e-06
4.500753515391039405e-01,0.000000000000000000e+00,-9.798318437351238863e-06
4.513843484780997173e-01,0.000000000000000000e+00,-9.741769125229393644e-06
4.526933454170953830e-01,0.000000000000000000e+00,-9.676803643429710000e-06
4.540023423560912708e-01,0.000000000000000000e+00,-9.601459338343110161e-06
4.553113392950869365e-01,0.000000000000000000e+00,-9.535359324339132137e-06
4.566203362340827132e-01,0.000000000000000000e+00,-9.480485751833800379e-06
4.579293331730784899e-01,0.000000000000000000e+00,-9.417412660001067692e-06
4.592383301120741557e-01,0.000000000000000000e+00,-9.344170405184426542e-06
4.605473270510699324e-01,0.000000000000000000e+00,-9.279914955084844763e-06
4.618563239900657091e-01,0.000000000000000000e+00,-9.226621561525538695e-06
4.631653209290613749e-01,0.000000000000000000e+00,-9.165341853759056967e-06
4.644743178680572626e-01,0.000000000000000000e+00,-9.094133293391370998e-06
4.657833148070529283e-01,0.000000000000000000e+00,-9.031706733317323987e-06
4.670923117460487051e-01,0.000000000000000000e+00,-8.979998341693273822e-06
4.684013086850444818e-01,0.000000000000000000e+00,-8.920461150488390167e-06
4.697103056240401475e-01,0.000000000000000000e+00,-8.851174716273391141e-06
4.710193025630359243e-01,0.000000000000000000e+00,-8.790460633595342799e-06
4.723282995020317010e-01,0.000000000000000000e+00,-8.740276084842624194e-06
4.736372964410273667e-01,0.000000000000000000e+00,-8.682491097589117857e-06
4.749462933800232545e-01,0.000000000000000000e+00,-8.615147266632927625e-06
4.762552903190189202e-01,0.000000000000000000e+00,-8.556088930966598838e-06
4.775642872580146969e-01,0.000000000000000000e+00,-8.507291713935605237e-06
4.788732841970104737e-01,0.000000000000000000e+00,-8.451147947188819565e-06
4.801822811360061394e-01,0.000000000000000000e+00,-8.385713257091920170e-06
4.814912780750019161e-01,0.000000000000000000e+00,-8.328332071982913476e-06
4.828002750139976929e-01,0.000000000000000000e+00,-8.280930564846800124e-06
4.841092719529933586e-01,0.000000000000000000e+00,-8.226350565535001103e-06
4.854182688919892463e-01,0.000000000000000000e+00,-8.162695455948831835e-06
4.867272658309849120e-01,0.000000000000000000e+00,-8.106910210997630983e-06
4.880362627699806888e-01,0.000000000000000000e+00,-8.060900335171705677e-06
4.893452597089764655e-01,0.000000000000000000e+00,-8.007883525854020412e-06
4.906542566479721312e-01,0.000000000000000000e+00,-7.945966039424323668e-06
4.919632535869679080e-01,0.000000000000000000e+00,-7.891706881604787505e-06
4.932722505259636847e-01,0.000000000000000000e+00,-7.847015763048914572e-06
4.945812474649593504e-01,0.000000000000000000e+00,-7.795511545088951166e-06
4.958902444039552382e-01,0.000000000000000000e+00,-7.735301525146898172e-06
4.971992413429509039e-01,0.000000000000000000e+00,-7.682540680967187008e-06
4.985082382819466806e-01,0.000000000000000000e+00,-7.639121470823240223e-06
4.998172352209424574e-01,0.000000000000000000e+00,-7.589060016605087000e-06
5.011262321599381231e-01,0.000000000000000000e+00,-7.530496012750353962e-06
5.024352290989338998e-01,0.000000000000000000e+00,-7.479226458162457902e-06
5.037442260379296766e-01,0.000000000000000000e+00,-7.437094928605669786e-06
5.050532229769253423e-01,0.000000000000000000e+00,-7.388418615736358497e-06
5.063622199159212300e-01,0.000000000000000000e+00,-7.331372756644305433e-06
5.076712168549168958e-01,0.000000000000000000e+00,-7.281485533944254129e-06
5.089802137939126725e-01,0.000000000000000000e+00,-7.240637564645546753e-06
5.102892107329084492e-01,0.000000000000000000e+00,-7.193442329536670066e-06
5.115982076719041149e-01,0.000000000000000000e+00,-7.137979505369984601e-06
5.129072046108998917e-01,0.000000000000000000e+00,-7.089336843346671913e-06
5.142162015498956684e-01,0.000000000000000000e+00,-7.049510962559013549e-06
5.155251984888913341e-01,0.000000000000000000e+00,-7.003722138632095806e-06
5.168341954278872219e-01,0.000000000000000000e+00,-6.949981574230768011e-06
5.181431923668828876e-01,0.000000000000000000e+00,-6.902700672661854497e-06
5.194521893058786643e-01,0.000000000000000000e+00,-6.863836582854387913e-06
5.207611862448744411e-01,0.000000000000000000e+00,-6.819268613941775747e-06
5.220701831838701068e-01,0.000000000000000000e+00,-6.767098581286767889e-06
5.233791801228658835e-01,0.000000000000000000e+00,-6.721202985435215105e-06
5.246881770618615493e-01,0.000000000000000000e+00,-6.683426195669417424e-06
5.259971740008573260e-01,0.000000000000000000e+00,-6.640047817571548272e-06
5.273061709398531027e-01,0.000000000000000000e+00,-6.589265270459665480e-06
5.286151678788488795e-01,0.000000000000000000e+00,-6.544658476340114994e-06
5.299241648178445452e-01,0.000000000000000000e+00,-6.508029541080206926e-06
5.312331617568403219e-01,0.000000000000000000e+00,-6.465894643786773699e-06
5.325421586958360987e-01,0.000000000000000000e+00,-6.416456614810606141e-06
5.338511556348318754e-01,0.000000000000000000e+00,-6.373046420357630915e-06
5.351601525738275411e-01,0.000000000000000000e+00,-6.337472564801882591e-06
5.364691495128233178e-01,0.000000000000000000e+00,-6.296534723559954472e-06
5.377781464518190946e-01,0.000000000000000000e+00,-6.248484255635955442e-06
5.390871433908148713e-01,0.000000000000000000e+00,-6.206445297335383415e-06
5.403961403298105370e-01,0.000000000000000000e+00,-6.172036912957534760e-06
5.417051372688063138e-01,0.000000000000000000e+00,-6.131818396745702948e-06
5.430141342078020905e-01,0.000000000000000000e+00,-6.083708886314709297e-06
5.443231311467978673e-01,0.000000000000000000e+00,-6.040513264526925497e-06
5.456321280857935330e-01,0.000000000000000000e+00,-6.004259497274788693e-06
5.469411250247893097e-01,2.089837254232347619e-06,-5.963815233503422242e-06
5.482501219637850864e-01,2.116671821446487745e-06,-5.920295574973755137e-06
5.495591189027808632e-01,1.533046001627597077e-06,-5.889048729681989336e-06
5.508681158417765289e-01,5.281744813075139877e-07,-5.875068643357295173e-06
5.521771127807723056e-01,5.789072303336029179e-07,-5.866388282496637352e-06
5.534861097197680824e-01,9.373745937131527928e-07,-5.856033286968931328e-06
5.547951066587638591e-01,5.772952654144181128e-07,-5.848831602997539569e-06
5.561041035977595248e-01,-2.024413001486952135e-07,-5.846980451182370864e-06
5.574131005367553016e-01,2.899879517764825110e-08,-5.845724068906377191e-06
5.587220974757510783e-01,5.770753230792402544e-07,-5.841922052010617428e-06
5.600310944147468550e-01,3.647256486133398923e-07,-5.838487422152316419e-06
5.613400913537425208e-01,-3.403236315813185087e-07,-5.837652625323430655e-06
5.626490882927382975e-01,-8.219277144658199141e-08,-5.836879903117764279e-06
5.639580852317340742e-01,4.735755677470754321e-07,-5.834043388594500890e-06
5.652670821707298510e-01,3.139082016094529859e-07,-5.831500665742783696e-06
5.665760791097255167e-01,-4.505188235491563997e-07,-5.831500729941430095e-06
5.678850760487212934e-01,-1.842069529897627511e-07,-5.832107951797560474e-06
5.691940729877170702e-01,4.118066313195389849e-07,-5.831231952482807124e-06
5.705030699267128469e-01,1.970595705294564404e-07,-5.830688130800676383e-06
5.718120668657085126e-01,-4.680285394624561501e-07,-5.832253634527329034e-06
5.731210638047042893e-01,-2.208768527210691612e-07,-5.833695792475945829e-06
5.744300607437000661e-01,4.103268025912321093e-07,-5.832718230902589340e-06
5.757390576826958428e-01,2.598400179881776850e-07,-5.830958168889788240e-06
5.770480546216915085e-01,-4.309128967747155592e-07,-5.830888182997706615e-06
5.783570515606872853e-01,-1.976436066059017449e-07,-5.831602586242601305e-06
5.796660484996830620e-01,4.106645184118185021e-07,-5.830997061945231152e-06
5.809750454386788387e-01,2.725586646101785249e-07,-5.829951501973296146e-06
5.822840423776745045e-01,-4.590295388032239465e-07,-5.830066268849853905e-06
5.835930393166702812e-01,-1.683055429677060566e-07,-5.830089175276609303e-06
5.849020362556660579e-01,3.948356083471882272e-07,-5.828545940819718219e-06
5.862110331946618347e-01,2.352272601147120668e-07,-5.827291543233914517e-06
5.875200301336575004e-01,-4.951742483133569905e-07,-5.828544010363923000e-06
5.888290270726532771e-01,-1.874778015539813047e-07,-5.830629044953350437e-06
5.901380240116490539e-01,3.975112748549891606e-07,-5.830966548034388630e-06
5.914470209506448306e-01,2.419570610950882994e-07,-5.830338562815007286e-06
5.927560178896404963e-01,-4.620364044694014183e-07,-5.830423076530477644e-06
5.940650148286362731e-01,-1.805881833238931478e-07,-5.830226403838456584e-06
5.953740117676320498e-01,4.459568483314302334e-07,-5.828414932379510915e-06
5.966830087066278265e-01,2.747345046391624912e-07,-5.826878212614183816e-06
5.979920056456234922e-01,-4.507634202358112852e-07,-5.827443863445913586e-06
5.993010025846192690e-01,-1.402988730261900407e-07,-5.827963672391800465e-06
6.006099995236150457e-01,4.437373875773586995e-07,-5.826409666051524106e-06
6.019189964626108225e-01,3.046600307310409761e-07,-5.824777148860649234e-06
6.032279934016064882e-01,-3.750023074705621795e-07,-5.824983640018155384e-06
6.045369903406022649e-01,-1.200547935717444226e-07,-5.824771022275299082e-06
6.058459872795980417e-01,5.180840023377708548e-07,-5.821715689816042705e-06
6.071549842185938184e-01,4.078015548303337567e-07,-5.817296849272568515e-06
6.084639811575894841e-01,-2.567957220200867141e-07,-5.809244623011800002e-06
6.097729780965852608e-01,1.875485989843994616e-07,-5.801534211813397235e-06
6.110819750355810376e-01,9.766789575427203829e-07,-5.823109268277004702e-06
6.123909719745768143e-01,1.231675659990605354e-06,-5.918355575840195115e-06
6.136999689135724800e-01,1.845424166146969469e-06,-6.313944814290151086e-06
6.150089658525682568e-01,2.774385542789192804e-06,-6.982907274036276313e-06
6.163179627915640335e-01,0.000000000000000000e+00,-7.147196201540140237e-06
6.176269597305598102e-01,0.000000000000000000e+00,-5.891479965700052723e-06
6.189359566695554760e-01,2.639672126297787358e-07,-2.388584406973204288e-06
6.202449536085512527e-01,0.000000000000000000e+00,0.000000000000000000e+00
6.215539505475470294e-01,0.000000000000000000e+00,0.000000000000000000e+00
6.228629474865428062e-01,0.000000000000000000e+00,0.000000000000000000e+00
6.241719444255384719e-01,0.000000000000000000e+00,0.000000000000000000e+00
6.254809413645342486e-01,0.000000000000000000e+00,0.000000000000000000e+00
6.267899383035300254e-01,0.000000000000000000e+00,0.000000000000000000e+00
6.280989352425258021e-01,0.000000000000000000e+00,0.000000000000000000e+00
6.294079321815214678e-01,0.000000000000000000e+00,0.000000000000000000e+00
6.307169291205172446e-01,0.000000000000000000e+00,0.000000000000000000e+00
6.320259260595130213e-01,0.000000000000000000e+00,0.000000000000000000e+00
6.333349229985087980e-01,0.000000000000000000e+00,0.000000000000000000e+00
6.346439199375044637e-01,0.000000000000000000e+00,0.000000000000000000e+00
6.359529168765002405e-01,0.000000000000000000e+00,0.000000000000000000e+00
6.372619138154960172e-01,0.000000000000000000e+00,0.000000000000000000e+00
6.385709107544917940e-01,0.000000000000000000e+00,0.000000000000000000e+00
6.398799076934874597e-01,0.000000000000000000e+00,0.000000000000000000e+00
6.411889046324832364e-01,0.000000000000000000e+00,0.000000000000000000e+00
6.424979015714790131e-01,0.000000000000000000e+00,0.000000000000000000e+00
6.438068985104747899e-01,0.000000000000000000e+00,0.000000000000000000e+00
6.451158954494704556e-01,0.000000000000000000e+00,0.000000000000000000e+00
6.464248923884662323e-01,0.000000000000000000e+00,0.000000000000000000e+00
6.477338893274620091e-01,0.000000000000000000e+00,0.000000000000000000e+00
6.490428862664577858e-01,0.000000000000000000e+00,0.000000000000000000e+00
6.503518832054534515e-01,0.000000000000000000e+00,0.000000000000000000e+00
6.516608801444492283e-01,0.000000000000000000e+00,0.000000000000000000e+00
6.529698770834450050e-01,0.000000000000000000e+00,0.000000000000000000e+00
6.542788740224407817e-01,0.000000000000000000e+00,0.000000000000000000e+00
6.555878709614364475e-01,0.000000000000000000e+00,0.000000000000000000e+00
6.568968679004322242e-01,0.000000000000000000e+00,0.000000000000000000e+00
6.582058648394280009e-01,0.000000000000000000e+00,0.000000000000000000e+00
6.595148617784237777e-01,0.000000000000000000e+00,0.000000000000000000e+00
6.608238587174194434e-01,0.000000000000000000e+00,0.000000000000000000e+00
6.621328556564152201e-01,0.000000000000000000e+00,0.000000000000000000e+00
6.634418525954109969e-01,0.000000000000000000e+00,0.000000000000000000e+00
6.647508495344067736e-01,0.000000000000000000e+00,0.000000000000000000e+00
6.660598464734024393e-01,0.000000000000000000e+00,0.000000000000000000e+00
6.673688434123982161e-01,0.000000000000000000e+00,0.000000000000000000e+00
6.686778403513939928e-01,0.000000000000000000e+00,0.000000000000000000e+00
6.699868372903897695e-01,0.000000000000000000e+00,0.000000000000000000e+00
6.712958342293854352e-01,0.000000000000000000e+00,0.000000000000000000e+00
6.726048311683812120e-01,0.000000000000000000e+00,0.000000000000000000e+00
6.739138281073769887e-01,0.000000000000000000e+00,0.000000000000000000e+00
6.752228250463727655e-01,0.000000000000000000e+00,0.000000000000000000e+00
6.765318219853684312e-01,0.000000000000000000e+00,0.000000000000000000e+00
6.778408189243642079e-01,0.000000000000000000e+00,0.000000000000000000e+00
6.791498158633599846e-01,0.000000000000000000e+00,0.000000000000000000e+00
6.804588128023557614e-01,0.000000000000000000e+00,0.000000000000000000e+00
6.817678097413514271e-01,0.000000000000000000e+00,0.000000000000000000e+00
6.830768066803472038e-01,0.000000000000000000e+00,0.000000000000000000e+00
6.843858036193429806e-01,0.000000000000000000e+00,0.000000000000000000e+00
6.856948005583387573e-01,0.000000000000000000e+00,0.000000000000000000e+00
6.870037974973344230e-01,0.000000000000000000e+00,0.000000000000000000e+00
6.883127944363301998e-01,0.000000000000000000e+00,0.000000000000000000e+00
6.896217913753259765e-01,0.000000000000000000e+00,0.000000000000000000e+00
6.909307883143217532e-01,0.000000000000000000e+00,0.000000000000000000e+00
6.922397852533174190e-01,0.000000000000000000e+00,0.000000000000000000e+00
6.935487821923131957e-01,0.000000000000000000e+00,0.000000000000000000e+00
6.948577791313089724e-01,0.000000000000000000e+00,0.000000000000000000e+00
6.961667760703047492e-01,0.000000000000000000e+00,0.000000000000000000e+00
6.974757730093004149e-01,0.000000000000000000e+00,0.000000000000000000e+00
6.987847699482961916e-01,0.000000000000000000e+00,0.000000000000000000e+00
7.000937668872919684e-01,0.000000000000000000e+00,0.000000000000000000e+00
7.014027638262877451e-01,0.000000000000000000e+00,0.000000000000000000e+00
7.027117607652834108e-01,0.000000000000000000e+00,0.000000000000000000e+00
7.040207577042791875e-01,0.000000000000000000e+00,0.000000000000000000e+00
7.053297546432749643e-01,0.000000000000000000e+00,0.000000000000000000e+00
7.066387515822707410e-01,0.000000000000000000e+00,0.000000000000000000e+00
7.079477485212664067e-01,0.000000000000000000e+00,0.000000000000000000e+00
7.092567454602621835e-01,0.000000000000000000e+00,0.000000000000000000e+00
7.105657423992579602e-01,0.000000000000000000e+00,0.000000000000000000e+00
7.118747393382537370e-01,0.000000000000000000e+00,0.000000000000000000e+00
7.131837362772494027e-01,0.000000000000000000e+00,0.000000000000000000e+00
7.144927332162451794e-01,0.000000000000000000e+00,0.000000000000000000e+00
7.158017301552409561e-01,0.000000000000000000e+00,0.000000000000000000e+00
7.171107270942367329e-01,0.000000000000000000e+00,0.000000000000000000e+00
7.184197240332323986e-01,0.000000000000000000e+00,0.000000000000000000e+00
7.197287209722281753e-01,0.000000000000000000e+00,0.000000000000000000e+00
7.210377179112239521e-01,0.000000000000000000e+00,0.000000000000000000e+00
7.223467148502197288e-01,0.000000000000000000e+00,0.000000000000000000e+00
7.236557117892153945e-01,0.000000000000000000e+00,0.000000000000000000e+00
7.249647087282111713e-01,0.000000000000000000e+00,0.000000000000000000e+00
7.262737056672069480e-01,0.000000000000000000e+00,0.000000000000000000e+00
7.275827026062027247e-01,0.000000000000000000e+00,0.000000000000000000e+00
7.288916995451983905e-01,0.000000000000000000e+00,0.000000000000000000e+00
7.302006964841941672e-01,0.000000000000000000e+00,0.000000000000000000e+00
7.315096934231899439e-01,0.000000000000000000e+00,0.000000000000000000e+00
7.328186903621857207e-01,0.000000000000000000e+00,0.000000000000000000e+00
7.341276873011813864e-01,0.000000000000000000e+00,0.000000000000000000e+00
7.354366842401771631e-01,0.000000000000000000e+00,0.000000000000000000e+00
7.367456811791729399e-01,0.000000000000000000e+00,0.000000000000000000e+00
7.380546781181687166e-01,0.000000000000000000e+00,0.000000000000000000e+00
7.393636750571643823e-01,0.000000000000000000e+00,0.000000000000000000e+00
7.406726719961601590e-01,0.000000000000000000e+00,0.000000000000000000e+00
7.419816689351559358e-01,0.000000000000000000e+00,0.000000000000000000e+00
7.432906658741517125e-01,0.000000000000000000e+00,0.000000000000000000e+00
7.445996628131473782e-01,0.000000000000000000e+00,0.000000000000000000e+00
7.459086597521431550e-01,0.000000000000000000e+00,0.000000000000000000e+00
7.472176566911389317e-01,0.000000000000000000e+00,0.000000000000000000e+00
7.485266536301347085e-01,0.000000000000000000e+00,0.000000000000000000e+00
7.498356505691303742e-01,0.000000000000000000e+00,0.000000000000000000e+00
7.511446475081261509e-01,0.000000000000000000e+00,0.000000000000000000e+00
7.524536444471219276e-01,0.000000000000000000e+00,0.000000000000000000e+00
7.537626413861177044e-01,0.000000000000000000e+00,0.000000000000000000e+00
7.550716383251133701e-01,0.000000000000000000e+00,0.000000000000000000e+00
7.563806352641091468e-01,0.000000000000000000e+00,0.000000000000000000e+00
7.576896322031049236e-01,0.000000000000000000e+00,0.000000000000000000e+00
7.589986291421007003e-01,0.000000000000000000e+00,0.000000000000000000e+00
7.603076260810963660e-01,0.000000000000000000e+00,0.000000000000000000e+00
7.616166230200921428e-01,0.000000000000000000e+00,0.000000000000000000e+00
7.629256199590879195e-01,0.000000000000000000e+00,0.000000000000000000e+00
7.642346168980836962e-01,0.000000000000000000e+00,0.000000000000000000e+00
7.655436138370793620e-01,0.000000000000000000e+00,0.000000000000000000e+00
7.668526107760751387e-01,0.000000000000000000e+00,0.000000000000000000e+00
7.681616077150709154e-01,0.000000000000000000e+00,0.000000000000000000e+00
7.694706046540666922e-01,0.000000000000000000e+00,0.000000000000000000e+00
7.707796015930623579e-01,0.000000000000000000e+00,0.000000000000000000e+00
7.720885985320581346e-01,0.000000000000000000e+00,0.000000000000000000e+00
7.733975954710539114e-01,0.000000000000000000e+00,0.000000000000000000e+00
7.747065924100496881e-01,0.000000000000000000e+00,0.000000000000000000e+00
7.760155893490453538e-01,0.000000000000000000e+00,0.000000000000000000e+00
7.773245862880411305e-01,0.000000000000000000e+00,0.000000000000000000e+00
7.786335832270369073e-01,0.000000000000000000e+00,0.000000000000000000e+00
7.799425801660326840e-01,0.000000000000000000e+00,0.000000000000000000e+00
7.812515771050283497e-01,0.000000000000000000e+00,0.000000000000000000e+00
7.825605740440241265e-01,0.000000000000000000e+00,0.000000000000000000e+00
7.838695709830199032e-01,0.000000000000000000e+00,0.000000000000000000e+00
7.851785679220156799e-01,0.000000000000000000e+00,0.000000000000000000e+00
7.864875648610113457e-01,0.000000000000000000e+00,0.000000000000000000e+00
7.877965618000071224e-01,0.000000000000000000e+00,0.000000000000000000e+00
7.891055587390028991e-01,0.000000000000000000e+00,0.000000000000000000e+00
7.904145556779986759e-01,0.000000000000000000e+00,0.000000000000000000e+00
7.917235526169943416e-01,0.000000000000000000e+00,0.000000000000000000e+00
7.930325495559901183e-01,0.000000000000000000e+00,0.000000000000000000e+00
7.943415464949858951e-01,0.000000000000000000e+00,0.000000000000000000e+00
7.956505434339816718e-01,0.000000000000000000e+00,0.000000000000000000e+00
7.969595403729773375e-01,0.000000000000000000e+00,0.000000000000000000e+00
7.982685373119731143e-01,0.000000000000000000e+00,0.000000000000000000e+00
7.995775342509688910e-01,0.000000000000000000e+00,0.000000000000000000e+00
8.008865311899646677e-01,0.000000000000000000e+00,0.000000000000000000e+00
8.021955281289603334e-01,0.000000000000000000e+00,0.000000000000000000e+00
8.035045250679561102e-01,0.000000000000000000e+00,0.000000000000000000e+00
8.048135220069518869e-01,0.000000000000000000e+00,0.000000000000000000e+00
8.061225189459476637e-01,0.000000000000000000e+00,0.000000000000000000e+00
8.074315158849433294e-01,0.000000000000000000e+00,0.000000000000000000e+00
8.087405128239391061e-01,0.000000000000000000e+00,0.000000000000000000e+00
8.100495097629348829e-01,0.000000000000000000e+00,0.000000000000000000e+00
8.113585067019306596e-01,0.000000000000000000e+00,0.000000000000000000e+00
8.126675036409263253e-01,0.000000000000000000e+00,0.000000000000000000e+00
8.139765005799221020e-01,0.000000000000000000e+00,0.000000000000000000e+00
8.152854975189178788e-01,0.000000000000000000e+00,0.000000000000000000e+00
8.165944944579136555e-01,0.000000000000000000e+00,0.000000000000000000e+00
8.179034913969093212e-01,0.000000000000000000e+00,0.000000000000000000e+00
8.192124883359050980e-01,0.000000000000000000e+00,0.000000000000000000e+00
8.205214852749008747e-01,0.000000000000000000e+00,0.000000000000000000e+00
8.218304822138966514e-01,0.000000000000000000e+00,0.000000000000000000e+00
8.231394791528923172e-01,0.000000000000000000e+00,0.000000000000000000e+00
8.244484760918880939e-01,0.000000000000000000e+00,0.000000000000000000e+00
8.257574730308838706e-01,0.000000000000000000e+00,0.000000000000000000e+00
8.270664699698796474e-01,0.000000000000000000e+00,0.000000000000000000e+00
8.283754669088753131e-01,0.000000000000000000e+00,0.000000000000000000e+00
8.296844638478710898e-01,0.000000000000000000e+00,0.000000000000000000e+00
8.309934607868668666e-01,0.000000000000000000e+00,0.000000000000000000e+00
8.323024577258626433e-01,0.000000000000000000e+00,0.000000000000000000e+00
8.336114546648583090e-01,0.000000000000000000e+00,0.000000000000000000e+00
8.349204516038540858e-01,0.000000000000000000e+00,0.000000000000000000e+00
8.362294485428498625e-01,0.000000000000000000e+00,0.000000000000000000e+00
8.375384454818456392e-01,0.000000000000000000e+00,0.000000000000000000e+00
8.388474424208413049e-01,0.000000000000000000e+00,0.000000000000000000e+00
8.401564393598370817e-01,0.000000000000000000e+00,0.000000000000000000e+00
8.414654362988328584e-01,0.000000000000000000e+00,0.000000000000000000e+00
8.427744332378286352e-01,0.000000000000000000e+00,0.000000000000000000e+00
8.440834301768243009e-01,0.000000000000000000e+00,0.000000000000000000e+00
8.453924271158200776e-01,0.000000000000000000e+00,0.000000000000000000e+00
8.467014240548158543e-01,0.000000000000000000e+00,0.000000000000000000e+00
8.480104209938116311e-01,0.000000000000000000e+00,0.000000000000000000e+00
8.493194179328072968e-01,0.000000000000000000e+00,0.000000000000000000e+00
8.506284148718030735e-01,0.000000000000000000e+00,0.000000000000000000e+00
8.519374118107988503e-01,0.000000000000000000e+00,0.000000000000000000e+00
8.532464087497946270e-01,0.000000000000000000e+00,0.000000000000000000e+00
8.545554056887902927e-01,0.000000000000000000e+00,0.000000000000000000e+00
8.558644026277860695e-01,0.000000000000000000e+00,0.000000000000000000e+00
8.571733995667818462e-01,0.000000000000000000e+00,0.000000000000000000e+00
8.584823965057776229e-01,0.000000000000000000e+00,0.000000000000000000e+00
8.597913934447732887e-01,0.000000000000000000e+00,0.000000000000000000e+00
8.611003903837690654e-01,0.000000000000000000e+00,0.000000000000000000e+00
8.624093873227648421e-01,0.000000000000000000e+00,0.000000000000000000e+00
8.637183842617606189e-01,0.000000000000000000e+00,0.000000000000000000e+00
8.650273812007562846e-01,0.000000000000000000e+00,0.000000000000000000e+00
8.663363781397520613e-01,0.000000000000000000e+00,0.000000000000000000e+00
8.676453750787478381e-01,0.000000000000000000e+00,0.000000000000000000e+00
8.689543720177436148e-01,0.000000000000000000e+00,0.000000000000000000e+00
8.702633689567392805e-01,0.000000000000000000e+00,0.000000000000000000e+00
8.715723658957350573e-01,0.000000000000000000e+00,0.000000000000000000e+00
8.728813628347308340e-01,0.000000000000000000e+00,0.000000000000000000e+00
8.741903597737266107e-01,0.000000000000000000e+00,0.000000000000000000e+00
8.754993567127222764e-01,0.000000000000000000e+00,0.000000000000000000e+00
8.768083536517180532e-01,0.000000000000000000e+00,0.000000000000000000e+00
8.781173505907138299e-01,0.000000000000000000e+00,0.000000000000000000e+00
8.794263475297096067e-01,0.000000000000000000e+00,0.000000000000000000e+00
8.807353444687052724e-01,0.000000000000000000e+00,0.000000000000000000e+00
8.820443414077010491e-01,0.000000000000000000e+00,0.000000000000000000e+00
8.833533383466968258e-01,0.000000000000000000e+00,0.000000000000000000e+00
8.846623352856926026e-01,0.000000000000000000e+00,0.000000000000000000e+00
8.859713322246882683e-01,0.000000000000000000e+00,0.000000000000000000e+00
8.872803291636840450e-01,0.000000000000000000e+00,0.000000000000000000e+00
8.885893261026798218e-01,0.000000000000000000e+00,0.000000000000000000e+00
8.898983230416755985e-01,0.000000000000000000e+00,0.000000000000000000e+00
8.912073199806712642e-01,0.000000000000000000e+00,0.000000000000000000e+00
8.925163169196670410e-01,0.000000000000000000e+00,0.000000000000000000e+00
8.938253138586628177e-01,0.000000000000000000e+00,0.000000000000000000e+00
8.951343107976585944e-01,0.000000000000000000e+00,0.000000000000000000e+00
8.964433077366542602e-01,0.000000000000000000e+00,0.000000000000000000e+00
8.977523046756500369e-01,0.000000000000000000e+00,0.000000000000000000e+00
8.990613016146458136e-01,0.000000000000000000e+00,0.000000000000000000e+00
9.003702985536415904e-01,0.000000000000000000e+00,0.000000000000000000e+00
9.016792954926372561e-01,0.000000000000000000e+00,0.000000000000000000e+00
9.029882924316330328e-01,0.000000000000000000e+00,0.000000000000000000e+00
9.042972893706288096e-01,0.000000000000000000e+00,0.000000000000000000e+00
9.056062863096245863e-01,0.000000000000000000e+00,0.000000000000000000e+00
9.069152832486202520e-01,0.000000000000000000e+00,0.000000000000000000e+00
9.082242801876160287e-01,0.000000000000000000e+00,0.000000000000000000e+00
9.095332771266118055e-01,0.000000000000000000e+00,0.000000000000000000e+00
9.108422740656075822e-01,0.000000000000000000e+00,0.000000000000000000e+00
9.121512710046032479e-01,0.000000000000000000e+00,0.000000000000000000e+00
9.134602679435990247e-01,0.000000000000000000e+00,0.000000000000000000e+00
9.147692648825948014e-01,0.000000000000000000e+00,0.000000000000000000e+00
9.160782618215905782e-01,0.000000000000000000e+00,0.000000000000000000e+00
9.173872587605862439e-01,0.000000000000000000e+00,0.000000000000000000e+00
9.186962556995820206e-01,0.000000000000000000e+00,0.000000000000000000e+00
9.200052526385777973e-01,0.000000000000000000e+00,0.000000000000000000e+00
9.213142495775735741e-01,0.000000000000000000e+00,0.000000000000000000e+00
9.226232465165692398e-01,0.000000000000000000e+00,0.000000000000000000e+00
9.239322434555650165e-01,0.000000000000000000e+00,0.000000000000000000e+00
9.252412403945607933e-01,0.000000000000000000e+00,0.000000000000000000e+00
9.265502373335565700e-01,0.000000000000000000e+00,0.000000000000000000e+00
9.278592342725522357e-01,0.000000000000000000e+00,0.000000000000000000e+00
9.291682312115480125e-01,0.000000000000000000e+00,0.000000000000000000e+00
9.304772281505437892e-01,0.000000000000000000e+00,0.000000000000000000e+00
9.317862250895395659e-01,0.000000000000000000e+00,0.000000000000000000e+00
9.330952220285352317e-01,0.000000000000000000e+00,0.000000000000000000e+00
9.344042189675310084e-01,0.000000000000000000e+00,0.000000000000000000e+00
9.357132159065267851e-01,0.000000000000000000e+00,0.000000000000000000e+00
9.370222128455225619e-01,0.000000000000000000e+00,0.000000000000000000e+00
9.383312097845182276e-01,0.000000000000000000e+00,0.000000000000000000e+00
9.396402067235140043e-01,0.000000000000000000e+00,0.000000000000000000e+00
9.409492036625097811e-01,0.000000000000000000e+00,0.000000000000000000e+00
9.422582006015055578e-01,0.000000000000000000e+00,0.000000000000000000e+00
9.435671975405012235e-01,0.000000000000000000e+00,0.000000000000000000e+00
9.448761944794970002e-01,0.000000000000000000e+00,-1.174350346230812470e-06
9.461851914184927770e-01,0.000000000000000000e+00,-5.470876336524654882e-06
9.474941883574885537e-01,0.000000000000000000e+00,-7.041244041106065055e-06
9.488031852964842194e-01,0.000000000000000000e+00,-6.953309875518121075e-06
9.501121822354799962e-01,0.000000000000000000e+00,-6.502403832625569535e-06
9.514211791744757729e-01,0.000000000000000000e+00,-6.123206176697482128e-06
9.527301761134715496e-01,0.000000000000000000e+00,-5.898613291518972623e-06
9.540391730524672154e-01,0.000000000000000000e+00,-5.850354328984508356e-06
9.553481699914629921e-01,0.000000000000000000e+00,-5.894476219861499722e-06
9.566571669304587688e-01,0.000000000000000000e+00,-5.956506455073729001e-06
9.579661638694545456e-01,0.000000000000000000e+00,-6.010190492400369067e-06
9.592751608084502113e-01,0.000000000000000000e+00,-6.049650701445141721e-06
9.605841577474459880e-01,0.000000000000000000e+00,-6.090879299994189644e-06
9.618931546864417648e-01,0.000000000000000000e+00,-6.136911396989463974e-06
9.632021516254375415e-01,0.000000000000000000e+00,-6.176317258022034906e-06
9.645111485644332072e-01,0.000000000000000000e+00,-6.211744446746325643e-06
9.658201455034289840e-01,0.000000000000000000e+00,-6.255643262204069188e-06
9.671291424424247607e-01,0.000000000000000000e+00,-6.304954336913692892e-06
9.684381393814205374e-01,0.000000000000000000e+00,-6.345457655418385023e-06
9.697471363204162031e-01,0.000000000000000000e+00,-6.379003358092383280e-06
9.710561332594119799e-01,0.000000000000000000e+00,-6.420521037692195065e-06
9.723651301984077566e-01,0.000000000000000000e+00,-6.469383349180790610e-06
9.736741271374035334e-01,0.000000000000000000e+00,-6.512460692040256127e-06
9.749831240763991991e-01,0.000000000000000000e+00,-6.550890236767248354e-06
9.762921210153949758e-01,0.000000000000000000e+00,-6.596628449553887386e-06
9.776011179543907526e-01,0.000000000000000000e+00,-6.647209094795547557e-06
9.789101148933865293e-01,0.000000000000000000e+00,-6.689251136823837207e-06
9.802191118323821950e-01,0.000000000000000000e+00,-6.725503050031278462e-06
9.815281087713779717e-01,0.000000000000000000e+00,-6.771010552075740208e-06
9.828371057103737485e-01,0.000000000000000000e+00,-6.823942741929212019e-06
9.841461026493695252e-01,0.000000000000000000e+00,-6.869505858597690917e-06
9.854550995883651909e-01,0.000000000000000000e+00,-6.908634855570805477e-06
9.867640965273609677e-01,0.000000000000000000e+00,-6.955100984251672003e-06
9.880730934663567444e-01,0.000000000000000000e+00,-7.007652089760507685e-06
9.893820904053525211e-01,0.000000000000000000e+00,-7.052962172765520066e-06
9.906910873443481869e-01,0.000000000000000000e+00,-7.093182140094356214e-06
9.920000842833439636e-01,0.000000000000000000e+00,-7.142102077306589081e-06
9.933090812223397403e-01,0.000000000000000000e+00,-7.197306630873923083e-06
9.946180781613355171e-01,0.000000000000000000e+00,-7.244087557603529071e-06
9.959270751003311828e-01,0.000000000000000000e+00,-7.284589130407415070e-06
9.972360720393269595e-01,0.000000000000000000e+00,-7.334158705948889967e-06
9.985450689783227363e-01,0.000000000000000000e+00,-7.390865008866098762e-06
9.998540659173185130e-01,0.000000000000000000e+00,-7.439226231392703781e-06
1.001163062856314179e+00,0.000000000000000000e+00,-7.481105427406542496e-06
1.002472059795310066e+00,0.000000000000000000e+00,-7.532172565063999237e-06
1.003781056734305732e+00,0.000000000000000000e+00,-7.590513489655337231e-06
1.005090053673301398e+00,0.000000000000000000e+00,-7.640246864393240855e-06
1.006399050612297064e+00,0.000000000000000000e+00,-7.683259294108402138e-06
1.007708047551292951e+00,0.000000000000000000e+00,-7.735674802389347349e-06
1.009017044490288839e+00,0.000000000000000000e+00,-7.795634664353734422e-06
1.010326041429284505e+00,0.000000000000000000e+00,-7.846908710903988116e-06
1.011635038368280171e+00,0.000000000000000000e+00,-7.891256531361579007e-06
1.012944035307275836e+00,0.000000000000000000e+00,-7.944999045245149105e-06
1.014253032246271724e+00,0.000000000000000000e+00,-8.006420396292068808e-06
1.015562029185267612e+00,0.000000000000000000e+00,-8.059275603766735685e-06
1.016871026124263278e+00,0.000000000000000000e+00,-8.105344885059317939e-06
1.018180023063258943e+00,0.000000000000000000e+00,-8.160885895572289606e-06
1.019489020002254609e+00,0.000000000000000000e+00,-8.223917191033103258e-06
1.020798016941250497e+00,0.000000000000000000e+00,-8.277846805584965217e-06
1.022107013880246162e+00,0.000000000000000000e+00,-8.324873356613249342e-06
1.023416010819242050e+00,0.000000000000000000e+00,-8.382189505190540402e-06
1.024725007758237716e+00,0.000000000000000000e+00,-8.447620732626726081e-06
1.026034004697233382e+00,0.000000000000000000e+00,-8.503513157231967767e-06
1.027343001636229047e+00,0.000000000000000000e+00,-8.551755908609015577e-06
1.028651998575224935e+00,0.000000000000000000e+00,-8.610259786601126564e-06
1.029960995514220601e+00,0.000000000000000000e+00,-8.677255790262572432e-06
1.031269992453216267e+00,0.000000000000000000e+00,-8.734904636806262168e-06
1.032578989392211932e+00,0.000000000000000000e+00,-8.785012696382876740e-06
1.033887986331207820e+00,0.000000000000000000e+00,-8.845467426632502850e-06
1.035196983270203486e+00,0.000000000000000000e+00,-8.914325446987558799e-06
1.036505980209199151e+00,0.000000000000000000e+00,-8.973466161243948136e-06
1.037814977148194817e+00,0.000000000000000000e+00,-9.024901985649202985e-06
1.039123974087190705e+00,0.000000000000000000e+00,-9.087109799618686701e-06
1.040432971026186371e+00,0.000000000000000000e+00,-9.158106587373038288e-06
1.041741967965182036e+00,0.000000000000000000e+00,-9.219211959968220960e-06
1.043050964904177702e+00,0.000000000000000000e+00,-9.272288030104380852e-06
1.044359961843173590e+00,0.000000000000000000e+00,-9.336176823471209474e-06
1.045668958782169256e+00,0.000000000000000000e+00,-9.409032587975874051e-06
1.046977955721164921e+00,0.000000000000000000e+00,-9.471977108793661060e-06
1.048286952660160587e+00,0.000000000000000000e+00,-9.526883229138416453e-06
1.049595949599156475e+00,0.000000000000000000e+00,-9.592757930193540616e-06
1.050904946538152140e+00,0.000000000000000000e+00,-9.667647756603225950e-06
1.052213943477147806e+00,0.000000000000000000e+00,-9.732350091828934069e-06
1.053522940416143472e+00,0.000000000000000000e+00,-9.788909813998603049e-06
1.054831937355139360e+00,0.000000000000000000e+00,-9.856860255633148604e-06
1.056140934294135025e+00,0.000000000000000000e+00,-9.934083402649007688e-06
1.057449931233130691e+00,0.000000000000000000e+00,-1.000066892280215836e-05
1.058758928172126357e+00,0.000000000000000000e+00,-1.005875246710974391e-05
1.060067925111122245e+00,0.000000000000000000e+00,-1.012870619744588030e-05
1.061376922050117910e+00,0.000000000000000000e+00,-1.020840239347731160e-05
1.062685918989113576e+00,0.000000000000000000e+00,-1.027712830291294122e-05
1.063994915928109242e+00,0.000000000000000000e+00,-1.033689854555708276e-05
1.065303912867105129e+00,0.000000000000000000e+00,-1.040874756229326348e-05
1.066612909806100795e+00,0.000000000000000000e+00,-1.049071130526657569e-05
1.067921906745096461e+00,0.000000000000000000e+00,-1.056164050854124792e-05
1.069230903684092127e+00,0.000000000000000000e+00,-1.062345567902356347e-05
1.070539900623088014e+00,0.000000000000000000e+00,-1.069745962480050938e-05
1.071848897562083680e+00,0.000000000000000000e+00,-1.078167013290887155e-05
1.073157894501079346e+00,0.000000000000000000e+00,-1.085461337411997018e-05
1.074466891440075011e+00,0.000000000000000000e+00,-1.091835595369572420e-05
1.075775888379070899e+00,0.000000000000000000e+00,-1.099469088920723703e-05
1.077084885318066565e+00,0.000000000000000000e+00,-1.108148830651634054e-05
1.078393882257062231e+00,0.000000000000000000e+00,-1.115662073000733834e-05
1.079702879196057896e+00,0.000000000000000000e+00,-1.122220608500146266e-05
1.081011876135053784e+00,0.000000000000000000e+00,-1.130076652312850261e-05
1.082320873074049450e+00,0.000000000000000000e+00,-1.139018559949411813e-05
1.083629870013045116e+00,0.000000000000000000e+00,-1.146766455707715071e-05
1.084938866952040781e+00,0.000000000000000000e+00,-1.153527748855298629e-05
1.086247863891036669e+00,0.000000000000000000e+00,-1.161614713025838075e-05
1.087556860830032335e+00,0.000000000000000000e+00,-1.170818818807539685e-05
1.088865857769028000e+00,0.000000000000000000e+00,-1.178804869833571800e-05
1.090174854708023666e+00,0.000000000000000000e+00,-1.185778963226635785e-05
1.091483851647019554e+00,0.000000000000000000e+00,-1.194105619650720485e-05
1.092792848586015220e+00,0.000000000000000000e+00,-1.203577007723166670e-05
1.094101845525010885e+00,0.000000000000000000e+00,-1.211807735787551188e-05
1.095410842464006551e+00,0.000000000000000000e+00,-1.219005163864694818e-05
1.096719839403002439e+00,0.000000000000000000e+00,-1.227583340407401025e-05
1.098028836341998105e+00,0.000000000000000000e+00,-1.237330869605091088e-05
1.099337833280993770e+00,0.000000000000000000e+00,-1.245809157228439101e-05
1.100646830219989436e+00,0.000000000000000000e+00,-1.253231640686858217e-05
1.101955827158985324e+00,0.000000000000000000e+00,-1.262071647459284129e-05
1.103264824097980989e+00,0.000000000000000000e+00,-1.272111966575673048e-05
1.104573821036976655e+00,0.000000000000000000e+00,-1.280849576951181845e-05
1.105882817975972321e+00,0.000000000000000000e+00,-1.288500611641707483e-05
1.107191814914968209e+00,0.000000000000000000e+00,-1.297605448810634776e-05
1.108500811853963874e+00,0.000000000000000000e+00,-1.307946355041944564e-05
1.109809808792959540e+00,0.000000000000000000e+00,-1.316955324019708495e-05
1.111118805731955206e+00,0.000000000000000000e+00,-1.324848595549155128e-05
1.112427802670951094e+00,0.000000000000000000e+00,-1.334229323440849768e-05
1.113736799609946759e+00,0.000000000000000000e+00,-1.344877741168981622e-05
1.115045796548942425e+00,0.000000000000000000e+00,-1.354161727834535256e-05
1.116354793487938091e+00,0.000000000000000000e+00,-1.362302708388107852e-05
1.117663790426933978e+00,0.000000000000000000e+00,-1.371972521034547920e-05
1.118972787365929644e+00,0.000000000000000000e+00,-1.382946105280002946e-05
1.120281784304925310e+00,0.000000000000000000e+00,-1.392518316807589418e-05
1.121590781243920976e+00,0.000000000000000000e+00,-1.400911865637177733e-05
1.122899778182916863e+00,0.000000000000000000e+00,-1.410872731910650657e-05
1.124208775121912529e+00,0.000000000000000000e+00,-1.422177916568512224e-05
1.125517772060908195e+00,0.000000000000000000e+00,-1.432054036439034395e-05
1.126826768999903861e+00,0.000000000000000000e+00,-1.440720713945242704e-05
1.128135765938899748e+00,0.000000000000000000e+00,-1.450985538649363082e-05
1.129444762877895414e+00,0.000000000000000000e+00,-1.462625831501196405e-05
1.130753759816891080e+00,0.000000000000000000e+00,-1.472807909209949973e-05
1.132062756755886745e+00,0.000000000000000000e+00,-1.481756697159497538e-05
1.133371753694882633e+00,0.000000000000000000e+00,-1.492343895628800432e-05
1.134680750633878299e+00,0.000000000000000000e+00,-1.504339628889683755e-05
1.135989747572873965e+00,0.000000000000000000e+00,-1.514838947083707588e-05
1.137298744511869630e+00,0.000000000000000000e+00,-1.524071834857476659e-05
1.138607741450865518e+00,0.000000000000000000e+00,-1.534986722907805134e-05
1.139916738389861184e+00,0.000000000000000000e+00,-1.547352104630528302e-05
1.141225735328856850e+00,0.000000000000000000e+00,-1.558188122895154404e-05
1.142534732267852515e+00,0.000000000000000000e+00,-1.567722925781278587e-05
1.143843729206848403e+00,0.000000000000000000e+00,-1.578975081982514350e-05
1.145152726145844069e+00,0.000000000000000000e+00,-1.591713833501429143e-05
1.146461723084839734e+00,0.000000000000000000e+00,-1.602892034160974255e-05
1.147770720023835400e+00,0.000000000000000000e+00,-1.612742907046438301e-05
1.149079716962831288e+00,0.000000000000000000e+00,-1.624355161577994977e-05
1.150388713901826954e+00,0.000000000000000000e+00,-1.637490199095370524e-05
1.151697710840822619e+00,0.000000000000000000e+00,-1.649022833834223878e-05
1.153006707779818285e+00,0.000000000000000000e+00,-1.659190370351115718e-05
1.154315704718814173e+00,0.000000000000000000e+00,-1.671164252178836129e-05
1.155624701657809839e+00,0.000000000000000000e+00,-1.684707104319949078e-05
1.156933698596805504e+00,0.000000000000000000e+00,-1.696617320934290518e-05
1.158242695535801170e+00,0.000000000000000000e+00,-1.707129566733134318e-05
1.159551692474797058e+00,0.000000000000000000e+00,-1.719484479890953654e-05
1.160860689413792723e+00,0.000000000000000000e+00,-1.733443307845583536e-05
1.162169686352788389e+00,0.000000000000000000e+00,-1.745734697272682823e-05
1.163478683291784055e+00,0.000000000000000000e+00,-1.756596627364159779e-05
1.164787680230779943e+00,0.000000000000000000e+00,-1.769342682961250190e-05
1.166096677169775608e+00,0.000000000000000000e+00,-1.783734895778599228e-05
1.167405674108771274e+00,0.000000000000000000e+00,-1.796434302815674844e-05
1.168714671047766940e+00,0.000000000000000000e+00,-1.807678383665412003e-05
1.170023667986762828e+00,0.000000000000000000e+00,-1.820840207804319544e-05
1.171332664925758493e+00,0.000000000000000000e+00,-1.835669977681697596e-05
1.172641661864754159e+00,0.000000000000000000e+00,-1.848753038206918387e-05
1.173950658803749825e+00,0.000000000000000000e+00,-1.860360186085874279e-05
1.175259655742745712e+00,0.000000000000000000e+00,-1.873978454282332340e-05
1.176568652681741378e+00,0.000000000000000000e+00,-1.889327334055057594e-05
1.177877649620737044e+00,0.000000000000000000e+00,-1.902846715688688572e-05
1.179186646559732710e+00,0.000000000000000000e+00,-1.914807033072396525e-05
1.180495643498728597e+00,0.000000000000000000e+00,-1.928845636336995462e-05
1.181804640437724263e+00,0.000000000000000000e+00,-1.944705150226655466e-05
1.183113637376719929e+00,0.000000000000000000e+00,-1.958716219099820854e-05
1.184422634315715595e+00,0.000000000000000000e+00,-1.971149739754540775e-05
1.185731631254711482e+00,0.000000000000000000e+00,-1.985779506034901498e-05
1.187040628193707148e+00,0.000000000000000000e+00,-2.002400905312673451e-05
1.188349625132702814e+00,0.000000000000000000e+00,-2.017269531690013551e-05
1.189658622071698479e+00,-7.250485826754138330e-06,-2.029714479451216746e-05
1.190967619010694367e+00,-6.000281823376196755e-06,-2.041920153886267464e-05
1.192276615949690033e+00,-5.230871403832937361e-06,-2.053340304493389556e-05
1.193585612888685699e+00,-3.050857070807655447e-06,-2.061085197350986942e-05
1.194894609827681364e+00,-1.681385516622002640e-06,-2.065125003740397869e-05
1.196203606766677252e+00,-1.810983932148957365e-06,-2.068250533127091728e-05
1.197512603705672918e+00,-1.744708797629668240e-06,-2.071351965358958491e-05
1.198821600644668584e+00,-8.823286141712571862e-07,-2.073294771755274102e-05
1.200130597583664249e+00,-4.083636273577440079e-08,-2.074194278414709380e-05
1.201439594522660137e+00,-5.033636533147145542e-07,-2.075206964644027430e-05
1.202748591461655803e+00,-1.206292244981810313e-06,-2.076440110357347102e-05
1.204057588400651468e+00,-1.069083521432201422e-07,-2.077141043413388566e-05
1.205366585339647134e+00,3.939068420888425237e-07,-2.077359090485453308e-05
1.206675582278643022e+00,-2.648798561044607425e-07,-2.077754277485244216e-05
1.207984579217638688e+00,-9.007323233112263239e-07,-2.078343952144345863e-05
1.209293576156634353e+00,-3.352338967532730862e-08,-2.078687806258971982e-05
1.210602573095630019e+00,4.362670877056107344e-07,-2.078918016987230111e-05
1.211911570034625907e+00,-1.701396488695827713e-07,-2.079424115540573492e-05
1.213220566973621573e+00,-9.379465322478797162e-07,-2.079978004893012766e-05
1.214529563912617238e+00,1.497265765537658666e-07,-2.080056313874534268e-05
1.215838560851612904e+00,7.055521572263412367e-07,-2.079821833193828962e-05
1.217147557790608792e+00,-5.668347202725243505e-08,-2.079855011039022372e-05
1.218456554729604457e+00,-5.198122180194442166e-07,-2.080075324444041751e-05
1.219765551668600123e+00,1.128920093795837687e-07,-2.080005194136924640e-05
1.221074548607595789e+00,6.128958764395342484e-07,-2.079709564438425584e-05
1.222383545546591677e+00,-7.080448391483251669e-08,-2.079596760348745299e-05
1.223692542485587342e+00,-4.194028100368285550e-07,-2.079651845919572306e-05
1.225001539424583008e+00,3.392809336255631081e-08,-2.079643206882864082e-05
1.226310536363578674e+00,5.077956652388415648e-07,-2.079761080370223780e-05
1.227619533302574562e+00,-1.270918651430363866e-07,-2.080218288982860209e-05
1.228928530241570227e+00,-6.790005562806733508e-07,-2.080653864193482416e-05
1.230237527180565893e+00,1.356804890106921846e-07,-2.080537274688765148e-05
1.231546524119561559e+00,5.641104020570608668e-07,-2.080041722982151065e-05
1.232855521058557446e+00,-1.315898264797610295e-07,-2.079830739341870238e-05
1.234164517997553112e+00,-4.424218658927170367e-07,-2.079984968979264881e-05
1.235473514936548778e+00,-1.309839803009804626e-07,-2.080211548863286630e-05
1.236782511875544444e+00,2.881585972336342394e-07,-2.080698405618197633e-05
1.238091508814540331e+00,-4.221598862985675993e-07,-2.081693894867564509e-05
1.239400505753535997e+00,-9.107225426019383008e-07,-2.082773495565293231e-05
1.240709502692531663e+00,-4.348601705117527416e-07,-2.083266417843288032e-05
1.242018499631527328e+00,2.384942102140463760e-08,-2.083590987951577933e-05
1.243327496570523216e+00,-9.750974937494660821e-07,-2.084853026090849326e-05
1.244636493509518882e+00,-1.789517323741440791e-06,-2.086893308606008191e-05
1.245945490448514548e+00,-1.584758736794533718e-06,-2.088670827903038596e-05
1.247254487387510213e+00,-1.621770120668886150e-06,-2.091040211350814193e-05
1.248563484326506101e+00,-3.116124563690148008e-06,-2.095229868195880307e-05
1.249872481265501767e+00,-4.348799995113061811e-06,-2.098533000859104103e-05
1.251181478204497433e+00,-5.269987165434919518e-06,-2.095746082146632272e-05
1.252490475143493098e+00,-7.062384342726435449e-06,-2.097218559003743987e-05
1.253799472082488986e+00,-8.304217213941922360e-06,-2.065957810215568458e-05
1.255108469021484652e+00,-5.345407804946411545e-06,-1.882011115716952787e-05
1.256417465960480317e+00,2.654046179814684159e-06,-1.439501696753886506e-05
