# Exudyn: solution of belt drive, contact forces over belt length
# Exudyn output file
# Exudyn version=1.2.34.dev1
# endTime=2.45
# stepSize=1e-05
# nSegments=4
# nANCFnodes=240
# contactStiffnessPerArea=100000000.0
# frictionStiffnessPerArea=100000000.0
# contactStiffness=418879.02047863905
# frictionStiffness=523598.7755982988
# contactDamping=8.377580409572781
# frictionVelocityPenalty=33.70609928242229
# dryFriction=0.5
# 
1.249955122907486782e-03,9.187421889259499949e+03,-1.837484377851899990e+04
2.558952061903374542e-03,0.000000000000000000e+00,0.000000000000000000e+00
3.867949000899040257e-03,0.000000000000000000e+00,0.000000000000000000e+00
5.176945939894705973e-03,0.000000000000000000e+00,0.000000000000000000e+00
6.485942878890371688e-03,0.000000000000000000e+00,0.000000000000000000e+00
7.794939817886259448e-03,0.000000000000000000e+00,0.000000000000000000e+00
9.103936756881925163e-03,0.000000000000000000e+00,0.000000000000000000e+00
1.041293369587759088e-02,0.000000000000000000e+00,0.000000000000000000e+00
1.172193063487325659e-02,0.000000000000000000e+00,0.000000000000000000e+00
1.303092757386914435e-02,0.000000000000000000e+00,0.000000000000000000e+00
1.433992451286481007e-02,0.000000000000000000e+00,0.000000000000000000e+00
1.564892145186047578e-02,0.000000000000000000e+00,0.000000000000000000e+00
1.695791839085614150e-02,0.000000000000000000e+00,0.000000000000000000e+00
1.826691532985202926e-02,0.000000000000000000e+00,0.000000000000000000e+00
1.957591226884769497e-02,0.000000000000000000e+00,0.000000000000000000e+00
2.088490920784336069e-02,0.000000000000000000e+00,0.000000000000000000e+00
2.219390614684302321e-02,0.000000000000000000e+00,0.000000000000000000e+00
2.350290308583891097e-02,0.000000000000000000e+00,0.000000000000000000e+00
2.481190002483457668e-02,0.000000000000000000e+00,0.000000000000000000e+00
2.612089696383024240e-02,0.000000000000000000e+00,0.000000000000000000e+00
2.742989390282613016e-02,0.000000000000000000e+00,0.000000000000000000e+00
2.873889084182179587e-02,0.000000000000000000e+00,0.000000000000000000e+00
3.004788778081746159e-02,0.000000000000000000e+00,0.000000000000000000e+00
3.135688471981334935e-02,0.000000000000000000e+00,0.000000000000000000e+00
3.266588165880901506e-02,0.000000000000000000e+00,0.000000000000000000e+00
3.397487859780468078e-02,0.000000000000000000e+00,0.000000000000000000e+00
3.528387553680056854e-02,0.000000000000000000e+00,0.000000000000000000e+00
3.659287247579623426e-02,0.000000000000000000e+00,0.000000000000000000e+00
3.790186941479212202e-02,0.000000000000000000e+00,0.000000000000000000e+00
3.921086635378778773e-02,0.000000000000000000e+00,0.000000000000000000e+00
4.051986329278345345e-02,0.000000000000000000e+00,0.000000000000000000e+00
4.182886023177934121e-02,0.000000000000000000e+00,0.000000000000000000e+00
4.313785717077500692e-02,0.000000000000000000e+00,0.000000000000000000e+00
4.444685410977067264e-02,0.000000000000000000e+00,0.000000000000000000e+00
4.575585104876656040e-02,0.000000000000000000e+00,0.000000000000000000e+00
4.706484798776222611e-02,0.000000000000000000e+00,0.000000000000000000e+00
4.837384492675811387e-02,0.000000000000000000e+00,0.000000000000000000e+00
4.968284186575377959e-02,0.000000000000000000e+00,0.000000000000000000e+00
5.099183880474944530e-02,0.000000000000000000e+00,0.000000000000000000e+00
5.230083574374533306e-02,0.000000000000000000e+00,0.000000000000000000e+00
5.360983268274099878e-02,0.000000000000000000e+00,0.000000000000000000e+00
5.491882962173666449e-02,0.000000000000000000e+00,0.000000000000000000e+00
5.622782656073255225e-02,0.000000000000000000e+00,0.000000000000000000e+00
5.753682349972821797e-02,0.000000000000000000e+00,0.000000000000000000e+00
5.884582043872388368e-02,0.000000000000000000e+00,0.000000000000000000e+00
6.015481737771977144e-02,0.000000000000000000e+00,0.000000000000000000e+00
6.146381431671543716e-02,0.000000000000000000e+00,0.000000000000000000e+00
6.277281125571132492e-02,0.000000000000000000e+00,0.000000000000000000e+00
6.408180819470699063e-02,0.000000000000000000e+00,0.000000000000000000e+00
6.539080513370265635e-02,0.000000000000000000e+00,0.000000000000000000e+00
6.669980207269854411e-02,0.000000000000000000e+00,0.000000000000000000e+00
6.800879901169420982e-02,0.000000000000000000e+00,0.000000000000000000e+00
6.931779595068987554e-02,0.000000000000000000e+00,0.000000000000000000e+00
7.062679288968576330e-02,0.000000000000000000e+00,0.000000000000000000e+00
7.193578982868142901e-02,0.000000000000000000e+00,0.000000000000000000e+00
7.324478676767709473e-02,0.000000000000000000e+00,0.000000000000000000e+00
7.455378370667298249e-02,0.000000000000000000e+00,0.000000000000000000e+00
7.586278064566864821e-02,0.000000000000000000e+00,0.000000000000000000e+00
7.717177758466453596e-02,0.000000000000000000e+00,0.000000000000000000e+00
7.848077452366020168e-02,0.000000000000000000e+00,0.000000000000000000e+00
7.978977146265586740e-02,0.000000000000000000e+00,0.000000000000000000e+00
8.109876840165175516e-02,0.000000000000000000e+00,0.000000000000000000e+00
8.240776534064742087e-02,0.000000000000000000e+00,0.000000000000000000e+00
8.371676227964308659e-02,0.000000000000000000e+00,0.000000000000000000e+00
8.502575921863897435e-02,0.000000000000000000e+00,0.000000000000000000e+00
8.633475615763464006e-02,0.000000000000000000e+00,0.000000000000000000e+00
8.764375309663030578e-02,0.000000000000000000e+00,0.000000000000000000e+00
8.895275003562619354e-02,0.000000000000000000e+00,0.000000000000000000e+00
9.026174697462185925e-02,0.000000000000000000e+00,0.000000000000000000e+00
9.157074391361774701e-02,0.000000000000000000e+00,0.000000000000000000e+00
9.287974085261341273e-02,0.000000000000000000e+00,0.000000000000000000e+00
9.418873779160907844e-02,0.000000000000000000e+00,0.000000000000000000e+00
9.549773473060496620e-02,0.000000000000000000e+00,0.000000000000000000e+00
9.680673166960063192e-02,0.000000000000000000e+00,0.000000000000000000e+00
9.811572860859629763e-02,0.000000000000000000e+00,0.000000000000000000e+00
9.942472554759218539e-02,0.000000000000000000e+00,0.000000000000000000e+00
1.007337224865878511e-01,0.000000000000000000e+00,0.000000000000000000e+00
1.020427194255835168e-01,0.000000000000000000e+00,0.000000000000000000e+00
1.033517163645794046e-01,0.000000000000000000e+00,0.000000000000000000e+00
1.046607133035750703e-01,0.000000000000000000e+00,0.000000000000000000e+00
1.059697102425709581e-01,0.000000000000000000e+00,0.000000000000000000e+00
1.072787071815666238e-01,0.000000000000000000e+00,0.000000000000000000e+00
1.085877041205622895e-01,0.000000000000000000e+00,0.000000000000000000e+00
1.098967010595581772e-01,0.000000000000000000e+00,0.000000000000000000e+00
1.112056979985538430e-01,0.000000000000000000e+00,0.000000000000000000e+00
1.125146949375495087e-01,0.000000000000000000e+00,0.000000000000000000e+00
1.138236918765453964e-01,0.000000000000000000e+00,0.000000000000000000e+00
1.151326888155410622e-01,0.000000000000000000e+00,0.000000000000000000e+00
1.164416857545367279e-01,0.000000000000000000e+00,0.000000000000000000e+00
1.177506826935326156e-01,0.000000000000000000e+00,0.000000000000000000e+00
1.190596796325282813e-01,0.000000000000000000e+00,0.000000000000000000e+00
1.203686765715241691e-01,0.000000000000000000e+00,0.000000000000000000e+00
1.216776735105198348e-01,0.000000000000000000e+00,0.000000000000000000e+00
1.229866704495155005e-01,0.000000000000000000e+00,0.000000000000000000e+00
1.242956673885113883e-01,0.000000000000000000e+00,0.000000000000000000e+00
1.256046643275070540e-01,0.000000000000000000e+00,0.000000000000000000e+00
1.269136612665027197e-01,0.000000000000000000e+00,0.000000000000000000e+00
1.282226582054986075e-01,0.000000000000000000e+00,0.000000000000000000e+00
1.295316551444942732e-01,0.000000000000000000e+00,0.000000000000000000e+00
1.308406520834899389e-01,0.000000000000000000e+00,0.000000000000000000e+00
1.321496490224858267e-01,0.000000000000000000e+00,0.000000000000000000e+00
1.334586459614814924e-01,0.000000000000000000e+00,0.000000000000000000e+00
1.347676429004771581e-01,0.000000000000000000e+00,0.000000000000000000e+00
1.360766398394730459e-01,0.000000000000000000e+00,0.000000000000000000e+00
1.373856367784687116e-01,0.000000000000000000e+00,0.000000000000000000e+00
1.386946337174643773e-01,0.000000000000000000e+00,0.000000000000000000e+00
1.400036306564602651e-01,0.000000000000000000e+00,0.000000000000000000e+00
1.413126275954559308e-01,0.000000000000000000e+00,0.000000000000000000e+00
1.426216245344518185e-01,0.000000000000000000e+00,0.000000000000000000e+00
1.439306214734474842e-01,0.000000000000000000e+00,0.000000000000000000e+00
1.452396184124431500e-01,0.000000000000000000e+00,0.000000000000000000e+00
1.465486153514390377e-01,0.000000000000000000e+00,0.000000000000000000e+00
1.478576122904347034e-01,0.000000000000000000e+00,0.000000000000000000e+00
1.491666092294303692e-01,0.000000000000000000e+00,0.000000000000000000e+00
1.504756061684262569e-01,0.000000000000000000e+00,0.000000000000000000e+00
1.517846031074219226e-01,0.000000000000000000e+00,0.000000000000000000e+00
1.530936000464175883e-01,0.000000000000000000e+00,0.000000000000000000e+00
1.544025969854134761e-01,0.000000000000000000e+00,0.000000000000000000e+00
1.557115939244091418e-01,0.000000000000000000e+00,0.000000000000000000e+00
1.570205908634050296e-01,0.000000000000000000e+00,0.000000000000000000e+00
1.583295878024006953e-01,0.000000000000000000e+00,0.000000000000000000e+00
1.596385847413963610e-01,0.000000000000000000e+00,0.000000000000000000e+00
1.609475816803922488e-01,0.000000000000000000e+00,0.000000000000000000e+00
1.622565786193879145e-01,0.000000000000000000e+00,0.000000000000000000e+00
1.635655755583838022e-01,0.000000000000000000e+00,0.000000000000000000e+00
1.648745724973794680e-01,0.000000000000000000e+00,0.000000000000000000e+00
1.661835694363751337e-01,0.000000000000000000e+00,0.000000000000000000e+00
1.674925663753710214e-01,0.000000000000000000e+00,0.000000000000000000e+00
1.688015633143666872e-01,0.000000000000000000e+00,0.000000000000000000e+00
1.701105602533623529e-01,0.000000000000000000e+00,0.000000000000000000e+00
1.714195571923582406e-01,0.000000000000000000e+00,0.000000000000000000e+00
1.727285541313539063e-01,0.000000000000000000e+00,0.000000000000000000e+00
1.740375510703495721e-01,0.000000000000000000e+00,0.000000000000000000e+00
1.753465480093454598e-01,0.000000000000000000e+00,0.000000000000000000e+00
1.766555449483411255e-01,0.000000000000000000e+00,0.000000000000000000e+00
1.779645418873370133e-01,0.000000000000000000e+00,0.000000000000000000e+00
1.792735388263326790e-01,0.000000000000000000e+00,0.000000000000000000e+00
1.805825357653283447e-01,0.000000000000000000e+00,0.000000000000000000e+00
1.818915327043242325e-01,0.000000000000000000e+00,0.000000000000000000e+00
1.832005296433198982e-01,0.000000000000000000e+00,0.000000000000000000e+00
1.845095265823157860e-01,0.000000000000000000e+00,0.000000000000000000e+00
1.858185235213114517e-01,0.000000000000000000e+00,0.000000000000000000e+00
1.871275204603071174e-01,0.000000000000000000e+00,0.000000000000000000e+00
1.884365173993030051e-01,0.000000000000000000e+00,0.000000000000000000e+00
1.897455143382986709e-01,0.000000000000000000e+00,0.000000000000000000e+00
1.910545112772943366e-01,0.000000000000000000e+00,0.000000000000000000e+00
1.923635082162902243e-01,0.000000000000000000e+00,0.000000000000000000e+00
1.936725051552858901e-01,0.000000000000000000e+00,0.000000000000000000e+00
1.949815020942815558e-01,0.000000000000000000e+00,0.000000000000000000e+00
1.962904990332774435e-01,0.000000000000000000e+00,0.000000000000000000e+00
1.975994959722731092e-01,0.000000000000000000e+00,0.000000000000000000e+00
1.989084929112689970e-01,0.000000000000000000e+00,0.000000000000000000e+00
2.002174898502646627e-01,0.000000000000000000e+00,0.000000000000000000e+00
2.015264867892603284e-01,0.000000000000000000e+00,0.000000000000000000e+00
2.028354837282562162e-01,0.000000000000000000e+00,0.000000000000000000e+00
2.041444806672518819e-01,0.000000000000000000e+00,0.000000000000000000e+00
2.054534776062477697e-01,0.000000000000000000e+00,0.000000000000000000e+00
2.067624745452434354e-01,0.000000000000000000e+00,0.000000000000000000e+00
2.080714714842391011e-01,0.000000000000000000e+00,0.000000000000000000e+00
2.093804684232349889e-01,0.000000000000000000e+00,0.000000000000000000e+00
2.106894653622306546e-01,0.000000000000000000e+00,0.000000000000000000e+00
2.119984623012263203e-01,0.000000000000000000e+00,0.000000000000000000e+00
2.133074592402222081e-01,0.000000000000000000e+00,0.000000000000000000e+00
2.146164561792178738e-01,0.000000000000000000e+00,0.000000000000000000e+00
2.159254531182135395e-01,0.000000000000000000e+00,0.000000000000000000e+00
2.172344500572094272e-01,0.000000000000000000e+00,0.000000000000000000e+00
2.185434469962050930e-01,0.000000000000000000e+00,0.000000000000000000e+00
2.198524439352009807e-01,0.000000000000000000e+00,0.000000000000000000e+00
2.211614408741966464e-01,0.000000000000000000e+00,0.000000000000000000e+00
2.224704378131923121e-01,0.000000000000000000e+00,0.000000000000000000e+00
2.237794347521881999e-01,0.000000000000000000e+00,0.000000000000000000e+00
2.250884316911838656e-01,0.000000000000000000e+00,0.000000000000000000e+00
2.263974286301797534e-01,0.000000000000000000e+00,0.000000000000000000e+00
2.277064255691754191e-01,0.000000000000000000e+00,0.000000000000000000e+00
2.290154225081710848e-01,0.000000000000000000e+00,0.000000000000000000e+00
2.303244194471669726e-01,0.000000000000000000e+00,0.000000000000000000e+00
2.316334163861626383e-01,0.000000000000000000e+00,0.000000000000000000e+00
2.329424133251583040e-01,0.000000000000000000e+00,0.000000000000000000e+00
2.342514102641541918e-01,0.000000000000000000e+00,0.000000000000000000e+00
2.355604072031498575e-01,0.000000000000000000e+00,0.000000000000000000e+00
2.368694041421455232e-01,0.000000000000000000e+00,0.000000000000000000e+00
2.381784010811414110e-01,0.000000000000000000e+00,0.000000000000000000e+00
2.394873980201370767e-01,0.000000000000000000e+00,0.000000000000000000e+00
2.407963949591329644e-01,0.000000000000000000e+00,0.000000000000000000e+00
2.421053918981286301e-01,0.000000000000000000e+00,0.000000000000000000e+00
2.434143888371242959e-01,0.000000000000000000e+00,0.000000000000000000e+00
2.447233857761201836e-01,0.000000000000000000e+00,0.000000000000000000e+00
2.460323827151158493e-01,0.000000000000000000e+00,0.000000000000000000e+00
2.473413796541117371e-01,0.000000000000000000e+00,0.000000000000000000e+00
2.486503765931074028e-01,0.000000000000000000e+00,0.000000000000000000e+00
2.499593735321030685e-01,0.000000000000000000e+00,0.000000000000000000e+00
2.512683704710989563e-01,0.000000000000000000e+00,0.000000000000000000e+00
2.525773674100946220e-01,0.000000000000000000e+00,0.000000000000000000e+00
2.538863643490902877e-01,0.000000000000000000e+00,0.000000000000000000e+00
2.551953612880861755e-01,0.000000000000000000e+00,0.000000000000000000e+00
2.565043582270818412e-01,0.000000000000000000e+00,0.000000000000000000e+00
2.578133551660776179e-01,0.000000000000000000e+00,0.000000000000000000e+00
2.591223521050733947e-01,0.000000000000000000e+00,0.000000000000000000e+00
2.604313490440690604e-01,0.000000000000000000e+00,0.000000000000000000e+00
2.617403459830648371e-01,0.000000000000000000e+00,0.000000000000000000e+00
2.630493429220606139e-01,0.000000000000000000e+00,0.000000000000000000e+00
2.643583398610563906e-01,0.000000000000000000e+00,0.000000000000000000e+00
2.656673368000521673e-01,0.000000000000000000e+00,0.000000000000000000e+00
2.669763337390478330e-01,0.000000000000000000e+00,0.000000000000000000e+00
2.682853306780436098e-01,0.000000000000000000e+00,0.000000000000000000e+00
2.695943276170393865e-01,0.000000000000000000e+00,0.000000000000000000e+00
2.709033245560350522e-01,0.000000000000000000e+00,0.000000000000000000e+00
2.722123214950309400e-01,0.000000000000000000e+00,0.000000000000000000e+00
2.735213184340266057e-01,0.000000000000000000e+00,0.000000000000000000e+00
2.748303153730222714e-01,0.000000000000000000e+00,0.000000000000000000e+00
2.761393123120181592e-01,0.000000000000000000e+00,0.000000000000000000e+00
2.774483092510138249e-01,0.000000000000000000e+00,0.000000000000000000e+00
2.787573061900096016e-01,0.000000000000000000e+00,0.000000000000000000e+00
2.800663031290053784e-01,0.000000000000000000e+00,0.000000000000000000e+00
2.813753000680010441e-01,0.000000000000000000e+00,0.000000000000000000e+00
2.826842970069968208e-01,0.000000000000000000e+00,0.000000000000000000e+00
2.839932939459925976e-01,0.000000000000000000e+00,0.000000000000000000e+00
2.853022908849882633e-01,0.000000000000000000e+00,0.000000000000000000e+00
2.866112878239841510e-01,0.000000000000000000e+00,0.000000000000000000e+00
2.879202847629798168e-01,0.000000000000000000e+00,0.000000000000000000e+00
2.892292817019755935e-01,0.000000000000000000e+00,0.000000000000000000e+00
2.905382786409713702e-01,0.000000000000000000e+00,0.000000000000000000e+00
2.918472755799670360e-01,0.000000000000000000e+00,0.000000000000000000e+00
2.931562725189628127e-01,0.000000000000000000e+00,0.000000000000000000e+00
2.944652694579585894e-01,0.000000000000000000e+00,0.000000000000000000e+00
2.957742663969542551e-01,0.000000000000000000e+00,0.000000000000000000e+00
2.970832633359501429e-01,0.000000000000000000e+00,0.000000000000000000e+00
2.983922602749458086e-01,0.000000000000000000e+00,0.000000000000000000e+00
2.997012572139415854e-01,0.000000000000000000e+00,0.000000000000000000e+00
3.010102541529373621e-01,0.000000000000000000e+00,0.000000000000000000e+00
3.023192510919330278e-01,0.000000000000000000e+00,0.000000000000000000e+00
3.036282480309288045e-01,2.369896756681408078e+04,-4.739793513362816157e+04
3.049372449699245813e-01,3.429984213414609985e+04,-6.859968426829219970e+04
3.062462419089202470e-01,3.984192254910903284e+04,-7.968384509821806569e+04
3.075552388479161348e-01,4.165253965885398065e+04,-8.330507931770796131e+04
3.088642357869118005e-01,4.159908365853074065e+04,-8.319816731706148130e+04
3.101732327259075772e-01,4.133584930318126135e+04,-8.267169860636252270e+04
3.114822296649033539e-01,4.116104980646193872e+04,-8.232209961292387743e+04
3.127912266038990197e-01,4.086459717145947070e+04,-8.172919434291894140e+04
3.141002235428947964e-01,4.056225628732856421e+04,-8.112451257465712843e+04
3.154092204818905731e-01,4.029349310211470583e+04,-8.058698620422941167e+04
3.167182174208862389e-01,3.999729302167638525e+04,-7.999458604335277050e+04
3.180272143598821266e-01,3.966818304769229144e+04,-7.933636609538458288e+04
3.193362112988777923e-01,3.937965984256719821e+04,-7.875931968513439642e+04
3.206452082378735691e-01,3.913589572553275502e+04,-7.827179145106551005e+04
3.219542051768693458e-01,3.886159934164236620e+04,-7.772319868328473240e+04
3.232632021158650115e-01,3.854929187413124600e+04,-7.709858374826249201e+04
3.245721990548607883e-01,3.826901327569713612e+04,-7.653802655139427225e+04
3.258811959938565650e-01,3.802663528103921271e+04,-7.605327056207842543e+04
3.271901929328522307e-01,3.775476054055437271e+04,-7.550952108110874542e+04
3.284991898718481185e-01,3.744989252730068984e+04,-7.489978505460137967e+04
3.298081868108437842e-01,3.718121012415000587e+04,-7.436242024830001174e+04
3.311171837498395609e-01,3.695154513126012898e+04,-7.390309026252025797e+04
3.324261806888353377e-01,3.668941976080426684e+04,-7.337883952160853369e+04
3.337351776278310034e-01,3.639107713274792332e+04,-7.278215426549584663e+04
3.350441745668267801e-01,3.612812820301034662e+04,-7.225625640602069325e+04
3.363531715058225569e-01,3.590591443159328628e+04,-7.181182886318657256e+04
3.376621684448182226e-01,3.565379098230523960e+04,-7.130758196461047919e+04
3.389711653838141103e-01,3.536611841846613243e+04,-7.073223683693226485e+04
3.402801623228097760e-01,3.511159446120843495e+04,-7.022318892241686990e+04
3.415891592618055528e-01,3.489556896117635915e+04,-6.979113792235271831e+04
3.428981562008013295e-01,3.465061283770819864e+04,-6.930122567541639728e+04
3.442071531397969952e-01,3.437158243684222543e+04,-6.874316487368445087e+04
3.455161500787927720e-01,3.412469437505125097e+04,-6.824938875010250194e+04
3.468251470177885487e-01,3.391519087054231204e+04,-6.783038174108462408e+04
3.481341439567842144e-01,3.367812528582520463e+04,-6.735625057165040926e+04
3.494431408957801022e-01,3.340860291787292954e+04,-6.681720583574585908e+04
3.507521378347757679e-01,3.317065188282809686e+04,-6.634130376565619372e+04
3.520611347737715446e-01,3.296820657637315890e+04,-6.593641315274631779e+04
3.533701317127673214e-01,3.273695687196205836e+04,-6.547391374392411672e+04
3.546791286517629871e-01,3.247320928508882571e+04,-6.494641857017765142e+04
3.559881255907587638e-01,3.224173632527576774e+04,-6.448347265055153548e+04
3.572971225297545406e-01,3.204730278049364642e+04,-6.409460556098729285e+04
3.586061194687502063e-01,3.182543081907451415e+04,-6.365086163814902829e+04
3.599151164077460940e-01,3.157049199412035159e+04,-6.314098398824070318e+04
3.612241133467417598e-01,3.134459520830360634e+04,-6.268919041660721268e+04
3.625331102857375365e-01,3.115379334955249942e+04,-6.230758669910499884e+04
3.638421072247333132e-01,3.093844329817940525e+04,-6.187688659635881049e+04
3.651511041637289789e-01,3.069299073647363184e+04,-6.138598147294726368e+04
3.664601011027247557e-01,3.047527352194255218e+04,-6.095054704388510436e+04
3.677690980417205324e-01,3.028988947659559199e+04,-6.057977895319118397e+04
3.690780949807161981e-01,3.007980590275039503e+04,-6.015961180550079007e+04
3.703870919197120859e-01,2.984091506066210422e+04,-5.968183012132420845e+04
3.716960888587077516e-01,2.963014237603004585e+04,-5.926028475206009171e+04
3.730050857977035283e-01,2.945153267112734466e+04,-5.890306534225468931e+04
3.743140827366993051e-01,2.924809743361989240e+04,-5.849619486723978480e+04
3.756230796756949708e-01,2.901568555747376377e+04,-5.803137111494752753e+04
3.769320766146907475e-01,2.881085689144021308e+04,-5.762171378288042615e+04
3.782410735536865243e-01,2.863787058559072830e+04,-5.727574117118145659e+04
3.795500704926821900e-01,2.844048539325533784e+04,-5.688097078651067568e+04
3.808590674316780778e-01,2.821457711101466703e+04,-5.642915422202933405e+04
3.821680643706737435e-01,2.801605820689913162e+04,-5.603211641379826324e+04
3.834770613096695202e-01,2.784906723047076230e+04,-5.569813446094152459e+04
3.847860582486652969e-01,2.765778016298914008e+04,-5.531556032597828016e+04
3.860950551876609627e-01,2.743790016931929495e+04,-5.487580033863858989e+04
3.874040521266567394e-01,2.724456712878324834e+04,-5.448913425756649667e+04
3.887130490656525161e-01,2.708257042155616728e+04,-5.416514084311233455e+04
3.900220460046481818e-01,2.689768518669566402e+04,-5.379537037339132803e+04
3.913310429436440696e-01,2.668498650834956061e+04,-5.336997301669912122e+04
3.926400398826397353e-01,2.649722459906676522e+04,-5.299444919813353044e+04
3.939490368216355121e-01,2.633920732644153395e+04,-5.267841465288306790e+04
3.952580337606312888e-01,2.615937003149477823e+04,-5.231874006298955646e+04
3.965670306996269545e-01,2.595325031822003075e+04,-5.190650063644006150e+04
3.978760276386227313e-01,2.577164959624016774e+04,-5.154329919248033548e+04
3.991850245776185080e-01,2.561869751491932766e+04,-5.123739502983865532e+04
4.004940215166141737e-01,2.544389789283060600e+04,-5.088779578566121199e+04
4.018030184556100615e-01,2.524319014940038323e+04,-5.048638029880076647e+04
4.031120153946057272e-01,2.506665285929116726e+04,-5.013330571858233452e+04
4.044210123336015039e-01,2.491857772145521449e+04,-4.983715544291042897e+04
4.057300092725972807e-01,2.474935464583096473e+04,-4.949870929166192946e+04
4.070390062115929464e-01,2.455461115209271884e+04,-4.910922230418543768e+04
4.083480031505887231e-01,2.438307396524847354e+04,-4.876614793049694708e+04
4.096570000895844998e-01,2.423911763139192772e+04,-4.847823526278385543e+04
4.109659970285801656e-01,2.407471355302081065e+04,-4.814942710604162130e+04
4.122749939675760533e-01,2.388564123690568886e+04,-4.777128247381137771e+04
4.135839909065717190e-01,2.371929463896556626e+04,-4.743858927793113253e+04
4.148929878455674958e-01,2.357982143341683332e+04,-4.715964286683366663e+04
4.162019847845632725e-01,2.342023040712335569e+04,-4.684046081424671138e+04
4.175109817235589382e-01,2.323638609037654896e+04,-4.647277218075309793e+04
4.188199786625547150e-01,2.307466505809783121e+04,-4.614933011619566241e+04
4.201289756015504917e-01,2.293933315319993926e+04,-4.587866630639987852e+04
4.214379725405461574e-01,2.278458632080263487e+04,-4.556917264160526975e+04
4.227469694795420452e-01,2.260616679236835989e+04,-4.521233358473671979e+04
4.240559664185377109e-01,2.244908847748983681e+04,-4.489817695497967361e+04
4.253649633575334876e-01,2.231757519698606848e+04,-4.463515039397213695e+04
4.266739602965292644e-01,2.216721566414259360e+04,-4.433443132828518719e+04
4.279829572355249301e-01,2.199391431669465237e+04,-4.398782863338930474e+04
4.292919541745207068e-01,2.184151160319230257e+04,-4.368302320638460515e+04
4.306009511135164836e-01,2.171401325298008305e+04,-4.342802650596016611e+04
4.319099480525121493e-01,2.156792346622945843e+04,-4.313584693245891685e+04
4.332189449915080370e-01,2.139930413204891738e+04,-4.279860826409783476e+04
4.345279419305037027e-01,2.125122488088308455e+04,-4.250244976176616910e+04
4.358369388694994795e-01,2.112769539533893476e+04,-4.225539079067786952e+04
4.371459358084952562e-01,2.098597909490655366e+04,-4.197195818981310731e+04
4.384549327474909219e-01,2.082203534606868197e+04,-4.164407069213736395e+04
4.397639296864866987e-01,2.067799096007438129e+04,-4.135598192014876258e+04
4.410729266254824754e-01,2.055800925110803291e+04,-4.111601850221606583e+04
4.423819235644781411e-01,2.042052423458779595e+04,-4.084104846917559189e+04
4.436909205034740289e-01,2.026138697080445490e+04,-4.052277394160890981e+04
4.449999174424696946e-01,2.012141941635798867e+04,-4.024283883271597733e+04
4.463089143814654713e-01,2.000474178235160434e+04,-4.000948356470320869e+04
4.476179113204612481e-01,1.987111299398993651e+04,-3.974222598797987303e+04
4.489269082594569138e-01,1.971653694330294456e+04,-3.943307388660588913e+04
4.502359051984526905e-01,1.958071853113246470e+04,-3.916143706226492941e+04
4.515449021374484673e-01,1.946752617047689637e+04,-3.893505234095379274e+04
4.528538990764441330e-01,1.933755416772514582e+04,-3.867510833545029163e+04
4.541628960154400207e-01,1.918705045257461097e+04,-3.837410090514922194e+04
4.554718929544356865e-01,1.905515908021205541e+04,-3.811031816042411083e+04
4.567808898934314632e-01,1.894562168783199741e+04,-3.789124337566399481e+04
4.580898868324272399e-01,1.881940898681643739e+04,-3.763881797363287478e+04
4.593988837714229057e-01,1.867277258974195865e+04,-3.734554517948391731e+04
4.607078807104186824e-01,1.854442059545086158e+04,-3.708884119090172317e+04
4.620168776494144591e-01,1.843825932076768368e+04,-3.687651864153536735e+04
4.633258745884101248e-01,1.831588899873962509e+04,-3.663177799747925019e+04
4.646348715274060126e-01,1.817334538257640816e+04,-3.634669076515281631e+04
4.659438684664016783e-01,1.804841002756263697e+04,-3.609682005512527394e+04
4.672528654053974551e-01,1.794514668591178997e+04,-3.589029337182357995e+04
4.685618623443932318e-01,1.782633487157338459e+04,-3.565266974314676918e+04
4.698708592833888975e-01,1.768795879726648855e+04,-3.537591759453297709e+04
4.711798562223846742e-01,1.756658364914064077e+04,-3.513316729828128155e+04
4.724888531613804510e-01,1.746617858396462179e+04,-3.493235716792924359e+04
4.737978501003761167e-01,1.735065994804074944e+04,-3.470131989608149888e+04
4.751068470393720045e-01,1.721613387971523844e+04,-3.443226775943047687e+04
4.764158439783676702e-01,1.709817072724626269e+04,-3.419634145449252537e+04
4.777248409173634469e-01,1.700068628688705212e+04,-3.400137257377410424e+04
4.790338378563592237e-01,1.688851894250855548e+04,-3.377703788501711097e+04
4.803428347953548894e-01,1.675775617846511159e+04,-3.351551235693022318e+04
4.816518317343506661e-01,1.664297990835177552e+04,-3.328595981670355104e+04
4.829608286733464428e-01,1.654816484738767031e+04,-3.309632969477534061e+04
4.842698256123421086e-01,1.643924076109325324e+04,-3.287848152218650648e+04
4.855788225513379963e-01,1.631226752116082935e+04,-3.262453504232165869e+04
4.868878194903336620e-01,1.620069999788194582e+04,-3.240139999576389164e+04
4.881968164293294388e-01,1.610845423310012120e+04,-3.221690846620024240e+04
4.895058133683252155e-01,1.600255451799104230e+04,-3.200510903598208461e+04
4.908148103073208812e-01,1.587916387421979016e+04,-3.175832774843958032e+04
4.921238072463166580e-01,1.577077098723862036e+04,-3.154154197447724073e+04
4.934328041853124347e-01,1.568116395073749482e+04,-3.136232790147498963e+04
4.947418011243081004e-01,1.557819324861431960e+04,-3.115638649722863920e+04
4.960507980633039882e-01,1.545814013671311295e+04,-3.091628027342622590e+04
4.973597950022996539e-01,1.535279360131762587e+04,-3.070558720263525174e+04
4.986687919412954306e-01,1.526585120701343476e+04,-3.053170241402686952e+04
4.999777888802912074e-01,1.516576289964861280e+04,-3.033152579929722560e+04
5.012867858192868731e-01,1.504888590362576178e+04,-3.009777180725152357e+04
5.025957827582826498e-01,1.494648466475290479e+04,-2.989296932950580958e+04
5.039047796972784266e-01,1.486217410837156785e+04,-2.972434821674313571e+04
5.052137766362740923e-01,1.476484708037399650e+04,-2.952969416074799301e+04
5.065227735752699800e-01,1.465095732873659836e+04,-2.930191465747319671e+04
5.078317705142656457e-01,1.455143866175879521e+04,-2.910287732351759041e+04
5.091407674532614225e-01,1.446983902048960590e+04,-2.893967804097921180e+04
5.104497643922571992e-01,1.437527738928427607e+04,-2.875055477856855214e+04
5.117587613312528649e-01,1.426418911690418827e+04,-2.852837823380837654e+04
5.130677582702486417e-01,1.416721650720111029e+04,-2.833443301440222058e+04
5.143767552092444184e-01,1.408811103609474230e+04,-2.817622207218948461e+04
5.156857521482400841e-01,1.399650608215113061e+04,-2.799301216430226123e+04
5.169947490872359719e-01,1.388855381753020447e+04,-2.777710763506040894e+04
5.183037460262316376e-01,1.379399847690862771e+04,-2.758799695381725542e+04
5.196127429652274143e-01,1.371680971336958282e+04,-2.743361942673916565e+04
5.209217399042231911e-01,1.362785114915884333e+04,-2.725570229831768665e+04
5.222307368432188568e-01,1.352319273907358911e+04,-2.704638547814717822e+04
5.235397337822146335e-01,1.343129248688057487e+04,-2.686258497376114974e+04
5.248487307212102992e-01,1.335605649862798236e+04,-2.671211299725596473e+04
5.261577276602060760e-01,1.326956921857355519e+04,-2.653913843714711038e+04
5.274667245992018527e-01,1.316794543608167623e+04,-2.633589087216335247e+04
5.287757215381976295e-01,1.307845803399185206e+04,-2.615691606798370412e+04
5.300847184771932952e-01,1.300505378369584287e+04,-2.601010756739168573e+04
5.313937154161890719e-01,1.292108654203806327e+04,-2.584217308407612654e+04
5.327027123551848486e-01,1.282267691827351518e+04,-2.564535383654703037e+04
5.340117092941806254e-01,1.273584342315487447e+04,-2.547168684630974894e+04
5.353207062331762911e-01,1.266423107856621209e+04,-2.532846215713242418e+04
5.366297031721720678e-01,1.258219357540859892e+04,-2.516438715081719783e+04
5.379387001111678446e-01,1.248638414604569334e+04,-2.497276829209138668e+04
5.392476970501636213e-01,1.240254807321310909e+04,-2.480509614642621818e+04
5.405566939891592870e-01,1.233371363019332057e+04,-2.466742726038664114e+04
5.418656909281550638e-01,1.225316008499376949e+04,-2.450632016998753897e+04
5.431746878671508405e-01,1.215671309500449206e+04,-2.431342619000898412e+04
5.444836848061466172e-01,1.206973485931978394e+04,-2.413946971863956787e+04
5.457926817451422830e-01,1.199702884627824824e+04,-2.399405769255649648e+04
5.471016786841380597e-01,1.029197626232677976e+04,-2.383536422938554460e+04
5.484106756231338364e-01,1.016375524642149685e+04,-2.366741757334770227e+04
5.497196725621296132e-01,7.351291133134355732e+03,-2.354868326546420212e+04
5.510286695011252789e-01,2.446181346858274537e+03,-2.349797039019765725e+04
5.523376664401210556e-01,2.618140241355258695e+03,-2.346825896646689580e+04
5.536466633791168324e-01,4.473430160454335237e+03,-2.343074421440800870e+04
5.549556603181126091e-01,3.034246308254244468e+03,-2.340207813251631524e+04
5.562646572571082748e-01,-8.844689590652873221e+02,-2.339094152240411859e+04
5.575736541961040516e-01,2.113410223181234358e+02,-2.338191921044263290e+04
5.588826511350998283e-01,2.789651118812956156e+03,-2.336546849053024198e+04
5.601916480740956050e-01,1.635878504712875383e+03,-2.335429217465865440e+04
5.615006450130912707e-01,-1.755902210165519136e+03,-2.335559465968910808e+04
5.628096419520870475e-01,-5.086549189522759775e+02,-2.335509239502958008e+04
5.641186388910828242e-01,2.253498361586664032e+03,-2.334309838458778904e+04
5.654276358300786010e-01,1.433963648763598940e+03,-2.333056480665507115e+04
5.667366327690742667e-01,-2.032237189577343997e+03,-2.332898690989777970e+04
5.680456297080700434e-01,-7.468596853923204435e+02,-2.333252984014279718e+04
5.693546266470658201e-01,2.004494451452222393e+03,-2.333129358213453816e+04
5.706636235860615969e-01,8.268736342432644051e+02,-2.332898346594988470e+04
5.719726205250572626e-01,-2.453106646337997518e+03,-2.333169407988583407e+04
5.732816174640530393e-01,-8.346771258678957111e+02,-2.333386631900909560e+04
5.745906144030488161e-01,2.102769681671135459e+03,-2.332935679090805570e+04
5.758996113420445928e-01,9.856707286946716522e+02,-2.332567243823934768e+04
5.772086082810402585e-01,-2.146425633322515296e+03,-2.333001268286428603e+04
5.785176052200360353e-01,-8.582206938946376340e+02,-2.333354731252293641e+04
5.798266021590318120e-01,2.003222004460895505e+03,-2.332781504339005915e+04
5.811355990980275887e-01,1.234119745273697390e+03,-2.332034509534091194e+04
5.824445960370232545e-01,-2.287463970137253455e+03,-2.331990024600076504e+04
5.837535929760190312e-01,-8.769211166871511978e+02,-2.332106176474306994e+04
5.850625899150148079e-01,1.949750091614409257e+03,-2.331750739719537160e+04
5.863715868540105847e-01,1.205569920694513257e+03,-2.331735911784626296e+04
5.876805837930062504e-01,-2.452537583652648209e+03,-2.332535231737001232e+04
5.889895807320020271e-01,-7.919571987731131912e+02,-2.332857735447195228e+04
5.902985776709978039e-01,1.992454904857284419e+03,-2.331948544896719250e+04
5.916075746099935806e-01,9.263970972716099368e+02,-2.331007781799305667e+04
5.929165715489892463e-01,-2.144619974732330320e+03,-2.331231015789306912e+04
5.942255684879850230e-01,-5.780832285204514847e+02,-2.331948749496605524e+04
5.955345654269807998e-01,2.023379996105695682e+03,-2.332032388714300396e+04
5.968435623659765765e-01,1.194512862840317894e+03,-2.331747801267292743e+04
5.981525593049722422e-01,-2.163232911030456762e+03,-2.331638535285881881e+04
5.994615562439680190e-01,-7.537999263123301716e+02,-2.331215843805339682e+04
6.007705531829637957e-01,2.199672399024381775e+03,-2.330081340211338829e+04
6.020795501219595725e-01,1.538995210542456334e+03,-2.329245245875012915e+04
6.033885470609552382e-01,-1.954301551657505570e+03,-2.329433884796994971e+04
6.046975439999510149e-01,-3.117026322514065555e+02,-2.329385850594493968e+04
6.060065409389467916e-01,2.395524176525281291e+03,-2.327922766899922135e+04
6.073155378779425684e-01,1.825278850978779701e+03,-2.325630426648563298e+04
6.086245348169382341e-01,-1.152040492378310091e+03,-2.322154378759862811e+04
6.099335317559340108e-01,9.435518368575785644e+02,-2.320132758101184299e+04
6.112425286949297876e-01,5.040187121967593157e+03,-2.331506969959790877e+04
6.125515256339255643e-01,6.254017579430053047e+03,-2.373778494433924789e+04
6.138605225729212300e-01,9.359864996377562420e+03,-2.540177915198131814e+04
6.151695195119170068e-01,1.392392220413423638e+04,-2.812653819415776525e+04
6.164785164509127835e-01,1.428708934152097572e+04,-2.857417868304195144e+04
6.177875133899085602e-01,1.145864746365212523e+04,-2.291729492730425045e+04
6.190965103289042260e-01,-5.771431561951072808e+02,-8.097876239812327185e+03
6.204055072679000027e-01,0.000000000000000000e+00,0.000000000000000000e+00
6.217145042068957794e-01,0.000000000000000000e+00,0.000000000000000000e+00
6.230235011458915562e-01,0.000000000000000000e+00,0.000000000000000000e+00
6.243324980848872219e-01,0.000000000000000000e+00,0.000000000000000000e+00
6.256414950238829986e-01,0.000000000000000000e+00,0.000000000000000000e+00
6.269504919628787754e-01,0.000000000000000000e+00,0.000000000000000000e+00
6.282594889018745521e-01,0.000000000000000000e+00,0.000000000000000000e+00
6.295684858408702178e-01,0.000000000000000000e+00,0.000000000000000000e+00
6.308774827798659945e-01,0.000000000000000000e+00,0.000000000000000000e+00
6.321864797188617713e-01,0.000000000000000000e+00,0.000000000000000000e+00
6.334954766578575480e-01,0.000000000000000000e+00,0.000000000000000000e+00
6.348044735968532137e-01,0.000000000000000000e+00,0.000000000000000000e+00
6.361134705358489905e-01,0.000000000000000000e+00,0.000000000000000000e+00
6.374224674748447672e-01,0.000000000000000000e+00,0.000000000000000000e+00
6.387314644138405439e-01,0.000000000000000000e+00,0.000000000000000000e+00
6.400404613528362097e-01,0.000000000000000000e+00,0.000000000000000000e+00
6.413494582918319864e-01,0.000000000000000000e+00,0.000000000000000000e+00
6.426584552308277631e-01,0.000000000000000000e+00,0.000000000000000000e+00
6.439674521698235399e-01,0.000000000000000000e+00,0.000000000000000000e+00
6.452764491088192056e-01,0.000000000000000000e+00,0.000000000000000000e+00
6.465854460478149823e-01,0.000000000000000000e+00,0.000000000000000000e+00
6.478944429868107591e-01,0.000000000000000000e+00,0.000000000000000000e+00
6.492034399258065358e-01,0.000000000000000000e+00,0.000000000000000000e+00
6.505124368648022015e-01,0.000000000000000000e+00,0.000000000000000000e+00
6.518214338037979783e-01,0.000000000000000000e+00,0.000000000000000000e+00
6.531304307427937550e-01,0.000000000000000000e+00,0.000000000000000000e+00
6.544394276817895317e-01,0.000000000000000000e+00,0.000000000000000000e+00
6.557484246207851974e-01,0.000000000000000000e+00,0.000000000000000000e+00
6.570574215597809742e-01,0.000000000000000000e+00,0.000000000000000000e+00
6.583664184987767509e-01,0.000000000000000000e+00,0.000000000000000000e+00
6.596754154377725277e-01,0.000000000000000000e+00,0.000000000000000000e+00
6.609844123767681934e-01,0.000000000000000000e+00,0.000000000000000000e+00
6.622934093157639701e-01,0.000000000000000000e+00,0.000000000000000000e+00
6.636024062547597469e-01,0.000000000000000000e+00,0.000000000000000000e+00
6.649114031937555236e-01,0.000000000000000000e+00,0.000000000000000000e+00
6.662204001327511893e-01,0.000000000000000000e+00,0.000000000000000000e+00
6.675293970717469660e-01,0.000000000000000000e+00,0.000000000000000000e+00
6.688383940107427428e-01,0.000000000000000000e+00,0.000000000000000000e+00
6.701473909497385195e-01,0.000000000000000000e+00,0.000000000000000000e+00
6.714563878887341852e-01,0.000000000000000000e+00,0.000000000000000000e+00
6.727653848277299620e-01,0.000000000000000000e+00,0.000000000000000000e+00
6.740743817667257387e-01,0.000000000000000000e+00,0.000000000000000000e+00
6.753833787057215154e-01,0.000000000000000000e+00,0.000000000000000000e+00
6.766923756447171812e-01,0.000000000000000000e+00,0.000000000000000000e+00
6.780013725837129579e-01,0.000000000000000000e+00,0.000000000000000000e+00
6.793103695227087346e-01,0.000000000000000000e+00,0.000000000000000000e+00
6.806193664617045114e-01,0.000000000000000000e+00,0.000000000000000000e+00
6.819283634007001771e-01,0.000000000000000000e+00,0.000000000000000000e+00
6.832373603396959538e-01,0.000000000000000000e+00,0.000000000000000000e+00
6.845463572786917306e-01,0.000000000000000000e+00,0.000000000000000000e+00
6.858553542176875073e-01,0.000000000000000000e+00,0.000000000000000000e+00
6.871643511566831730e-01,0.000000000000000000e+00,0.000000000000000000e+00
6.884733480956789498e-01,0.000000000000000000e+00,0.000000000000000000e+00
6.897823450346747265e-01,0.000000000000000000e+00,0.000000000000000000e+00
6.910913419736705032e-01,0.000000000000000000e+00,0.000000000000000000e+00
6.924003389126661689e-01,0.000000000000000000e+00,0.000000000000000000e+00
6.937093358516619457e-01,0.000000000000000000e+00,0.000000000000000000e+00
6.950183327906577224e-01,0.000000000000000000e+00,0.000000000000000000e+00
6.963273297296534992e-01,0.000000000000000000e+00,0.000000000000000000e+00
6.976363266686491649e-01,0.000000000000000000e+00,0.000000000000000000e+00
6.989453236076449416e-01,0.000000000000000000e+00,0.000000000000000000e+00
7.002543205466407183e-01,0.000000000000000000e+00,0.000000000000000000e+00
7.015633174856364951e-01,0.000000000000000000e+00,0.000000000000000000e+00
7.028723144246321608e-01,0.000000000000000000e+00,0.000000000000000000e+00
7.041813113636279375e-01,0.000000000000000000e+00,0.000000000000000000e+00
7.054903083026237143e-01,0.000000000000000000e+00,0.000000000000000000e+00
7.067993052416194910e-01,0.000000000000000000e+00,0.000000000000000000e+00
7.081083021806151567e-01,0.000000000000000000e+00,0.000000000000000000e+00
7.094172991196109335e-01,0.000000000000000000e+00,0.000000000000000000e+00
7.107262960586067102e-01,0.000000000000000000e+00,0.000000000000000000e+00
7.120352929976024869e-01,0.000000000000000000e+00,0.000000000000000000e+00
7.133442899365981527e-01,0.000000000000000000e+00,0.000000000000000000e+00
7.146532868755939294e-01,0.000000000000000000e+00,0.000000000000000000e+00
7.159622838145897061e-01,0.000000000000000000e+00,0.000000000000000000e+00
7.172712807535854829e-01,0.000000000000000000e+00,0.000000000000000000e+00
7.185802776925811486e-01,0.000000000000000000e+00,0.000000000000000000e+00
7.198892746315769253e-01,0.000000000000000000e+00,0.000000000000000000e+00
7.211982715705727021e-01,0.000000000000000000e+00,0.000000000000000000e+00
7.225072685095684788e-01,0.000000000000000000e+00,0.000000000000000000e+00
7.238162654485641445e-01,0.000000000000000000e+00,0.000000000000000000e+00
7.251252623875599213e-01,0.000000000000000000e+00,0.000000000000000000e+00
7.264342593265556980e-01,0.000000000000000000e+00,0.000000000000000000e+00
7.277432562655514747e-01,0.000000000000000000e+00,0.000000000000000000e+00
7.290522532045471404e-01,0.000000000000000000e+00,0.000000000000000000e+00
7.303612501435429172e-01,0.000000000000000000e+00,0.000000000000000000e+00
7.316702470825386939e-01,0.000000000000000000e+00,0.000000000000000000e+00
7.329792440215344707e-01,0.000000000000000000e+00,0.000000000000000000e+00
7.342882409605301364e-01,0.000000000000000000e+00,0.000000000000000000e+00
7.355972378995259131e-01,0.000000000000000000e+00,0.000000000000000000e+00
7.369062348385216898e-01,0.000000000000000000e+00,0.000000000000000000e+00
7.382152317775174666e-01,0.000000000000000000e+00,0.000000000000000000e+00
7.395242287165131323e-01,0.000000000000000000e+00,0.000000000000000000e+00
7.408332256555089090e-01,0.000000000000000000e+00,0.000000000000000000e+00
7.421422225945046858e-01,0.000000000000000000e+00,0.000000000000000000e+00
7.434512195335004625e-01,0.000000000000000000e+00,0.000000000000000000e+00
7.447602164724961282e-01,0.000000000000000000e+00,0.000000000000000000e+00
7.460692134114919050e-01,0.000000000000000000e+00,0.000000000000000000e+00
7.473782103504876817e-01,0.000000000000000000e+00,0.000000000000000000e+00
7.486872072894834584e-01,0.000000000000000000e+00,0.000000000000000000e+00
7.499962042284791242e-01,0.000000000000000000e+00,0.000000000000000000e+00
7.513052011674749009e-01,0.000000000000000000e+00,0.000000000000000000e+00
7.526141981064706776e-01,0.000000000000000000e+00,0.000000000000000000e+00
7.539231950454664544e-01,0.000000000000000000e+00,0.000000000000000000e+00
7.552321919844621201e-01,0.000000000000000000e+00,0.000000000000000000e+00
7.565411889234578968e-01,0.000000000000000000e+00,0.000000000000000000e+00
7.578501858624536736e-01,0.000000000000000000e+00,0.000000000000000000e+00
7.591591828014494503e-01,0.000000000000000000e+00,0.000000000000000000e+00
7.604681797404451160e-01,0.000000000000000000e+00,0.000000000000000000e+00
7.617771766794408927e-01,0.000000000000000000e+00,0.000000000000000000e+00
7.630861736184366695e-01,0.000000000000000000e+00,0.000000000000000000e+00
7.643951705574324462e-01,0.000000000000000000e+00,0.000000000000000000e+00
7.657041674964281119e-01,0.000000000000000000e+00,0.000000000000000000e+00
7.670131644354238887e-01,0.000000000000000000e+00,0.000000000000000000e+00
7.683221613744196654e-01,0.000000000000000000e+00,0.000000000000000000e+00
7.696311583134154422e-01,0.000000000000000000e+00,0.000000000000000000e+00
7.709401552524111079e-01,0.000000000000000000e+00,0.000000000000000000e+00
7.722491521914068846e-01,0.000000000000000000e+00,0.000000000000000000e+00
7.735581491304026613e-01,0.000000000000000000e+00,0.000000000000000000e+00
7.748671460693984381e-01,0.000000000000000000e+00,0.000000000000000000e+00
7.761761430083941038e-01,0.000000000000000000e+00,0.000000000000000000e+00
7.774851399473898805e-01,0.000000000000000000e+00,0.000000000000000000e+00
7.787941368863856573e-01,0.000000000000000000e+00,0.000000000000000000e+00
7.801031338253814340e-01,0.000000000000000000e+00,0.000000000000000000e+00
7.814121307643770997e-01,0.000000000000000000e+00,0.000000000000000000e+00
7.827211277033728765e-01,0.000000000000000000e+00,0.000000000000000000e+00
7.840301246423686532e-01,0.000000000000000000e+00,0.000000000000000000e+00
7.853391215813644299e-01,0.000000000000000000e+00,0.000000000000000000e+00
7.866481185203600957e-01,0.000000000000000000e+00,0.000000000000000000e+00
7.879571154593558724e-01,0.000000000000000000e+00,0.000000000000000000e+00
7.892661123983516491e-01,0.000000000000000000e+00,0.000000000000000000e+00
7.905751093373474259e-01,0.000000000000000000e+00,0.000000000000000000e+00
7.918841062763430916e-01,0.000000000000000000e+00,0.000000000000000000e+00
7.931931032153388683e-01,0.000000000000000000e+00,0.000000000000000000e+00
7.945021001543346451e-01,0.000000000000000000e+00,0.000000000000000000e+00
7.958110970933304218e-01,0.000000000000000000e+00,0.000000000000000000e+00
7.971200940323260875e-01,0.000000000000000000e+00,0.000000000000000000e+00
7.984290909713218642e-01,0.000000000000000000e+00,0.000000000000000000e+00
7.997380879103176410e-01,0.000000000000000000e+00,0.000000000000000000e+00
8.010470848493134177e-01,0.000000000000000000e+00,0.000000000000000000e+00
8.023560817883090834e-01,0.000000000000000000e+00,0.000000000000000000e+00
8.036650787273048602e-01,0.000000000000000000e+00,0.000000000000000000e+00
8.049740756663006369e-01,0.000000000000000000e+00,0.000000000000000000e+00
8.062830726052964136e-01,0.000000000000000000e+00,0.000000000000000000e+00
8.075920695442920794e-01,0.000000000000000000e+00,0.000000000000000000e+00
8.089010664832878561e-01,0.000000000000000000e+00,0.000000000000000000e+00
8.102100634222836328e-01,0.000000000000000000e+00,0.000000000000000000e+00
8.115190603612794096e-01,0.000000000000000000e+00,0.000000000000000000e+00
8.128280573002750753e-01,0.000000000000000000e+00,0.000000000000000000e+00
8.141370542392708520e-01,0.000000000000000000e+00,0.000000000000000000e+00
8.154460511782666288e-01,0.000000000000000000e+00,0.000000000000000000e+00
8.167550481172624055e-01,0.000000000000000000e+00,0.000000000000000000e+00
8.180640450562580712e-01,0.000000000000000000e+00,0.000000000000000000e+00
8.193730419952538480e-01,0.000000000000000000e+00,0.000000000000000000e+00
8.206820389342496247e-01,0.000000000000000000e+00,0.000000000000000000e+00
8.219910358732454014e-01,0.000000000000000000e+00,0.000000000000000000e+00
8.233000328122410671e-01,0.000000000000000000e+00,0.000000000000000000e+00
8.246090297512368439e-01,0.000000000000000000e+00,0.000000000000000000e+00
8.259180266902326206e-01,0.000000000000000000e+00,0.000000000000000000e+00
8.272270236292283974e-01,0.000000000000000000e+00,0.000000000000000000e+00
8.285360205682240631e-01,0.000000000000000000e+00,0.000000000000000000e+00
8.298450175072198398e-01,0.000000000000000000e+00,0.000000000000000000e+00
8.311540144462156166e-01,0.000000000000000000e+00,0.000000000000000000e+00
8.324630113852113933e-01,0.000000000000000000e+00,0.000000000000000000e+00
8.337720083242070590e-01,0.000000000000000000e+00,0.000000000000000000e+00
8.350810052632028357e-01,0.000000000000000000e+00,0.000000000000000000e+00
8.363900022021986125e-01,0.000000000000000000e+00,0.000000000000000000e+00
8.376989991411943892e-01,0.000000000000000000e+00,0.000000000000000000e+00
8.390079960801900549e-01,0.000000000000000000e+00,0.000000000000000000e+00
8.403169930191858317e-01,0.000000000000000000e+00,0.000000000000000000e+00
8.416259899581816084e-01,0.000000000000000000e+00,0.000000000000000000e+00
8.429349868971773851e-01,0.000000000000000000e+00,0.000000000000000000e+00
8.442439838361730509e-01,0.000000000000000000e+00,0.000000000000000000e+00
8.455529807751688276e-01,0.000000000000000000e+00,0.000000000000000000e+00
8.468619777141646043e-01,0.000000000000000000e+00,0.000000000000000000e+00
8.481709746531603811e-01,0.000000000000000000e+00,0.000000000000000000e+00
8.494799715921560468e-01,0.000000000000000000e+00,0.000000000000000000e+00
8.507889685311518235e-01,0.000000000000000000e+00,0.000000000000000000e+00
8.520979654701476003e-01,0.000000000000000000e+00,0.000000000000000000e+00
8.534069624091433770e-01,0.000000000000000000e+00,0.000000000000000000e+00
8.547159593481390427e-01,0.000000000000000000e+00,0.000000000000000000e+00
8.560249562871348195e-01,0.000000000000000000e+00,0.000000000000000000e+00
8.573339532261305962e-01,0.000000000000000000e+00,0.000000000000000000e+00
8.586429501651263729e-01,0.000000000000000000e+00,0.000000000000000000e+00
8.599519471041220386e-01,0.000000000000000000e+00,0.000000000000000000e+00
8.612609440431178154e-01,0.000000000000000000e+00,0.000000000000000000e+00
8.625699409821135921e-01,0.000000000000000000e+00,0.000000000000000000e+00
8.638789379211093689e-01,0.000000000000000000e+00,0.000000000000000000e+00
8.651879348601050346e-01,0.000000000000000000e+00,0.000000000000000000e+00
8.664969317991008113e-01,0.000000000000000000e+00,0.000000000000000000e+00
8.678059287380965880e-01,0.000000000000000000e+00,0.000000000000000000e+00
8.691149256770923648e-01,0.000000000000000000e+00,0.000000000000000000e+00
8.704239226160880305e-01,0.000000000000000000e+00,0.000000000000000000e+00
8.717329195550838072e-01,0.000000000000000000e+00,0.000000000000000000e+00
8.730419164940795840e-01,0.000000000000000000e+00,0.000000000000000000e+00
8.743509134330753607e-01,0.000000000000000000e+00,0.000000000000000000e+00
8.756599103720710264e-01,0.000000000000000000e+00,0.000000000000000000e+00
8.769689073110668032e-01,0.000000000000000000e+00,0.000000000000000000e+00
8.782779042500625799e-01,0.000000000000000000e+00,0.000000000000000000e+00
8.795869011890583566e-01,0.000000000000000000e+00,0.000000000000000000e+00
8.808958981280540224e-01,0.000000000000000000e+00,0.000000000000000000e+00
8.822048950670497991e-01,0.000000000000000000e+00,0.000000000000000000e+00
8.835138920060455758e-01,0.000000000000000000e+00,0.000000000000000000e+00
8.848228889450413526e-01,0.000000000000000000e+00,0.000000000000000000e+00
8.861318858840370183e-01,0.000000000000000000e+00,0.000000000000000000e+00
8.874408828230327950e-01,0.000000000000000000e+00,0.000000000000000000e+00
8.887498797620285718e-01,0.000000000000000000e+00,0.000000000000000000e+00
8.900588767010243485e-01,0.000000000000000000e+00,0.000000000000000000e+00
8.913678736400200142e-01,0.000000000000000000e+00,0.000000000000000000e+00
8.926768705790157910e-01,0.000000000000000000e+00,0.000000000000000000e+00
8.939858675180115677e-01,0.000000000000000000e+00,0.000000000000000000e+00
8.952948644570073444e-01,0.000000000000000000e+00,0.000000000000000000e+00
8.966038613960030101e-01,0.000000000000000000e+00,0.000000000000000000e+00
8.979128583349987869e-01,0.000000000000000000e+00,0.000000000000000000e+00
8.992218552739945636e-01,0.000000000000000000e+00,0.000000000000000000e+00
9.005308522129903404e-01,0.000000000000000000e+00,0.000000000000000000e+00
9.018398491519860061e-01,0.000000000000000000e+00,0.000000000000000000e+00
9.031488460909817828e-01,0.000000000000000000e+00,0.000000000000000000e+00
9.044578430299775595e-01,0.000000000000000000e+00,0.000000000000000000e+00
9.057668399689733363e-01,0.000000000000000000e+00,0.000000000000000000e+00
9.070758369079690020e-01,0.000000000000000000e+00,0.000000000000000000e+00
9.083848338469647787e-01,0.000000000000000000e+00,0.000000000000000000e+00
9.096938307859605555e-01,0.000000000000000000e+00,0.000000000000000000e+00
9.110028277249563322e-01,0.000000000000000000e+00,0.000000000000000000e+00
9.123118246639519979e-01,0.000000000000000000e+00,0.000000000000000000e+00
9.136208216029477747e-01,0.000000000000000000e+00,0.000000000000000000e+00
9.149298185419435514e-01,0.000000000000000000e+00,0.000000000000000000e+00
9.162388154809393281e-01,0.000000000000000000e+00,0.000000000000000000e+00
9.175478124199349939e-01,0.000000000000000000e+00,0.000000000000000000e+00
9.188568093589307706e-01,0.000000000000000000e+00,0.000000000000000000e+00
9.201658062979265473e-01,0.000000000000000000e+00,0.000000000000000000e+00
9.214748032369223241e-01,0.000000000000000000e+00,0.000000000000000000e+00
9.227838001759179898e-01,0.000000000000000000e+00,0.000000000000000000e+00
9.240927971149137665e-01,0.000000000000000000e+00,0.000000000000000000e+00
9.254017940539095433e-01,0.000000000000000000e+00,0.000000000000000000e+00
9.267107909929053200e-01,0.000000000000000000e+00,0.000000000000000000e+00
9.280197879319009857e-01,0.000000000000000000e+00,0.000000000000000000e+00
9.293287848708967624e-01,0.000000000000000000e+00,0.000000000000000000e+00
9.306377818098925392e-01,0.000000000000000000e+00,0.000000000000000000e+00
9.319467787488883159e-01,0.000000000000000000e+00,0.000000000000000000e+00
9.332557756878839816e-01,0.000000000000000000e+00,0.000000000000000000e+00
9.345647726268797584e-01,0.000000000000000000e+00,0.000000000000000000e+00
9.358737695658755351e-01,0.000000000000000000e+00,0.000000000000000000e+00
9.371827665048713119e-01,0.000000000000000000e+00,0.000000000000000000e+00
9.384917634438669776e-01,0.000000000000000000e+00,0.000000000000000000e+00
9.398007603828627543e-01,0.000000000000000000e+00,0.000000000000000000e+00
9.411097573218585310e-01,0.000000000000000000e+00,0.000000000000000000e+00
9.424187542608543078e-01,0.000000000000000000e+00,0.000000000000000000e+00
9.437277511998499735e-01,0.000000000000000000e+00,0.000000000000000000e+00
9.450367481388457502e-01,-4.248682223250411880e+03,-8.497364446500823760e+03
9.463457450778415270e-01,-1.180789336434973666e+04,-2.361578672869947331e+04
9.476547420168373037e-01,-1.422268028395990950e+04,-2.844536056791981900e+04
9.489637389558329694e-01,-1.373724198376963250e+04,-2.747448396753926500e+04
9.502727358948287462e-01,-1.282900660127013180e+04,-2.565801320254026359e+04
9.515817328338245229e-01,-1.213539914631587635e+04,-2.427079829263175270e+04
9.528907297728202996e-01,-1.175947464168334955e+04,-2.351894928336669909e+04
9.541997267118159654e-01,-1.170279455798842719e+04,-2.340558911597685437e+04
9.555087236508117421e-01,-1.180285355858276489e+04,-2.360570711716552978e+04
9.568177205898075188e-01,-1.192784897139137502e+04,-2.385569794278275003e+04
9.581267175288032956e-01,-1.203100846081400414e+04,-2.406201692162800828e+04
9.594357144677989613e-01,-1.210698181296504117e+04,-2.421396362593008234e+04
9.607447114067947380e-01,-1.219135973048616870e+04,-2.438271946097233740e+04
9.620537083457905148e-01,-1.228782036172379776e+04,-2.457564072344759552e+04
9.633627052847862915e-01,-1.236865570793535517e+04,-2.473731141587071033e+04
9.646717022237819572e-01,-1.243654629509688493e+04,-2.487309259019376987e+04
9.659806991627777339e-01,-1.251847494682642900e+04,-2.503694989365285801e+04
9.672896961017735107e-01,-1.261191557826594180e+04,-2.522383115653188361e+04
9.685986930407692874e-01,-1.269103202994160711e+04,-2.538206405988321421e+04
9.699076899797649531e-01,-1.276117563679703744e+04,-2.552235127359407488e+04
9.712166869187607299e-01,-1.285052201060668267e+04,-2.570104402121336534e+04
9.725256838577565066e-01,-1.295348493101836357e+04,-2.590696986203672714e+04
9.738346807967522833e-01,-1.303925462875003359e+04,-2.607850925750006718e+04
9.751436777357479491e-01,-1.311028119705158133e+04,-2.622056239410316266e+04
9.764526746747437258e-01,-1.319653932631807947e+04,-2.639307865263615895e+04
9.777616716137395025e-01,-1.329619831016325588e+04,-2.659239662032651177e+04
9.790706685527352793e-01,-1.338147998792194085e+04,-2.676295997584388169e+04
9.803796654917309450e-01,-1.345690076640859115e+04,-2.691380153281718231e+04
9.816886624307267217e-01,-1.355110509999726673e+04,-2.710221019999453347e+04
9.829976593697224985e-01,-1.365822543709631827e+04,-2.731645087419263655e+04
9.843066563087182752e-01,-1.374622024725967822e+04,-2.749244049451935643e+04
9.856156532477139409e-01,-1.381938223245712652e+04,-2.763876446491425304e+04
9.869246501867097177e-01,-1.391158136826408190e+04,-2.782316273652816380e+04
9.882336471257054944e-01,-1.402028973340764969e+04,-2.804057946681529938e+04
9.895426440647012711e-01,-1.411350555795308537e+04,-2.822701111590617074e+04
9.908516410036969368e-01,-1.419295915874336970e+04,-2.838591831748673940e+04
9.921606379426927136e-01,-1.428846220486330640e+04,-2.857692440972661279e+04
9.934696348816884903e-01,-1.439774476519160999e+04,-2.879548953038321997e+04
9.947786318206842671e-01,-1.449223022451632278e+04,-2.898446044903264556e+04
9.960876287596799328e-01,-1.457478835474932748e+04,-2.914957670949865496e+04
9.973966256986757095e-01,-1.467329878685750009e+04,-2.934659757371500018e+04
9.987056226376714863e-01,-1.478463771839711990e+04,-2.956927543679423979e+04
1.000014619576667263e+00,-1.488124140733445711e+04,-2.976248281466891422e+04
1.001323616515662929e+00,-1.496709413413075890e+04,-2.993418826826151781e+04
1.002632613454658816e+00,-1.507017143155542726e+04,-3.014034286311085452e+04
1.003941610393654482e+00,-1.518566697486404883e+04,-3.037133394972809765e+04
1.005250607332650148e+00,-1.528369675961309804e+04,-3.056739351922619608e+04
1.006559604271645814e+00,-1.536941242851320749e+04,-3.073882485702641497e+04
1.007868601210641701e+00,-1.547502126025018697e+04,-3.095004252050037394e+04
1.009177598149637589e+00,-1.559585333381728196e+04,-3.119170666763456393e+04
1.010486595088633255e+00,-1.569852090840467827e+04,-3.139704181680935653e+04
1.011795592027628921e+00,-1.578656988617337993e+04,-3.157313977234675986e+04
1.013104588966624586e+00,-1.589373547812737888e+04,-3.178747095625475777e+04
1.014413585905620474e+00,-1.601690234427661017e+04,-3.203380468855322033e+04
1.015722582844616362e+00,-1.612301037178063052e+04,-3.224602074356126104e+04
1.017031579783612028e+00,-1.621514371451269290e+04,-3.243028742902538579e+04
1.018340576722607693e+00,-1.632583031529560139e+04,-3.265166063059120279e+04
1.019649573661603359e+00,-1.645162716651833398e+04,-3.290325433303666796e+04
1.020958570600599247e+00,-1.655997473728876503e+04,-3.311994947457753005e+04
1.022267567539594912e+00,-1.665490025914881699e+04,-3.330980051829763397e+04
1.023576564478590800e+00,-1.676959859166968454e+04,-3.353919718333936908e+04
1.024885561417586466e+00,-1.689978233888721297e+04,-3.379956467777442595e+04
1.026194558356582132e+00,-1.701127272181645458e+04,-3.402254544363290915e+04
1.027503555295577797e+00,-1.710821869789975972e+04,-3.421643739579951944e+04
1.028812552234573685e+00,-1.722574940643181253e+04,-3.445149881286362506e+04
1.030121549173569351e+00,-1.735991855511219183e+04,-3.471983711022438365e+04
1.031430546112565017e+00,-1.747523134187210599e+04,-3.495046268374421197e+04
1.032739543051560682e+00,-1.757545917546812052e+04,-3.515091835093624104e+04
1.034048539990556570e+00,-1.769644640808554323e+04,-3.539289281617108645e+04
1.035357536929552236e+00,-1.783430127856958643e+04,-3.566860255713917286e+04
1.036666533868547901e+00,-1.795276852721245814e+04,-3.590553705442491628e+04
1.037975530807543567e+00,-1.805585473516407001e+04,-3.611170947032814001e+04
1.039284527746539455e+00,-1.818047966014924532e+04,-3.636095932029849064e+04
1.040593524685535121e+00,-1.832263175950864752e+04,-3.664526351901729504e+04
1.041902521624530786e+00,-1.844490496847109534e+04,-3.688980993694219069e+04
1.043211518563526452e+00,-1.855115264754593591e+04,-3.710230529509187181e+04
1.044520515502522340e+00,-1.867923692091891644e+04,-3.735847384183783288e+04
1.045829512441518006e+00,-1.882528317365893236e+04,-3.765056634731786471e+04
1.047138509380513671e+00,-1.895112009299240526e+04,-3.790224018598481052e+04
1.048447506319509337e+00,-1.906075452449104341e+04,-3.812150904898208682e+04
1.049756503258505225e+00,-1.919292471403479431e+04,-3.838584942806958861e+04
1.051065500197500890e+00,-1.934345872853854598e+04,-3.868691745707709197e+04
1.052374497136496556e+00,-1.947291941481883623e+04,-3.894583882963767246e+04
1.053683494075492222e+00,-1.958547583304212822e+04,-3.917095166608425643e+04
1.054992491014488110e+00,-1.972140327978922869e+04,-3.944280655957845738e+04
1.056301487953483775e+00,-1.987660566485602249e+04,-3.975321132971204497e+04
1.057610484892479441e+00,-2.001032226172895389e+04,-4.002064452345790778e+04
1.058919481831475107e+00,-2.012640921475229334e+04,-4.025281842950458667e+04
1.060228478770470995e+00,-2.026605649237114267e+04,-4.053211298474228533e+04
1.061537475709466660e+00,-2.042545222080633903e+04,-4.085090444161267806e+04
1.062846472648462326e+00,-2.056327055231812847e+04,-4.112654110463625693e+04
1.064155469587457992e+00,-2.068330938530375715e+04,-4.136661877060751431e+04
1.065464466526453879e+00,-2.082717648681767241e+04,-4.165435297363534482e+04
1.066773463465449545e+00,-2.099096788381486840e+04,-4.198193576762973680e+04
1.068082460404445211e+00,-2.113278826537691202e+04,-4.226557653075382404e+04
1.069391457343440877e+00,-2.125662862729603876e+04,-4.251325725459207752e+04
1.070700454282436764e+00,-2.140488258238012713e+04,-4.280976516476025427e+04
1.072009451221432430e+00,-2.157345749245859042e+04,-4.314691498491718085e+04
1.073318448160428096e+00,-2.171947158665377356e+04,-4.343894317330754711e+04
1.074627445099423761e+00,-2.184705945355609947e+04,-4.369411890711219894e+04
1.075936442038419649e+00,-2.199976182214242363e+04,-4.399952364428484725e+04
1.077245438977415315e+00,-2.217336533016931207e+04,-4.434673066033862415e+04
1.078554435916410981e+00,-2.232373405565829307e+04,-4.464746811131658615e+04
1.079863432855406646e+00,-2.245511545567178837e+04,-4.491023091134357674e+04
1.081172429794402534e+00,-2.261241702196141341e+04,-4.522483404392282682e+04
1.082481426733398200e+00,-2.279131472464066246e+04,-4.558262944928132492e+04
1.083790423672393866e+00,-2.294620679634252883e+04,-4.589241359268505767e+04
1.085099420611389531e+00,-2.308138014867291713e+04,-4.616276029734583426e+04
1.086408417550385419e+00,-2.324327099650991295e+04,-4.648654199301982590e+04
1.087717414489381085e+00,-2.342762026924045858e+04,-4.685524053848091717e+04
1.089026411428376750e+00,-2.358745089487752193e+04,-4.717490178975504386e+04
1.090335408367372416e+00,-2.372682122723947759e+04,-4.745364245447895519e+04
1.091644405306368304e+00,-2.389325461577099850e+04,-4.778650923154199700e+04
1.092953402245363970e+00,-2.408275437785941176e+04,-4.816550875571882352e+04
1.094262399184359635e+00,-2.424761137899672030e+04,-4.849522275799344061e+04
1.095571396123355301e+00,-2.439175551133889167e+04,-4.878351102267778333e+04
1.096880393062351189e+00,-2.456319763201506066e+04,-4.912639526403012133e+04
1.098189390001346855e+00,-2.475790234388616955e+04,-4.951580468777233909e+04
1.099498386940342520e+00,-2.492758335884416374e+04,-4.985516671768832748e+04
1.100807383879338186e+00,-2.507642280686364393e+04,-5.015284561372728785e+04
1.102116380818334074e+00,-2.525326724548010316e+04,-5.050653449096020631e+04
1.103425377757329739e+00,-2.545377395169509327e+04,-5.090754790339018655e+04
1.104734374696325405e+00,-2.562846181100665490e+04,-5.125692362201330980e+04
1.106043371635321071e+00,-2.578176481439860072e+04,-5.156352962879720144e+04
1.107352368574316959e+00,-2.596403314823587425e+04,-5.192806629647174850e+04
1.108661365513312624e+00,-2.617075911810975958e+04,-5.234151823621951917e+04
1.109970362452308290e+00,-2.635083483984980194e+04,-5.270166967969960388e+04
1.111279359391303956e+00,-2.650872853567236598e+04,-5.301745707134473196e+04
1.112588356330299844e+00,-2.669644801743109565e+04,-5.339289603486219130e+04
1.113897353269295509e+00,-2.690951026107201687e+04,-5.381902052214403375e+04
1.115206350208291175e+00,-2.709524490020375742e+04,-5.419048980040751485e+04
1.116515347147286841e+00,-2.725806045607712804e+04,-5.451612091215425608e+04
1.117824344086282728e+00,-2.745141606040786064e+04,-5.490283212081572128e+04
1.119133341025278394e+00,-2.767087717995506682e+04,-5.534175435991013364e+04
1.120442337964274060e+00,-2.786241640341503808e+04,-5.572483280683007615e+04
1.121751334903269726e+00,-2.803044219150241406e+04,-5.606088438300482812e+04
1.123060331842265613e+00,-2.822972003158984080e+04,-5.645944006317968160e+04
1.124369328781261279e+00,-2.845577539725457973e+04,-5.691155079450915946e+04
1.125678325720256945e+00,-2.865325146325475362e+04,-5.730650292650950723e+04
1.126987322659252611e+00,-2.882664122585254881e+04,-5.765328245170509763e+04
1.128296319598248498e+00,-2.903210077593443566e+04,-5.806420155186887132e+04
1.129605316537244164e+00,-2.926505949250024423e+04,-5.853011898500048846e+04
1.130914313476239830e+00,-2.946869415281785405e+04,-5.893738830563570809e+04
1.132223310415235495e+00,-2.964756756169224172e+04,-5.929513512338448345e+04
1.133532307354231383e+00,-2.985936648621436689e+04,-5.971873297242873377e+04
1.134841304293227049e+00,-3.009949777806291968e+04,-6.019899555612583936e+04
1.136150301232222715e+00,-3.030964607253549548e+04,-6.061929214507099095e+04
1.137459298171218380e+00,-3.049431513297360652e+04,-6.098863026594721305e+04
1.138768295110214268e+00,-3.071257657070483037e+04,-6.142515314140966075e+04
1.140077292049209934e+00,-3.095990690181915852e+04,-6.191981380363831704e+04
1.141386288988205600e+00,-3.117673862914962956e+04,-6.235347725829925912e+04
1.142695285927201265e+00,-3.136762563689002855e+04,-6.273525127378005709e+04
1.144004282866197153e+00,-3.159285862247732803e+04,-6.318571724495465605e+04
1.145313279805192819e+00,-3.184773181434476646e+04,-6.369546362868953292e+04
1.146622276744188484e+00,-3.207123538059368002e+04,-6.414247076118736004e+04
1.147931273683184150e+00,-3.226817614441865226e+04,-6.453635228883730451e+04
1.149240270622180038e+00,-3.250059014574916000e+04,-6.500118029149832000e+04
1.150549267561175704e+00,-3.276362521796140936e+04,-6.552725043592281872e+04
1.151858264500171369e+00,-3.299445000004534086e+04,-6.598890000009068171e+04
1.153167261439167035e+00,-3.319775371867887588e+04,-6.639550743735775177e+04
1.154476258378162923e+00,-3.343723981659112178e+04,-6.687447963318224356e+04
1.155785255317158589e+00,-3.370826624018826988e+04,-6.741653248037653975e+04
1.157094252256154254e+00,-3.394667573672335857e+04,-6.789335147344671714e+04
1.158403249195149920e+00,-3.415706717259613652e+04,-6.831413434519227303e+04
1.159712246134145808e+00,-3.440423713268077699e+04,-6.880847426536155399e+04
1.161021243073141473e+00,-3.468344044928844232e+04,-6.936688089857688465e+04
1.162330240012137139e+00,-3.492927647090419487e+04,-6.985855294180838973e+04
1.163639236951132805e+00,-3.514671886243204062e+04,-7.029343772486408125e+04
1.164948233890128693e+00,-3.540217152909127617e+04,-7.080434305818255234e+04
1.166257230829124358e+00,-3.569041911459567928e+04,-7.138083822919135855e+04
1.167566227768120024e+00,-3.594391809986709995e+04,-7.188783619973419991e+04
1.168875224707115690e+00,-3.616805067194448202e+04,-7.233610134388896404e+04
1.170184221646111578e+00,-3.643186230802407226e+04,-7.286372461604814453e+04
1.171493218585107243e+00,-3.672990259282576881e+04,-7.345980518565153761e+04
1.172802215524102909e+00,-3.699185763409569336e+04,-7.398371526819138671e+04
1.174111212463098575e+00,-3.722299591696623975e+04,-7.444599183393247949e+04
1.175420209402094462e+00,-3.749499368438999227e+04,-7.498998736877998454e+04
1.176729206341090128e+00,-3.780268731195045257e+04,-7.560537462390090514e+04
1.178038203280085794e+00,-3.807362447812457685e+04,-7.614724895624915371e+04
1.179347200219081460e+00,-3.831278194518905366e+04,-7.662556389037810732e+04
1.180656197158077347e+00,-3.859353358656449564e+04,-7.718706717312899127e+04
1.181965194097073013e+00,-3.891094901703472715e+04,-7.782189803406945430e+04
1.183274191036068679e+00,-3.919120187615309260e+04,-7.838240375230618520e+04
1.184583187975064344e+00,-3.943932072828412493e+04,-7.887864145656824985e+04
1.185892184914060232e+00,-3.973136470473976078e+04,-7.946272940947952156e+04
1.187201181853055898e+00,-4.006494213043668424e+04,-8.012988426087336848e+04
1.188510178792051564e+00,-4.036685852423205506e+04,-8.073371704846411012e+04
1.189819175731047229e+00,-3.996190444622408540e+04,-8.124397447166361962e+04
1.191128172670043117e+00,-2.969220209680350308e+04,-8.174021559639785846e+04
1.192437169609038783e+00,-2.575845170805138332e+04,-8.220214034054570948e+04
1.193746166548034449e+00,-1.680161468767922270e+04,-8.252333138563974353e+04
1.195055163487030114e+00,-1.044431909679169985e+04,-8.270328115888593311e+04
1.196364160426026002e+00,-1.102078716647206784e+04,-8.284426657115790294e+04
1.197673157365021668e+00,-8.190898230580280142e+03,-8.298040943689295091e+04
1.198982154304017334e+00,-6.132058822041030908e+03,-8.307440387308316713e+04
1.200291151243012999e+00,-1.816920572286642027e+03,-8.313089190572271764e+04
1.201600148182008887e+00,-4.504545578743401165e+03,-8.318580925461091101e+04
1.202909145121004553e+00,-3.803842606015431556e+03,-8.323960479116975330e+04
1.204218142060000218e+00,-1.823039989710429836e+03,-8.326731184636204853e+04
1.205527138998995884e+00,1.350564584705158722e+03,-8.327491277865802113e+04
1.206836135937991772e+00,-9.810653316684478114e+02,-8.328843945137079572e+04
1.208145132876987438e+00,-2.233349830977340389e+03,-8.330659169697041216e+04
1.209454129815983103e+00,-7.583578764874999933e+02,-8.331108666235503915e+04
1.210763126754978769e+00,1.824603506400439528e+03,-8.331077049050870119e+04
1.212072123693974657e+00,-2.058720506414311785e+03,-8.332741480354625673e+04
1.213381120632970323e+00,-2.168116841563454273e+03,-8.335293099293926207e+04
1.214690117571965988e+00,-3.018890436067642327e+02,-8.336391470393529744e+04
1.215999114510961654e+00,2.659616758376811504e+03,-8.335421747244484141e+04
1.217308111449957542e+00,2.388323005465940696e+03,-8.333390414922832861e+04
1.218617108388953207e+00,-1.431139052447616677e+03,-8.331218030983046629e+04
1.219926105327948873e+00,3.406728200337612034e+00,-8.329782141582392796e+04
1.221235102266944539e+00,2.341754736327279261e+03,-8.330135171815709327e+04
1.222544099205940427e+00,-1.733891493305588483e+03,-8.331755163948652626e+04
1.223853096144936092e+00,-1.293231554586952598e+03,-8.333066475625539897e+04
1.225162093083931758e+00,-7.214387685778312971e+02,-8.333239707709202776e+04
1.226471090022927424e+00,1.832332609820431344e+03,-8.332786134652477631e+04
1.227780086961923312e+00,1.629875471293335067e+03,-8.332530145725804323e+04
1.229089083900918977e+00,-2.281049726283822565e+03,-8.332229826439535827e+04
1.230398080839914643e+00,-5.561112237024996148e+02,-8.331574160263493832e+04
1.231707077778910309e+00,1.862630468068120308e+03,-8.331560715091442398e+04
1.233016074717906196e+00,1.569255058253156903e+03,-8.333018315592317958e+04
1.234325071656901862e+00,-5.854377982195542245e+03,-8.334925539657076297e+04
1.235634068595897528e+00,-1.083544723412993335e+03,-8.335835691948063322e+04
1.236943065534893194e+00,7.073622057946362247e+02,-8.336926362008729484e+04
1.238252062473889081e+00,-3.198631053021771550e+03,-8.340465801064352854e+04
1.239561059412884747e+00,-3.873634580166664819e+03,-8.345341039691417245e+04
1.240870056351880413e+00,-2.704033462325841356e+03,-8.348682619661749050e+04
1.242179053290876078e+00,-1.746446493046243177e+03,-8.351313831355536240e+04
1.243488050229871966e+00,-2.608627628182517583e+03,-8.356736359122606518e+04
1.244797047168867632e+00,-8.207127812233027726e+03,-8.364949781840184005e+04
1.246106044107863298e+00,-9.132017825545566666e+03,-8.373362189426076657e+04
1.247415041046858963e+00,-9.122821471336270406e+03,-8.385274445588445815e+04
1.248724037985854851e+00,-1.413347958371820278e+04,-8.403403579048016400e+04
1.250033034924850517e+00,-2.322525886373900357e+04,-8.415769584697054233e+04
1.251342031863846183e+00,-2.699511419643414774e+04,-8.401747659607148671e+04
1.252651028802841848e+00,-3.617019131332181860e+04,-8.401678024061872566e+04
1.253960025741837736e+00,-4.114642191968920088e+04,-8.247361597972414165e+04
1.255269022680833402e+00,-1.833479944033029096e+04,-7.432630436300227302e+04
1.256578019619829067e+00,2.355605003041359669e+04,-5.539007218591588025e+04
