# Exudyn: solution of belt drive, slip and gap over belt length
# Exudyn output file
# Exudyn version=1.2.34.dev1
# endTime=0.1
# stepSize=5e-05
# nSegments=4
# nANCFnodes=240
# contactStiffnessPerArea=100000000.0
# frictionStiffnessPerArea=100000000.0
# contactStiffness=418879.02047863905
# frictionStiffness=523598.7755982988
# contactDamping=8.377580409572781
# frictionVelocityPenalty=33.70609928242229
# dryFriction=0.5
# 
6.199343375067338686e-04,0.000000000000000000e+00,-5.330928301086612642e-06
1.928931276502480682e-03,0.000000000000000000e+00,0.000000000000000000e+00
3.237928215498227930e-03,0.000000000000000000e+00,0.000000000000000000e+00
4.546925154493975177e-03,0.000000000000000000e+00,0.000000000000000000e+00
5.855922093489722424e-03,0.000000000000000000e+00,0.000000000000000000e+00
7.164919032485469672e-03,0.000000000000000000e+00,0.000000000000000000e+00
8.473915971481215184e-03,0.000000000000000000e+00,0.000000000000000000e+00
9.782912910476962431e-03,0.000000000000000000e+00,0.000000000000000000e+00
1.109190984947270968e-02,0.000000000000000000e+00,0.000000000000000000e+00
1.240090678846845693e-02,0.000000000000000000e+00,0.000000000000000000e+00
1.370990372746420417e-02,0.000000000000000000e+00,0.000000000000000000e+00
1.501890066645994969e-02,0.000000000000000000e+00,0.000000000000000000e+00
1.632789760545570040e-02,0.000000000000000000e+00,0.000000000000000000e+00
1.763689454445144245e-02,0.000000000000000000e+00,0.000000000000000000e+00
1.894589148344719143e-02,0.000000000000000000e+00,0.000000000000000000e+00
2.025488842244294041e-02,0.000000000000000000e+00,0.000000000000000000e+00
2.156388536143868939e-02,0.000000000000000000e+00,0.000000000000000000e+00
2.287288230043443144e-02,0.000000000000000000e+00,0.000000000000000000e+00
2.418187923943018042e-02,0.000000000000000000e+00,0.000000000000000000e+00
2.549087617842592940e-02,0.000000000000000000e+00,0.000000000000000000e+00
2.679987311742167838e-02,0.000000000000000000e+00,0.000000000000000000e+00
2.810887005641742042e-02,0.000000000000000000e+00,0.000000000000000000e+00
2.941786699541316941e-02,0.000000000000000000e+00,0.000000000000000000e+00
3.072686393440891839e-02,0.000000000000000000e+00,0.000000000000000000e+00
3.203586087340466043e-02,0.000000000000000000e+00,0.000000000000000000e+00
3.334485781240040941e-02,0.000000000000000000e+00,0.000000000000000000e+00
3.465385475139615840e-02,0.000000000000000000e+00,0.000000000000000000e+00
3.596285169039190738e-02,0.000000000000000000e+00,0.000000000000000000e+00
3.727184862938764942e-02,0.000000000000000000e+00,0.000000000000000000e+00
3.858084556838339840e-02,0.000000000000000000e+00,0.000000000000000000e+00
3.988984250737914738e-02,0.000000000000000000e+00,0.000000000000000000e+00
4.119883944637489637e-02,0.000000000000000000e+00,0.000000000000000000e+00
4.250783638537063841e-02,0.000000000000000000e+00,0.000000000000000000e+00
4.381683332436638739e-02,0.000000000000000000e+00,0.000000000000000000e+00
4.512583026336213637e-02,0.000000000000000000e+00,0.000000000000000000e+00
4.643482720235788536e-02,0.000000000000000000e+00,0.000000000000000000e+00
4.774382414135362740e-02,0.000000000000000000e+00,0.000000000000000000e+00
4.905282108034937638e-02,0.000000000000000000e+00,0.000000000000000000e+00
5.036181801934512536e-02,0.000000000000000000e+00,0.000000000000000000e+00
5.167081495834087435e-02,0.000000000000000000e+00,0.000000000000000000e+00
5.297981189733661639e-02,0.000000000000000000e+00,0.000000000000000000e+00
5.428880883633236537e-02,0.000000000000000000e+00,0.000000000000000000e+00
5.559780577532811435e-02,0.000000000000000000e+00,0.000000000000000000e+00
5.690680271432386333e-02,0.000000000000000000e+00,0.000000000000000000e+00
5.821579965331960538e-02,0.000000000000000000e+00,0.000000000000000000e+00
5.952479659231535436e-02,0.000000000000000000e+00,0.000000000000000000e+00
6.083379353131109640e-02,0.000000000000000000e+00,0.000000000000000000e+00
6.214279047030684539e-02,0.000000000000000000e+00,0.000000000000000000e+00
6.345178740930258743e-02,0.000000000000000000e+00,0.000000000000000000e+00
6.476078434829833641e-02,0.000000000000000000e+00,0.000000000000000000e+00
6.606978128729407151e-02,0.000000000000000000e+00,0.000000000000000000e+00
6.737877822628982050e-02,0.000000000000000000e+00,0.000000000000000000e+00
6.868777516528556948e-02,0.000000000000000000e+00,0.000000000000000000e+00
6.999677210428130458e-02,0.000000000000000000e+00,0.000000000000000000e+00
7.130576904327705356e-02,0.000000000000000000e+00,0.000000000000000000e+00
7.261476598227280255e-02,0.000000000000000000e+00,0.000000000000000000e+00
7.392376292126855153e-02,0.000000000000000000e+00,0.000000000000000000e+00
7.523275986026430051e-02,0.000000000000000000e+00,0.000000000000000000e+00
7.654175679926003562e-02,0.000000000000000000e+00,0.000000000000000000e+00
7.785075373825578460e-02,0.000000000000000000e+00,0.000000000000000000e+00
7.915975067725153358e-02,0.000000000000000000e+00,0.000000000000000000e+00
8.046874761624726868e-02,0.000000000000000000e+00,0.000000000000000000e+00
8.177774455524301767e-02,0.000000000000000000e+00,0.000000000000000000e+00
8.308674149423876665e-02,0.000000000000000000e+00,0.000000000000000000e+00
8.439573843323451563e-02,0.000000000000000000e+00,0.000000000000000000e+00
8.570473537223026461e-02,0.000000000000000000e+00,0.000000000000000000e+00
8.701373231122599972e-02,0.000000000000000000e+00,0.000000000000000000e+00
8.832272925022174870e-02,0.000000000000000000e+00,0.000000000000000000e+00
8.963172618921749768e-02,0.000000000000000000e+00,0.000000000000000000e+00
9.094072312821323278e-02,0.000000000000000000e+00,0.000000000000000000e+00
9.224972006720898177e-02,0.000000000000000000e+00,0.000000000000000000e+00
9.355871700620473075e-02,0.000000000000000000e+00,0.000000000000000000e+00
9.486771394520047973e-02,0.000000000000000000e+00,0.000000000000000000e+00
9.617671088419622871e-02,0.000000000000000000e+00,0.000000000000000000e+00
9.748570782319196382e-02,0.000000000000000000e+00,0.000000000000000000e+00
9.879470476218771280e-02,0.000000000000000000e+00,0.000000000000000000e+00
1.001037017011834618e-01,0.000000000000000000e+00,0.000000000000000000e+00
1.014126986401791969e-01,0.000000000000000000e+00,0.000000000000000000e+00
1.027216955791749459e-01,0.000000000000000000e+00,0.000000000000000000e+00
1.040306925181706948e-01,0.000000000000000000e+00,0.000000000000000000e+00
1.053396894571664438e-01,0.000000000000000000e+00,0.000000000000000000e+00
1.066486863961621928e-01,0.000000000000000000e+00,0.000000000000000000e+00
1.079576833351579279e-01,0.000000000000000000e+00,0.000000000000000000e+00
1.092666802741536769e-01,0.000000000000000000e+00,0.000000000000000000e+00
1.105756772131494259e-01,0.000000000000000000e+00,0.000000000000000000e+00
1.118846741521451610e-01,0.000000000000000000e+00,0.000000000000000000e+00
1.131936710911409100e-01,0.000000000000000000e+00,0.000000000000000000e+00
1.145026680301366589e-01,0.000000000000000000e+00,0.000000000000000000e+00
1.158116649691324079e-01,0.000000000000000000e+00,0.000000000000000000e+00
1.171206619081281569e-01,0.000000000000000000e+00,0.000000000000000000e+00
1.184296588471238920e-01,0.000000000000000000e+00,0.000000000000000000e+00
1.197386557861196410e-01,0.000000000000000000e+00,0.000000000000000000e+00
1.210476527251153900e-01,0.000000000000000000e+00,0.000000000000000000e+00
1.223566496641111251e-01,0.000000000000000000e+00,0.000000000000000000e+00
1.236656466031068741e-01,0.000000000000000000e+00,0.000000000000000000e+00
1.249746435421026231e-01,0.000000000000000000e+00,0.000000000000000000e+00
1.262836404810983859e-01,0.000000000000000000e+00,0.000000000000000000e+00
1.275926374200941349e-01,0.000000000000000000e+00,0.000000000000000000e+00
1.289016343590898839e-01,0.000000000000000000e+00,0.000000000000000000e+00
1.302106312980856329e-01,0.000000000000000000e+00,0.000000000000000000e+00
1.315196282370813818e-01,0.000000000000000000e+00,0.000000000000000000e+00
1.328286251760771308e-01,0.000000000000000000e+00,0.000000000000000000e+00
1.341376221150728798e-01,0.000000000000000000e+00,0.000000000000000000e+00
1.354466190540686288e-01,0.000000000000000000e+00,0.000000000000000000e+00
1.367556159930643778e-01,0.000000000000000000e+00,0.000000000000000000e+00
1.380646129320601267e-01,0.000000000000000000e+00,0.000000000000000000e+00
1.393736098710558757e-01,0.000000000000000000e+00,0.000000000000000000e+00
1.406826068100516247e-01,0.000000000000000000e+00,0.000000000000000000e+00
1.419916037490473737e-01,0.000000000000000000e+00,0.000000000000000000e+00
1.433006006880431227e-01,0.000000000000000000e+00,0.000000000000000000e+00
1.446095976270388717e-01,0.000000000000000000e+00,0.000000000000000000e+00
1.459185945660346206e-01,0.000000000000000000e+00,0.000000000000000000e+00
1.472275915050303696e-01,0.000000000000000000e+00,0.000000000000000000e+00
1.485365884440261186e-01,0.000000000000000000e+00,0.000000000000000000e+00
1.498455853830218676e-01,0.000000000000000000e+00,0.000000000000000000e+00
1.511545823220176166e-01,0.000000000000000000e+00,0.000000000000000000e+00
1.524635792610133656e-01,0.000000000000000000e+00,0.000000000000000000e+00
1.537725762000091145e-01,0.000000000000000000e+00,0.000000000000000000e+00
1.550815731390048635e-01,0.000000000000000000e+00,0.000000000000000000e+00
1.563905700780006125e-01,0.000000000000000000e+00,0.000000000000000000e+00
1.576995670169963615e-01,0.000000000000000000e+00,0.000000000000000000e+00
1.590085639559921105e-01,0.000000000000000000e+00,0.000000000000000000e+00
1.603175608949878594e-01,0.000000000000000000e+00,0.000000000000000000e+00
1.616265578339836084e-01,0.000000000000000000e+00,0.000000000000000000e+00
1.629355547729793574e-01,0.000000000000000000e+00,0.000000000000000000e+00
1.642445517119751064e-01,0.000000000000000000e+00,0.000000000000000000e+00
1.655535486509708554e-01,0.000000000000000000e+00,0.000000000000000000e+00
1.668625455899666044e-01,0.000000000000000000e+00,0.000000000000000000e+00
1.681715425289623533e-01,0.000000000000000000e+00,0.000000000000000000e+00
1.694805394679581023e-01,0.000000000000000000e+00,0.000000000000000000e+00
1.707895364069538513e-01,0.000000000000000000e+00,0.000000000000000000e+00
1.720985333459496003e-01,0.000000000000000000e+00,0.000000000000000000e+00
1.734075302849453493e-01,0.000000000000000000e+00,0.000000000000000000e+00
1.747165272239410982e-01,0.000000000000000000e+00,0.000000000000000000e+00
1.760255241629368472e-01,0.000000000000000000e+00,0.000000000000000000e+00
1.773345211019325962e-01,0.000000000000000000e+00,0.000000000000000000e+00
1.786435180409283452e-01,0.000000000000000000e+00,0.000000000000000000e+00
1.799525149799240942e-01,0.000000000000000000e+00,0.000000000000000000e+00
1.812615119189198432e-01,0.000000000000000000e+00,0.000000000000000000e+00
1.825705088579155921e-01,0.000000000000000000e+00,0.000000000000000000e+00
1.838795057969113411e-01,0.000000000000000000e+00,0.000000000000000000e+00
1.851885027359070901e-01,0.000000000000000000e+00,0.000000000000000000e+00
1.864974996749028391e-01,0.000000000000000000e+00,0.000000000000000000e+00
1.878064966138985881e-01,0.000000000000000000e+00,0.000000000000000000e+00
1.891154935528943370e-01,0.000000000000000000e+00,0.000000000000000000e+00
1.904244904918900860e-01,0.000000000000000000e+00,0.000000000000000000e+00
1.917334874308858350e-01,0.000000000000000000e+00,0.000000000000000000e+00
1.930424843698815840e-01,0.000000000000000000e+00,0.000000000000000000e+00
1.943514813088773330e-01,0.000000000000000000e+00,0.000000000000000000e+00
1.956604782478730820e-01,0.000000000000000000e+00,0.000000000000000000e+00
1.969694751868688309e-01,0.000000000000000000e+00,0.000000000000000000e+00
1.982784721258645799e-01,0.000000000000000000e+00,0.000000000000000000e+00
1.995874690648603289e-01,0.000000000000000000e+00,0.000000000000000000e+00
2.008964660038560779e-01,0.000000000000000000e+00,0.000000000000000000e+00
2.022054629428518269e-01,0.000000000000000000e+00,0.000000000000000000e+00
2.035144598818475759e-01,0.000000000000000000e+00,0.000000000000000000e+00
2.048234568208433248e-01,0.000000000000000000e+00,0.000000000000000000e+00
2.061324537598390738e-01,0.000000000000000000e+00,0.000000000000000000e+00
2.074414506988348228e-01,0.000000000000000000e+00,0.000000000000000000e+00
2.087504476378305718e-01,0.000000000000000000e+00,0.000000000000000000e+00
2.100594445768263208e-01,0.000000000000000000e+00,0.000000000000000000e+00
2.113684415158220697e-01,0.000000000000000000e+00,0.000000000000000000e+00
2.126774384548178187e-01,0.000000000000000000e+00,0.000000000000000000e+00
2.139864353938135677e-01,0.000000000000000000e+00,0.000000000000000000e+00
2.152954323328093167e-01,0.000000000000000000e+00,0.000000000000000000e+00
2.166044292718050657e-01,0.000000000000000000e+00,0.000000000000000000e+00
2.179134262108008147e-01,0.000000000000000000e+00,0.000000000000000000e+00
2.192224231497965636e-01,0.000000000000000000e+00,0.000000000000000000e+00
2.205314200887923126e-01,0.000000000000000000e+00,0.000000000000000000e+00
2.218404170277880616e-01,0.000000000000000000e+00,0.000000000000000000e+00
2.231494139667838106e-01,0.000000000000000000e+00,0.000000000000000000e+00
2.244584109057795596e-01,0.000000000000000000e+00,0.000000000000000000e+00
2.257674078447753085e-01,0.000000000000000000e+00,0.000000000000000000e+00
2.270764047837710575e-01,0.000000000000000000e+00,0.000000000000000000e+00
2.283854017227668065e-01,0.000000000000000000e+00,0.000000000000000000e+00
2.296943986617625555e-01,0.000000000000000000e+00,0.000000000000000000e+00
2.310033956007583045e-01,0.000000000000000000e+00,0.000000000000000000e+00
2.323123925397540535e-01,0.000000000000000000e+00,0.000000000000000000e+00
2.336213894787498024e-01,0.000000000000000000e+00,0.000000000000000000e+00
2.349303864177455514e-01,0.000000000000000000e+00,0.000000000000000000e+00
2.362393833567413004e-01,0.000000000000000000e+00,0.000000000000000000e+00
2.375483802957370494e-01,0.000000000000000000e+00,0.000000000000000000e+00
2.388573772347327984e-01,0.000000000000000000e+00,0.000000000000000000e+00
2.401663741737285473e-01,0.000000000000000000e+00,0.000000000000000000e+00
2.414753711127242963e-01,0.000000000000000000e+00,0.000000000000000000e+00
2.427843680517200453e-01,0.000000000000000000e+00,0.000000000000000000e+00
2.440933649907157943e-01,0.000000000000000000e+00,0.000000000000000000e+00
2.454023619297115433e-01,0.000000000000000000e+00,0.000000000000000000e+00
2.467113588687072923e-01,0.000000000000000000e+00,0.000000000000000000e+00
2.480203558077030690e-01,0.000000000000000000e+00,0.000000000000000000e+00
2.493293527466987902e-01,0.000000000000000000e+00,0.000000000000000000e+00
2.506383496856944837e-01,0.000000000000000000e+00,0.000000000000000000e+00
2.519473466246902604e-01,0.000000000000000000e+00,0.000000000000000000e+00
2.532563435636859817e-01,0.000000000000000000e+00,0.000000000000000000e+00
2.545653405026817584e-01,0.000000000000000000e+00,0.000000000000000000e+00
2.558743374416774796e-01,0.000000000000000000e+00,0.000000000000000000e+00
2.571833343806732564e-01,0.000000000000000000e+00,0.000000000000000000e+00
2.584923313196689776e-01,0.000000000000000000e+00,0.000000000000000000e+00
2.598013282586647543e-01,0.000000000000000000e+00,0.000000000000000000e+00
2.611103251976604755e-01,0.000000000000000000e+00,0.000000000000000000e+00
2.624193221366562523e-01,0.000000000000000000e+00,0.000000000000000000e+00
2.637283190756519735e-01,0.000000000000000000e+00,0.000000000000000000e+00
2.650373160146477503e-01,0.000000000000000000e+00,0.000000000000000000e+00
2.663463129536434715e-01,0.000000000000000000e+00,0.000000000000000000e+00
2.676553098926392482e-01,0.000000000000000000e+00,0.000000000000000000e+00
2.689643068316349694e-01,0.000000000000000000e+00,0.000000000000000000e+00
2.702733037706307462e-01,0.000000000000000000e+00,0.000000000000000000e+00
2.715823007096264674e-01,0.000000000000000000e+00,0.000000000000000000e+00
2.728912976486222441e-01,0.000000000000000000e+00,0.000000000000000000e+00
2.742002945876179654e-01,0.000000000000000000e+00,0.000000000000000000e+00
2.755092915266137421e-01,0.000000000000000000e+00,0.000000000000000000e+00
2.768182884656094633e-01,0.000000000000000000e+00,0.000000000000000000e+00
2.781272854046052401e-01,0.000000000000000000e+00,0.000000000000000000e+00
2.794362823436009613e-01,0.000000000000000000e+00,0.000000000000000000e+00
2.807452792825967380e-01,0.000000000000000000e+00,0.000000000000000000e+00
2.820542762215924593e-01,0.000000000000000000e+00,0.000000000000000000e+00
2.833632731605882360e-01,0.000000000000000000e+00,0.000000000000000000e+00
2.846722700995839572e-01,0.000000000000000000e+00,0.000000000000000000e+00
2.859812670385797340e-01,0.000000000000000000e+00,0.000000000000000000e+00
2.872902639775754552e-01,0.000000000000000000e+00,0.000000000000000000e+00
2.885992609165712319e-01,0.000000000000000000e+00,0.000000000000000000e+00
2.899082578555669532e-01,0.000000000000000000e+00,0.000000000000000000e+00
2.912172547945627299e-01,0.000000000000000000e+00,0.000000000000000000e+00
2.925262517335584511e-01,0.000000000000000000e+00,0.000000000000000000e+00
2.938352486725542279e-01,0.000000000000000000e+00,0.000000000000000000e+00
2.951442456115499491e-01,0.000000000000000000e+00,0.000000000000000000e+00
2.964532425505457258e-01,0.000000000000000000e+00,0.000000000000000000e+00
2.977622394895414470e-01,0.000000000000000000e+00,0.000000000000000000e+00
2.990712364285372238e-01,0.000000000000000000e+00,0.000000000000000000e+00
3.003802333675329450e-01,0.000000000000000000e+00,0.000000000000000000e+00
3.016892303065287217e-01,0.000000000000000000e+00,0.000000000000000000e+00
3.029982272455244430e-01,0.000000000000000000e+00,0.000000000000000000e+00
3.043072241845202197e-01,0.000000000000000000e+00,0.000000000000000000e+00
3.056162211235159409e-01,0.000000000000000000e+00,0.000000000000000000e+00
3.069252180625117177e-01,0.000000000000000000e+00,0.000000000000000000e+00
3.082342150015074389e-01,0.000000000000000000e+00,0.000000000000000000e+00
3.095432119405032156e-01,0.000000000000000000e+00,0.000000000000000000e+00
3.108522088794989369e-01,0.000000000000000000e+00,0.000000000000000000e+00
3.121612058184947136e-01,0.000000000000000000e+00,-7.626561922158270335e-06
3.134702027574904348e-01,0.000000000000000000e+00,-1.238597268947427832e-05
3.147791996964862116e-01,0.000000000000000000e+00,-1.423568202199576582e-05
3.160881966354819328e-01,0.000000000000000000e+00,-1.423111115064767951e-05
3.173971935744777095e-01,0.000000000000000000e+00,-1.386999656574627870e-05
3.187061905134734308e-01,0.000000000000000000e+00,-1.367901197485421605e-05
3.200151874524692075e-01,0.000000000000000000e+00,-1.349341091384792524e-05
3.213241843914649287e-01,0.000000000000000000e+00,-1.335088801450445839e-05
3.226331813304607055e-01,0.000000000000000000e+00,-1.325364572721254852e-05
3.239421782694564267e-01,0.000000000000000000e+00,-1.315876007032534822e-05
3.252511752084522034e-01,0.000000000000000000e+00,-1.305154656203177943e-05
3.265601721474479247e-01,0.000000000000000000e+00,-1.295469225105760902e-05
3.278691690864437014e-01,0.000000000000000000e+00,-1.287379905205721098e-05
3.291781660254394226e-01,4.453499002604610624e-06,-1.279335884159238379e-05
3.304871629644351994e-01,3.293504944323899508e-06,-1.271454370979641091e-05
3.317961599034309206e-01,2.443581033406694303e-06,-1.265795397843716419e-05
3.331051568424266973e-01,1.831924994116773675e-06,-1.262844949241614945e-05
3.344141537814224185e-01,1.368728749451264548e-06,-1.260830059533757375e-05
3.357231507204181953e-01,1.010799088013714098e-06,-1.258773815715485966e-05
3.370321476594139165e-01,7.480837617701574516e-07,-1.257232421893184071e-05
3.383411445984096932e-01,5.597035895310575881e-07,-1.256444345291984899e-05
3.396501415374054145e-01,4.173869566082011318e-07,-1.255911474133675210e-05
3.409591384764011912e-01,3.072677682014468559e-07,-1.255268846171719854e-05
3.422681354153969124e-01,2.264021680964400929e-07,-1.254717045236219963e-05
3.435771323543926892e-01,1.684236939636374331e-07,-1.254463253037851889e-05
3.448861292933884104e-01,1.246259374171332368e-07,-1.254349131526999450e-05
3.461951262323841871e-01,9.073735703080121340e-08,-1.254138572434615462e-05
3.475041231713799084e-01,6.585010021986636986e-08,-1.253893758361435129e-05
3.488131201103756851e-01,4.800801477189420297e-08,-1.253796041612853518e-05
3.501221170493714063e-01,3.453227140348680280e-08,-1.253798350192569799e-05
3.514311139883671831e-01,2.410348223791380917e-08,-1.253712324685019031e-05
3.527401109273629043e-01,1.644206362727551607e-08,-1.253557168409691336e-05
3.540491078663586810e-01,1.095205326429038450e-08,-1.253505330549298247e-05
3.553581048053544023e-01,6.809605435087462411e-09,-1.253543165283255156e-05
3.566671017443501790e-01,3.602799905633169431e-09,-1.253497889322496839e-05
3.579760986833459002e-01,1.245106365233006329e-09,-1.253377321774884479e-05
3.592850956223416770e-01,-4.517804741421826975e-10,-1.253345060782395937e-05
3.605940925613373982e-01,-1.735905030830764417e-09,-1.253387129249161625e-05
3.619030895003331749e-01,-2.723301265050714903e-09,-1.253338116148638992e-05
3.632120864393288961e-01,-3.440665863330139018e-09,-1.253214606387886842e-05
3.645210833783246729e-01,-3.956804953131332070e-09,-1.253187274292966169e-05
3.658300803173203941e-01,-4.353800528433815487e-09,-1.253241185027176297e-05
3.671390772563161708e-01,-4.662595406990099889e-09,-1.253202529100105878e-05
3.684480741953118921e-01,-4.890758312225962356e-09,-1.253078292902387592e-05
3.697570711343076688e-01,-5.051358276109141343e-09,-1.253039260624977391e-05
3.710660680733033900e-01,-5.169262823345732727e-09,-1.253082938895699883e-05
3.723750650122991668e-01,-5.261600807826560811e-09,-1.253042220233924198e-05
3.736840619512948880e-01,-5.331227376226266301e-09,-1.252922465450057032e-05
3.749930588902906647e-01,-5.384859752544102207e-09,-1.252888478078806322e-05
3.763020558292863860e-01,-5.427024052373496943e-09,-1.252930167175425602e-05
3.776110527682821627e-01,-5.457068019687483229e-09,-1.252881373184355773e-05
3.789200497072778839e-01,-5.475806336141531006e-09,-1.252754165934066855e-05
3.802290466462736607e-01,-5.490875462643707294e-09,-1.252717451663554193e-05
3.815380435852693819e-01,-5.505821548679179500e-09,-1.252759622401289352e-05
3.828470405242651586e-01,-5.517136428268010206e-09,-1.252711104689219201e-05
3.841560374632608799e-01,-5.524910501319979517e-09,-1.252581658824081234e-05
3.854650344022566566e-01,-5.530818622534461326e-09,-1.252540132269663875e-05
3.867740313412523778e-01,-5.535974914594454788e-09,-1.252577749905059434e-05
3.880830282802481546e-01,-5.539960698519585947e-09,-1.252526461251179946e-05
3.893920252192438758e-01,-5.542890882392903507e-09,-1.252395613801637886e-05
3.907010221582396525e-01,-5.546428330505115412e-09,-1.252352821873303768e-05
3.920100190972353738e-01,-5.550346682259288400e-09,-1.252387873593163725e-05
3.933190160362311505e-01,-5.552785273255089749e-09,-1.252333033120722749e-05
3.946280129752268717e-01,-5.553778645306373107e-09,-1.252199090719108288e-05
3.959370099142226485e-01,-5.555814433511052641e-09,-1.252154171446639985e-05
3.972460068532183697e-01,-5.559058977033792814e-09,-1.252187240818880554e-05
3.985550037922141464e-01,-5.561206509185900870e-09,-1.252130071327517413e-05
3.998640007312098676e-01,-5.562242097467695601e-09,-1.251993689699304468e-05
4.011729976702056444e-01,-5.564064001206681098e-09,-1.251946349650756574e-05
4.024819946092013656e-01,-5.566820254765403320e-09,-1.251977013526361926e-05
4.037909915481971423e-01,-5.568758648655247612e-09,-1.251917517193501528e-05
4.050999884871928636e-01,-5.569873312571971269e-09,-1.251779041866463160e-05
4.064089854261886403e-01,-5.571790223646289064e-09,-1.251729718310112816e-05
4.077179823651843615e-01,-5.574526160123660645e-09,-1.251758187081897233e-05
4.090269793041801383e-01,-5.576464234824385358e-09,-1.251696354367948238e-05
4.103359762431758595e-01,-5.577599652972775601e-09,-1.251555784219371414e-05
4.116449731821716362e-01,-5.579536492550385418e-09,-1.251504618995924467e-05
4.129539701211673575e-01,-5.582298033546262417e-09,-1.251531124782379045e-05
4.142629670601631342e-01,-5.584296497440632834e-09,-1.251467179433363164e-05
4.155719639991588554e-01,-5.585525417184378227e-09,-1.251324678089305031e-05
4.168809609381546322e-01,-5.587509968596471310e-09,-1.251271786589791546e-05
4.181899578771503534e-01,-5.590283687351149666e-09,-1.251296470740348443e-05
4.194989548161461301e-01,-5.592347522564988793e-09,-1.251230587752394374e-05
4.208079517551418514e-01,-5.593693855332482201e-09,-1.251086306892912337e-05
4.221169486941376281e-01,-5.595725521834182814e-09,-1.251031815324710195e-05
4.234259456331333493e-01,-5.598481768454011132e-09,-1.251054835885168082e-05
4.247349425721291261e-01,-5.600592892229805386e-09,-1.250987214318488583e-05
4.260439395111248473e-01,-5.602053369802018068e-09,-1.250841350547426956e-05
4.273529364501206240e-01,-5.604154869331967603e-09,-1.250785431268497394e-05
4.286619333891163452e-01,-5.606924945167346408e-09,-1.250806947092342192e-05
4.299709303281121220e-01,-5.609093446656832072e-09,-1.250737737339135958e-05
4.312799272671078432e-01,-5.610655003096542970e-09,-1.250590421159047949e-05
4.325889242061036200e-01,-5.612778637698045969e-09,-1.250533215313431867e-05
4.338979211450993412e-01,-5.615513172518848961e-09,-1.250553428622236396e-05
4.352069180840951179e-01,-5.617734083473990836e-09,-1.250482869002977893e-05
4.365159150230908391e-01,-5.619435076986700750e-09,-1.250334296709620929e-05
4.378249119620866159e-01,-5.621604376448985363e-09,-1.250275943222300956e-05
4.391339089010823371e-01,-5.624291133515813002e-09,-1.250294997612311221e-05
4.404429058400781138e-01,-5.626550982074096652e-09,-1.250223257039106972e-05
4.417519027790738351e-01,-5.628376344851693247e-09,-1.250073587769073846e-05
4.430608997180696118e-01,-5.630554234664630897e-09,-1.250014245385289158e-05
4.443698966570653330e-01,-5.633145526429128580e-09,-1.250032347652196840e-05
4.456788935960611098e-01,-5.635419620536596952e-09,-1.249959676428991084e-05
4.469878905350568310e-01,-5.637369775851608367e-09,-1.249809152209513385e-05
4.482968874740526077e-01,-5.639688598069181324e-09,-1.249748967983854708e-05
4.496058844130483290e-01,-5.642309914427601214e-09,-1.249766142587260820e-05
4.509148813520441057e-01,-5.644472486632245989e-09,-1.249692591429041322e-05
4.522238782910398269e-01,-5.646189356334208043e-09,-1.249541520084718194e-05
4.535328752300356037e-01,-5.648705100891326936e-09,-1.249480958319393320e-05
4.548418721690313249e-01,-5.651782365029278665e-09,-1.249497421221268390e-05
4.561508691080271016e-01,-5.653937163938027588e-09,-1.249422928055465842e-05
4.574598660470228229e-01,-5.655187797215521783e-09,-1.249271285415354260e-05
4.587688629860185996e-01,-5.657623381935539264e-09,-1.249210577518311549e-05
4.600778599250143208e-01,-5.661104304083286465e-09,-1.249226749691634275e-05
4.613868568640100976e-01,-5.663398149752252309e-09,-1.249151679535986936e-05
4.626958538030058188e-01,-5.664504774960388289e-09,-1.248999534590733429e-05
4.640048507420015955e-01,-5.666787239975989987e-09,-1.248938576288438629e-05
4.653138476809973167e-01,-5.670279104325742781e-09,-1.248954618102149361e-05
4.666228446199930935e-01,-5.672642246993403470e-09,-1.248879396371915806e-05
4.679318415589888147e-01,-5.673865990755977418e-09,-1.248727052537146331e-05
4.692408384979845914e-01,-5.676136494202690952e-09,-1.248665904428347684e-05
4.705498354369803127e-01,-5.679509838991958492e-09,-1.248681882205782134e-05
4.718588323759760894e-01,-5.681845193124257509e-09,-1.248606716183764398e-05
4.731678293149718106e-01,-5.683135252329551967e-09,-1.248454441948876337e-05
4.744768262539675874e-01,-5.685466429247720832e-09,-1.248393338086628557e-05
4.757858231929633086e-01,-5.688829357239355566e-09,-1.248409399132177633e-05
4.770948201319590853e-01,-5.691118763750946385e-09,-1.248334402345618876e-05
4.784038170709548066e-01,-5.692333231513413416e-09,-1.248182376153983419e-05
4.797128140099505833e-01,-5.694686135843118890e-09,-1.248121572323956929e-05
4.810218109489463045e-01,-5.698138174844991077e-09,-1.248137950690675346e-05
4.823308078879420813e-01,-5.700427877994296288e-09,-1.248063285459732885e-05
4.836398048269378025e-01,-5.701552467998749485e-09,-1.247911621583830399e-05
4.849488017659335792e-01,-5.703833922537926426e-09,-1.247851262485555335e-05
4.862577987049293005e-01,-5.707292503182026522e-09,-1.247868207053526302e-05
4.875667956439250772e-01,-5.709616310994869437e-09,-1.247794155601056332e-05
4.888757925829207984e-01,-5.710795655811118365e-09,-1.247643014108679171e-05
4.901847895219165752e-01,-5.712991548584289703e-09,-1.247583163593857236e-05
4.914937864609122964e-01,-5.716293934726612846e-09,-1.247600843871932152e-05
4.928027833999080731e-01,-5.718619831146520838e-09,-1.247527692201100269e-05
4.941117803389037944e-01,-5.719956515382040863e-09,-1.247377301961949403e-05
4.954207772778995711e-01,-5.722121779877520353e-09,-1.247318081677717405e-05
4.967297742168952923e-01,-5.725210989321327659e-09,-1.247336628422412996e-05
4.980387711558910135e-01,-5.727490592910555733e-09,-1.247264572877548883e-05
4.993477680948867903e-01,-5.728950629863005517e-09,-1.247115150128375038e-05
5.006567650338824560e-01,-5.731105735817809688e-09,-1.247056759222375799e-05
5.019657619728782327e-01,-5.734027266890429075e-09,-1.247076345689546173e-05
5.032747589118740095e-01,-5.736262485844800807e-09,-1.247005545447488206e-05
5.045837558508697862e-01,-5.737803163152754848e-09,-1.246857248249355621e-05
5.058927527898654519e-01,-5.739912906088662226e-09,-1.246799863367786809e-05
5.072017497288612287e-01,-5.742666495112125347e-09,-1.246820692993311219e-05
5.085107466678570054e-01,-5.744866908574675080e-09,-1.246751352547426084e-05
5.098197436068527821e-01,-5.746505625514597426e-09,-1.246604344942725540e-05
5.111287405458484479e-01,-5.748560738538799342e-09,-1.246548100103384016e-05
5.124377374848442246e-01,-5.751112468199703898e-09,-1.246570338232777519e-05
5.137467344238400013e-01,-5.753256399065875826e-09,-1.246502661868265083e-05
5.150557313628357781e-01,-5.754986209804968667e-09,-1.246357142264953310e-05
5.163647283018314438e-01,-5.757020429819625917e-09,-1.246302198978921361e-05
5.176737252408272205e-01,-5.759401740246250512e-09,-1.246325980885920615e-05
5.189827221798229973e-01,-5.761450899699482875e-09,-1.246260116505304438e-05
5.202917191188187740e-01,-5.763167595929097331e-09,-1.246116284606135771e-05
5.216007160578144397e-01,-5.765205188246191881e-09,-1.246062859192043071e-05
5.229097129968102164e-01,-5.767532007538989092e-09,-1.246088331753603118e-05
5.242187099358059932e-01,-5.769464413163394312e-09,-1.246024381260091296e-05
5.255277068748017699e-01,-5.771008858290738175e-09,-1.245882404922460385e-05
5.268367038137974356e-01,-5.773043050549819810e-09,-1.245830721782748007e-05
5.281457007527932124e-01,-5.775450027944994957e-09,-1.245858042296654755e-05
5.294546976917889891e-01,-5.777240061344279809e-09,-1.245796102788965243e-05
5.307636946307847658e-01,-5.778425342384263530e-09,-1.245656149553853176e-05
5.320726915697804316e-01,-5.780429884749693770e-09,-1.245606440677948790e-05
5.333816885087762083e-01,-5.783048928620360130e-09,-1.245635762670005420e-05
5.346906854477719850e-01,-5.784660264684937658e-09,-1.245575903975615351e-05
5.359996823867677618e-01,-5.785276979697329125e-09,-1.245438091695971750e-05
5.373086793257634275e-01,-5.787092152709227832e-09,-1.245390571774640520e-05
5.386176762647592042e-01,-5.789883086859681782e-09,-1.245422120960126833e-05
5.399266732037549810e-01,-5.791232826624082008e-09,-1.245364500053469659e-05
5.412356701427507577e-01,-5.791141177713399202e-09,-1.245228894500294281e-05
5.425446670817464234e-01,-5.792436683083046489e-09,-1.245183612583189436e-05
5.438536640207422002e-01,-5.794902072087104727e-09,-1.245217552921229487e-05
5.451626609597379769e-01,-5.795473614900181758e-09,-1.245162423119117179e-05
5.464716578987337536e-01,-5.794127941327609221e-09,-1.245029224644644827e-05
5.477806548377294193e-01,-5.794134935732664360e-09,-1.244986273303549940e-05
5.490896517767251961e-01,-5.795086840953977969e-09,-1.245022666754302954e-05
5.503986487157209728e-01,-5.793243690321858708e-09,-1.244970115461818683e-05
5.517076456547167496e-01,-5.788517859484088035e-09,-1.244839427944066657e-05
5.530166425937124153e-01,-5.784397447139433268e-09,-1.244798953449477441e-05
5.543256395327081920e-01,-5.779941206207617199e-09,-1.244838007465054464e-05
5.556346364717039688e-01,-5.770518007874869681e-09,-1.244788224528947662e-05
5.569436334106997455e-01,-5.755825954745219519e-09,-1.244660086230364726e-05
5.582526303496954112e-01,-5.738583955250398105e-09,-1.244622022260333249e-05
5.595616272886911879e-01,-5.716020309853853121e-09,-1.244663768688869521e-05
5.608706242276869647e-01,-5.681998552220512977e-09,-1.244616867893122425e-05
5.621796211666827414e-01,-5.635544156334937327e-09,-1.244491266404190721e-05
5.634886181056784071e-01,-5.575865449913841587e-09,-1.244455549556655605e-05
5.647976150446741839e-01,-5.494191185340113748e-09,-1.244500121667935222e-05
5.661066119836699606e-01,-5.380466946980355658e-09,-1.244456232432633591e-05
5.674156089226657373e-01,-5.231535094019079679e-09,-1.244332759595123683e-05
5.687246058616614031e-01,-5.034804573256224103e-09,-1.244298434646684548e-05
5.700336028006571798e-01,-4.761172511802413965e-09,-1.244344973300171020e-05
5.713425997396529565e-01,-4.387470289857198225e-09,-1.244303651307121505e-05
5.726515966786487333e-01,-3.903586481834864230e-09,-1.244182155149542446e-05
5.739605936176443990e-01,-3.262864173292356895e-09,-1.244148440840420200e-05
5.752695905566401757e-01,-2.369077961583698766e-09,-1.244194355139172092e-05
5.765785874956359525e-01,-1.151125070264491512e-09,-1.244151674363591642e-05
5.778875844346317292e-01,4.237873246770718083e-10,-1.244028502646321588e-05
5.791965813736273949e-01,2.508917684718170449e-09,-1.243991357693929878e-05
5.805055783126231717e-01,5.417307200050736071e-09,-1.244029599900553507e-05
5.818145752516189484e-01,9.378662332859555306e-09,-1.243975774108119214e-05
5.831235721906147251e-01,1.449950719212278472e-08,-1.243841309050974786e-05
5.844325691296103908e-01,2.127704260002083458e-08,-1.243787411579766466e-05
5.857415660686061676e-01,3.072973360496167317e-08,-1.243792641421326284e-05
5.870505630076019443e-01,4.360612562703813921e-08,-1.243692728551681892e-05
5.883595599465977211e-01,6.025244037033417044e-08,-1.243513468686396894e-05
5.896685568855933868e-01,8.227898841417502496e-08,-1.243399237026154847e-05
5.909775538245891635e-01,1.129956969658785226e-07,-1.243290488643633562e-05
5.922865507635849402e-01,1.548418004509999335e-07,-1.243033014813876846e-05
5.935955477025807170e-01,2.089434132240830522e-07,-1.242702018179608903e-05
5.949045446415763827e-01,2.805187767629391260e-07,-1.242388089618684521e-05
5.962135415805721594e-01,3.803193724671860565e-07,-1.241906238354240077e-05
5.975225385195679362e-01,5.162933488234155988e-07,-1.241134053237002988e-05
5.988315354585637129e-01,6.921109411139880763e-07,-1.240307942590446189e-05
6.001405323975593786e-01,9.241441085439117131e-07,-1.239355508485251445e-05
6.014495293365551554e-01,1.247143744942391663e-06,-1.237644044276009492e-05
6.027585262755509321e-01,1.688975159536143522e-06,-1.235016459680271517e-05
6.040675232145467088e-01,2.264708516636071423e-06,-1.232068139052355793e-05
6.053765201535423746e-01,3.025162591735464090e-06,-1.228108660926430229e-05
6.066855170925381513e-01,4.069528258543453347e-06,-1.221399416660717829e-05
6.079945140315339280e-01,0.000000000000000000e+00,-1.212462443496431508e-05
6.093035109705297048e-01,0.000000000000000000e+00,-1.203886602990644761e-05
6.106125079095253705e-01,0.000000000000000000e+00,-1.196297294803194688e-05
6.119215048485211472e-01,0.000000000000000000e+00,-1.187769963077733859e-05
6.132305017875169240e-01,0.000000000000000000e+00,-1.178265013633550407e-05
6.145394987265127007e-01,0.000000000000000000e+00,-1.170129149127840940e-05
6.158484956655083664e-01,0.000000000000000000e+00,-1.163901343304019065e-05
6.171574926045041432e-01,0.000000000000000000e+00,-1.158371257965751244e-05
6.184664895434999199e-01,0.000000000000000000e+00,-1.154774809544734104e-05
6.197754864824956966e-01,0.000000000000000000e+00,-1.156726277830311123e-05
6.210844834214913623e-01,0.000000000000000000e+00,-1.184400477043101585e-05
6.223934803604871391e-01,0.000000000000000000e+00,-1.220268432122750824e-05
6.237024772994829158e-01,0.000000000000000000e+00,-1.164338308096146690e-05
6.250114742384786926e-01,0.000000000000000000e+00,-9.131278165361300658e-06
6.263204711774743583e-01,0.000000000000000000e+00,-4.000473612736366036e-06
6.276294681164701350e-01,0.000000000000000000e+00,0.000000000000000000e+00
6.289384650554659117e-01,0.000000000000000000e+00,0.000000000000000000e+00
6.302474619944616885e-01,0.000000000000000000e+00,0.000000000000000000e+00
6.315564589334573542e-01,0.000000000000000000e+00,0.000000000000000000e+00
6.328654558724531309e-01,0.000000000000000000e+00,0.000000000000000000e+00
6.341744528114489077e-01,0.000000000000000000e+00,0.000000000000000000e+00
6.354834497504446844e-01,0.000000000000000000e+00,0.000000000000000000e+00
6.367924466894403501e-01,0.000000000000000000e+00,0.000000000000000000e+00
6.381014436284361269e-01,0.000000000000000000e+00,0.000000000000000000e+00
6.394104405674319036e-01,0.000000000000000000e+00,0.000000000000000000e+00
6.407194375064276803e-01,0.000000000000000000e+00,0.000000000000000000e+00
6.420284344454233461e-01,0.000000000000000000e+00,0.000000000000000000e+00
6.433374313844191228e-01,0.000000000000000000e+00,0.000000000000000000e+00
6.446464283234148995e-01,0.000000000000000000e+00,0.000000000000000000e+00
6.459554252624106763e-01,0.000000000000000000e+00,0.000000000000000000e+00
6.472644222014063420e-01,0.000000000000000000e+00,0.000000000000000000e+00
6.485734191404021187e-01,0.000000000000000000e+00,0.000000000000000000e+00
6.498824160793978955e-01,0.000000000000000000e+00,0.000000000000000000e+00
6.511914130183936722e-01,0.000000000000000000e+00,0.000000000000000000e+00
6.525004099573893379e-01,0.000000000000000000e+00,0.000000000000000000e+00
6.538094068963851146e-01,0.000000000000000000e+00,0.000000000000000000e+00
6.551184038353808914e-01,0.000000000000000000e+00,0.000000000000000000e+00
6.564274007743766681e-01,0.000000000000000000e+00,0.000000000000000000e+00
6.577363977133723338e-01,0.000000000000000000e+00,0.000000000000000000e+00
6.590453946523681106e-01,0.000000000000000000e+00,0.000000000000000000e+00
6.603543915913638873e-01,0.000000000000000000e+00,0.000000000000000000e+00
6.616633885303596641e-01,0.000000000000000000e+00,0.000000000000000000e+00
6.629723854693553298e-01,0.000000000000000000e+00,0.000000000000000000e+00
6.642813824083511065e-01,0.000000000000000000e+00,0.000000000000000000e+00
6.655903793473468832e-01,0.000000000000000000e+00,0.000000000000000000e+00
6.668993762863426600e-01,0.000000000000000000e+00,0.000000000000000000e+00
6.682083732253383257e-01,0.000000000000000000e+00,0.000000000000000000e+00
6.695173701643341024e-01,0.000000000000000000e+00,0.000000000000000000e+00
6.708263671033298792e-01,0.000000000000000000e+00,0.000000000000000000e+00
6.721353640423256559e-01,0.000000000000000000e+00,0.000000000000000000e+00
6.734443609813213216e-01,0.000000000000000000e+00,0.000000000000000000e+00
6.747533579203170984e-01,0.000000000000000000e+00,0.000000000000000000e+00
6.760623548593128751e-01,0.000000000000000000e+00,0.000000000000000000e+00
6.773713517983086518e-01,0.000000000000000000e+00,0.000000000000000000e+00
6.786803487373043176e-01,0.000000000000000000e+00,0.000000000000000000e+00
6.799893456763000943e-01,0.000000000000000000e+00,0.000000000000000000e+00
6.812983426152958710e-01,0.000000000000000000e+00,0.000000000000000000e+00
6.826073395542916478e-01,0.000000000000000000e+00,0.000000000000000000e+00
6.839163364932873135e-01,0.000000000000000000e+00,0.000000000000000000e+00
6.852253334322830902e-01,0.000000000000000000e+00,0.000000000000000000e+00
6.865343303712788670e-01,0.000000000000000000e+00,0.000000000000000000e+00
6.878433273102746437e-01,0.000000000000000000e+00,0.000000000000000000e+00
6.891523242492703094e-01,0.000000000000000000e+00,0.000000000000000000e+00
6.904613211882660861e-01,0.000000000000000000e+00,0.000000000000000000e+00
6.917703181272618629e-01,0.000000000000000000e+00,0.000000000000000000e+00
6.930793150662576396e-01,0.000000000000000000e+00,0.000000000000000000e+00
6.943883120052533053e-01,0.000000000000000000e+00,0.000000000000000000e+00
6.956973089442490821e-01,0.000000000000000000e+00,0.000000000000000000e+00
6.970063058832448588e-01,0.000000000000000000e+00,0.000000000000000000e+00
6.983153028222406355e-01,0.000000000000000000e+00,0.000000000000000000e+00
6.996242997612363013e-01,0.000000000000000000e+00,0.000000000000000000e+00
7.009332967002320780e-01,0.000000000000000000e+00,0.000000000000000000e+00
7.022422936392278547e-01,0.000000000000000000e+00,0.000000000000000000e+00
7.035512905782236315e-01,0.000000000000000000e+00,0.000000000000000000e+00
7.048602875172192972e-01,0.000000000000000000e+00,0.000000000000000000e+00
7.061692844562150739e-01,0.000000000000000000e+00,0.000000000000000000e+00
7.074782813952108507e-01,0.000000000000000000e+00,0.000000000000000000e+00
7.087872783342066274e-01,0.000000000000000000e+00,0.000000000000000000e+00
7.100962752732022931e-01,0.000000000000000000e+00,0.000000000000000000e+00
7.114052722121980699e-01,0.000000000000000000e+00,0.000000000000000000e+00
7.127142691511938466e-01,0.000000000000000000e+00,0.000000000000000000e+00
7.140232660901896233e-01,0.000000000000000000e+00,0.000000000000000000e+00
7.153322630291852890e-01,0.000000000000000000e+00,0.000000000000000000e+00
7.166412599681810658e-01,0.000000000000000000e+00,0.000000000000000000e+00
7.179502569071768425e-01,0.000000000000000000e+00,0.000000000000000000e+00
7.192592538461726193e-01,0.000000000000000000e+00,0.000000000000000000e+00
7.205682507851682850e-01,0.000000000000000000e+00,0.000000000000000000e+00
7.218772477241640617e-01,0.000000000000000000e+00,0.000000000000000000e+00
7.231862446631598385e-01,0.000000000000000000e+00,0.000000000000000000e+00
7.244952416021556152e-01,0.000000000000000000e+00,0.000000000000000000e+00
7.258042385411512809e-01,0.000000000000000000e+00,0.000000000000000000e+00
7.271132354801470576e-01,0.000000000000000000e+00,0.000000000000000000e+00
7.284222324191428344e-01,0.000000000000000000e+00,0.000000000000000000e+00
7.297312293581386111e-01,0.000000000000000000e+00,0.000000000000000000e+00
7.310402262971342768e-01,0.000000000000000000e+00,0.000000000000000000e+00
7.323492232361300536e-01,0.000000000000000000e+00,0.000000000000000000e+00
7.336582201751258303e-01,0.000000000000000000e+00,0.000000000000000000e+00
7.349672171141216070e-01,0.000000000000000000e+00,0.000000000000000000e+00
7.362762140531172728e-01,0.000000000000000000e+00,0.000000000000000000e+00
7.375852109921130495e-01,0.000000000000000000e+00,0.000000000000000000e+00
7.388942079311088262e-01,0.000000000000000000e+00,0.000000000000000000e+00
7.402032048701046030e-01,0.000000000000000000e+00,0.000000000000000000e+00
7.415122018091002687e-01,0.000000000000000000e+00,0.000000000000000000e+00
7.428211987480960454e-01,0.000000000000000000e+00,0.000000000000000000e+00
7.441301956870918222e-01,0.000000000000000000e+00,0.000000000000000000e+00
7.454391926260875989e-01,0.000000000000000000e+00,0.000000000000000000e+00
7.467481895650832646e-01,0.000000000000000000e+00,0.000000000000000000e+00
7.480571865040790414e-01,0.000000000000000000e+00,0.000000000000000000e+00
7.493661834430748181e-01,0.000000000000000000e+00,0.000000000000000000e+00
7.506751803820705948e-01,0.000000000000000000e+00,0.000000000000000000e+00
7.519841773210662605e-01,0.000000000000000000e+00,0.000000000000000000e+00
7.532931742600620373e-01,0.000000000000000000e+00,0.000000000000000000e+00
7.546021711990578140e-01,0.000000000000000000e+00,0.000000000000000000e+00
7.559111681380535908e-01,0.000000000000000000e+00,0.000000000000000000e+00
7.572201650770492565e-01,0.000000000000000000e+00,0.000000000000000000e+00
7.585291620160450332e-01,0.000000000000000000e+00,0.000000000000000000e+00
7.598381589550408099e-01,0.000000000000000000e+00,0.000000000000000000e+00
7.611471558940365867e-01,0.000000000000000000e+00,0.000000000000000000e+00
7.624561528330322524e-01,0.000000000000000000e+00,0.000000000000000000e+00
7.637651497720280291e-01,0.000000000000000000e+00,0.000000000000000000e+00
7.650741467110238059e-01,0.000000000000000000e+00,0.000000000000000000e+00
7.663831436500195826e-01,0.000000000000000000e+00,0.000000000000000000e+00
7.676921405890152483e-01,0.000000000000000000e+00,0.000000000000000000e+00
7.690011375280110251e-01,0.000000000000000000e+00,0.000000000000000000e+00
7.703101344670068018e-01,0.000000000000000000e+00,0.000000000000000000e+00
7.716191314060025785e-01,0.000000000000000000e+00,0.000000000000000000e+00
7.729281283449982443e-01,0.000000000000000000e+00,0.000000000000000000e+00
7.742371252839940210e-01,0.000000000000000000e+00,0.000000000000000000e+00
7.755461222229897977e-01,0.000000000000000000e+00,0.000000000000000000e+00
7.768551191619855745e-01,0.000000000000000000e+00,0.000000000000000000e+00
7.781641161009812402e-01,0.000000000000000000e+00,0.000000000000000000e+00
7.794731130399770169e-01,0.000000000000000000e+00,0.000000000000000000e+00
7.807821099789727937e-01,0.000000000000000000e+00,0.000000000000000000e+00
7.820911069179685704e-01,0.000000000000000000e+00,0.000000000000000000e+00
7.834001038569642361e-01,0.000000000000000000e+00,0.000000000000000000e+00
7.847091007959600129e-01,0.000000000000000000e+00,0.000000000000000000e+00
7.860180977349557896e-01,0.000000000000000000e+00,0.000000000000000000e+00
7.873270946739515663e-01,0.000000000000000000e+00,0.000000000000000000e+00
7.886360916129472320e-01,0.000000000000000000e+00,0.000000000000000000e+00
7.899450885519430088e-01,0.000000000000000000e+00,0.000000000000000000e+00
7.912540854909387855e-01,0.000000000000000000e+00,0.000000000000000000e+00
7.925630824299345623e-01,0.000000000000000000e+00,0.000000000000000000e+00
7.938720793689302280e-01,0.000000000000000000e+00,0.000000000000000000e+00
7.951810763079260047e-01,0.000000000000000000e+00,0.000000000000000000e+00
7.964900732469217814e-01,0.000000000000000000e+00,0.000000000000000000e+00
7.977990701859175582e-01,0.000000000000000000e+00,0.000000000000000000e+00
7.991080671249132239e-01,0.000000000000000000e+00,0.000000000000000000e+00
8.004170640639090006e-01,0.000000000000000000e+00,0.000000000000000000e+00
8.017260610029047774e-01,0.000000000000000000e+00,0.000000000000000000e+00
8.030350579419005541e-01,0.000000000000000000e+00,0.000000000000000000e+00
8.043440548808962198e-01,0.000000000000000000e+00,0.000000000000000000e+00
8.056530518198919966e-01,0.000000000000000000e+00,0.000000000000000000e+00
8.069620487588877733e-01,0.000000000000000000e+00,0.000000000000000000e+00
8.082710456978835500e-01,0.000000000000000000e+00,0.000000000000000000e+00
8.095800426368792158e-01,0.000000000000000000e+00,0.000000000000000000e+00
8.108890395758749925e-01,0.000000000000000000e+00,0.000000000000000000e+00
8.121980365148707692e-01,0.000000000000000000e+00,0.000000000000000000e+00
8.135070334538665460e-01,0.000000000000000000e+00,0.000000000000000000e+00
8.148160303928622117e-01,0.000000000000000000e+00,0.000000000000000000e+00
8.161250273318579884e-01,0.000000000000000000e+00,0.000000000000000000e+00
8.174340242708537652e-01,0.000000000000000000e+00,0.000000000000000000e+00
8.187430212098495419e-01,0.000000000000000000e+00,0.000000000000000000e+00
8.200520181488452076e-01,0.000000000000000000e+00,0.000000000000000000e+00
8.213610150878409844e-01,0.000000000000000000e+00,0.000000000000000000e+00
8.226700120268367611e-01,0.000000000000000000e+00,0.000000000000000000e+00
8.239790089658325378e-01,0.000000000000000000e+00,0.000000000000000000e+00
8.252880059048282035e-01,0.000000000000000000e+00,0.000000000000000000e+00
8.265970028438239803e-01,0.000000000000000000e+00,0.000000000000000000e+00
8.279059997828197570e-01,0.000000000000000000e+00,0.000000000000000000e+00
8.292149967218155338e-01,0.000000000000000000e+00,0.000000000000000000e+00
8.305239936608111995e-01,0.000000000000000000e+00,0.000000000000000000e+00
8.318329905998069762e-01,0.000000000000000000e+00,0.000000000000000000e+00
8.331419875388027529e-01,0.000000000000000000e+00,0.000000000000000000e+00
8.344509844777985297e-01,0.000000000000000000e+00,0.000000000000000000e+00
8.357599814167941954e-01,0.000000000000000000e+00,0.000000000000000000e+00
8.370689783557899721e-01,0.000000000000000000e+00,0.000000000000000000e+00
8.383779752947857489e-01,0.000000000000000000e+00,0.000000000000000000e+00
8.396869722337815256e-01,0.000000000000000000e+00,0.000000000000000000e+00
8.409959691727771913e-01,0.000000000000000000e+00,0.000000000000000000e+00
8.423049661117729681e-01,0.000000000000000000e+00,0.000000000000000000e+00
8.436139630507687448e-01,0.000000000000000000e+00,0.000000000000000000e+00
8.449229599897645215e-01,0.000000000000000000e+00,0.000000000000000000e+00
8.462319569287601873e-01,0.000000000000000000e+00,0.000000000000000000e+00
8.475409538677559640e-01,0.000000000000000000e+00,0.000000000000000000e+00
8.488499508067517407e-01,0.000000000000000000e+00,0.000000000000000000e+00
8.501589477457475175e-01,0.000000000000000000e+00,0.000000000000000000e+00
8.514679446847431832e-01,0.000000000000000000e+00,0.000000000000000000e+00
8.527769416237389599e-01,0.000000000000000000e+00,0.000000000000000000e+00
8.540859385627347367e-01,0.000000000000000000e+00,0.000000000000000000e+00
8.553949355017305134e-01,0.000000000000000000e+00,0.000000000000000000e+00
8.567039324407261791e-01,0.000000000000000000e+00,0.000000000000000000e+00
8.580129293797219558e-01,0.000000000000000000e+00,0.000000000000000000e+00
8.593219263187177326e-01,0.000000000000000000e+00,0.000000000000000000e+00
8.606309232577135093e-01,0.000000000000000000e+00,0.000000000000000000e+00
8.619399201967091750e-01,0.000000000000000000e+00,0.000000000000000000e+00
8.632489171357049518e-01,0.000000000000000000e+00,0.000000000000000000e+00
8.645579140747007285e-01,0.000000000000000000e+00,0.000000000000000000e+00
8.658669110136965053e-01,0.000000000000000000e+00,0.000000000000000000e+00
8.671759079526921710e-01,0.000000000000000000e+00,0.000000000000000000e+00
8.684849048916879477e-01,0.000000000000000000e+00,0.000000000000000000e+00
8.697939018306837244e-01,0.000000000000000000e+00,0.000000000000000000e+00
8.711028987696795012e-01,0.000000000000000000e+00,0.000000000000000000e+00
8.724118957086751669e-01,0.000000000000000000e+00,0.000000000000000000e+00
8.737208926476709436e-01,0.000000000000000000e+00,0.000000000000000000e+00
8.750298895866667204e-01,0.000000000000000000e+00,0.000000000000000000e+00
8.763388865256624971e-01,0.000000000000000000e+00,0.000000000000000000e+00
8.776478834646581628e-01,0.000000000000000000e+00,0.000000000000000000e+00
8.789568804036539396e-01,0.000000000000000000e+00,0.000000000000000000e+00
8.802658773426497163e-01,0.000000000000000000e+00,0.000000000000000000e+00
8.815748742816454930e-01,0.000000000000000000e+00,0.000000000000000000e+00
8.828838712206411588e-01,0.000000000000000000e+00,0.000000000000000000e+00
8.841928681596369355e-01,0.000000000000000000e+00,0.000000000000000000e+00
8.855018650986327122e-01,0.000000000000000000e+00,0.000000000000000000e+00
8.868108620376284890e-01,0.000000000000000000e+00,0.000000000000000000e+00
8.881198589766241547e-01,0.000000000000000000e+00,0.000000000000000000e+00
8.894288559156199314e-01,0.000000000000000000e+00,0.000000000000000000e+00
8.907378528546157082e-01,0.000000000000000000e+00,0.000000000000000000e+00
8.920468497936114849e-01,0.000000000000000000e+00,0.000000000000000000e+00
8.933558467326071506e-01,0.000000000000000000e+00,0.000000000000000000e+00
8.946648436716029273e-01,0.000000000000000000e+00,0.000000000000000000e+00
8.959738406105987041e-01,0.000000000000000000e+00,0.000000000000000000e+00
8.972828375495944808e-01,0.000000000000000000e+00,0.000000000000000000e+00
8.985918344885901465e-01,0.000000000000000000e+00,0.000000000000000000e+00
8.999008314275859233e-01,0.000000000000000000e+00,0.000000000000000000e+00
9.012098283665817000e-01,0.000000000000000000e+00,0.000000000000000000e+00
9.025188253055774767e-01,0.000000000000000000e+00,0.000000000000000000e+00
9.038278222445731425e-01,0.000000000000000000e+00,0.000000000000000000e+00
9.051368191835689192e-01,0.000000000000000000e+00,0.000000000000000000e+00
9.064458161225646959e-01,0.000000000000000000e+00,0.000000000000000000e+00
9.077548130615604727e-01,0.000000000000000000e+00,0.000000000000000000e+00
9.090638100005561384e-01,0.000000000000000000e+00,0.000000000000000000e+00
9.103728069395519151e-01,0.000000000000000000e+00,0.000000000000000000e+00
9.116818038785476919e-01,0.000000000000000000e+00,0.000000000000000000e+00
9.129908008175434686e-01,0.000000000000000000e+00,0.000000000000000000e+00
9.142997977565391343e-01,0.000000000000000000e+00,0.000000000000000000e+00
9.156087946955349111e-01,0.000000000000000000e+00,0.000000000000000000e+00
9.169177916345306878e-01,0.000000000000000000e+00,0.000000000000000000e+00
9.182267885735264645e-01,0.000000000000000000e+00,0.000000000000000000e+00
9.195357855125221302e-01,0.000000000000000000e+00,0.000000000000000000e+00
9.208447824515179070e-01,0.000000000000000000e+00,0.000000000000000000e+00
9.221537793905136837e-01,0.000000000000000000e+00,0.000000000000000000e+00
9.234627763295094605e-01,0.000000000000000000e+00,0.000000000000000000e+00
9.247717732685051262e-01,0.000000000000000000e+00,0.000000000000000000e+00
9.260807702075009029e-01,0.000000000000000000e+00,0.000000000000000000e+00
9.273897671464966797e-01,0.000000000000000000e+00,0.000000000000000000e+00
9.286987640854924564e-01,0.000000000000000000e+00,0.000000000000000000e+00
9.300077610244881221e-01,0.000000000000000000e+00,0.000000000000000000e+00
9.313167579634838988e-01,0.000000000000000000e+00,0.000000000000000000e+00
9.326257549024796756e-01,0.000000000000000000e+00,0.000000000000000000e+00
9.339347518414754523e-01,0.000000000000000000e+00,0.000000000000000000e+00
9.352437487804711180e-01,0.000000000000000000e+00,0.000000000000000000e+00
9.365527457194668948e-01,0.000000000000000000e+00,0.000000000000000000e+00
9.378617426584626715e-01,0.000000000000000000e+00,0.000000000000000000e+00
9.391707395974584482e-01,0.000000000000000000e+00,0.000000000000000000e+00
9.404797365364541140e-01,0.000000000000000000e+00,0.000000000000000000e+00
9.417887334754498907e-01,0.000000000000000000e+00,0.000000000000000000e+00
9.430977304144456674e-01,0.000000000000000000e+00,-6.115943366760689948e-06
9.444067273534414442e-01,0.000000000000000000e+00,-1.019496880903802971e-05
9.457157242924371099e-01,0.000000000000000000e+00,-1.177608328335744137e-05
9.470247212314328866e-01,0.000000000000000000e+00,-1.198893770947007109e-05
9.483337181704286634e-01,0.000000000000000000e+00,-1.181761796634206441e-05
9.496427151094244401e-01,0.000000000000000000e+00,-1.158164637947434183e-05
9.509517120484201058e-01,0.000000000000000000e+00,-1.150134010118042394e-05
9.522607089874158826e-01,0.000000000000000000e+00,-1.154922325334595268e-05
9.535697059264116593e-01,0.000000000000000000e+00,-1.162985178124187335e-05
9.548787028654074360e-01,0.000000000000000000e+00,-1.170864940452931435e-05
9.561876998044031017e-01,0.000000000000000000e+00,-1.177894303396043174e-05
9.574966967433988785e-01,0.000000000000000000e+00,-1.186249452517218472e-05
9.588056936823946552e-01,0.000000000000000000e+00,-1.195931967566676857e-05
9.601146906213904320e-01,0.000000000000000000e+00,-1.204708574312207681e-05
9.614236875603860977e-01,0.000000000000000000e+00,-1.212288327998023441e-05
9.627326844993818744e-01,-4.148992089086922519e-06,-1.220013894050187009e-05
9.640416814383776511e-01,-3.071899910472852824e-06,-1.227385576016426505e-05
9.653506783773734279e-01,-2.285018288750162441e-06,-1.232484881609485772e-05
9.666596753163690936e-01,-1.717163662623422127e-06,-1.235212560223020173e-05
9.679686722553648703e-01,-1.285492487373973702e-06,-1.237236020888710097e-05
9.692776691943606471e-01,-9.521457574879210739e-07,-1.239142473229148944e-05
9.705866661333564238e-01,-7.076001320993619004e-07,-1.240410945080316907e-05
9.718956630723520895e-01,-5.320344681480904114e-07,-1.241142189134514240e-05
9.732046600113478663e-01,-3.991952887139049722e-07,-1.241798313367237228e-05
9.745136569503436430e-01,-2.964338644551034463e-07,-1.242395366343740370e-05
9.758226538893394197e-01,-2.209831613808610484e-07,-1.242749119371999722e-05
9.771316508283350855e-01,-1.668432749735160314e-07,-1.242993034011874443e-05
9.784406477673308622e-01,-1.259029700217961789e-07,-1.243272422653263209e-05
9.797496447063266389e-01,-9.423058913715642859e-08,-1.243478014695265088e-05
9.810586416453224157e-01,-7.097535009714661669e-08,-1.243547880208639711e-05
9.823676385843180814e-01,-5.428798230400211366e-08,-1.243639773917948332e-05
9.836766355233138581e-01,-4.166787831438867329e-08,-1.243804124542724487e-05
9.849856324623096349e-01,-3.190478184422751440e-08,-1.243891025910770498e-05
9.862946294013054116e-01,-2.473674187708496675e-08,-1.243876088810602631e-05
9.876036263403010773e-01,-1.959236337056857735e-08,-1.243924075547409025e-05
9.889126232792968541e-01,-1.570058766331428046e-08,-1.244055472840455145e-05
9.902216202182926308e-01,-1.268971780432615049e-08,-1.244107697444263305e-05
9.915306171572884075e-01,-1.047904343853822695e-08,-1.244068190089930859e-05
9.928396140962840732e-01,-8.891662461874005885e-09,-1.244104085014463568e-05
9.941486110352798500e-01,-7.689526348997333116e-09,-1.244226850424801079e-05
9.954576079742756267e-01,-6.758525100680756736e-09,-1.244270328090713029e-05
9.967666049132714035e-01,-6.073869490696992557e-09,-1.244226011920535058e-05
9.980756018522670692e-01,-5.582467071940655501e-09,-1.244261385416334242e-05
9.993845987912629569e-01,-5.210425202406554490e-09,-1.244384025884948120e-05
1.000693595730258734e+00,-4.920667734387151881e-09,-1.244426450824898112e-05
1.002002592669254399e+00,-4.705569128793385403e-09,-1.244382003652566571e-05
1.003311589608250065e+00,-4.551093557569885206e-09,-1.244418856299889242e-05
1.004620586547245953e+00,-4.434511757800407850e-09,-1.244543593773017598e-05
1.005929583486241619e+00,-4.342127241097060164e-09,-1.244588022224213386e-05
1.007238580425237284e+00,-4.271596271143707213e-09,-1.244545596254531539e-05
1.008547577364232950e+00,-4.220790744691171881e-09,-1.244584663676051584e-05
1.009856574303228838e+00,-4.182680257702742210e-09,-1.244711938261366946e-05
1.011165571242224503e+00,-4.150833871063852598e-09,-1.244759092063063566e-05
1.012474568181220169e+00,-4.124544566996846129e-09,-1.244719303070129790e-05
1.013783565120215835e+00,-4.105632528395020131e-09,-1.244760852336934676e-05
1.015092562059211723e+00,-4.091786104387651335e-09,-1.244890636455109334e-05
1.016401558998207388e+00,-4.078417437103354359e-09,-1.244940353214984974e-05
1.017710555937203054e+00,-4.065321662638510247e-09,-1.244903012383169472e-05
1.019019552876198720e+00,-4.055799057711695355e-09,-1.244947006580343629e-05
1.020328549815194608e+00,-4.049169305408995001e-09,-1.245079533258863780e-05
1.021637546754190273e+00,-4.041329548787331305e-09,-1.245132175552166043e-05
1.022946543693185939e+00,-4.032230577211137756e-09,-1.245097505185588371e-05
1.024255540632181605e+00,-4.025884264846624205e-09,-1.245143712981511275e-05
1.025564537571177492e+00,-4.021723343239358428e-09,-1.245278246032877068e-05
1.026873534510173158e+00,-4.015163035386848378e-09,-1.245333026747563743e-05
1.028182531449168824e+00,-4.006241810516897317e-09,-1.245300841178076379e-05
1.029491528388164490e+00,-4.000281578209197164e-09,-1.245349915467153235e-05
1.030800525327160377e+00,-3.997210507034054672e-09,-1.245487325424177172e-05
1.032109522266156043e+00,-3.991642461009803355e-09,-1.245544466660364336e-05
1.033418519205151709e+00,-3.983538360285976410e-09,-1.245513668250708417e-05
1.034727516144147375e+00,-3.976739937350259879e-09,-1.245563976483288204e-05
1.036036513083143262e+00,-3.972102258220644444e-09,-1.245704022592719618e-05
1.037345510022138928e+00,-3.966608208560984394e-09,-1.245764661987613930e-05
1.038654506961134594e+00,-3.960188676987996814e-09,-1.245736137947539568e-05
1.039963503900130259e+00,-3.953610716589395224e-09,-1.245787366249695438e-05
1.041272500839126147e+00,-3.947439652929318754e-09,-1.245929014247193489e-05
1.042581497778121813e+00,-3.941435455789843445e-09,-1.245992326917577664e-05
1.043890494717117479e+00,-3.935567982615850724e-09,-1.245966090317185415e-05
1.045199491656113144e+00,-3.929168768124213784e-09,-1.246018823376771056e-05
1.046508488595109032e+00,-3.922399349765015586e-09,-1.246162128729078056e-05
1.047817485534104698e+00,-3.916070301368534956e-09,-1.246227533342747495e-05
1.049126482473100364e+00,-3.910170187637618255e-09,-1.246203185314986861e-05
1.050435479412096029e+00,-3.903655287906815374e-09,-1.246257478793033613e-05
1.051744476351091917e+00,-3.896593658847535835e-09,-1.246402473546737166e-05
1.053053473290087583e+00,-3.890084032676099923e-09,-1.246469746481182472e-05
1.054362470229083248e+00,-3.884114807561900307e-09,-1.246447021877039596e-05
1.055671467168078914e+00,-3.877518639505694864e-09,-1.246502626879586462e-05
1.056980464107074802e+00,-3.870224418722756354e-09,-1.246649011885092584e-05
1.058289461046070468e+00,-3.863329323117170588e-09,-1.246717942643416066e-05
1.059598457985066133e+00,-3.856856056749791151e-09,-1.246697031230536989e-05
1.060907454924061799e+00,-3.850563090601610838e-09,-1.246754228245716689e-05
1.062216451863057687e+00,-3.843941387415839017e-09,-1.246901627960372849e-05
1.063525448802053353e+00,-3.836743922569496590e-09,-1.246971340621016999e-05
1.064834445741049018e+00,-3.829026373747268508e-09,-1.246951735967005703e-05
1.066143442680044684e+00,-3.822401728470481430e-09,-1.247010781497970289e-05
1.067452439619040572e+00,-3.816567895054134851e-09,-1.247159710482392825e-05
1.068761436558036237e+00,-3.809633053464267505e-09,-1.247230319099956741e-05
1.070070433497031903e+00,-3.801603976061329604e-09,-1.247211341887100033e-05
1.071379430436027569e+00,-3.794355607489308113e-09,-1.247271221298251742e-05
1.072688427375023457e+00,-3.788094615764237005e-09,-1.247421453276498227e-05
1.073997424314019122e+00,-3.781161217464301671e-09,-1.247493507072761076e-05
1.075306421253014788e+00,-3.773541756846299222e-09,-1.247475524121521850e-05
1.076615418192010454e+00,-3.766392087101166908e-09,-1.247535884944805940e-05
1.077924415131006342e+00,-3.759749900300590753e-09,-1.247686678045034636e-05
1.079233412070002007e+00,-3.752501587239720493e-09,-1.247759621475497127e-05
1.080542409008997673e+00,-3.744665466598462444e-09,-1.247742641327653779e-05
1.081851405947993339e+00,-3.737664289182873745e-09,-1.247803856700702152e-05
1.083160402886989226e+00,-3.731308317878045955e-09,-1.247955203424744308e-05
1.084469399825984892e+00,-3.723999331128879930e-09,-1.248028532582767802e-05
1.085778396764980558e+00,-3.715760088507380487e-09,-1.248012033154555223e-05
1.087087393703976224e+00,-3.708552187564606584e-09,-1.248073899749735372e-05
1.088396390642972111e+00,-3.702333550847924926e-09,-1.248225863316465567e-05
1.089705387581967777e+00,-3.695115491364475702e-09,-1.248299625364324150e-05
1.091014384520963443e+00,-3.686902616539811106e-09,-1.248283372327907426e-05
1.092323381459959108e+00,-3.679518079113819340e-09,-1.248345440928166905e-05
1.093632378398954996e+00,-3.673075066323860938e-09,-1.248497754050004183e-05
1.094941375337950662e+00,-3.665871883828941691e-09,-1.248571922900232334e-05
1.096250372276946328e+00,-3.657904867893080336e-09,-1.248555857179256545e-05
1.097559369215941993e+00,-3.650511448682891569e-09,-1.248617899085591176e-05
1.098868366154937881e+00,-3.643803647701560067e-09,-1.248770269687837775e-05
1.100177363093933547e+00,-3.636561496378476477e-09,-1.248844615933664137e-05
1.101486360032929213e+00,-3.628784606135582180e-09,-1.248828611985497439e-05
1.102795356971924878e+00,-3.621460686886734948e-09,-1.248890531296842354e-05
1.104104353910920766e+00,-3.614632981818743929e-09,-1.249042747634987460e-05
1.105413350849916432e+00,-3.607363296964649635e-09,-1.249116980771292074e-05
1.106722347788912097e+00,-3.599656350772306723e-09,-1.249100844098738339e-05
1.108031344727907763e+00,-3.592399488994146850e-09,-1.249162549502025321e-05
1.109340341666903651e+00,-3.585586993981593196e-09,-1.249314449972005470e-05
1.110649338605899317e+00,-3.578332852249843654e-09,-1.249388313810662066e-05
1.111958335544894982e+00,-3.570644058203953364e-09,-1.249371830606971212e-05
1.113267332483890648e+00,-3.563445594156888774e-09,-1.249433179847936337e-05
1.114576329422886536e+00,-3.556712591112898281e-09,-1.249584595035269086e-05
1.115885326361882202e+00,-3.549501970123714045e-09,-1.249657872441634066e-05
1.117194323300877867e+00,-3.541821391728205981e-09,-1.249640855059686029e-05
1.118503320239873533e+00,-3.534700643292865152e-09,-1.249701695570093474e-05
1.119812317178869421e+00,-3.528098924121536584e-09,-1.249852439093313006e-05
1.121121314117865087e+00,-3.520952529534326914e-09,-1.249924908731936402e-05
1.122430311056860752e+00,-3.513269675181618368e-09,-1.249907169950659203e-05
1.123739307995856418e+00,-3.506239298900482027e-09,-1.249967353236791645e-05
1.125048304934852306e+00,-3.499812328833229458e-09,-1.250117250461979523e-05
1.126357301873847971e+00,-3.492757250089795207e-09,-1.250188703823262859e-05
1.127666298812843637e+00,-3.485082389342863962e-09,-1.250170055414057124e-05
1.128975295751839303e+00,-3.478158649983242867e-09,-1.250229420236836919e-05
1.130284292690835191e+00,-3.471932963350354839e-09,-1.250378292079468157e-05
1.131593289629830856e+00,-3.464988629353626948e-09,-1.250448528943015614e-05
1.132902286568826522e+00,-3.457334252221500037e-09,-1.250428791646496229e-05
1.134211283507822188e+00,-3.450533969662217260e-09,-1.250487181703174855e-05
1.135520280446818076e+00,-3.444534657504050301e-09,-1.250634853992849127e-05
1.136829277385813741e+00,-3.437726270316687760e-09,-1.250703677559139582e-05
1.138138274324809407e+00,-3.430116968239360631e-09,-1.250682665825120221e-05
1.139447271263805073e+00,-3.423445860128992990e-09,-1.250739918211285495e-05
1.140756268202800960e+00,-3.417673921646269264e-09,-1.250886229270387062e-05
1.142065265141796626e+00,-3.411030513600366021e-09,-1.250953464632109657e-05
1.143374262080792292e+00,-3.403521797729069931e-09,-1.250930993068610775e-05
1.144683259019787958e+00,-3.396986747450370103e-09,-1.250986925242780767e-05
1.145992255958783845e+00,-3.391412373154878424e-09,-1.251131710973407696e-05
1.147301252897779511e+00,-3.384954205820633888e-09,-1.251197204674148189e-05
1.148610249836775177e+00,-3.377615909183617759e-09,-1.251173107741365698e-05
1.149919246775770842e+00,-3.371242396355000892e-09,-1.251227539747490347e-05
1.151228243714766730e+00,-3.365842160540921668e-09,-1.251370626927095220e-05
1.152537240653762396e+00,-3.359585498685646598e-09,-1.251434217416913519e-05
1.153846237592758062e+00,-3.352474686746376165e-09,-1.251408331122416673e-05
1.155155234531753727e+00,-3.346281862715017041e-09,-1.251461096485328994e-05
1.156464231470749615e+00,-3.341038001813956271e-09,-1.251602328913858919e-05
1.157773228409745281e+00,-3.335008547100670739e-09,-1.251663866717878104e-05
1.159082225348740947e+00,-3.328194442264731379e-09,-1.251636029851732612e-05
1.160391222287736612e+00,-3.322212838163807191e-09,-1.251686955593134254e-05
1.161700219226732500e+00,-3.317114888323757782e-09,-1.251826169258729582e-05
1.163009216165728166e+00,-3.311341867373585046e-09,-1.251885504764682633e-05
1.164318213104723831e+00,-3.304894580224981837e-09,-1.251855570096049863e-05
1.165627210043719497e+00,-3.299167994352814048e-09,-1.251904510481127719e-05
1.166936206982715385e+00,-3.294245431995079798e-09,-1.252041565689976377e-05
1.168245203921711051e+00,-3.288823269276264227e-09,-1.252098549739399935e-05
1.169554200860706716e+00,-3.282899951884132861e-09,-1.252066328870371503e-05
1.170863197799702382e+00,-3.277492832687300961e-09,-1.252113099177443178e-05
1.172172194738698270e+00,-3.272779047769347471e-09,-1.252247897055858150e-05
1.173481191677693936e+00,-3.267931897310560885e-09,-1.252302475079902777e-05
1.174790188616689601e+00,-3.262949854754282342e-09,-1.252267826497288628e-05
1.176099185555685267e+00,-3.258243341797140147e-09,-1.252312185978654568e-05
1.177408182494681155e+00,-3.254088415394207345e-09,-1.252444524256490777e-05
1.178717179433676820e+00,-3.250379160268934697e-09,-1.252496596496066594e-05
1.180026176372672486e+00,-3.247140806239556809e-09,-1.252459483050416544e-05
1.181335173311668152e+00,-3.244284202397196282e-09,-1.252501369948533227e-05
1.182644170250664040e+00,-3.242268759029443004e-09,-1.252631080862764978e-05
1.183953167189659705e+00,-3.241720225588551330e-09,-1.252680419397411704e-05
1.185262164128655371e+00,-3.242744045506285033e-09,-1.252640672470828331e-05
1.186571161067651037e+00,-3.245114121863679202e-09,-1.252680025541630382e-05
1.187880158006646925e+00,-3.250049757097528413e-09,-1.252807087108454009e-05
1.189189154945642590e+00,-3.259241154740522006e-09,-1.252853645078433331e-05
1.190498151884638256e+00,-3.273045307006228199e-09,-1.252811176938317672e-05
1.191807148823633922e+00,-3.291894923318494648e-09,-1.252847869266660030e-05
1.193116145762629809e+00,-3.319402641643875995e-09,-1.252972162915644283e-05
1.194425142701625475e+00,-3.359535760694143391e-09,-1.253015900339049526e-05
1.195734139640621141e+00,-3.413487409398285877e-09,-1.252970813649112447e-05
1.197043136579616807e+00,-3.485334798547512491e-09,-1.253005026904951968e-05
1.198352133518612694e+00,-3.586469010663506651e-09,-1.253126668962489809e-05
1.199661130457608360e+00,-3.726755432031936266e-09,-1.253167687167988653e-05
1.200970127396604026e+00,-3.910087753578039838e-09,-1.253120262391382855e-05
1.202279124335599692e+00,-4.153481225621646900e-09,-1.253152560735937282e-05
1.203588121274595579e+00,-4.493929200988233674e-09,-1.253272349342748893e-05
1.204897118213591245e+00,-4.959704924534236170e-09,-1.253311609360208134e-05
1.206206115152586911e+00,-5.563457056156906333e-09,-1.253262932153498266e-05
1.207515112091582576e+00,-6.364119925494904351e-09,-1.253294994117692962e-05
1.208824109030578464e+00,-7.482416741755315570e-09,-1.253415876609209612e-05
1.210133105969574130e+00,-9.007128570770461806e-09,-1.253457265031066026e-05
1.211442102908569796e+00,-1.097935917182546461e-08,-1.253411095755718740e-05
1.212751099847565461e+00,-1.359285661806097778e-08,-1.253448019655767354e-05
1.214060096786561349e+00,-1.724110376688514634e-08,-1.253579569301943586e-05
1.215369093725557015e+00,-2.221167880178676057e-08,-1.253636285310222309e-05
1.216678090664552681e+00,-2.863828349464192513e-08,-1.253605380907574229e-05
1.217987087603548346e+00,-3.715141211335648563e-08,-1.253663969773277653e-05
1.219296084542544234e+00,-4.903234510078569031e-08,-1.253837463364992910e-05
1.220605081481539900e+00,-6.521762282996057536e-08,-1.253952644907074809e-05
1.221914078420535565e+00,-8.614217753000197320e-08,-1.253978678983358463e-05
1.223223075359531231e+00,-1.138569741820916192e-07,-1.254113762574893265e-05
1.224532072298527119e+00,-1.525333171437104340e-07,-1.254431199203265290e-05
1.225841069237522785e+00,-2.052198145030548204e-07,-1.254745433865167570e-05
1.227150066176518450e+00,-2.733301702750878803e-07,-1.254964033631233988e-05
1.228459063115514116e+00,-3.635502398569023796e-07,-1.255352365293893602e-05
1.229768060054510004e+00,-4.894608303107617076e-07,-1.256140821336015900e-05
1.231077056993505670e+00,-6.609603935836538824e-07,-1.257105351570864116e-05
1.232386053932501335e+00,-8.826343473322673105e-07,-1.257954063843547132e-05
1.233695050871497001e+00,-1.175281934606697831e-06,-1.259163089806225599e-05
1.235004047810492889e+00,-1.583005574123941273e-06,-1.261557748756525488e-05
1.236313044749488554e+00,-2.141979542402694392e-06,-1.265013852159990737e-05
1.237622041688484220e+00,-2.873527807506492948e-06,-1.268842417279092416e-05
1.238931038627479886e+00,-3.844594247848220903e-06,-1.274069581520820282e-05
1.240240035566475774e+00,0.000000000000000000e+00,-1.282404404648329610e-05
1.241549032505471439e+00,0.000000000000000000e+00,-1.292681613859758549e-05
1.242858029444467105e+00,0.000000000000000000e+00,-1.301941814640938944e-05
1.244167026383462771e+00,0.000000000000000000e+00,-1.309993786173524466e-05
1.245476023322458659e+00,0.000000000000000000e+00,-1.319389568933682089e-05
1.246785020261454324e+00,0.000000000000000000e+00,-1.330327942868081426e-05
1.248094017200449990e+00,0.000000000000000000e+00,-1.340723592169190681e-05
1.249403014139445656e+00,0.000000000000000000e+00,-1.354689120168506289e-05
1.250712011078441543e+00,0.000000000000000000e+00,-1.378306582347499365e-05
1.252021008017437209e+00,0.000000000000000000e+00,-1.405615468336174345e-05
1.253330004956432875e+00,0.000000000000000000e+00,-1.423234228811742774e-05
1.254639001895432537e+00,0.000000000000000000e+00,-1.376054508384072506e-05
1.255947998834428203e+00,0.000000000000000000e+00,-1.126227466298479474e-05
