# Exudyn: solution of belt drive, contact forces over belt length
# Exudyn output file
# Exudyn version=1.2.34.dev1
# endTime=0.01
# stepSize=5e-05
# nSegments=4
# nANCFnodes=240
# contactStiffnessPerArea=100000000.0
# frictionStiffnessPerArea=100000000.0
# contactStiffness=418879.02047863905
# frictionStiffness=523598.7755982988
# contactDamping=8.377580409572781
# frictionVelocityPenalty=33.70609928242229
# dryFriction=0.5
# 
6.544987436982021905e-04,-9.669935474288265942e-01,-1.623764578639419597e+04
1.963495682693949113e-03,0.000000000000000000e+00,0.000000000000000000e+00
3.272492621689696360e-03,0.000000000000000000e+00,0.000000000000000000e+00
4.581489560685443607e-03,0.000000000000000000e+00,0.000000000000000000e+00
5.890486499681190855e-03,0.000000000000000000e+00,0.000000000000000000e+00
7.199483438676938102e-03,0.000000000000000000e+00,0.000000000000000000e+00
8.508480377672685349e-03,0.000000000000000000e+00,0.000000000000000000e+00
9.817477316668432596e-03,0.000000000000000000e+00,0.000000000000000000e+00
1.112647425566417811e-02,0.000000000000000000e+00,0.000000000000000000e+00
1.243547119465992536e-02,0.000000000000000000e+00,0.000000000000000000e+00
1.374446813365567260e-02,0.000000000000000000e+00,0.000000000000000000e+00
1.505346507265141985e-02,0.000000000000000000e+00,0.000000000000000000e+00
1.636246201164716710e-02,0.000000000000000000e+00,0.000000000000000000e+00
1.767145895064291261e-02,0.000000000000000000e+00,0.000000000000000000e+00
1.898045588963866159e-02,0.000000000000000000e+00,0.000000000000000000e+00
2.028945282863440711e-02,0.000000000000000000e+00,0.000000000000000000e+00
2.159844976763015609e-02,0.000000000000000000e+00,0.000000000000000000e+00
2.290744670662590160e-02,0.000000000000000000e+00,0.000000000000000000e+00
2.421644364562165058e-02,0.000000000000000000e+00,0.000000000000000000e+00
2.552544058461739609e-02,0.000000000000000000e+00,0.000000000000000000e+00
2.683443752361314508e-02,0.000000000000000000e+00,0.000000000000000000e+00
2.814343446260889059e-02,0.000000000000000000e+00,0.000000000000000000e+00
2.945243140160463957e-02,0.000000000000000000e+00,0.000000000000000000e+00
3.076142834060038508e-02,0.000000000000000000e+00,0.000000000000000000e+00
3.207042527959613060e-02,0.000000000000000000e+00,0.000000000000000000e+00
3.337942221859187958e-02,0.000000000000000000e+00,0.000000000000000000e+00
3.468841915758762162e-02,0.000000000000000000e+00,0.000000000000000000e+00
3.599741609658337060e-02,0.000000000000000000e+00,0.000000000000000000e+00
3.730641303557911959e-02,0.000000000000000000e+00,0.000000000000000000e+00
3.861540997457486857e-02,0.000000000000000000e+00,0.000000000000000000e+00
3.992440691357061061e-02,0.000000000000000000e+00,0.000000000000000000e+00
4.123340385256635959e-02,0.000000000000000000e+00,0.000000000000000000e+00
4.254240079156210858e-02,0.000000000000000000e+00,0.000000000000000000e+00
4.385139773055785756e-02,0.000000000000000000e+00,0.000000000000000000e+00
4.516039466955359960e-02,0.000000000000000000e+00,0.000000000000000000e+00
4.646939160854934858e-02,0.000000000000000000e+00,0.000000000000000000e+00
4.777838854754509756e-02,0.000000000000000000e+00,0.000000000000000000e+00
4.908738548654084655e-02,0.000000000000000000e+00,0.000000000000000000e+00
5.039638242553658859e-02,0.000000000000000000e+00,0.000000000000000000e+00
5.170537936453233757e-02,0.000000000000000000e+00,0.000000000000000000e+00
5.301437630352808655e-02,0.000000000000000000e+00,0.000000000000000000e+00
5.432337324252383554e-02,0.000000000000000000e+00,0.000000000000000000e+00
5.563237018151957758e-02,0.000000000000000000e+00,0.000000000000000000e+00
5.694136712051532656e-02,0.000000000000000000e+00,0.000000000000000000e+00
5.825036405951107554e-02,0.000000000000000000e+00,0.000000000000000000e+00
5.955936099850682452e-02,0.000000000000000000e+00,0.000000000000000000e+00
6.086835793750256657e-02,0.000000000000000000e+00,0.000000000000000000e+00
6.217735487649831555e-02,0.000000000000000000e+00,0.000000000000000000e+00
6.348635181549405759e-02,0.000000000000000000e+00,0.000000000000000000e+00
6.479534875448980658e-02,0.000000000000000000e+00,0.000000000000000000e+00
6.610434569348555556e-02,0.000000000000000000e+00,0.000000000000000000e+00
6.741334263248130454e-02,0.000000000000000000e+00,0.000000000000000000e+00
6.872233957147703964e-02,0.000000000000000000e+00,0.000000000000000000e+00
7.003133651047278863e-02,0.000000000000000000e+00,0.000000000000000000e+00
7.134033344946853761e-02,0.000000000000000000e+00,0.000000000000000000e+00
7.264933038846427271e-02,0.000000000000000000e+00,0.000000000000000000e+00
7.395832732746002169e-02,0.000000000000000000e+00,0.000000000000000000e+00
7.526732426645577068e-02,0.000000000000000000e+00,0.000000000000000000e+00
7.657632120545151966e-02,0.000000000000000000e+00,0.000000000000000000e+00
7.788531814444726864e-02,0.000000000000000000e+00,0.000000000000000000e+00
7.919431508344300374e-02,0.000000000000000000e+00,0.000000000000000000e+00
8.050331202243875273e-02,0.000000000000000000e+00,0.000000000000000000e+00
8.181230896143450171e-02,0.000000000000000000e+00,0.000000000000000000e+00
8.312130590043023681e-02,0.000000000000000000e+00,0.000000000000000000e+00
8.443030283942598579e-02,0.000000000000000000e+00,0.000000000000000000e+00
8.573929977842173478e-02,0.000000000000000000e+00,0.000000000000000000e+00
8.704829671741748376e-02,0.000000000000000000e+00,0.000000000000000000e+00
8.835729365641323274e-02,0.000000000000000000e+00,0.000000000000000000e+00
8.966629059540896785e-02,0.000000000000000000e+00,0.000000000000000000e+00
9.097528753440471683e-02,0.000000000000000000e+00,0.000000000000000000e+00
9.228428447340046581e-02,0.000000000000000000e+00,0.000000000000000000e+00
9.359328141239620091e-02,0.000000000000000000e+00,0.000000000000000000e+00
9.490227835139194990e-02,0.000000000000000000e+00,0.000000000000000000e+00
9.621127529038769888e-02,0.000000000000000000e+00,0.000000000000000000e+00
9.752027222938344786e-02,0.000000000000000000e+00,0.000000000000000000e+00
9.882926916837919684e-02,0.000000000000000000e+00,0.000000000000000000e+00
1.001382661073749319e-01,0.000000000000000000e+00,0.000000000000000000e+00
1.014472630463706809e-01,0.000000000000000000e+00,0.000000000000000000e+00
1.027562599853664299e-01,0.000000000000000000e+00,0.000000000000000000e+00
1.040652569243621650e-01,0.000000000000000000e+00,0.000000000000000000e+00
1.053742538633579140e-01,0.000000000000000000e+00,0.000000000000000000e+00
1.066832508023536630e-01,0.000000000000000000e+00,0.000000000000000000e+00
1.079922477413494120e-01,0.000000000000000000e+00,0.000000000000000000e+00
1.093012446803451609e-01,0.000000000000000000e+00,0.000000000000000000e+00
1.106102416193408960e-01,0.000000000000000000e+00,0.000000000000000000e+00
1.119192385583366450e-01,0.000000000000000000e+00,0.000000000000000000e+00
1.132282354973323940e-01,0.000000000000000000e+00,0.000000000000000000e+00
1.145372324363281291e-01,0.000000000000000000e+00,0.000000000000000000e+00
1.158462293753238781e-01,0.000000000000000000e+00,0.000000000000000000e+00
1.171552263143196271e-01,0.000000000000000000e+00,0.000000000000000000e+00
1.184642232533153761e-01,0.000000000000000000e+00,0.000000000000000000e+00
1.197732201923111250e-01,0.000000000000000000e+00,0.000000000000000000e+00
1.210822171313068601e-01,0.000000000000000000e+00,0.000000000000000000e+00
1.223912140703026091e-01,0.000000000000000000e+00,0.000000000000000000e+00
1.237002110092983581e-01,0.000000000000000000e+00,0.000000000000000000e+00
1.250092079482940932e-01,0.000000000000000000e+00,0.000000000000000000e+00
1.263182048872898422e-01,0.000000000000000000e+00,0.000000000000000000e+00
1.276272018262855912e-01,0.000000000000000000e+00,0.000000000000000000e+00
1.289361987652813402e-01,0.000000000000000000e+00,0.000000000000000000e+00
1.302451957042770891e-01,0.000000000000000000e+00,0.000000000000000000e+00
1.315541926432728381e-01,0.000000000000000000e+00,0.000000000000000000e+00
1.328631895822685871e-01,0.000000000000000000e+00,0.000000000000000000e+00
1.341721865212643361e-01,0.000000000000000000e+00,0.000000000000000000e+00
1.354811834602600851e-01,0.000000000000000000e+00,0.000000000000000000e+00
1.367901803992558341e-01,0.000000000000000000e+00,0.000000000000000000e+00
1.380991773382515830e-01,0.000000000000000000e+00,0.000000000000000000e+00
1.394081742772473320e-01,0.000000000000000000e+00,0.000000000000000000e+00
1.407171712162430810e-01,0.000000000000000000e+00,0.000000000000000000e+00
1.420261681552388300e-01,0.000000000000000000e+00,0.000000000000000000e+00
1.433351650942345790e-01,0.000000000000000000e+00,0.000000000000000000e+00
1.446441620332303279e-01,0.000000000000000000e+00,0.000000000000000000e+00
1.459531589722260769e-01,0.000000000000000000e+00,0.000000000000000000e+00
1.472621559112218259e-01,0.000000000000000000e+00,0.000000000000000000e+00
1.485711528502175749e-01,0.000000000000000000e+00,0.000000000000000000e+00
1.498801497892133239e-01,0.000000000000000000e+00,0.000000000000000000e+00
1.511891467282090729e-01,0.000000000000000000e+00,0.000000000000000000e+00
1.524981436672048218e-01,0.000000000000000000e+00,0.000000000000000000e+00
1.538071406062005708e-01,0.000000000000000000e+00,0.000000000000000000e+00
1.551161375451963198e-01,0.000000000000000000e+00,0.000000000000000000e+00
1.564251344841920688e-01,0.000000000000000000e+00,0.000000000000000000e+00
1.577341314231878178e-01,0.000000000000000000e+00,0.000000000000000000e+00
1.590431283621835667e-01,0.000000000000000000e+00,0.000000000000000000e+00
1.603521253011793157e-01,0.000000000000000000e+00,0.000000000000000000e+00
1.616611222401750647e-01,0.000000000000000000e+00,0.000000000000000000e+00
1.629701191791708137e-01,0.000000000000000000e+00,0.000000000000000000e+00
1.642791161181665627e-01,0.000000000000000000e+00,0.000000000000000000e+00
1.655881130571623117e-01,0.000000000000000000e+00,0.000000000000000000e+00
1.668971099961580606e-01,0.000000000000000000e+00,0.000000000000000000e+00
1.682061069351538096e-01,0.000000000000000000e+00,0.000000000000000000e+00
1.695151038741495586e-01,0.000000000000000000e+00,0.000000000000000000e+00
1.708241008131453076e-01,0.000000000000000000e+00,0.000000000000000000e+00
1.721330977521410566e-01,0.000000000000000000e+00,0.000000000000000000e+00
1.734420946911368056e-01,0.000000000000000000e+00,0.000000000000000000e+00
1.747510916301325545e-01,0.000000000000000000e+00,0.000000000000000000e+00
1.760600885691283035e-01,0.000000000000000000e+00,0.000000000000000000e+00
1.773690855081240525e-01,0.000000000000000000e+00,0.000000000000000000e+00
1.786780824471198015e-01,0.000000000000000000e+00,0.000000000000000000e+00
1.799870793861155505e-01,0.000000000000000000e+00,0.000000000000000000e+00
1.812960763251112994e-01,0.000000000000000000e+00,0.000000000000000000e+00
1.826050732641070484e-01,0.000000000000000000e+00,0.000000000000000000e+00
1.839140702031027974e-01,0.000000000000000000e+00,0.000000000000000000e+00
1.852230671420985464e-01,0.000000000000000000e+00,0.000000000000000000e+00
1.865320640810942954e-01,0.000000000000000000e+00,0.000000000000000000e+00
1.878410610200900444e-01,0.000000000000000000e+00,0.000000000000000000e+00
1.891500579590857933e-01,0.000000000000000000e+00,0.000000000000000000e+00
1.904590548980815423e-01,0.000000000000000000e+00,0.000000000000000000e+00
1.917680518370772913e-01,0.000000000000000000e+00,0.000000000000000000e+00
1.930770487760730403e-01,0.000000000000000000e+00,0.000000000000000000e+00
1.943860457150687893e-01,0.000000000000000000e+00,0.000000000000000000e+00
1.956950426540645382e-01,0.000000000000000000e+00,0.000000000000000000e+00
1.970040395930602872e-01,0.000000000000000000e+00,0.000000000000000000e+00
1.983130365320560362e-01,0.000000000000000000e+00,0.000000000000000000e+00
1.996220334710517852e-01,0.000000000000000000e+00,0.000000000000000000e+00
2.009310304100475342e-01,0.000000000000000000e+00,0.000000000000000000e+00
2.022400273490432832e-01,0.000000000000000000e+00,0.000000000000000000e+00
2.035490242880390321e-01,0.000000000000000000e+00,0.000000000000000000e+00
2.048580212270347811e-01,0.000000000000000000e+00,0.000000000000000000e+00
2.061670181660305301e-01,0.000000000000000000e+00,0.000000000000000000e+00
2.074760151050262791e-01,0.000000000000000000e+00,0.000000000000000000e+00
2.087850120440220281e-01,0.000000000000000000e+00,0.000000000000000000e+00
2.100940089830177770e-01,0.000000000000000000e+00,0.000000000000000000e+00
2.114030059220135260e-01,0.000000000000000000e+00,0.000000000000000000e+00
2.127120028610092750e-01,0.000000000000000000e+00,0.000000000000000000e+00
2.140209998000050240e-01,0.000000000000000000e+00,0.000000000000000000e+00
2.153299967390007730e-01,0.000000000000000000e+00,0.000000000000000000e+00
2.166389936779965220e-01,0.000000000000000000e+00,0.000000000000000000e+00
2.179479906169922709e-01,0.000000000000000000e+00,0.000000000000000000e+00
2.192569875559880199e-01,0.000000000000000000e+00,0.000000000000000000e+00
2.205659844949837689e-01,0.000000000000000000e+00,0.000000000000000000e+00
2.218749814339795179e-01,0.000000000000000000e+00,0.000000000000000000e+00
2.231839783729752669e-01,0.000000000000000000e+00,0.000000000000000000e+00
2.244929753119710159e-01,0.000000000000000000e+00,0.000000000000000000e+00
2.258019722509667648e-01,0.000000000000000000e+00,0.000000000000000000e+00
2.271109691899625138e-01,0.000000000000000000e+00,0.000000000000000000e+00
2.284199661289582628e-01,0.000000000000000000e+00,0.000000000000000000e+00
2.297289630679540118e-01,0.000000000000000000e+00,0.000000000000000000e+00
2.310379600069497608e-01,0.000000000000000000e+00,0.000000000000000000e+00
2.323469569459455097e-01,0.000000000000000000e+00,0.000000000000000000e+00
2.336559538849412587e-01,0.000000000000000000e+00,0.000000000000000000e+00
2.349649508239370077e-01,0.000000000000000000e+00,0.000000000000000000e+00
2.362739477629327567e-01,0.000000000000000000e+00,0.000000000000000000e+00
2.375829447019285057e-01,0.000000000000000000e+00,0.000000000000000000e+00
2.388919416409242547e-01,0.000000000000000000e+00,0.000000000000000000e+00
2.402009385799200036e-01,0.000000000000000000e+00,0.000000000000000000e+00
2.415099355189157526e-01,0.000000000000000000e+00,0.000000000000000000e+00
2.428189324579115016e-01,0.000000000000000000e+00,0.000000000000000000e+00
2.441279293969072506e-01,0.000000000000000000e+00,0.000000000000000000e+00
2.454369263359029996e-01,0.000000000000000000e+00,0.000000000000000000e+00
2.467459232748987485e-01,0.000000000000000000e+00,0.000000000000000000e+00
2.480549202138944975e-01,0.000000000000000000e+00,0.000000000000000000e+00
2.493639171528902465e-01,0.000000000000000000e+00,0.000000000000000000e+00
2.506729140918860232e-01,0.000000000000000000e+00,0.000000000000000000e+00
2.519819110308817445e-01,0.000000000000000000e+00,0.000000000000000000e+00
2.532909079698774657e-01,0.000000000000000000e+00,0.000000000000000000e+00
2.545999049088732424e-01,0.000000000000000000e+00,0.000000000000000000e+00
2.559089018478689637e-01,0.000000000000000000e+00,0.000000000000000000e+00
2.572178987868647404e-01,0.000000000000000000e+00,0.000000000000000000e+00
2.585268957258604616e-01,0.000000000000000000e+00,0.000000000000000000e+00
2.598358926648562384e-01,0.000000000000000000e+00,0.000000000000000000e+00
2.611448896038519596e-01,0.000000000000000000e+00,0.000000000000000000e+00
2.624538865428477363e-01,0.000000000000000000e+00,0.000000000000000000e+00
2.637628834818434576e-01,0.000000000000000000e+00,0.000000000000000000e+00
2.650718804208392343e-01,0.000000000000000000e+00,0.000000000000000000e+00
2.663808773598349555e-01,0.000000000000000000e+00,0.000000000000000000e+00
2.676898742988307323e-01,0.000000000000000000e+00,0.000000000000000000e+00
2.689988712378264535e-01,0.000000000000000000e+00,0.000000000000000000e+00
2.703078681768222302e-01,0.000000000000000000e+00,0.000000000000000000e+00
2.716168651158179514e-01,0.000000000000000000e+00,0.000000000000000000e+00
2.729258620548137282e-01,0.000000000000000000e+00,0.000000000000000000e+00
2.742348589938094494e-01,0.000000000000000000e+00,0.000000000000000000e+00
2.755438559328052261e-01,0.000000000000000000e+00,0.000000000000000000e+00
2.768528528718009474e-01,0.000000000000000000e+00,0.000000000000000000e+00
2.781618498107967241e-01,0.000000000000000000e+00,0.000000000000000000e+00
2.794708467497924453e-01,0.000000000000000000e+00,0.000000000000000000e+00
2.807798436887882221e-01,0.000000000000000000e+00,0.000000000000000000e+00
2.820888406277839433e-01,0.000000000000000000e+00,0.000000000000000000e+00
2.833978375667797200e-01,0.000000000000000000e+00,0.000000000000000000e+00
2.847068345057754413e-01,0.000000000000000000e+00,0.000000000000000000e+00
2.860158314447712180e-01,0.000000000000000000e+00,0.000000000000000000e+00
2.873248283837669392e-01,0.000000000000000000e+00,0.000000000000000000e+00
2.886338253227627160e-01,0.000000000000000000e+00,0.000000000000000000e+00
2.899428222617584372e-01,0.000000000000000000e+00,0.000000000000000000e+00
2.912518192007542139e-01,0.000000000000000000e+00,0.000000000000000000e+00
2.925608161397499352e-01,0.000000000000000000e+00,0.000000000000000000e+00
2.938698130787457119e-01,0.000000000000000000e+00,0.000000000000000000e+00
2.951788100177414331e-01,0.000000000000000000e+00,0.000000000000000000e+00
2.964878069567372099e-01,0.000000000000000000e+00,0.000000000000000000e+00
2.977968038957329311e-01,0.000000000000000000e+00,0.000000000000000000e+00
2.991058008347287078e-01,0.000000000000000000e+00,0.000000000000000000e+00
3.004147977737244291e-01,0.000000000000000000e+00,0.000000000000000000e+00
3.017237947127202058e-01,0.000000000000000000e+00,0.000000000000000000e+00
3.030327916517159270e-01,0.000000000000000000e+00,0.000000000000000000e+00
3.043417885907117038e-01,0.000000000000000000e+00,0.000000000000000000e+00
3.056507855297074250e-01,0.000000000000000000e+00,0.000000000000000000e+00
3.069597824687032017e-01,0.000000000000000000e+00,0.000000000000000000e+00
3.082687794076989229e-01,0.000000000000000000e+00,0.000000000000000000e+00
3.095777763466946997e-01,0.000000000000000000e+00,0.000000000000000000e+00
3.108867732856904209e-01,0.000000000000000000e+00,0.000000000000000000e+00
3.121957702246861976e-01,0.000000000000000000e+00,0.000000000000000000e+00
3.135047671636819189e-01,1.662734998474238779e+00,-1.666767667628186246e+04
3.148137641026776956e-01,1.609352137188529763e+00,-3.937269293740201101e+04
3.161227610416734168e-01,1.859067433186195384e+00,-5.066740836956234853e+04
3.174317579806691936e-01,1.782568750162031535e+00,-5.346942512211156281e+04
3.187407549196649148e-01,8.940343199044010758e-01,-5.209435830324320705e+04
3.200497518586606915e-01,3.190955758016920663e-01,-5.084407466994267452e+04
3.213587487976564128e-01,6.898899407864664823e-01,-5.050851298310857237e+04
3.226677457366521895e-01,8.778175618987632545e-01,-5.029818323079730180e+04
3.239767426756479107e-01,5.276597137085468070e-01,-5.019013332998428086e+04
3.252857396146436875e-01,7.742941821243032319e-02,-5.015553380250489863e+04
3.265947365536394087e-01,2.056242140398923529e-02,-5.015208085819293774e+04
3.279037334926351854e-01,2.393362112403476794e-01,-5.015252042044675181e+04
3.292127304316309067e-01,5.183593232412146978e-01,-5.015204899243572436e+04
3.305217273706266834e-01,2.292966327454035724e-01,-5.015343413883241737e+04
3.318307243096224046e-01,-3.011053668571309072e-01,-5.015584693690239510e+04
3.331397212486181814e-01,-1.962368687855409188e-01,-5.015433222165607003e+04
3.344487181876139026e-01,4.514805453269806201e-01,-5.015097532960351236e+04
3.357577151266096793e-01,3.787888947939367923e-01,-5.015198953649012401e+04
3.370667120656054006e-01,-3.279520582260541661e-01,-5.015456063938706211e+04
3.383757090046011773e-01,-3.710506840869555734e-01,-5.015222645266127802e+04
3.396847059435968985e-01,2.378016593678437263e-01,-5.014801648525489145e+04
3.409937028825926753e-01,3.497230216972289640e-01,-5.014888314948610787e+04
3.423026998215883965e-01,-1.486162897282679862e-01,-5.015194710814995051e+04
3.436116967605841732e-01,-2.756232601294844597e-01,-5.014998834822916979e+04
3.449206936995798944e-01,-6.544144661639105486e-03,-5.014518428818800749e+04
3.462296906385756712e-01,1.664772733025147444e-01,-5.014501040088437003e+04
3.475386875775713924e-01,6.583184024930466283e-02,-5.014816424451196508e+04
3.488476845165671691e-01,-3.422829840246715410e-02,-5.014713440499867284e+04
3.501566814555628904e-01,-1.083666931606444006e-01,-5.014226882163297705e+04
3.514656783945586671e-01,-2.117290543532288419e-02,-5.014093480734025070e+04
3.527746753335543883e-01,1.389100339927697159e-01,-5.014363405951551249e+04
3.540836722725501651e-01,1.479051875777706304e-01,-5.014321120460505335e+04
3.553926692115458863e-01,9.610880738919445193e-03,-5.013874192922555812e+04
3.567016661505416630e-01,-6.279575569778510225e-02,-5.013696079504430236e+04
3.580106630895373843e-01,6.363746047346886814e-03,-5.013891711106953153e+04
3.593196600285331610e-01,1.219932967781778982e-01,-5.013817162021701370e+04
3.606286569675288822e-01,2.633945888158085169e-01,-5.013414680817159388e+04
3.619376539065246590e-01,8.043495950557566498e-02,-5.013290986409276957e+04
3.632466508455203802e-01,-2.381416990256638166e-01,-5.013430292390866089e+04
3.645556477845161569e-01,-9.774369407298509616e-02,-5.013241510686410766e+04
3.658646447235118782e-01,4.715950942900208886e-01,-5.012845114327067131e+04
3.671736416625076549e-01,3.084871322997296827e-01,-5.012827716952913033e+04
3.684826386015033761e-01,-4.183478721471406425e-01,-5.012960680303987465e+04
3.697916355404991529e-01,-3.485941782440435954e-01,-5.012648278408437909e+04
3.711006324794948741e-01,4.993015996994717987e-01,-5.012207783216224198e+04
3.724096294184906508e-01,4.626915121028560285e-01,-5.012264540001926798e+04
3.737186263574863720e-01,-4.178771712182189901e-01,-5.012432956894045492e+04
3.750276232964821488e-01,-4.516560305073472059e-01,-5.012063022274124523e+04
3.763366202354778700e-01,3.645111732010240524e-01,-5.011557130077188049e+04
3.776456171744736467e-01,4.521567489079028612e-01,-5.011603040282066650e+04
3.789546141134693680e-01,-2.740738768657263735e-01,-5.011807308297634154e+04
3.802636110524651447e-01,-3.580620440534691973e-01,-5.011463466043835797e+04
3.815726079914608659e-01,2.164807994670803204e-01,-5.010916318005853827e+04
3.828816049304566427e-01,3.245588199730032319e-01,-5.010886989462388738e+04
3.841906018694523639e-01,-1.406432285694216577e-01,-5.011088440239612100e+04
3.854995988084481406e-01,-1.860071459883667622e-01,-5.010802023479688796e+04
3.868085957474438619e-01,1.994154223401140569e-01,-5.010260278896736418e+04
3.881175926864396386e-01,2.187271417722280731e-01,-5.010164182488158258e+04
3.894265896254353598e-01,-1.469594568839498738e-01,-5.010321709045314492e+04
3.907355865644311366e-01,-1.108992055828271345e-01,-5.010051008605130482e+04
3.920445835034268578e-01,3.213230193595457695e-01,-5.009540706079202209e+04
3.933535804424226345e-01,2.377079235084272879e-01,-5.009443537613697845e+04
3.946625773814183558e-01,-2.786714731597257355e-01,-5.009552165236644942e+04
3.959715743204141325e-01,-2.020756384355334723e-01,-5.009229766918312089e+04
3.972805712594098537e-01,4.516642696389659428e-01,-5.008733005664987286e+04
3.985895681984056305e-01,3.561161355725098732e-01,-5.008689107357573812e+04
3.998985651374013517e-01,-3.941670614707464271e-01,-5.008784108340953389e+04
4.012075620763971284e-01,-3.584489962954093278e-01,-5.008387504475448077e+04
4.025165590153928497e-01,4.540847509853286890e-01,-5.007862201046983682e+04
4.038255559543886264e-01,4.488128231880927910e-01,-5.007858994925580191e+04
4.051345528933843476e-01,-3.695824928365248341e-01,-5.007979648743790312e+04
4.064435498323801244e-01,-4.136172688161887656e-01,-5.007554826703649451e+04
4.077525467713758456e-01,3.241214733478227639e-01,-5.006978749992841767e+04
4.090615437103716223e-01,4.174529796007299676e-01,-5.006950330401118117e+04
4.103705406493673435e-01,-2.272039682451707787e-01,-5.007099667524430697e+04
4.116795375883631203e-01,-3.085288488979481825e-01,-5.006713851970329415e+04
4.129885345273588415e-01,1.902448250627778448e-01,-5.006108335220841400e+04
4.142975314663546182e-01,2.908563965789447425e-01,-5.006005017990568740e+04
4.156065284053503395e-01,-1.085040998617050612e-01,-5.006148262992054515e+04
4.169155253443461162e-01,-1.516723237727677087e-01,-5.005821093288776319e+04
4.182245222833418374e-01,1.714075664230843288e-01,-5.005227694160692045e+04
4.195335192223376142e-01,1.891619227888274857e-01,-5.005066287093431310e+04
4.208425161613333354e-01,-1.191683551152197401e-01,-5.005169427167809772e+04
4.221515131003291121e-01,-9.699998538290879879e-02,-5.004856519249771372e+04
4.234605100393248334e-01,2.517371362643719412e-01,-5.004292558653433662e+04
4.247695069783206101e-01,1.939997025709181422e-01,-5.004134588678293949e+04
4.260785039173163313e-01,-2.159900751605083047e-01,-5.004202030582170846e+04
4.273875008563121081e-01,-1.740650358542846776e-01,-5.003848283329504920e+04
4.286964977953078293e-01,3.105001521859663272e-01,-5.003289375307907176e+04
4.300054947343036060e-01,2.673290510193692127e-01,-5.003170970425165433e+04
4.313144916732993273e-01,-2.621617589319928388e-01,-5.003240259846427216e+04
4.326234886122951040e-01,-2.629378775018637593e-01,-5.002843642111477675e+04
4.339324855512908252e-01,2.640499975678108346e-01,-5.002253422660542128e+04
4.352414824902866020e-01,2.991723512420672582e-01,-5.002144251170581265e+04
4.365504794292823232e-01,-1.904372982764710176e-01,-5.002239734410178062e+04
4.378594763682780999e-01,-2.340753227993703500e-01,-5.001852177679877786e+04
4.391684733072738211e-01,1.766912266039930846e-01,-5.001234423906032316e+04
4.404774702462695979e-01,2.344630054078245818e-01,-5.001083951836101187e+04
4.417864671852653191e-01,-1.140320963639749469e-01,-5.001178449290568824e+04
4.430954641242610959e-01,-1.287776286308636997e-01,-5.000825053131167078e+04
4.444044610632568171e-01,1.935140238173517768e-01,-5.000223517362893472e+04
4.457134580022525938e-01,1.694387417060325418e-01,-5.000048063396242651e+04
4.470224549412483150e-01,-1.776075785010959862e-01,-5.000105915820677910e+04
4.483314518802440918e-01,-1.296158537628616103e-01,-4.999738158810543246e+04
4.496404488192398130e-01,3.040173032966928535e-01,-4.999160108406981453e+04
4.509494457582355897e-01,2.326093734848343197e-01,-4.999019067302031908e+04
4.522584426972313110e-01,-2.771418447714357747e-01,-4.999067162075390661e+04
4.535674396362270877e-01,-2.455796971655101746e-01,-4.998654691940961493e+04
4.548764365752228089e-01,3.205848054442662631e-01,-4.998055898153179442e+04
4.561854335142185857e-01,3.228203190512700105e-01,-4.997936298984353925e+04
4.574944304532143069e-01,-2.367000873580614451e-01,-4.998008028009336704e+04
4.588034273922100836e-01,-2.601536848802866175e-01,-4.997596101743061445e+04
4.601124243312058049e-01,2.566964801253498463e-01,-4.996981459896720480e+04
4.614214212702015816e-01,2.845748274697916247e-01,-4.996842266606877820e+04
4.627304182091973028e-01,-1.965100527036880429e-01,-4.996905866068695468e+04
4.640394151481930796e-01,-1.923308763708512226e-01,-4.996501340923127282e+04
4.653484120871888008e-01,2.963545743753355777e-01,-4.995906008105945511e+04
4.666574090261845775e-01,2.515300548810903147e-01,-4.995778213927432807e+04
4.679664059651802988e-01,-2.846006576225793006e-01,-4.995824058082092233e+04
4.692754029041760755e-01,-2.391532110633398100e-01,-4.995389881974876334e+04
4.705843998431717967e-01,3.791079795503865535e-01,-4.994793870224973944e+04
4.718933967821675735e-01,3.340666671454317060e-01,-4.994695754991722060e+04
4.732023937211632947e-01,-3.342543481497212143e-01,-4.994756698545202380e+04
4.745113906601590714e-01,-3.265173869436608367e-01,-4.994307640017998347e+04
4.758203875991547926e-01,3.564738214300886554e-01,-4.993687470556189510e+04
4.771293845381505694e-01,3.964648282491225473e-01,-4.993583864787690254e+04
4.784383814771462906e-01,-2.466771683637372647e-01,-4.993670455911025056e+04
4.797473784161420673e-01,-2.995815994508902458e-01,-4.993249205414085736e+04
4.810563753551377886e-01,2.486604941136347224e-01,-4.992611361347147613e+04
4.823653722941335653e-01,3.347695958769415503e-01,-4.992463266996139282e+04
4.836743692331292865e-01,-1.228671563340912598e-01,-4.992555140314193704e+04
4.849833661721250633e-01,-1.696002431198241622e-01,-4.992186006828923564e+04
4.862923631111207845e-01,2.029224036902951278e-01,-4.991573501842898258e+04
4.876013600501165612e-01,1.999581038755590678e-01,-4.991392894663754851e+04
4.889103569891122825e-01,-1.714068193311084343e-01,-4.991438984665615862e+04
4.902193539281080592e-01,-1.204310022402527158e-01,-4.991062217734353908e+04
4.915283508671037804e-01,3.422003430771686228e-01,-4.990505621427496953e+04
4.928373478060995572e-01,2.113577480201948577e-01,-4.990390080632505851e+04
4.941463447450952784e-01,-3.893527558775979336e-01,-4.990409999821840029e+04
4.954553416840910551e-01,-3.003907626951620724e-01,-4.989946585387845698e+04
4.967643386230867764e-01,4.616018219689150270e-01,-4.989370460432680557e+04
4.980733355620825531e-01,4.138543547465101669e-01,-4.989333843336947029e+04
4.993823325010782743e-01,-4.070454815007564786e-01,-4.989424574873057281e+04
5.006913294400739955e-01,-4.475396018592459613e-01,-4.988951832905377523e+04
5.020003263790697723e-01,3.020826745088664445e-01,-4.988289746530128468e+04
5.033093233180654380e-01,4.847400861903051750e-01,-4.988188932759972522e+04
5.046183202570612147e-01,-8.309672385473855505e-02,-4.988358304917587520e+04
5.059273171960569915e-01,-2.533151601656405960e-01,-4.988023908589151688e+04
5.072363141350527682e-01,7.811445203549693787e-03,-4.987345449194998946e+04
5.085453110740484339e-01,2.225613774446116022e-01,-4.987088907651179761e+04
5.098543080130442107e-01,1.871068778374915531e-01,-4.987220926671015332e+04
5.111633049520399874e-01,1.024915633212440946e-01,-4.987012368289312872e+04
5.124723018910357641e-01,-1.729335057373843770e-02,-4.986443786419953540e+04
5.137812988300314299e-01,-8.904665827144432610e-02,-4.986159567709972180e+04
5.150902957690272066e-01,-3.283262924234256475e-02,-4.986168440756070777e+04
5.163992927080229833e-01,1.215479318381800788e-01,-4.985884850955700676e+04
5.177082896470187601e-01,3.406745915345071873e-01,-4.985428505451039382e+04
5.190172865860144258e-01,5.923006497463836374e-03,-4.985330595706384338e+04
5.203262835250102025e-01,-5.544067440474457209e-01,-4.985300451716855605e+04
5.216352804640059793e-01,-3.201034341206787093e-01,-4.984806861707827920e+04
5.229442774030017560e-01,6.634327109921693832e-01,-4.984309849780715012e+04
5.242532743419974217e-01,4.787347533085977713e-01,-4.984403020009848115e+04
5.255622712809931985e-01,-7.027697000836339303e-01,-4.984501184731604735e+04
5.268712682199889752e-01,-6.972719080350455734e-01,-4.983940111958103807e+04
5.281802651589847519e-01,4.986055205013583680e-01,-4.983285523508109327e+04
5.294892620979804176e-01,7.525043394508981187e-01,-4.983318107911060360e+04
5.307982590369761944e-01,-1.940913867420468453e-01,-4.983576791377224436e+04
5.321072559759719711e-01,-4.759289722992389726e-01,-4.983222594108244812e+04
5.334162529149677479e-01,-3.472966409352797046e-02,-4.982492615902298712e+04
5.347252498539634136e-01,4.135883273716650099e-01,-4.982251981364297535e+04
5.360342467929591903e-01,4.310908483962554993e-01,-4.982507710860198131e+04
5.373432437319549670e-01,1.709013528999532017e-01,-4.982427922346325067e+04
5.386522406709507438e-01,-3.191354630856538255e-01,-4.981828130989074998e+04
5.399612376099464095e-01,-2.185223397455990646e-01,-4.981426107403892820e+04
5.412702345489421862e-01,3.877765062514528793e-01,-4.981500765803247486e+04
5.425792314879379630e-01,4.882383913509706908e-01,-4.981433719385309087e+04
5.438882284269337397e-01,5.573309625044337023e-02,-4.981051954810462485e+04
5.451972253659294054e-01,-3.958489564390397231e-01,-4.980836467380960676e+04
5.465062223049251822e-01,-4.068440140706078845e-01,-4.980753057666611858e+04
5.478152192439209589e-01,1.798580902306006271e-02,-4.980378891296039365e+04
5.491242161829167356e-01,7.917768509873303051e-01,-4.980071560527302790e+04
5.504332131219124014e-01,1.980650910961232747e-01,-4.980250003655549517e+04
5.517422100609081781e-01,-1.174642812012991699e+00,-4.980227885881652037e+04
5.530512069999039548e-01,-8.403964509010882766e-01,-4.979531208459691697e+04
5.543602039388997316e-01,1.141079520230193323e+00,-4.979061226679502579e+04
5.556692008778953973e-01,1.032316354470288022e+00,-4.979445093925754918e+04
5.569781978168911740e-01,-1.072254938034278959e+00,-4.979674707172554190e+04
5.582871947558869508e-01,-1.201566405302270990e+00,-4.979000744162129558e+04
5.595961916948827275e-01,6.806060821873219924e-01,-4.978287651525233377e+04
5.609051886338783932e-01,1.244384084295559578e+00,-4.978452756188100466e+04
5.622141855728741699e-01,-8.822913517874281242e-02,-4.978894939284790598e+04
5.635231825118699467e-01,-6.182523860088282586e-01,-4.978626425162723899e+04
5.648321794508657234e-01,-2.361194046810020652e-01,-4.977840414113214501e+04
5.661411763898613891e-01,5.226252085883774656e-01,-4.977539369170095597e+04
5.674501733288571659e-01,8.946580083912012427e-01,-4.977949039496547630e+04
5.687591702678529426e-01,4.329795964627065619e-01,-4.978123008191168628e+04
5.700681672068487194e-01,-7.776170349994898645e-01,-4.977530406425773253e+04
5.713771641458443851e-01,-5.329032430640678886e-01,-4.976952276976583380e+04
5.726861610848401618e-01,9.318880167780092538e-01,-4.977107317189979949e+04
5.739951580238359385e-01,9.839755389904987215e-01,-4.977354099236066395e+04
5.753041549628317153e-01,-4.001651621819701243e-01,-4.977069377151370281e+04
5.766131519018273810e-01,-9.472362897757609090e-01,-4.976691583358056232e+04
5.779221488408231577e-01,-9.236231217539978000e-02,-4.976603395242187980e+04
5.792311457798189345e-01,4.749695012419502538e-01,-4.976466093738124619e+04
5.805401427188147112e-01,6.344134898630714448e-01,-4.976339032702949044e+04
5.818491396578103769e-01,-2.747595223550505228e-01,-4.976503751874367299e+04
5.831581365968061537e-01,-1.330116965074625401e+00,-4.976416557465498772e+04
5.844671335358019304e-01,-7.142271027399001992e-01,-4.975762774516735954e+04
5.857761304747977071e-01,1.456828295859665889e+00,-4.975501596702991810e+04
5.870851274137933729e-01,9.728122075229881371e-01,-4.976099336321733426e+04
5.883941243527891496e-01,-1.686690177395806955e+00,-4.976286348306466971e+04
5.897031212917849263e-01,-1.571510085889931352e+00,-4.975449298041294242e+04
5.910121182307807031e-01,1.310450898486126281e+00,-4.974866684399864607e+04
5.923211151697763688e-01,1.736258817050858605e+00,-4.975399605598071503e+04
5.936301121087721455e-01,-7.444006927288698838e-01,-4.975933350757440348e+04
5.949391090477679223e-01,-1.299585522825455364e+00,-4.975460672604374122e+04
5.962481059867636990e-01,1.878399483089318034e-01,-4.974632876004352147e+04
5.975571029257593647e-01,1.294020051013019534e+00,-4.974604529824953352e+04
5.988660998647551414e-01,8.884260564615262812e-01,-4.975291598861083185e+04
6.001750968037509182e-01,3.334454407391299752e-02,-4.975512091881110973e+04
6.014840937427466949e-01,-1.118730625502772691e+00,-4.974728083029728441e+04
6.027930906817423606e-01,-1.144064039891150159e-01,-4.974044368391411990e+04
6.041020876207381374e-01,2.056263109092104635e+00,-4.974569326160615310e+04
6.054110845597339141e-01,1.553931107163938563e+00,-4.975318226862260781e+04
6.067200814987296908e-01,-1.562890705500713073e+00,-4.974859788892885263e+04
6.080290784377253566e-01,-1.387696194182115317e+00,-4.973918796636161278e+04
6.093380753767211333e-01,2.006166634040831287e+00,-4.974064566908561392e+04
6.106470723157169100e-01,2.347419866825972257e+00,-4.974750639872624743e+04
6.119560692547126868e-01,-4.575981603490800742e-01,-4.974634604827609292e+04
6.132650661937083525e-01,-1.156080025206033257e+00,-4.973873390031881718e+04
6.145740631327041292e-01,1.249831037821755864e+00,-4.973387543291193288e+04
6.158830600716999060e-01,2.549262100930689279e+00,-4.973509851133827033e+04
6.171920570106956827e-01,2.580678865445830361e+00,-4.974724906794745766e+04
6.185010539496913484e-01,2.275210613483278799e+00,-4.981034490453453327e+04
6.198100508886871252e-01,2.690121973773888620e+00,-4.998696431634180772e+04
6.211190478276829019e-01,4.516638829361518503e+00,-5.030544207939153421e+04
6.224280447666786786e-01,7.994131004495803161e+00,-5.077295116031095677e+04
6.237370417056743443e-01,-6.093248723539438139e+00,-5.222044023635110352e+04
6.250460386446701211e-01,-2.943266457492779864e+01,-5.298426374623663287e+04
6.263550355836658978e-01,-3.705658257725672655e+01,-4.735151439392215252e+04
6.276640325226616746e-01,-1.341304633807957813e+01,-3.100745730943325907e+04
6.289730294616573403e-01,0.000000000000000000e+00,0.000000000000000000e+00
6.302820264006531170e-01,0.000000000000000000e+00,0.000000000000000000e+00
6.315910233396488938e-01,0.000000000000000000e+00,0.000000000000000000e+00
6.329000202786446705e-01,0.000000000000000000e+00,0.000000000000000000e+00
6.342090172176403362e-01,0.000000000000000000e+00,0.000000000000000000e+00
6.355180141566361129e-01,0.000000000000000000e+00,0.000000000000000000e+00
6.368270110956318897e-01,0.000000000000000000e+00,0.000000000000000000e+00
6.381360080346276664e-01,0.000000000000000000e+00,0.000000000000000000e+00
6.394450049736233321e-01,0.000000000000000000e+00,0.000000000000000000e+00
6.407540019126191089e-01,0.000000000000000000e+00,0.000000000000000000e+00
6.420629988516148856e-01,0.000000000000000000e+00,0.000000000000000000e+00
6.433719957906106623e-01,0.000000000000000000e+00,0.000000000000000000e+00
6.446809927296063281e-01,0.000000000000000000e+00,0.000000000000000000e+00
6.459899896686021048e-01,0.000000000000000000e+00,0.000000000000000000e+00
6.472989866075978815e-01,0.000000000000000000e+00,0.000000000000000000e+00
6.486079835465936583e-01,0.000000000000000000e+00,0.000000000000000000e+00
6.499169804855893240e-01,0.000000000000000000e+00,0.000000000000000000e+00
6.512259774245851007e-01,0.000000000000000000e+00,0.000000000000000000e+00
6.525349743635808775e-01,0.000000000000000000e+00,0.000000000000000000e+00
6.538439713025766542e-01,0.000000000000000000e+00,0.000000000000000000e+00
6.551529682415723199e-01,0.000000000000000000e+00,0.000000000000000000e+00
6.564619651805680967e-01,0.000000000000000000e+00,0.000000000000000000e+00
6.577709621195638734e-01,0.000000000000000000e+00,0.000000000000000000e+00
6.590799590585596501e-01,0.000000000000000000e+00,0.000000000000000000e+00
6.603889559975553158e-01,0.000000000000000000e+00,0.000000000000000000e+00
6.616979529365510926e-01,0.000000000000000000e+00,0.000000000000000000e+00
6.630069498755468693e-01,0.000000000000000000e+00,0.000000000000000000e+00
6.643159468145426461e-01,0.000000000000000000e+00,0.000000000000000000e+00
6.656249437535383118e-01,0.000000000000000000e+00,0.000000000000000000e+00
6.669339406925340885e-01,0.000000000000000000e+00,0.000000000000000000e+00
6.682429376315298653e-01,0.000000000000000000e+00,0.000000000000000000e+00
6.695519345705256420e-01,0.000000000000000000e+00,0.000000000000000000e+00
6.708609315095213077e-01,0.000000000000000000e+00,0.000000000000000000e+00
6.721699284485170844e-01,0.000000000000000000e+00,0.000000000000000000e+00
6.734789253875128612e-01,0.000000000000000000e+00,0.000000000000000000e+00
6.747879223265086379e-01,0.000000000000000000e+00,0.000000000000000000e+00
6.760969192655043036e-01,0.000000000000000000e+00,0.000000000000000000e+00
6.774059162045000804e-01,0.000000000000000000e+00,0.000000000000000000e+00
6.787149131434958571e-01,0.000000000000000000e+00,0.000000000000000000e+00
6.800239100824916338e-01,0.000000000000000000e+00,0.000000000000000000e+00
6.813329070214872996e-01,0.000000000000000000e+00,0.000000000000000000e+00
6.826419039604830763e-01,0.000000000000000000e+00,0.000000000000000000e+00
6.839509008994788530e-01,0.000000000000000000e+00,0.000000000000000000e+00
6.852598978384746298e-01,0.000000000000000000e+00,0.000000000000000000e+00
6.865688947774702955e-01,0.000000000000000000e+00,0.000000000000000000e+00
6.878778917164660722e-01,0.000000000000000000e+00,0.000000000000000000e+00
6.891868886554618490e-01,0.000000000000000000e+00,0.000000000000000000e+00
6.904958855944576257e-01,0.000000000000000000e+00,0.000000000000000000e+00
6.918048825334532914e-01,0.000000000000000000e+00,0.000000000000000000e+00
6.931138794724490682e-01,0.000000000000000000e+00,0.000000000000000000e+00
6.944228764114448449e-01,0.000000000000000000e+00,0.000000000000000000e+00
6.957318733504406216e-01,0.000000000000000000e+00,0.000000000000000000e+00
6.970408702894362873e-01,0.000000000000000000e+00,0.000000000000000000e+00
6.983498672284320641e-01,0.000000000000000000e+00,0.000000000000000000e+00
6.996588641674278408e-01,0.000000000000000000e+00,0.000000000000000000e+00
7.009678611064236176e-01,0.000000000000000000e+00,0.000000000000000000e+00
7.022768580454192833e-01,0.000000000000000000e+00,0.000000000000000000e+00
7.035858549844150600e-01,0.000000000000000000e+00,0.000000000000000000e+00
7.048948519234108367e-01,0.000000000000000000e+00,0.000000000000000000e+00
7.062038488624066135e-01,0.000000000000000000e+00,0.000000000000000000e+00
7.075128458014022792e-01,0.000000000000000000e+00,0.000000000000000000e+00
7.088218427403980559e-01,0.000000000000000000e+00,0.000000000000000000e+00
7.101308396793938327e-01,0.000000000000000000e+00,0.000000000000000000e+00
7.114398366183896094e-01,0.000000000000000000e+00,0.000000000000000000e+00
7.127488335573852751e-01,0.000000000000000000e+00,0.000000000000000000e+00
7.140578304963810519e-01,0.000000000000000000e+00,0.000000000000000000e+00
7.153668274353768286e-01,0.000000000000000000e+00,0.000000000000000000e+00
7.166758243743726053e-01,0.000000000000000000e+00,0.000000000000000000e+00
7.179848213133682711e-01,0.000000000000000000e+00,0.000000000000000000e+00
7.192938182523640478e-01,0.000000000000000000e+00,0.000000000000000000e+00
7.206028151913598245e-01,0.000000000000000000e+00,0.000000000000000000e+00
7.219118121303556013e-01,0.000000000000000000e+00,0.000000000000000000e+00
7.232208090693512670e-01,0.000000000000000000e+00,0.000000000000000000e+00
7.245298060083470437e-01,0.000000000000000000e+00,0.000000000000000000e+00
7.258388029473428205e-01,0.000000000000000000e+00,0.000000000000000000e+00
7.271477998863385972e-01,0.000000000000000000e+00,0.000000000000000000e+00
7.284567968253342629e-01,0.000000000000000000e+00,0.000000000000000000e+00
7.297657937643300397e-01,0.000000000000000000e+00,0.000000000000000000e+00
7.310747907033258164e-01,0.000000000000000000e+00,0.000000000000000000e+00
7.323837876423215931e-01,0.000000000000000000e+00,0.000000000000000000e+00
7.336927845813172588e-01,0.000000000000000000e+00,0.000000000000000000e+00
7.350017815203130356e-01,0.000000000000000000e+00,0.000000000000000000e+00
7.363107784593088123e-01,0.000000000000000000e+00,0.000000000000000000e+00
7.376197753983045891e-01,0.000000000000000000e+00,0.000000000000000000e+00
7.389287723373002548e-01,0.000000000000000000e+00,0.000000000000000000e+00
7.402377692762960315e-01,0.000000000000000000e+00,0.000000000000000000e+00
7.415467662152918082e-01,0.000000000000000000e+00,0.000000000000000000e+00
7.428557631542875850e-01,0.000000000000000000e+00,0.000000000000000000e+00
7.441647600932832507e-01,0.000000000000000000e+00,0.000000000000000000e+00
7.454737570322790274e-01,0.000000000000000000e+00,0.000000000000000000e+00
7.467827539712748042e-01,0.000000000000000000e+00,0.000000000000000000e+00
7.480917509102705809e-01,0.000000000000000000e+00,0.000000000000000000e+00
7.494007478492662466e-01,0.000000000000000000e+00,0.000000000000000000e+00
7.507097447882620234e-01,0.000000000000000000e+00,0.000000000000000000e+00
7.520187417272578001e-01,0.000000000000000000e+00,0.000000000000000000e+00
7.533277386662535768e-01,0.000000000000000000e+00,0.000000000000000000e+00
7.546367356052492426e-01,0.000000000000000000e+00,0.000000000000000000e+00
7.559457325442450193e-01,0.000000000000000000e+00,0.000000000000000000e+00
7.572547294832407960e-01,0.000000000000000000e+00,0.000000000000000000e+00
7.585637264222365728e-01,0.000000000000000000e+00,0.000000000000000000e+00
7.598727233612322385e-01,0.000000000000000000e+00,0.000000000000000000e+00
7.611817203002280152e-01,0.000000000000000000e+00,0.000000000000000000e+00
7.624907172392237920e-01,0.000000000000000000e+00,0.000000000000000000e+00
7.637997141782195687e-01,0.000000000000000000e+00,0.000000000000000000e+00
7.651087111172152344e-01,0.000000000000000000e+00,0.000000000000000000e+00
7.664177080562110111e-01,0.000000000000000000e+00,0.000000000000000000e+00
7.677267049952067879e-01,0.000000000000000000e+00,0.000000000000000000e+00
7.690357019342025646e-01,0.000000000000000000e+00,0.000000000000000000e+00
7.703446988731982303e-01,0.000000000000000000e+00,0.000000000000000000e+00
7.716536958121940071e-01,0.000000000000000000e+00,0.000000000000000000e+00
7.729626927511897838e-01,0.000000000000000000e+00,0.000000000000000000e+00
7.742716896901855606e-01,0.000000000000000000e+00,0.000000000000000000e+00
7.755806866291812263e-01,0.000000000000000000e+00,0.000000000000000000e+00
7.768896835681770030e-01,0.000000000000000000e+00,0.000000000000000000e+00
7.781986805071727797e-01,0.000000000000000000e+00,0.000000000000000000e+00
7.795076774461685565e-01,0.000000000000000000e+00,0.000000000000000000e+00
7.808166743851642222e-01,0.000000000000000000e+00,0.000000000000000000e+00
7.821256713241599989e-01,0.000000000000000000e+00,0.000000000000000000e+00
7.834346682631557757e-01,0.000000000000000000e+00,0.000000000000000000e+00
7.847436652021515524e-01,0.000000000000000000e+00,0.000000000000000000e+00
7.860526621411472181e-01,0.000000000000000000e+00,0.000000000000000000e+00
7.873616590801429949e-01,0.000000000000000000e+00,0.000000000000000000e+00
7.886706560191387716e-01,0.000000000000000000e+00,0.000000000000000000e+00
7.899796529581345483e-01,0.000000000000000000e+00,0.000000000000000000e+00
7.912886498971302141e-01,0.000000000000000000e+00,0.000000000000000000e+00
7.925976468361259908e-01,0.000000000000000000e+00,0.000000000000000000e+00
7.939066437751217675e-01,0.000000000000000000e+00,0.000000000000000000e+00
7.952156407141175443e-01,0.000000000000000000e+00,0.000000000000000000e+00
7.965246376531132100e-01,0.000000000000000000e+00,0.000000000000000000e+00
7.978336345921089867e-01,0.000000000000000000e+00,0.000000000000000000e+00
7.991426315311047635e-01,0.000000000000000000e+00,0.000000000000000000e+00
8.004516284701005402e-01,0.000000000000000000e+00,0.000000000000000000e+00
8.017606254090962059e-01,0.000000000000000000e+00,0.000000000000000000e+00
8.030696223480919826e-01,0.000000000000000000e+00,0.000000000000000000e+00
8.043786192870877594e-01,0.000000000000000000e+00,0.000000000000000000e+00
8.056876162260835361e-01,0.000000000000000000e+00,0.000000000000000000e+00
8.069966131650792018e-01,0.000000000000000000e+00,0.000000000000000000e+00
8.083056101040749786e-01,0.000000000000000000e+00,0.000000000000000000e+00
8.096146070430707553e-01,0.000000000000000000e+00,0.000000000000000000e+00
8.109236039820665320e-01,0.000000000000000000e+00,0.000000000000000000e+00
8.122326009210621978e-01,0.000000000000000000e+00,0.000000000000000000e+00
8.135415978600579745e-01,0.000000000000000000e+00,0.000000000000000000e+00
8.148505947990537512e-01,0.000000000000000000e+00,0.000000000000000000e+00
8.161595917380495280e-01,0.000000000000000000e+00,0.000000000000000000e+00
8.174685886770451937e-01,0.000000000000000000e+00,0.000000000000000000e+00
8.187775856160409704e-01,0.000000000000000000e+00,0.000000000000000000e+00
8.200865825550367472e-01,0.000000000000000000e+00,0.000000000000000000e+00
8.213955794940325239e-01,0.000000000000000000e+00,0.000000000000000000e+00
8.227045764330281896e-01,0.000000000000000000e+00,0.000000000000000000e+00
8.240135733720239664e-01,0.000000000000000000e+00,0.000000000000000000e+00
8.253225703110197431e-01,0.000000000000000000e+00,0.000000000000000000e+00
8.266315672500155198e-01,0.000000000000000000e+00,0.000000000000000000e+00
8.279405641890111855e-01,0.000000000000000000e+00,0.000000000000000000e+00
8.292495611280069623e-01,0.000000000000000000e+00,0.000000000000000000e+00
8.305585580670027390e-01,0.000000000000000000e+00,0.000000000000000000e+00
8.318675550059985158e-01,0.000000000000000000e+00,0.000000000000000000e+00
8.331765519449941815e-01,0.000000000000000000e+00,0.000000000000000000e+00
8.344855488839899582e-01,0.000000000000000000e+00,0.000000000000000000e+00
8.357945458229857350e-01,0.000000000000000000e+00,0.000000000000000000e+00
8.371035427619815117e-01,0.000000000000000000e+00,0.000000000000000000e+00
8.384125397009771774e-01,0.000000000000000000e+00,0.000000000000000000e+00
8.397215366399729541e-01,0.000000000000000000e+00,0.000000000000000000e+00
8.410305335789687309e-01,0.000000000000000000e+00,0.000000000000000000e+00
8.423395305179645076e-01,0.000000000000000000e+00,0.000000000000000000e+00
8.436485274569601733e-01,0.000000000000000000e+00,0.000000000000000000e+00
8.449575243959559501e-01,0.000000000000000000e+00,0.000000000000000000e+00
8.462665213349517268e-01,0.000000000000000000e+00,0.000000000000000000e+00
8.475755182739475035e-01,0.000000000000000000e+00,0.000000000000000000e+00
8.488845152129431693e-01,0.000000000000000000e+00,0.000000000000000000e+00
8.501935121519389460e-01,0.000000000000000000e+00,0.000000000000000000e+00
8.515025090909347227e-01,0.000000000000000000e+00,0.000000000000000000e+00
8.528115060299304995e-01,0.000000000000000000e+00,0.000000000000000000e+00
8.541205029689261652e-01,0.000000000000000000e+00,0.000000000000000000e+00
8.554294999079219419e-01,0.000000000000000000e+00,0.000000000000000000e+00
8.567384968469177187e-01,0.000000000000000000e+00,0.000000000000000000e+00
8.580474937859134954e-01,0.000000000000000000e+00,0.000000000000000000e+00
8.593564907249091611e-01,0.000000000000000000e+00,0.000000000000000000e+00
8.606654876639049379e-01,0.000000000000000000e+00,0.000000000000000000e+00
8.619744846029007146e-01,0.000000000000000000e+00,0.000000000000000000e+00
8.632834815418964913e-01,0.000000000000000000e+00,0.000000000000000000e+00
8.645924784808921570e-01,0.000000000000000000e+00,0.000000000000000000e+00
8.659014754198879338e-01,0.000000000000000000e+00,0.000000000000000000e+00
8.672104723588837105e-01,0.000000000000000000e+00,0.000000000000000000e+00
8.685194692978794873e-01,0.000000000000000000e+00,0.000000000000000000e+00
8.698284662368751530e-01,0.000000000000000000e+00,0.000000000000000000e+00
8.711374631758709297e-01,0.000000000000000000e+00,0.000000000000000000e+00
8.724464601148667064e-01,0.000000000000000000e+00,0.000000000000000000e+00
8.737554570538624832e-01,0.000000000000000000e+00,0.000000000000000000e+00
8.750644539928581489e-01,0.000000000000000000e+00,0.000000000000000000e+00
8.763734509318539256e-01,0.000000000000000000e+00,0.000000000000000000e+00
8.776824478708497024e-01,0.000000000000000000e+00,0.000000000000000000e+00
8.789914448098454791e-01,0.000000000000000000e+00,0.000000000000000000e+00
8.803004417488411448e-01,0.000000000000000000e+00,0.000000000000000000e+00
8.816094386878369216e-01,0.000000000000000000e+00,0.000000000000000000e+00
8.829184356268326983e-01,0.000000000000000000e+00,0.000000000000000000e+00
8.842274325658284750e-01,0.000000000000000000e+00,0.000000000000000000e+00
8.855364295048241408e-01,0.000000000000000000e+00,0.000000000000000000e+00
8.868454264438199175e-01,0.000000000000000000e+00,0.000000000000000000e+00
8.881544233828156942e-01,0.000000000000000000e+00,0.000000000000000000e+00
8.894634203218114710e-01,0.000000000000000000e+00,0.000000000000000000e+00
8.907724172608071367e-01,0.000000000000000000e+00,0.000000000000000000e+00
8.920814141998029134e-01,0.000000000000000000e+00,0.000000000000000000e+00
8.933904111387986902e-01,0.000000000000000000e+00,0.000000000000000000e+00
8.946994080777944669e-01,0.000000000000000000e+00,0.000000000000000000e+00
8.960084050167901326e-01,0.000000000000000000e+00,0.000000000000000000e+00
8.973174019557859094e-01,0.000000000000000000e+00,0.000000000000000000e+00
8.986263988947816861e-01,0.000000000000000000e+00,0.000000000000000000e+00
8.999353958337774628e-01,0.000000000000000000e+00,0.000000000000000000e+00
9.012443927727731285e-01,0.000000000000000000e+00,0.000000000000000000e+00
9.025533897117689053e-01,0.000000000000000000e+00,0.000000000000000000e+00
9.038623866507646820e-01,0.000000000000000000e+00,0.000000000000000000e+00
9.051713835897604588e-01,0.000000000000000000e+00,0.000000000000000000e+00
9.064803805287561245e-01,0.000000000000000000e+00,0.000000000000000000e+00
9.077893774677519012e-01,0.000000000000000000e+00,0.000000000000000000e+00
9.090983744067476779e-01,0.000000000000000000e+00,0.000000000000000000e+00
9.104073713457434547e-01,0.000000000000000000e+00,0.000000000000000000e+00
9.117163682847391204e-01,0.000000000000000000e+00,0.000000000000000000e+00
9.130253652237348971e-01,0.000000000000000000e+00,0.000000000000000000e+00
9.143343621627306739e-01,0.000000000000000000e+00,0.000000000000000000e+00
9.156433591017264506e-01,0.000000000000000000e+00,0.000000000000000000e+00
9.169523560407221163e-01,0.000000000000000000e+00,0.000000000000000000e+00
9.182613529797178931e-01,0.000000000000000000e+00,0.000000000000000000e+00
9.195703499187136698e-01,0.000000000000000000e+00,0.000000000000000000e+00
9.208793468577094465e-01,0.000000000000000000e+00,0.000000000000000000e+00
9.221883437967051123e-01,0.000000000000000000e+00,0.000000000000000000e+00
9.234973407357008890e-01,0.000000000000000000e+00,0.000000000000000000e+00
9.248063376746966657e-01,0.000000000000000000e+00,0.000000000000000000e+00
9.261153346136924425e-01,0.000000000000000000e+00,0.000000000000000000e+00
9.274243315526881082e-01,0.000000000000000000e+00,0.000000000000000000e+00
9.287333284916838849e-01,0.000000000000000000e+00,0.000000000000000000e+00
9.300423254306796617e-01,0.000000000000000000e+00,0.000000000000000000e+00
9.313513223696754384e-01,0.000000000000000000e+00,0.000000000000000000e+00
9.326603193086711041e-01,0.000000000000000000e+00,0.000000000000000000e+00
9.339693162476668808e-01,0.000000000000000000e+00,0.000000000000000000e+00
9.352783131866626576e-01,0.000000000000000000e+00,0.000000000000000000e+00
9.365873101256584343e-01,0.000000000000000000e+00,0.000000000000000000e+00
9.378963070646541000e-01,0.000000000000000000e+00,0.000000000000000000e+00
9.392053040036498768e-01,0.000000000000000000e+00,0.000000000000000000e+00
9.405143009426456535e-01,0.000000000000000000e+00,0.000000000000000000e+00
9.418232978816414303e-01,0.000000000000000000e+00,0.000000000000000000e+00
9.431322948206370960e-01,1.501764632403774691e+01,-3.140753774786425129e+04
9.444412917596328727e-01,2.033225015005617564e+01,-4.755576347298916517e+04
9.457502886986286494e-01,1.612315082411881306e+01,-5.303499837260280765e+04
9.470592856376244262e-01,2.969705061059861428e+00,-5.220382464067309047e+04
9.483682825766200919e-01,-6.318131770538297332e+00,-5.076101420456603228e+04
9.496772795156158686e-01,-6.273703241022700716e+00,-5.030352793866300635e+04
9.509862764546116454e-01,-5.506880519835937626e+00,-4.998140297963855846e+04
9.522952733936074221e-01,-3.667353462984529244e+00,-4.980242189477679494e+04
9.536042703326030878e-01,-2.162605229700983234e+00,-4.974495486127247568e+04
9.549132672715988646e-01,-1.756166429637154192e+00,-4.973943949152132700e+04
9.562222642105946413e-01,-1.682536670968645343e+00,-4.973912590800685575e+04
9.575312611495904180e-01,-1.685663017998991764e+00,-4.973799330211151391e+04
9.588402580885860838e-01,-9.437566112935227292e-01,-4.973976593470180524e+04
9.601492550275818605e-01,-4.236190799530697645e-03,-4.974547225731374056e+04
9.614582519665776372e-01,-1.461144148338651694e-01,-4.974791583539912972e+04
9.627672489055734140e-01,-1.181806323434398287e+00,-4.974412673796812305e+04
9.640762458445690797e-01,-8.816015453629723053e-01,-4.974215144537352899e+04
9.653852427835648564e-01,4.996864763284578070e-01,-4.974674717490690091e+04
9.666942397225606332e-01,5.348284068610058561e-01,-4.975034785110858502e+04
9.680032366615564099e-01,-7.933774826201953623e-01,-4.974739753631836356e+04
9.693122336005520756e-01,-8.634269604928016539e-01,-4.974491173113546392e+04
9.706212305395478523e-01,4.807872981166762538e-01,-4.974895781630921556e+04
9.719302274785436291e-01,7.255844736558090258e-01,-4.975289002270019409e+04
9.732392244175394058e-01,-3.365046180729891478e-01,-4.975090490230610885e+04
9.745482213565350715e-01,-6.920835569999992387e-01,-4.974902880774366349e+04
9.758572182955308483e-01,1.301738534045947249e-01,-4.975235917730652000e+04
9.771662152345266250e-01,4.627223342248614202e-01,-4.975516910215125245e+04
9.784752121735224017e-01,3.060016919087145751e-02,-4.975369534869870404e+04
9.797842091125180675e-01,-3.143150335623102198e-01,-4.975355516079582594e+04
9.810932060515138442e-01,-1.060276174686671374e-01,-4.975713329167979828e+04
9.824022029905096209e-01,1.031265041178875269e-01,-4.975867776076815790e+04
9.837111999295053977e-01,1.008571668219417489e-01,-4.975692673070145975e+04
9.850201968685010634e-01,-4.953399497069287116e-02,-4.975798540409310226e+04
9.863291938074968401e-01,-1.143411658130758651e-01,-4.976225184047653602e+04
9.876381907464926169e-01,-8.106953461930963001e-02,-4.976332384599360375e+04
9.889471876854883936e-01,-5.628410885839291861e-02,-4.976107603036533692e+04
9.902561846244840593e-01,-9.346817068465580747e-03,-4.976234514988621231e+04
9.915651815634798361e-01,5.257466946834056520e-02,-4.976729044967272057e+04
9.928741785024756128e-01,-2.809943773371822301e-02,-4.976883101513741713e+04
9.941831754414713895e-01,-2.775359616064868029e-01,-4.976628666090250772e+04
9.954921723804670552e-01,-1.292356132651226175e-01,-4.976700467431765719e+04
9.968011693194628320e-01,2.835630708135707390e-01,-4.977237841802012554e+04
9.981101662584586087e-01,1.919182676969082568e-01,-4.977497576511037914e+04
9.994191631974543855e-01,-3.977764456270775351e-01,-4.977252876597394061e+04
1.000728160136449940e+00,-3.151290039881388672e-01,-4.977235581170447404e+04
1.002037157075445828e+00,3.610033112017432821e-01,-4.977753088098360604e+04
1.003346154014441494e+00,3.766409527114706890e-01,-4.978095850857519690e+04
1.004655150953437159e+00,-2.721053374693562232e-01,-4.977922268627557060e+04
1.005964147892432825e+00,-3.541360951376082422e-01,-4.977897072715234390e+04
1.007273144831428713e+00,2.128650463499480172e-01,-4.978363896558012493e+04
1.008582141770424379e+00,3.216819273199265083e-01,-4.978685094643672346e+04
1.009891138709420044e+00,-4.891761635549673332e-02,-4.978571153662496363e+04
1.011200135648415710e+00,-2.116055101869830923e-01,-4.978631058357383881e+04
1.012509132587411598e+00,9.575130795538943208e-05,-4.979080978146937559e+04
1.013818129526407263e+00,1.062965191670992571e-01,-4.979318852392653207e+04
1.015127126465402929e+00,8.434198519358729329e-02,-4.979216901514177152e+04
1.016436123404398595e+00,-2.165477286445331370e-02,-4.979384886973055836e+04
1.017745120343394483e+00,-1.001473149272043700e-01,-4.979868397425121657e+04
1.019054117282390148e+00,-7.839180134596568372e-02,-4.980041340667394252e+04
1.020363114221385814e+00,3.639938446938953409e-02,-4.979907880049109372e+04
1.021672111160381480e+00,5.727864592658245269e-02,-4.980126476246523816e+04
1.022981108099377368e+00,-3.227126625749678762e-02,-4.980666860727081803e+04
1.024290105038373033e+00,-9.168486101639120034e-02,-4.980848845940418687e+04
1.025599101977368699e+00,-1.114869372877661108e-01,-4.980685132303569844e+04
1.026908098916364365e+00,-9.257496351020175207e-03,-4.980881336061047477e+04
1.028217095855360252e+00,1.132686741784029033e-01,-4.981460076554842090e+04
1.029526092794355918e+00,3.433724322991392464e-02,-4.981705729865765170e+04
1.030835089733351584e+00,-2.311532413231347782e-01,-4.981540410498258279e+04
1.032144086672347250e+00,-1.427777651781895196e-01,-4.981681334586557205e+04
1.033453083611343137e+00,2.090841481574320926e-01,-4.982262791438713612e+04
1.034762080550338803e+00,1.754144622448932378e-01,-4.982574695948533918e+04
1.036071077489334469e+00,-2.369434106342621082e-01,-4.982441340524212865e+04
1.037380074428330134e+00,-2.296260966605142284e-01,-4.982552960679367243e+04
1.038689071367326022e+00,1.862117906457625705e-01,-4.983112366320344154e+04
1.039998068306321688e+00,2.075476268587470585e-01,-4.983443700650458777e+04
1.041307065245317354e+00,-1.698866116285742689e-01,-4.983346936613395519e+04
1.042616062184313019e+00,-2.157352953395349215e-01,-4.983480643780127139e+04
1.043925059123308907e+00,1.127344029217463989e-01,-4.984029993575732806e+04
1.045234056062304573e+00,1.393877445789661329e-01,-4.984341074875613413e+04
1.046543053001300239e+00,-1.418775028459703935e-01,-4.984253911446362326e+04
1.047852049940295904e+00,-1.633506104810439341e-01,-4.984425231205376622e+04
1.049161046879291792e+00,9.532709298381648877e-02,-4.984992708481117734e+04
1.050470043818287458e+00,8.350917113109337930e-02,-4.985291530133425113e+04
1.051779040757283123e+00,-1.974828227064208963e-01,-4.985190903561146843e+04
1.053088037696278789e+00,-1.580917231298578640e-01,-4.985371301000461244e+04
1.054397034635274677e+00,1.620462916274356679e-01,-4.985968652515792201e+04
1.055706031574270343e+00,1.158882898048037707e-01,-4.986291770540714060e+04
1.057015028513266008e+00,-2.878433419578388941e-01,-4.986178899312199064e+04
1.058324025452261674e+00,-2.227247045039424111e-01,-4.986330933058069058e+04
1.059633022391257562e+00,2.447074666355623929e-01,-4.986943066407627339e+04
1.060942019330253228e+00,2.059780954965568789e-01,-4.987312763018143596e+04
1.062251016269248893e+00,-3.308998310467635151e-01,-4.987209197217866313e+04
1.063560013208244559e+00,-2.962725594511335658e-01,-4.987328992348301836e+04
1.064869010147240447e+00,2.716189894819835415e-01,-4.987934689125529985e+04
1.066178007086236112e+00,2.633244136419145009e-01,-4.988336071361707582e+04
1.067487004025231778e+00,-3.189171428117760221e-01,-4.988253190201258985e+04
1.068796000964227444e+00,-3.227827713209160954e-01,-4.988364672055450501e+04
1.070104997903223332e+00,2.522147813745716505e-01,-4.988960275742670638e+04
1.071413994842218997e+00,2.603534181232928235e-01,-4.989366858442330704e+04
1.072722991781214663e+00,-2.995286318899748612e-01,-4.989297469804679713e+04
1.074031988720210329e+00,-3.113109069632290504e-01,-4.989420261334589304e+04
1.075340985659206217e+00,2.356887445121355618e-01,-4.990016941334481817e+04
1.076649982598201882e+00,2.393159681659090543e-01,-4.990418727889488946e+04
1.077958979537197548e+00,-3.009283350420645098e-01,-4.990349497491975490e+04
1.079267976476193214e+00,-2.996061605449242826e-01,-4.990481278269900940e+04
1.080576973415189102e+00,2.409734056971852278e-01,-4.991088043561481754e+04
1.081885970354184767e+00,2.332901814038985944e-01,-4.991493302000161202e+04
1.083194967293180433e+00,-3.209712779040719277e-01,-4.991417868064394133e+04
1.084503964232176099e+00,-3.013152652015191890e-01,-4.991543770135300292e+04
1.085812961171171986e+00,2.721041932904402771e-01,-4.992160789085840952e+04
1.087121958110167652e+00,2.566720334664148728e-01,-4.992584192566281854e+04
1.088430955049163318e+00,-3.444093424908528656e-01,-4.992509857879595074e+04
1.089739951988158984e+00,-3.297545145641457287e-01,-4.992619267326441332e+04
1.091048948927154871e+00,2.869783833399059403e-01,-4.993229722725521424e+04
1.092357945866150537e+00,2.877879029205243078e-01,-4.993664980944819399e+04
1.093666942805146203e+00,-3.272735115502079517e-01,-4.993606849441601662e+04
1.094975939744141868e+00,-3.452582064048282384e-01,-4.993721259844724409e+04
1.096284936683137756e+00,2.513908069287304481e-01,-4.994320073383681301e+04
1.097593933622133422e+00,2.704542661455648367e-01,-4.994740559384314838e+04
1.098902930561129088e+00,-2.917748709463893197e-01,-4.994685362822850584e+04
1.100211927500124753e+00,-3.148872286511978369e-01,-4.994818307753134286e+04
1.101520924439120641e+00,2.226815965378400319e-01,-4.995424434828956146e+04
1.102829921378116307e+00,2.313985586648449055e-01,-4.995834684368343005e+04
1.104138918317111973e+00,-2.905182422570014578e-01,-4.995767490351777815e+04
1.105447915256107638e+00,-2.833255405252802506e-01,-4.995899172270454437e+04
1.106756912195103526e+00,2.459854129596406036e-01,-4.996514546777862415e+04
1.108065909134099192e+00,2.321702652837712710e-01,-4.996933493988501868e+04
1.109374906073094857e+00,-3.219797764848959520e-01,-4.996861976073063852e+04
1.110683903012090523e+00,-2.995134830764254463e-01,-4.996979354497772147e+04
1.111992899951086411e+00,2.807667396063063259e-01,-4.997589526605846186e+04
1.113301896890082077e+00,2.736812617598409769e-01,-4.998016631501746451e+04
1.114610893829077742e+00,-3.196580164942974811e-01,-4.997955638783676113e+04
1.115919890768073408e+00,-3.375405973573328278e-01,-4.998071412076218985e+04
1.117228887707069296e+00,2.397365100794261461e-01,-4.998662846479779546e+04
1.118537884646064962e+00,2.703743970991723811e-01,-4.999072177488289162e+04
1.119846881585060627e+00,-2.521438941768372466e-01,-4.999022529171326460e+04
1.121155878524056293e+00,-3.065576488151970924e-01,-4.999165449788427941e+04
1.122464875463052181e+00,1.587049059063797007e-01,-4.999751387692932622e+04
1.123773872402047846e+00,1.901504965281878845e-01,-5.000125469085584336e+04
1.125082869341043512e+00,-2.182602701242903065e-01,-5.000058440429571783e+04
1.126391866280039178e+00,-2.260633253654265318e-01,-5.000218901395040302e+04
1.127700863219035066e+00,1.736978445593185816e-01,-5.000826282019617793e+04
1.129009860158030731e+00,1.566451638194520102e-01,-5.001199213611081359e+04
1.130318857097026397e+00,-2.731155000426881974e-01,-5.001103805760185060e+04
1.131627854036022063e+00,-2.206132546408964279e-01,-5.001234338710639713e+04
1.132936850975017951e+00,2.646974370145223077e-01,-5.001850169977790210e+04
1.134245847914013616e+00,2.281345873959092774e-01,-5.002255154601289541e+04
1.135554844853009282e+00,-3.228055047776806075e-01,-5.002162219899247430e+04
1.136863841792004948e+00,-2.954749663728715170e-01,-5.002256319428649294e+04
1.138172838731000835e+00,2.853691510191537217e-01,-5.002844710797868902e+04
1.139481835669996501e+00,2.900887721970141220e-01,-5.003255072397930780e+04
1.140790832608992167e+00,-2.829537183889361818e-01,-5.003186961171622534e+04
1.142099829547987833e+00,-3.318418320602384286e-01,-5.003292121119326475e+04
1.143408826486983720e+00,1.917922749731139354e-01,-5.003849471249453927e+04
1.144717823425979386e+00,2.408653148114106024e-01,-5.004215522978673835e+04
1.146026820364975052e+00,-1.950272063530882061e-01,-5.004150957675118116e+04
1.147335817303970718e+00,-2.639087784669275072e-01,-5.004298515900909842e+04
1.148644814242966605e+00,1.007840361560309039e-01,-5.004858055341036379e+04
1.149953811181962271e+00,1.345758276055948610e-01,-5.005177815698250197e+04
1.151262808120957937e+00,-1.686722829777433652e-01,-5.005080492064914142e+04
1.152571805059953602e+00,-1.673768502918458190e-01,-5.005239510115277517e+04
1.153880801998949490e+00,1.354874109634496837e-01,-5.005826324800714065e+04
1.155189798937945156e+00,1.054970674283523119e-01,-5.006150626731736702e+04
1.156498795876940822e+00,-2.500406717158451531e-01,-5.006014026695957000e+04
1.157807792815936487e+00,-1.655154722421142699e-01,-5.006125422252268618e+04
1.159116789754932375e+00,2.746630934274248426e-01,-5.006724722157710494e+04
1.160425786693928041e+00,2.036365797236204533e-01,-5.007097639667039039e+04
1.161734783632923707e+00,-3.641867375763296888e-01,-5.006953355844898033e+04
1.163043780571919372e+00,-2.808378889885189134e-01,-5.006998696771736286e+04
1.164352777510915260e+00,3.709989670098522430e-01,-5.007570994453410822e+04
1.165661774449910926e+00,3.306506588142780756e-01,-5.007976077320610057e+04
1.166970771388906591e+00,-3.956335549830740095e-01,-5.007857344830759394e+04
1.168279768327902257e+00,-4.011985109834249608e-01,-5.007881880193918914e+04
1.169588765266898145e+00,3.192133143729821709e-01,-5.008406822522341827e+04
1.170897762205893811e+00,3.505158749800967866e-01,-5.008781991532000393e+04
1.172206759144889476e+00,-3.160989913046078348e-01,-5.008685540014517755e+04
1.173515756083885142e+00,-4.025463168133783243e-01,-5.008749794719993224e+04
1.174824753022881030e+00,1.762117001425538010e-01,-5.009249216785960743e+04
1.176133749961876696e+00,2.420663867965103244e-01,-5.009553462032582320e+04
1.177442746900872361e+00,-2.191753741434019631e-01,-5.009440986587584484e+04
1.178751743839868027e+00,-2.881784348351965619e-01,-5.009553342919345596e+04
1.180060740778863915e+00,1.024734359139574946e-01,-5.010068073375925451e+04
1.181369737717859580e+00,1.253241138002287591e-01,-5.010327040406163724e+04
1.182678734656855246e+00,-2.229515359055978807e-01,-5.010164569430857227e+04
1.183987731595850912e+00,-1.881673597828414368e-01,-5.010268605847534491e+04
1.185296728534846800e+00,1.938892105709695557e-01,-5.010815415397366451e+04
1.186605725473842465e+00,1.364462619104873931e-01,-5.011097726168207009e+04
1.187914722412838131e+00,-3.472342434942847222e-01,-5.010891070311325893e+04
1.189223719351833797e+00,-2.258280038219486197e-01,-5.010920521072122938e+04
1.190532716290829685e+00,3.790745040543231359e-01,-5.011472775469098269e+04
1.191841713229825350e+00,2.861222813350972616e-01,-5.011820318962089368e+04
1.193150710168821016e+00,-4.863375879564502124e-01,-5.011611034472612664e+04
1.194459707107816682e+00,-3.888085982356299652e-01,-5.011557525910163531e+04
1.195768704046812569e+00,4.823558245301251546e-01,-5.012068083515790204e+04
1.197077700985808235e+00,4.435123068782100830e-01,-5.012449117787952855e+04
1.198386697924803901e+00,-5.005970755426146779e-01,-5.012276561366389069e+04
1.199695694863799567e+00,-5.317759400103320155e-01,-5.012205359524132655e+04
1.201004691802795454e+00,3.845820944744989256e-01,-5.012649119095529022e+04
1.202313688741791120e+00,4.538036507431912336e-01,-5.012978400800441887e+04
1.203622685680786786e+00,-3.417766290651625405e-01,-5.012843426264628943e+04
1.204931682619782451e+00,-5.056769704584053171e-01,-5.012842120943569898e+04
1.206240679558778339e+00,1.318268778709280609e-01,-5.013238978368871176e+04
1.207549676497774005e+00,2.770743804826785173e-01,-5.013446697449679777e+04
1.208858673436769671e+00,-1.004242951386272037e-01,-5.013308837810430123e+04
1.210167670375765336e+00,-2.920393620964523707e-01,-5.013414415325885057e+04
1.211476667314761224e+00,-9.949555079333552432e-02,-5.013813538254202285e+04
1.212785664253756890e+00,2.645080998178584233e-02,-5.013903420159789675e+04
1.214094661192752556e+00,6.320699286956714402e-02,-5.013713058494124562e+04
1.215403658131748221e+00,-2.514116080333379452e-02,-5.013879720187129715e+04
1.216712655070744109e+00,-1.456715809511411330e-01,-5.014319870683007321e+04
1.218021652009739775e+00,-1.228325847446877089e-01,-5.014368146101662569e+04
1.219330648948735440e+00,4.423129695152160784e-02,-5.014105934578183223e+04
1.220639645887731106e+00,1.125501745036786849e-01,-5.014239312573719508e+04
1.221948642826726994e+00,1.390807015010019597e-02,-5.014717870800884702e+04
1.223257639765722660e+00,-7.314841225263905844e-02,-5.014814525812056672e+04
1.224566636704718325e+00,-1.261696339714298565e-01,-5.014506378932031657e+04
1.225875633643713991e+00,3.237087715417839157e-02,-5.014535880048548279e+04
1.227184630582709879e+00,2.403288687487259712e-01,-5.015010318875431403e+04
1.228493627521705545e+00,1.202369041139767641e-01,-5.015189448012076173e+04
1.229802624460701210e+00,-3.044549328455484760e-01,-5.014886616155704542e+04
1.231111621399696876e+00,-1.952719112489100795e-01,-5.014819709936567233e+04
1.232420618338692764e+00,3.376876356205646967e-01,-5.015239517421930213e+04
1.233729615277688429e+00,2.922335502378136662e-01,-5.015452399203565437e+04
1.235038612216684095e+00,-3.416839809109736281e-01,-5.015193357910737541e+04
1.236347609155679761e+00,-4.013773432757520299e-01,-5.015111114822515810e+04
1.237656606094675649e+00,1.874775166314878727e-01,-5.015451003793437121e+04
1.238965603033671314e+00,2.830534313243000533e-01,-5.015586614796615322e+04
1.240274599972666980e+00,-2.019967629501104589e-01,-5.015338265240070177e+04
1.241583596911662646e+00,-4.622564578845503869e-01,-5.015208806483875378e+04
1.242892593850658534e+00,-1.941436229578313299e-01,-5.015261845589580480e+04
1.244201590789654199e+00,2.007219731290324841e-02,-5.015215345692970004e+04
1.245510587728649865e+00,-2.736194906243116787e-02,-5.015563374821093021e+04
1.246819584667645531e+00,-4.305230186286586602e-01,-5.019078822779777693e+04
1.248128581606641418e+00,-7.189278239058658482e-01,-5.030047846080661111e+04
1.249437578545637084e+00,-5.015804438038238278e-01,-5.051336576671976218e+04
1.250746575484632750e+00,-1.257074039578160995e-01,-5.085176855494012125e+04
1.252055572423628416e+00,-5.984147548927273297e-01,-5.210860414932676213e+04
1.253364569362624303e+00,-1.307007339668702750e+00,-5.347655164756379236e+04
1.254673566301619969e+00,-1.261504072356172568e+00,-5.061345518429866206e+04
1.255982563240615635e+00,-9.500390165211443083e-01,-3.918739539064726705e+04
