# Exudyn: solution of belt drive, slip and gap over belt length
# Exudyn output file
# Exudyn version=1.2.34.dev1
# endTime=2.45
# stepSize=5e-05
# nSegments=4
# nANCFnodes=240
# contactStiffnessPerArea=100000000.0
# frictionStiffnessPerArea=100000000.0
# contactStiffness=418879.02047863905
# frictionStiffness=523598.7755982988
# contactDamping=8.377580409572781
# frictionVelocityPenalty=33.70609928242229
# dryFriction=0.5
# 
1.027927047504650915e-03,1.141964387968430472e-06,-6.435853607669739240e-06
2.336923986500538675e-03,0.000000000000000000e+00,0.000000000000000000e+00
3.645920925496204390e-03,0.000000000000000000e+00,0.000000000000000000e+00
4.954917864491870105e-03,0.000000000000000000e+00,0.000000000000000000e+00
6.263914803487535821e-03,0.000000000000000000e+00,0.000000000000000000e+00
7.572911742483423581e-03,0.000000000000000000e+00,0.000000000000000000e+00
8.881908681479089296e-03,0.000000000000000000e+00,0.000000000000000000e+00
1.019090562047475501e-02,0.000000000000000000e+00,0.000000000000000000e+00
1.149990255947042073e-02,0.000000000000000000e+00,0.000000000000000000e+00
1.280889949846630849e-02,0.000000000000000000e+00,0.000000000000000000e+00
1.411789643746197420e-02,0.000000000000000000e+00,0.000000000000000000e+00
1.542689337645763992e-02,0.000000000000000000e+00,0.000000000000000000e+00
1.673589031545330563e-02,0.000000000000000000e+00,0.000000000000000000e+00
1.804488725444919339e-02,0.000000000000000000e+00,0.000000000000000000e+00
1.935388419344485911e-02,0.000000000000000000e+00,0.000000000000000000e+00
2.066288113244052482e-02,0.000000000000000000e+00,0.000000000000000000e+00
2.197187807144018734e-02,0.000000000000000000e+00,0.000000000000000000e+00
2.328087501043607510e-02,0.000000000000000000e+00,0.000000000000000000e+00
2.458987194943174082e-02,0.000000000000000000e+00,0.000000000000000000e+00
2.589886888842740653e-02,0.000000000000000000e+00,0.000000000000000000e+00
2.720786582742329429e-02,0.000000000000000000e+00,0.000000000000000000e+00
2.851686276641896001e-02,0.000000000000000000e+00,0.000000000000000000e+00
2.982585970541462572e-02,0.000000000000000000e+00,0.000000000000000000e+00
3.113485664441051348e-02,0.000000000000000000e+00,0.000000000000000000e+00
3.244385358340617920e-02,0.000000000000000000e+00,0.000000000000000000e+00
3.375285052240184491e-02,0.000000000000000000e+00,0.000000000000000000e+00
3.506184746139773267e-02,0.000000000000000000e+00,0.000000000000000000e+00
3.637084440039339839e-02,0.000000000000000000e+00,0.000000000000000000e+00
3.767984133938928615e-02,0.000000000000000000e+00,0.000000000000000000e+00
3.898883827838495186e-02,0.000000000000000000e+00,0.000000000000000000e+00
4.029783521738061758e-02,0.000000000000000000e+00,0.000000000000000000e+00
4.160683215637650534e-02,0.000000000000000000e+00,0.000000000000000000e+00
4.291582909537217105e-02,0.000000000000000000e+00,0.000000000000000000e+00
4.422482603436783677e-02,0.000000000000000000e+00,0.000000000000000000e+00
4.553382297336372453e-02,0.000000000000000000e+00,0.000000000000000000e+00
4.684281991235939024e-02,0.000000000000000000e+00,0.000000000000000000e+00
4.815181685135527800e-02,0.000000000000000000e+00,0.000000000000000000e+00
4.946081379035094372e-02,0.000000000000000000e+00,0.000000000000000000e+00
5.076981072934660943e-02,0.000000000000000000e+00,0.000000000000000000e+00
5.207880766834249719e-02,0.000000000000000000e+00,0.000000000000000000e+00
5.338780460733816291e-02,0.000000000000000000e+00,0.000000000000000000e+00
5.469680154633382863e-02,0.000000000000000000e+00,0.000000000000000000e+00
5.600579848532971639e-02,0.000000000000000000e+00,0.000000000000000000e+00
5.731479542432538210e-02,0.000000000000000000e+00,0.000000000000000000e+00
5.862379236332104782e-02,0.000000000000000000e+00,0.000000000000000000e+00
5.993278930231693558e-02,0.000000000000000000e+00,0.000000000000000000e+00
6.124178624131260129e-02,0.000000000000000000e+00,0.000000000000000000e+00
6.255078318030848905e-02,0.000000000000000000e+00,0.000000000000000000e+00
6.385978011930415477e-02,0.000000000000000000e+00,0.000000000000000000e+00
6.516877705829982048e-02,0.000000000000000000e+00,0.000000000000000000e+00
6.647777399729570824e-02,0.000000000000000000e+00,0.000000000000000000e+00
6.778677093629137396e-02,0.000000000000000000e+00,0.000000000000000000e+00
6.909576787528703967e-02,0.000000000000000000e+00,0.000000000000000000e+00
7.040476481428292743e-02,0.000000000000000000e+00,0.000000000000000000e+00
7.171376175327859315e-02,0.000000000000000000e+00,0.000000000000000000e+00
7.302275869227425886e-02,0.000000000000000000e+00,0.000000000000000000e+00
7.433175563127014662e-02,0.000000000000000000e+00,0.000000000000000000e+00
7.564075257026581234e-02,0.000000000000000000e+00,0.000000000000000000e+00
7.694974950926170010e-02,0.000000000000000000e+00,0.000000000000000000e+00
7.825874644825736581e-02,0.000000000000000000e+00,0.000000000000000000e+00
7.956774338725303153e-02,0.000000000000000000e+00,0.000000000000000000e+00
8.087674032624891929e-02,0.000000000000000000e+00,0.000000000000000000e+00
8.218573726524458500e-02,0.000000000000000000e+00,0.000000000000000000e+00
8.349473420424025072e-02,0.000000000000000000e+00,0.000000000000000000e+00
8.480373114323613848e-02,0.000000000000000000e+00,0.000000000000000000e+00
8.611272808223180419e-02,0.000000000000000000e+00,0.000000000000000000e+00
8.742172502122746991e-02,0.000000000000000000e+00,0.000000000000000000e+00
8.873072196022335767e-02,0.000000000000000000e+00,0.000000000000000000e+00
9.003971889921902338e-02,0.000000000000000000e+00,0.000000000000000000e+00
9.134871583821491114e-02,0.000000000000000000e+00,0.000000000000000000e+00
9.265771277721057686e-02,0.000000000000000000e+00,0.000000000000000000e+00
9.396670971620624258e-02,0.000000000000000000e+00,0.000000000000000000e+00
9.527570665520213034e-02,0.000000000000000000e+00,0.000000000000000000e+00
9.658470359419779605e-02,0.000000000000000000e+00,0.000000000000000000e+00
9.789370053319346177e-02,0.000000000000000000e+00,0.000000000000000000e+00
9.920269747218934953e-02,0.000000000000000000e+00,0.000000000000000000e+00
1.005116944111850152e-01,0.000000000000000000e+00,0.000000000000000000e+00
1.018206913501806810e-01,0.000000000000000000e+00,0.000000000000000000e+00
1.031296882891765687e-01,0.000000000000000000e+00,0.000000000000000000e+00
1.044386852281722344e-01,0.000000000000000000e+00,0.000000000000000000e+00
1.057476821671681222e-01,0.000000000000000000e+00,0.000000000000000000e+00
1.070566791061637879e-01,0.000000000000000000e+00,0.000000000000000000e+00
1.083656760451594536e-01,0.000000000000000000e+00,0.000000000000000000e+00
1.096746729841553414e-01,0.000000000000000000e+00,0.000000000000000000e+00
1.109836699231510071e-01,0.000000000000000000e+00,0.000000000000000000e+00
1.122926668621466728e-01,0.000000000000000000e+00,0.000000000000000000e+00
1.136016638011425606e-01,0.000000000000000000e+00,0.000000000000000000e+00
1.149106607401382263e-01,0.000000000000000000e+00,0.000000000000000000e+00
1.162196576791338920e-01,0.000000000000000000e+00,0.000000000000000000e+00
1.175286546181297798e-01,0.000000000000000000e+00,0.000000000000000000e+00
1.188376515571254455e-01,0.000000000000000000e+00,0.000000000000000000e+00
1.201466484961213332e-01,0.000000000000000000e+00,0.000000000000000000e+00
1.214556454351169990e-01,0.000000000000000000e+00,0.000000000000000000e+00
1.227646423741126647e-01,0.000000000000000000e+00,0.000000000000000000e+00
1.240736393131085524e-01,0.000000000000000000e+00,0.000000000000000000e+00
1.253826362521042181e-01,0.000000000000000000e+00,0.000000000000000000e+00
1.266916331910998839e-01,0.000000000000000000e+00,0.000000000000000000e+00
1.280006301300957716e-01,0.000000000000000000e+00,0.000000000000000000e+00
1.293096270690914373e-01,0.000000000000000000e+00,0.000000000000000000e+00
1.306186240080871031e-01,0.000000000000000000e+00,0.000000000000000000e+00
1.319276209470829908e-01,0.000000000000000000e+00,0.000000000000000000e+00
1.332366178860786565e-01,0.000000000000000000e+00,0.000000000000000000e+00
1.345456148250743222e-01,0.000000000000000000e+00,0.000000000000000000e+00
1.358546117640702100e-01,0.000000000000000000e+00,0.000000000000000000e+00
1.371636087030658757e-01,0.000000000000000000e+00,0.000000000000000000e+00
1.384726056420615414e-01,0.000000000000000000e+00,0.000000000000000000e+00
1.397816025810574292e-01,0.000000000000000000e+00,0.000000000000000000e+00
1.410905995200530949e-01,0.000000000000000000e+00,0.000000000000000000e+00
1.423995964590489827e-01,0.000000000000000000e+00,0.000000000000000000e+00
1.437085933980446484e-01,0.000000000000000000e+00,0.000000000000000000e+00
1.450175903370403141e-01,0.000000000000000000e+00,0.000000000000000000e+00
1.463265872760362019e-01,0.000000000000000000e+00,0.000000000000000000e+00
1.476355842150318676e-01,0.000000000000000000e+00,0.000000000000000000e+00
1.489445811540275333e-01,0.000000000000000000e+00,0.000000000000000000e+00
1.502535780930234210e-01,0.000000000000000000e+00,0.000000000000000000e+00
1.515625750320190868e-01,0.000000000000000000e+00,0.000000000000000000e+00
1.528715719710147525e-01,0.000000000000000000e+00,0.000000000000000000e+00
1.541805689100106402e-01,0.000000000000000000e+00,0.000000000000000000e+00
1.554895658490063060e-01,0.000000000000000000e+00,0.000000000000000000e+00
1.567985627880021937e-01,0.000000000000000000e+00,0.000000000000000000e+00
1.581075597269978594e-01,0.000000000000000000e+00,0.000000000000000000e+00
1.594165566659935251e-01,0.000000000000000000e+00,0.000000000000000000e+00
1.607255536049894129e-01,0.000000000000000000e+00,0.000000000000000000e+00
1.620345505439850786e-01,0.000000000000000000e+00,0.000000000000000000e+00
1.633435474829809664e-01,0.000000000000000000e+00,0.000000000000000000e+00
1.646525444219766321e-01,0.000000000000000000e+00,0.000000000000000000e+00
1.659615413609722978e-01,0.000000000000000000e+00,0.000000000000000000e+00
1.672705382999681856e-01,0.000000000000000000e+00,0.000000000000000000e+00
1.685795352389638513e-01,0.000000000000000000e+00,0.000000000000000000e+00
1.698885321779595170e-01,0.000000000000000000e+00,0.000000000000000000e+00
1.711975291169554048e-01,0.000000000000000000e+00,0.000000000000000000e+00
1.725065260559510705e-01,0.000000000000000000e+00,0.000000000000000000e+00
1.738155229949467362e-01,0.000000000000000000e+00,0.000000000000000000e+00
1.751245199339426240e-01,0.000000000000000000e+00,0.000000000000000000e+00
1.764335168729382897e-01,0.000000000000000000e+00,0.000000000000000000e+00
1.777425138119341774e-01,0.000000000000000000e+00,0.000000000000000000e+00
1.790515107509298431e-01,0.000000000000000000e+00,0.000000000000000000e+00
1.803605076899255089e-01,0.000000000000000000e+00,0.000000000000000000e+00
1.816695046289213966e-01,0.000000000000000000e+00,0.000000000000000000e+00
1.829785015679170623e-01,0.000000000000000000e+00,0.000000000000000000e+00
1.842874985069129501e-01,0.000000000000000000e+00,0.000000000000000000e+00
1.855964954459086158e-01,0.000000000000000000e+00,0.000000000000000000e+00
1.869054923849042815e-01,0.000000000000000000e+00,0.000000000000000000e+00
1.882144893239001693e-01,0.000000000000000000e+00,0.000000000000000000e+00
1.895234862628958350e-01,0.000000000000000000e+00,0.000000000000000000e+00
1.908324832018915007e-01,0.000000000000000000e+00,0.000000000000000000e+00
1.921414801408873885e-01,0.000000000000000000e+00,0.000000000000000000e+00
1.934504770798830542e-01,0.000000000000000000e+00,0.000000000000000000e+00
1.947594740188787199e-01,0.000000000000000000e+00,0.000000000000000000e+00
1.960684709578746077e-01,0.000000000000000000e+00,0.000000000000000000e+00
1.973774678968702734e-01,0.000000000000000000e+00,0.000000000000000000e+00
1.986864648358661611e-01,0.000000000000000000e+00,0.000000000000000000e+00
1.999954617748618269e-01,0.000000000000000000e+00,0.000000000000000000e+00
2.013044587138574926e-01,0.000000000000000000e+00,0.000000000000000000e+00
2.026134556528533803e-01,0.000000000000000000e+00,0.000000000000000000e+00
2.039224525918490460e-01,0.000000000000000000e+00,0.000000000000000000e+00
2.052314495308449338e-01,0.000000000000000000e+00,0.000000000000000000e+00
2.065404464698405995e-01,0.000000000000000000e+00,0.000000000000000000e+00
2.078494434088362652e-01,0.000000000000000000e+00,0.000000000000000000e+00
2.091584403478321530e-01,0.000000000000000000e+00,0.000000000000000000e+00
2.104674372868278187e-01,0.000000000000000000e+00,0.000000000000000000e+00
2.117764342258234844e-01,0.000000000000000000e+00,0.000000000000000000e+00
2.130854311648193722e-01,0.000000000000000000e+00,0.000000000000000000e+00
2.143944281038150379e-01,0.000000000000000000e+00,0.000000000000000000e+00
2.157034250428107036e-01,0.000000000000000000e+00,0.000000000000000000e+00
2.170124219818065914e-01,0.000000000000000000e+00,0.000000000000000000e+00
2.183214189208022571e-01,0.000000000000000000e+00,0.000000000000000000e+00
2.196304158597981449e-01,0.000000000000000000e+00,0.000000000000000000e+00
2.209394127987938106e-01,0.000000000000000000e+00,0.000000000000000000e+00
2.222484097377894763e-01,0.000000000000000000e+00,0.000000000000000000e+00
2.235574066767853640e-01,0.000000000000000000e+00,0.000000000000000000e+00
2.248664036157810298e-01,0.000000000000000000e+00,0.000000000000000000e+00
2.261754005547769175e-01,0.000000000000000000e+00,0.000000000000000000e+00
2.274843974937725832e-01,0.000000000000000000e+00,0.000000000000000000e+00
2.287933944327682489e-01,0.000000000000000000e+00,0.000000000000000000e+00
2.301023913717641367e-01,0.000000000000000000e+00,0.000000000000000000e+00
2.314113883107598024e-01,0.000000000000000000e+00,0.000000000000000000e+00
2.327203852497554681e-01,0.000000000000000000e+00,0.000000000000000000e+00
2.340293821887513559e-01,0.000000000000000000e+00,0.000000000000000000e+00
2.353383791277470216e-01,0.000000000000000000e+00,0.000000000000000000e+00
2.366473760667426873e-01,0.000000000000000000e+00,0.000000000000000000e+00
2.379563730057385751e-01,0.000000000000000000e+00,0.000000000000000000e+00
2.392653699447342408e-01,0.000000000000000000e+00,0.000000000000000000e+00
2.405743668837301286e-01,0.000000000000000000e+00,0.000000000000000000e+00
2.418833638227257943e-01,0.000000000000000000e+00,0.000000000000000000e+00
2.431923607617214600e-01,0.000000000000000000e+00,0.000000000000000000e+00
2.445013577007173478e-01,0.000000000000000000e+00,0.000000000000000000e+00
2.458103546397130135e-01,0.000000000000000000e+00,0.000000000000000000e+00
2.471193515787089012e-01,0.000000000000000000e+00,0.000000000000000000e+00
2.484283485177045669e-01,0.000000000000000000e+00,0.000000000000000000e+00
2.497373454567002327e-01,0.000000000000000000e+00,0.000000000000000000e+00
2.510463423956961204e-01,0.000000000000000000e+00,0.000000000000000000e+00
2.523553393346917861e-01,0.000000000000000000e+00,0.000000000000000000e+00
2.536643362736874519e-01,0.000000000000000000e+00,0.000000000000000000e+00
2.549733332126833396e-01,0.000000000000000000e+00,0.000000000000000000e+00
2.562823301516790053e-01,0.000000000000000000e+00,0.000000000000000000e+00
2.575913270906747821e-01,0.000000000000000000e+00,0.000000000000000000e+00
2.589003240296705588e-01,0.000000000000000000e+00,0.000000000000000000e+00
2.602093209686662245e-01,0.000000000000000000e+00,0.000000000000000000e+00
2.615183179076620013e-01,0.000000000000000000e+00,0.000000000000000000e+00
2.628273148466577780e-01,0.000000000000000000e+00,0.000000000000000000e+00
2.641363117856535547e-01,0.000000000000000000e+00,0.000000000000000000e+00
2.654453087246493315e-01,0.000000000000000000e+00,0.000000000000000000e+00
2.667543056636449972e-01,0.000000000000000000e+00,0.000000000000000000e+00
2.680633026026407739e-01,0.000000000000000000e+00,0.000000000000000000e+00
2.693722995416365507e-01,0.000000000000000000e+00,0.000000000000000000e+00
2.706812964806322164e-01,0.000000000000000000e+00,0.000000000000000000e+00
2.719902934196281041e-01,0.000000000000000000e+00,0.000000000000000000e+00
2.732992903586237698e-01,0.000000000000000000e+00,0.000000000000000000e+00
2.746082872976194356e-01,0.000000000000000000e+00,0.000000000000000000e+00
2.759172842366153233e-01,0.000000000000000000e+00,0.000000000000000000e+00
2.772262811756109890e-01,0.000000000000000000e+00,0.000000000000000000e+00
2.785352781146067658e-01,0.000000000000000000e+00,0.000000000000000000e+00
2.798442750536025425e-01,0.000000000000000000e+00,0.000000000000000000e+00
2.811532719925982082e-01,0.000000000000000000e+00,0.000000000000000000e+00
2.824622689315939850e-01,0.000000000000000000e+00,0.000000000000000000e+00
2.837712658705897617e-01,0.000000000000000000e+00,0.000000000000000000e+00
2.850802628095854274e-01,0.000000000000000000e+00,0.000000000000000000e+00
2.863892597485813152e-01,0.000000000000000000e+00,0.000000000000000000e+00
2.876982566875769809e-01,0.000000000000000000e+00,0.000000000000000000e+00
2.890072536265727576e-01,0.000000000000000000e+00,0.000000000000000000e+00
2.903162505655685344e-01,0.000000000000000000e+00,0.000000000000000000e+00
2.916252475045642001e-01,0.000000000000000000e+00,0.000000000000000000e+00
2.929342444435599768e-01,0.000000000000000000e+00,0.000000000000000000e+00
2.942432413825557536e-01,0.000000000000000000e+00,0.000000000000000000e+00
2.955522383215514193e-01,0.000000000000000000e+00,0.000000000000000000e+00
2.968612352605473070e-01,0.000000000000000000e+00,0.000000000000000000e+00
2.981702321995429728e-01,0.000000000000000000e+00,0.000000000000000000e+00
2.994792291385387495e-01,0.000000000000000000e+00,0.000000000000000000e+00
3.007882260775345262e-01,0.000000000000000000e+00,0.000000000000000000e+00
3.020972230165301919e-01,0.000000000000000000e+00,0.000000000000000000e+00
3.034062199555259687e-01,0.000000000000000000e+00,-1.017748573925447708e-05
3.047152168945217454e-01,0.000000000000000000e+00,-1.629616434675740244e-05
3.060242138335174111e-01,0.000000000000000000e+00,-1.958076938535224798e-05
3.073332107725132989e-01,0.000000000000000000e+00,-2.074603625724924516e-05
3.086422077115089646e-01,0.000000000000000000e+00,-2.079635107779531644e-05
3.099512046505047413e-01,0.000000000000000000e+00,-2.067796158711221466e-05
3.112602015895005181e-01,0.000000000000000000e+00,-2.059449173985594683e-05
3.125691985284961838e-01,0.000000000000000000e+00,-2.044234031921277062e-05
3.138781954674919605e-01,0.000000000000000000e+00,-2.029183656132582669e-05
3.151871924064877373e-01,0.000000000000000000e+00,-2.016600734427997921e-05
3.164961893454834030e-01,0.000000000000000000e+00,-2.002497708991635150e-05
3.178051862844792907e-01,0.000000000000000000e+00,-1.986134493484059682e-05
3.191141832234749565e-01,0.000000000000000000e+00,-1.971510945898702349e-05
3.204231801624707332e-01,0.000000000000000000e+00,-1.959064169926305610e-05
3.217321771014665099e-01,0.000000000000000000e+00,-1.945085381777067468e-05
3.230411740404621757e-01,0.000000000000000000e+00,-1.929251630668205042e-05
3.243501709794579524e-01,0.000000000000000000e+00,-1.915186188722328708e-05
3.256591679184537291e-01,0.000000000000000000e+00,-1.903169858506748024e-05
3.269681648574493948e-01,0.000000000000000000e+00,-1.889655562541114886e-05
3.282771617964452826e-01,0.000000000000000000e+00,-1.874387040953773287e-05
3.295861587354409483e-01,0.000000000000000000e+00,-1.860865361300034770e-05
3.308951556744367251e-01,0.000000000000000000e+00,-1.849328438133235331e-05
3.322041526134325018e-01,0.000000000000000000e+00,-1.836284029005375018e-05
3.335131495524281675e-01,0.000000000000000000e+00,-1.821468177126694954e-05
3.348221464914239442e-01,0.000000000000000000e+00,-1.808294334607052356e-05
3.361311434304197210e-01,0.000000000000000000e+00,-1.797043747890636478e-05
3.374401403694153867e-01,0.000000000000000000e+00,-1.784386218971201199e-05
3.387491373084112745e-01,0.000000000000000000e+00,-1.770061749743756518e-05
3.400581342474069402e-01,0.000000000000000000e+00,-1.757342064993838715e-05
3.413671311864027169e-01,0.000000000000000000e+00,-1.746462359093758909e-05
3.426761281253984937e-01,0.000000000000000000e+00,-1.734179014845071976e-05
3.439851250643941594e-01,0.000000000000000000e+00,-1.720268605895358682e-05
3.452941220033899361e-01,0.000000000000000000e+00,-1.707954029776803662e-05
3.466031189423857128e-01,0.000000000000000000e+00,-1.697459502372766771e-05
3.479121158813813786e-01,0.000000000000000000e+00,-1.685573318450928060e-05
3.492211128203772663e-01,0.000000000000000000e+00,-1.672067921845710181e-05
3.505301097593729320e-01,0.000000000000000000e+00,-1.660121119256841027e-05
3.518391066983687088e-01,0.000000000000000000e+00,-1.649960872453226646e-05
3.531481036373644855e-01,0.000000000000000000e+00,-1.638432183803661957e-05
3.544571005763601512e-01,0.000000000000000000e+00,-1.625316093498141434e-05
3.557660975153559280e-01,0.000000000000000000e+00,-1.613747018766598096e-05
3.570750944543517047e-01,0.000000000000000000e+00,-1.603940343104792721e-05
3.583840913933473704e-01,0.000000000000000000e+00,-1.592767975991393747e-05
3.596930883323432582e-01,0.000000000000000000e+00,-1.580014987904998502e-05
3.610020852713389239e-01,0.000000000000000000e+00,-1.568788540044774305e-05
3.623110822103347006e-01,0.000000000000000000e+00,-1.559313949169027769e-05
3.636200791493304774e-01,0.000000000000000000e+00,-1.548500870331148693e-05
3.649290760883261431e-01,0.000000000000000000e+00,-1.536116204488291448e-05
3.662380730273219198e-01,0.000000000000000000e+00,-1.525202134167180645e-05
3.675470699663176966e-01,0.000000000000000000e+00,-1.516008219921982647e-05
3.688560669053133623e-01,0.000000000000000000e+00,-1.505543620940186234e-05
3.701650638443092500e-01,0.000000000000000000e+00,-1.493558280619977641e-05
3.714740607833049157e-01,0.000000000000000000e+00,-1.482974812273829546e-05
3.727830577223006925e-01,0.000000000000000000e+00,-1.474036041644588568e-05
3.740920546612964692e-01,0.000000000000000000e+00,-1.463870521435650662e-05
3.754010516002921349e-01,0.000000000000000000e+00,-1.452246808597568162e-05
3.767100485392879117e-01,0.000000000000000000e+00,-1.441993037971933678e-05
3.780190454782836884e-01,0.000000000000000000e+00,-1.433335273240410324e-05
3.793280424172793541e-01,0.000000000000000000e+00,-1.423474959459658518e-05
3.806370393562752419e-01,0.000000000000000000e+00,-1.412187289734356810e-05
3.819460362952709076e-01,0.000000000000000000e+00,-1.402229485006345477e-05
3.832550332342666843e-01,0.000000000000000000e+00,-1.393831175715287696e-05
3.845640301732624611e-01,0.000000000000000000e+00,-1.384271778073764558e-05
3.858730271122581268e-01,0.000000000000000000e+00,-1.373324346433391074e-05
3.871820240512539035e-01,0.000000000000000000e+00,-1.363664200643155411e-05
3.884910209902496803e-01,0.000000000000000000e+00,-1.355513829272292359e-05
3.898000179292453460e-01,0.000000000000000000e+00,-1.346230261702052733e-05
3.911090148682412337e-01,0.000000000000000000e+00,-1.335598815224714464e-05
3.924180118072368995e-01,0.000000000000000000e+00,-1.326232330281507110e-05
3.937270087462326762e-01,0.000000000000000000e+00,-1.318340858022515327e-05
3.950360056852284529e-01,0.000000000000000000e+00,-1.309328911454354927e-05
3.963450026242241186e-01,0.000000000000000000e+00,-1.298989483633494757e-05
3.976539995632198954e-01,0.000000000000000000e+00,-1.289893835357269758e-05
3.989629965022156721e-01,0.000000000000000000e+00,-1.282253671811006690e-05
4.002719934412113378e-01,0.000000000000000000e+00,-1.273516928515516788e-05
4.015809903802072256e-01,0.000000000000000000e+00,-1.263470726979576408e-05
4.028899873192028913e-01,0.000000000000000000e+00,-1.254632695456281422e-05
4.041989842581986681e-01,0.000000000000000000e+00,-1.247220780781210792e-05
4.055079811971944448e-01,0.000000000000000000e+00,-1.238746753119690514e-05
4.068169781361901105e-01,0.000000000000000000e+00,-1.228994026067353751e-05
4.081259750751858872e-01,0.000000000000000000e+00,-1.220411432882595459e-05
4.094349720141816640e-01,0.000000000000000000e+00,-1.213216831018326669e-05
4.107439689531773297e-01,0.000000000000000000e+00,-1.204993089561068320e-05
4.120529658921732175e-01,0.000000000000000000e+00,-1.195525161680477400e-05
4.133619628311688832e-01,0.000000000000000000e+00,-1.187191741323923022e-05
4.146709597701646599e-01,0.000000000000000000e+00,-1.180207178057279815e-05
4.159799567091604366e-01,0.000000000000000000e+00,-1.172222714446169434e-05
4.172889536481561024e-01,0.000000000000000000e+00,-1.163028517801867334e-05
4.185979505871518791e-01,0.000000000000000000e+00,-1.154940507021307017e-05
4.199069475261476558e-01,0.000000000000000000e+00,-1.148165360301267590e-05
4.212159444651433216e-01,0.000000000000000000e+00,-1.140409566405264918e-05
4.225249414041392093e-01,0.000000000000000000e+00,-1.131471219761870373e-05
4.238339383431348750e-01,0.000000000000000000e+00,-1.123619450998925018e-05
4.251429352821306518e-01,0.000000000000000000e+00,-1.117055471103189923e-05
4.264519322211264285e-01,0.000000000000000000e+00,-1.109526079866307580e-05
4.277609291601220942e-01,0.000000000000000000e+00,-1.100831742997798735e-05
4.290699260991178710e-01,0.000000000000000000e+00,-1.093201810828392517e-05
4.303789230381136477e-01,0.000000000000000000e+00,-1.086839850653054107e-05
4.316879199771093134e-01,0.000000000000000000e+00,-1.079535611892001867e-05
4.329969169161052012e-01,0.000000000000000000e+00,-1.071084981581205131e-05
4.343059138551008669e-01,0.000000000000000000e+00,-1.063666853926004130e-05
4.356149107940966436e-01,0.000000000000000000e+00,-1.057489976785674912e-05
4.369239077330924204e-01,0.000000000000000000e+00,-1.050402790538085274e-05
4.382329046720880861e-01,0.000000000000000000e+00,-1.042197690732937776e-05
4.395419016110838628e-01,0.000000000000000000e+00,-1.034990210115049880e-05
4.408508985500796395e-01,0.000000000000000000e+00,-1.028987600543151970e-05
4.421598954890753053e-01,0.000000000000000000e+00,-1.022102681109970934e-05
4.434688924280711930e-01,0.000000000000000000e+00,-1.014132804962042389e-05
4.447778893670668587e-01,0.000000000000000000e+00,-1.007135411218440524e-05
4.460868863060626355e-01,0.000000000000000000e+00,-1.001310304311886501e-05
4.473958832450584122e-01,0.000000000000000000e+00,-9.946202936400583283e-06
4.487048801840540779e-01,0.000000000000000000e+00,-9.868690385717027169e-06
4.500138771230498547e-01,0.000000000000000000e+00,-9.800701804757450120e-06
4.513228740620456314e-01,0.000000000000000000e+00,-9.744214348114677016e-06
4.526318710010412971e-01,0.000000000000000000e+00,-9.679268737947110957e-06
4.539408679400371849e-01,0.000000000000000000e+00,-9.603894312440464098e-06
4.552498648790328506e-01,0.000000000000000000e+00,-9.537785854135671926e-06
4.565588618180286273e-01,0.000000000000000000e+00,-9.482946863467733856e-06
4.578678587570244041e-01,0.000000000000000000e+00,-9.419902639251631626e-06
4.591768556960200698e-01,0.000000000000000000e+00,-9.346657265735247577e-06
4.604858526350158465e-01,0.000000000000000000e+00,-9.282381955050267308e-06
4.617948495740116233e-01,0.000000000000000000e+00,-9.229095715060364746e-06
4.631038465130072890e-01,0.000000000000000000e+00,-9.167880512972459428e-06
4.644128434520031767e-01,0.000000000000000000e+00,-9.096732407259944253e-06
4.657218403909988425e-01,0.000000000000000000e+00,-9.034250342140892620e-06
4.670308373299946192e-01,0.000000000000000000e+00,-8.982442935887013924e-06
4.683398342689903959e-01,0.000000000000000000e+00,-8.922969937597002854e-06
4.696488312079860616e-01,0.000000000000000000e+00,-8.853853902437980317e-06
4.709578281469818384e-01,0.000000000000000000e+00,-8.793145901547783083e-06
4.722668250859776151e-01,0.000000000000000000e+00,-8.742807486042392107e-06
4.735758220249732808e-01,0.000000000000000000e+00,-8.685001039801520939e-06
4.748848189639691686e-01,0.000000000000000000e+00,-8.617797475060640089e-06
4.761938159029648343e-01,0.000000000000000000e+00,-8.558796345398134164e-06
4.775028128419606110e-01,0.000000000000000000e+00,-8.509929953687267457e-06
4.788118097809563878e-01,0.000000000000000000e+00,-8.453777943048801369e-06
4.801208067199520535e-01,0.000000000000000000e+00,-8.388419034985328260e-06
4.814298036589478302e-01,0.000000000000000000e+00,-8.331029189262428858e-06
4.827388005979436070e-01,0.000000000000000000e+00,-8.283552412433059509e-06
4.840477975369392727e-01,0.000000000000000000e+00,-8.229018348362981961e-06
4.853567944759351604e-01,0.000000000000000000e+00,-8.165502539181357378e-06
4.866657914149308262e-01,0.000000000000000000e+00,-8.109723551932845886e-06
4.879747883539266029e-01,0.000000000000000000e+00,-8.063575681199752765e-06
4.892837852929223796e-01,0.000000000000000000e+00,-8.010512448752837855e-06
4.905927822319180454e-01,0.000000000000000000e+00,-7.948702754626002509e-06
4.919017791709138221e-01,0.000000000000000000e+00,-7.894565171348566501e-06
4.932107761099095988e-01,0.000000000000000000e+00,-7.849884486543778905e-06
4.945197730489052645e-01,0.000000000000000000e+00,-7.798270824324604611e-06
4.958287699879011523e-01,0.000000000000000000e+00,-7.737956063388895522e-06
4.971377669268968180e-01,0.000000000000000000e+00,-7.685254421865850283e-06
4.984467638658925948e-01,0.000000000000000000e+00,-7.642008849756409816e-06
4.997557608048883715e-01,0.000000000000000000e+00,-7.591984130334017422e-06
5.010647577438840372e-01,0.000000000000000000e+00,-7.533292395223156745e-06
5.023737546828798139e-01,0.000000000000000000e+00,-7.481918698537537438e-06
5.036827516218755907e-01,0.000000000000000000e+00,-7.439822935551010374e-06
5.049917485608712564e-01,0.000000000000000000e+00,-7.391266809195218279e-06
5.063007454998671442e-01,0.000000000000000000e+00,-7.334295348854213970e-06
5.076097424388628099e-01,0.000000000000000000e+00,-7.284329598664096572e-06
5.089187393778585866e-01,0.000000000000000000e+00,-7.243334253920208354e-06
5.102277363168543634e-01,0.000000000000000000e+00,-7.196153548272299361e-06
5.115367332558500291e-01,0.000000000000000000e+00,-7.140836416175133650e-06
5.128457301948458058e-01,0.000000000000000000e+00,-7.092223427665467206e-06
5.141547271338415825e-01,0.000000000000000000e+00,-7.052275068600288854e-06
5.154637240728372483e-01,0.000000000000000000e+00,-7.006426709171842404e-06
5.167727210118331360e-01,0.000000000000000000e+00,-6.952748246788487130e-06
5.180817179508288017e-01,0.000000000000000000e+00,-6.905515257907279825e-06
5.193907148898245785e-01,0.000000000000000000e+00,-6.866612566408525353e-06
5.206997118288203552e-01,0.000000000000000000e+00,-6.821973455861662927e-06
5.220087087678160209e-01,0.000000000000000000e+00,-6.769782248602917996e-06
5.233177057068117977e-01,0.000000000000000000e+00,-6.723965048138769163e-06
5.246267026458074634e-01,0.000000000000000000e+00,-6.686248218909507379e-06
5.259356995848032401e-01,0.000000000000000000e+00,-6.642730897024606840e-06
5.272446965237990169e-01,0.000000000000000000e+00,-6.591758372267997323e-06
5.285536934627947936e-01,0.000000000000000000e+00,-6.547282242919116868e-06
5.298626904017904593e-01,0.000000000000000000e+00,-6.510973146120480060e-06
5.311716873407862360e-01,0.000000000000000000e+00,-6.468773176337982989e-06
5.324806842797820128e-01,0.000000000000000000e+00,-6.418914907407868853e-06
5.337896812187777895e-01,0.000000000000000000e+00,-6.375300279651274771e-06
5.350986781577734552e-01,0.000000000000000000e+00,-6.339992321399701147e-06
5.364076750967692320e-01,0.000000000000000000e+00,-6.299456131383940338e-06
5.377166720357650087e-01,0.000000000000000000e+00,-6.251526102937776663e-06
5.390256689747607854e-01,0.000000000000000000e+00,-6.209093301984269786e-06
5.403346659137564512e-01,0.000000000000000000e+00,-6.174162745745115366e-06
5.416436628527522279e-01,0.000000000000000000e+00,-6.134076273034416715e-06
5.429526597917480046e-01,0.000000000000000000e+00,-6.086575354669054860e-06
5.442616567307437814e-01,0.000000000000000000e+00,-6.043551333753671706e-06
5.455706536697394471e-01,0.000000000000000000e+00,-6.006775076131121160e-06
5.468796506087352238e-01,2.114352519276031794e-06,-5.965819850101139465e-06
5.481886475477310006e-01,2.076599658434180595e-06,-5.922289518914269912e-06
5.494976444867267773e-01,1.536938444294394523e-06,-5.891497824289659846e-06
5.508066414257224430e-01,5.390449359342353031e-07,-5.878166233735937496e-06
5.521156383647182198e-01,5.281662047995627773e-07,-5.869845935230211253e-06
5.534246353037139965e-01,9.117772429914627885e-07,-5.859374751226997802e-06
5.547336322427097732e-01,6.648987311928117316e-07,-5.851690959166044870e-06
5.560426291817054389e-01,-1.943434058942344889e-07,-5.849426548437675066e-06
5.573516261207012157e-01,-1.930323294957458913e-08,-5.848295316926432896e-06
5.586606230596969924e-01,5.370090063946952874e-07,-5.844977080005087089e-06
5.599696199986927692e-01,3.788381554188646749e-07,-5.841812719009631394e-06
5.612786169376884349e-01,-3.169520233423095412e-07,-5.840945062673963406e-06
5.625876138766842116e-01,-1.083330498606593917e-07,-5.840336359100306574e-06
5.638966108156799883e-01,4.369655438526964808e-07,-5.837995609089818849e-06
5.652056077546757651e-01,2.876198896481496625e-07,-5.835935483256005085e-06
5.665146046936714308e-01,-4.034580825609812571e-07,-5.836062510589101748e-06
5.678236016326672075e-01,-1.461332201184439850e-07,-5.836325756430893463e-06
5.691325985716629843e-01,3.825746856013501063e-07,-5.834770916882114911e-06
5.704415955106587610e-01,2.518310161514492052e-07,-5.833387368009423923e-06
5.717505924496544267e-01,-4.563933232865080569e-07,-5.834202414428668604e-06
5.730595893886502035e-01,-1.870265733325271462e-07,-5.835296739711837155e-06
5.743685863276459802e-01,3.855352843362691573e-07,-5.834552317604546623e-06
5.756775832666417569e-01,2.488214588466930444e-07,-5.833648109992983777e-06
5.769865802056374227e-01,-4.432311047977699481e-07,-5.834315616265461912e-06
5.782955771446331994e-01,-2.014387214116508673e-07,-5.834655323971871255e-06
5.796045740836289761e-01,3.648687548693518856e-07,-5.833083843914677047e-06
5.809135710226247529e-01,2.635100175910065623e-07,-5.832003893646575676e-06
5.822225679616204186e-01,-4.313396700234006786e-07,-5.833542817509917988e-06
5.835315649006161953e-01,-1.789842369315230997e-07,-5.835206181067920106e-06
5.848405618396119721e-01,3.509843417778824026e-07,-5.834113666960960565e-06
5.861495587786077488e-01,2.277802145303486903e-07,-5.831306421399951034e-06
5.874585557176034145e-01,-4.684452913905623461e-07,-5.830440797369162986e-06
5.887675526565991913e-01,-1.729657865892630930e-07,-5.832860397958494758e-06
5.900765495955949680e-01,3.744947812550636357e-07,-5.835670943463155957e-06
5.913855465345907447e-01,2.541129682578913140e-07,-5.836698917238702933e-06
5.926945434735864104e-01,-4.686995345656863599e-07,-5.835974032974977632e-06
5.940035404125821872e-01,-1.841867491164661530e-07,-5.833566968441172840e-06
5.953125373515779639e-01,3.993813359887132819e-07,-5.829967655843204533e-06
5.966215342905737407e-01,2.591464284759648073e-07,-5.828253925699300453e-06
5.979305312295694064e-01,-3.794965739226108248e-07,-5.830520613439582611e-06
5.992395281685651831e-01,-1.274144360158269151e-07,-5.833442333597060880e-06
6.005485251075609598e-01,4.174606366078026376e-07,-5.833906829288970641e-06
6.018575220465567366e-01,3.075922731660130083e-07,-5.833415280639964173e-06
6.031665189855524023e-01,-4.174753994376501076e-07,-5.833123208481838518e-06
6.044755159245481790e-01,-1.520330879731246476e-07,-5.830473261900226412e-06
6.057845128635439558e-01,4.480607379842016513e-07,-5.824042199453760560e-06
6.070935098025397325e-01,3.762095191622849555e-07,-5.816905219918622194e-06
6.084025067415353982e-01,-3.264456944068738764e-07,-5.807663739296198280e-06
6.097115036805311750e-01,3.928323917545828436e-08,-5.798292746578281864e-06
6.110205006195269517e-01,8.182209801504969349e-07,-5.813180496236358685e-06
6.123294975585227284e-01,1.004321914785388792e-06,-5.891619491132926711e-06
6.136384944975183942e-01,1.455460930943619502e-06,-6.249424847087903245e-06
6.149474914365141709e-01,2.547286285695116170e-06,-6.921008110491455589e-06
6.162564883755099476e-01,2.967641497722550703e-06,-7.274770299187105493e-06
6.175654853145057244e-01,0.000000000000000000e+00,-6.506146479262620019e-06
6.188744822535013901e-01,0.000000000000000000e+00,-3.621203005343964776e-06
6.201834791924971668e-01,0.000000000000000000e+00,0.000000000000000000e+00
6.214924761314929436e-01,0.000000000000000000e+00,0.000000000000000000e+00
6.228014730704887203e-01,0.000000000000000000e+00,0.000000000000000000e+00
6.241104700094843860e-01,0.000000000000000000e+00,0.000000000000000000e+00
6.254194669484801627e-01,0.000000000000000000e+00,0.000000000000000000e+00
6.267284638874759395e-01,0.000000000000000000e+00,0.000000000000000000e+00
6.280374608264717162e-01,0.000000000000000000e+00,0.000000000000000000e+00
6.293464577654673819e-01,0.000000000000000000e+00,0.000000000000000000e+00
6.306554547044631587e-01,0.000000000000000000e+00,0.000000000000000000e+00
6.319644516434589354e-01,0.000000000000000000e+00,0.000000000000000000e+00
6.332734485824547122e-01,0.000000000000000000e+00,0.000000000000000000e+00
6.345824455214503779e-01,0.000000000000000000e+00,0.000000000000000000e+00
6.358914424604461546e-01,0.000000000000000000e+00,0.000000000000000000e+00
6.372004393994419313e-01,0.000000000000000000e+00,0.000000000000000000e+00
6.385094363384377081e-01,0.000000000000000000e+00,0.000000000000000000e+00
6.398184332774333738e-01,0.000000000000000000e+00,0.000000000000000000e+00
6.411274302164291505e-01,0.000000000000000000e+00,0.000000000000000000e+00
6.424364271554249273e-01,0.000000000000000000e+00,0.000000000000000000e+00
6.437454240944207040e-01,0.000000000000000000e+00,0.000000000000000000e+00
6.450544210334163697e-01,0.000000000000000000e+00,0.000000000000000000e+00
6.463634179724121465e-01,0.000000000000000000e+00,0.000000000000000000e+00
6.476724149114079232e-01,0.000000000000000000e+00,0.000000000000000000e+00
6.489814118504036999e-01,0.000000000000000000e+00,0.000000000000000000e+00
6.502904087893993657e-01,0.000000000000000000e+00,0.000000000000000000e+00
6.515994057283951424e-01,0.000000000000000000e+00,0.000000000000000000e+00
6.529084026673909191e-01,0.000000000000000000e+00,0.000000000000000000e+00
6.542173996063866959e-01,0.000000000000000000e+00,0.000000000000000000e+00
6.555263965453823616e-01,0.000000000000000000e+00,0.000000000000000000e+00
6.568353934843781383e-01,0.000000000000000000e+00,0.000000000000000000e+00
6.581443904233739151e-01,0.000000000000000000e+00,0.000000000000000000e+00
6.594533873623696918e-01,0.000000000000000000e+00,0.000000000000000000e+00
6.607623843013653575e-01,0.000000000000000000e+00,0.000000000000000000e+00
6.620713812403611342e-01,0.000000000000000000e+00,0.000000000000000000e+00
6.633803781793569110e-01,0.000000000000000000e+00,0.000000000000000000e+00
6.646893751183526877e-01,0.000000000000000000e+00,0.000000000000000000e+00
6.659983720573483534e-01,0.000000000000000000e+00,0.000000000000000000e+00
6.673073689963441302e-01,0.000000000000000000e+00,0.000000000000000000e+00
6.686163659353399069e-01,0.000000000000000000e+00,0.000000000000000000e+00
6.699253628743356836e-01,0.000000000000000000e+00,0.000000000000000000e+00
6.712343598133313494e-01,0.000000000000000000e+00,0.000000000000000000e+00
6.725433567523271261e-01,0.000000000000000000e+00,0.000000000000000000e+00
6.738523536913229028e-01,0.000000000000000000e+00,0.000000000000000000e+00
6.751613506303186796e-01,0.000000000000000000e+00,0.000000000000000000e+00
6.764703475693143453e-01,0.000000000000000000e+00,0.000000000000000000e+00
6.777793445083101220e-01,0.000000000000000000e+00,0.000000000000000000e+00
6.790883414473058988e-01,0.000000000000000000e+00,0.000000000000000000e+00
6.803973383863016755e-01,0.000000000000000000e+00,0.000000000000000000e+00
6.817063353252973412e-01,0.000000000000000000e+00,0.000000000000000000e+00
6.830153322642931180e-01,0.000000000000000000e+00,0.000000000000000000e+00
6.843243292032888947e-01,0.000000000000000000e+00,0.000000000000000000e+00
6.856333261422846714e-01,0.000000000000000000e+00,0.000000000000000000e+00
6.869423230812803371e-01,0.000000000000000000e+00,0.000000000000000000e+00
6.882513200202761139e-01,0.000000000000000000e+00,0.000000000000000000e+00
6.895603169592718906e-01,0.000000000000000000e+00,0.000000000000000000e+00
6.908693138982676674e-01,0.000000000000000000e+00,0.000000000000000000e+00
6.921783108372633331e-01,0.000000000000000000e+00,0.000000000000000000e+00
6.934873077762591098e-01,0.000000000000000000e+00,0.000000000000000000e+00
6.947963047152548866e-01,0.000000000000000000e+00,0.000000000000000000e+00
6.961053016542506633e-01,0.000000000000000000e+00,0.000000000000000000e+00
6.974142985932463290e-01,0.000000000000000000e+00,0.000000000000000000e+00
6.987232955322421057e-01,0.000000000000000000e+00,0.000000000000000000e+00
7.000322924712378825e-01,0.000000000000000000e+00,0.000000000000000000e+00
7.013412894102336592e-01,0.000000000000000000e+00,0.000000000000000000e+00
7.026502863492293249e-01,0.000000000000000000e+00,0.000000000000000000e+00
7.039592832882251017e-01,0.000000000000000000e+00,0.000000000000000000e+00
7.052682802272208784e-01,0.000000000000000000e+00,0.000000000000000000e+00
7.065772771662166551e-01,0.000000000000000000e+00,0.000000000000000000e+00
7.078862741052123209e-01,0.000000000000000000e+00,0.000000000000000000e+00
7.091952710442080976e-01,0.000000000000000000e+00,0.000000000000000000e+00
7.105042679832038743e-01,0.000000000000000000e+00,0.000000000000000000e+00
7.118132649221996511e-01,0.000000000000000000e+00,0.000000000000000000e+00
7.131222618611953168e-01,0.000000000000000000e+00,0.000000000000000000e+00
7.144312588001910935e-01,0.000000000000000000e+00,0.000000000000000000e+00
7.157402557391868703e-01,0.000000000000000000e+00,0.000000000000000000e+00
7.170492526781826470e-01,0.000000000000000000e+00,0.000000000000000000e+00
7.183582496171783127e-01,0.000000000000000000e+00,0.000000000000000000e+00
7.196672465561740895e-01,0.000000000000000000e+00,0.000000000000000000e+00
7.209762434951698662e-01,0.000000000000000000e+00,0.000000000000000000e+00
7.222852404341656429e-01,0.000000000000000000e+00,0.000000000000000000e+00
7.235942373731613086e-01,0.000000000000000000e+00,0.000000000000000000e+00
7.249032343121570854e-01,0.000000000000000000e+00,0.000000000000000000e+00
7.262122312511528621e-01,0.000000000000000000e+00,0.000000000000000000e+00
7.275212281901486389e-01,0.000000000000000000e+00,0.000000000000000000e+00
7.288302251291443046e-01,0.000000000000000000e+00,0.000000000000000000e+00
7.301392220681400813e-01,0.000000000000000000e+00,0.000000000000000000e+00
7.314482190071358580e-01,0.000000000000000000e+00,0.000000000000000000e+00
7.327572159461316348e-01,0.000000000000000000e+00,0.000000000000000000e+00
7.340662128851273005e-01,0.000000000000000000e+00,0.000000000000000000e+00
7.353752098241230772e-01,0.000000000000000000e+00,0.000000000000000000e+00
7.366842067631188540e-01,0.000000000000000000e+00,0.000000000000000000e+00
7.379932037021146307e-01,0.000000000000000000e+00,0.000000000000000000e+00
7.393022006411102964e-01,0.000000000000000000e+00,0.000000000000000000e+00
7.406111975801060732e-01,0.000000000000000000e+00,0.000000000000000000e+00
7.419201945191018499e-01,0.000000000000000000e+00,0.000000000000000000e+00
7.432291914580976266e-01,0.000000000000000000e+00,0.000000000000000000e+00
7.445381883970932924e-01,0.000000000000000000e+00,0.000000000000000000e+00
7.458471853360890691e-01,0.000000000000000000e+00,0.000000000000000000e+00
7.471561822750848458e-01,0.000000000000000000e+00,0.000000000000000000e+00
7.484651792140806226e-01,0.000000000000000000e+00,0.000000000000000000e+00
7.497741761530762883e-01,0.000000000000000000e+00,0.000000000000000000e+00
7.510831730920720650e-01,0.000000000000000000e+00,0.000000000000000000e+00
7.523921700310678418e-01,0.000000000000000000e+00,0.000000000000000000e+00
7.537011669700636185e-01,0.000000000000000000e+00,0.000000000000000000e+00
7.550101639090592842e-01,0.000000000000000000e+00,0.000000000000000000e+00
7.563191608480550610e-01,0.000000000000000000e+00,0.000000000000000000e+00
7.576281577870508377e-01,0.000000000000000000e+00,0.000000000000000000e+00
7.589371547260466144e-01,0.000000000000000000e+00,0.000000000000000000e+00
7.602461516650422801e-01,0.000000000000000000e+00,0.000000000000000000e+00
7.615551486040380569e-01,0.000000000000000000e+00,0.000000000000000000e+00
7.628641455430338336e-01,0.000000000000000000e+00,0.000000000000000000e+00
7.641731424820296104e-01,0.000000000000000000e+00,0.000000000000000000e+00
7.654821394210252761e-01,0.000000000000000000e+00,0.000000000000000000e+00
7.667911363600210528e-01,0.000000000000000000e+00,0.000000000000000000e+00
7.681001332990168295e-01,0.000000000000000000e+00,0.000000000000000000e+00
7.694091302380126063e-01,0.000000000000000000e+00,0.000000000000000000e+00
7.707181271770082720e-01,0.000000000000000000e+00,0.000000000000000000e+00
7.720271241160040487e-01,0.000000000000000000e+00,0.000000000000000000e+00
7.733361210549998255e-01,0.000000000000000000e+00,0.000000000000000000e+00
7.746451179939956022e-01,0.000000000000000000e+00,0.000000000000000000e+00
7.759541149329912679e-01,0.000000000000000000e+00,0.000000000000000000e+00
7.772631118719870447e-01,0.000000000000000000e+00,0.000000000000000000e+00
7.785721088109828214e-01,0.000000000000000000e+00,0.000000000000000000e+00
7.798811057499785981e-01,0.000000000000000000e+00,0.000000000000000000e+00
7.811901026889742639e-01,0.000000000000000000e+00,0.000000000000000000e+00
7.824990996279700406e-01,0.000000000000000000e+00,0.000000000000000000e+00
7.838080965669658173e-01,0.000000000000000000e+00,0.000000000000000000e+00
7.851170935059615941e-01,0.000000000000000000e+00,0.000000000000000000e+00
7.864260904449572598e-01,0.000000000000000000e+00,0.000000000000000000e+00
7.877350873839530365e-01,0.000000000000000000e+00,0.000000000000000000e+00
7.890440843229488133e-01,0.000000000000000000e+00,0.000000000000000000e+00
7.903530812619445900e-01,0.000000000000000000e+00,0.000000000000000000e+00
7.916620782009402557e-01,0.000000000000000000e+00,0.000000000000000000e+00
7.929710751399360324e-01,0.000000000000000000e+00,0.000000000000000000e+00
7.942800720789318092e-01,0.000000000000000000e+00,0.000000000000000000e+00
7.955890690179275859e-01,0.000000000000000000e+00,0.000000000000000000e+00
7.968980659569232516e-01,0.000000000000000000e+00,0.000000000000000000e+00
7.982070628959190284e-01,0.000000000000000000e+00,0.000000000000000000e+00
7.995160598349148051e-01,0.000000000000000000e+00,0.000000000000000000e+00
8.008250567739105819e-01,0.000000000000000000e+00,0.000000000000000000e+00
8.021340537129062476e-01,0.000000000000000000e+00,0.000000000000000000e+00
8.034430506519020243e-01,0.000000000000000000e+00,0.000000000000000000e+00
8.047520475908978010e-01,0.000000000000000000e+00,0.000000000000000000e+00
8.060610445298935778e-01,0.000000000000000000e+00,0.000000000000000000e+00
8.073700414688892435e-01,0.000000000000000000e+00,0.000000000000000000e+00
8.086790384078850202e-01,0.000000000000000000e+00,0.000000000000000000e+00
8.099880353468807970e-01,0.000000000000000000e+00,0.000000000000000000e+00
8.112970322858765737e-01,0.000000000000000000e+00,0.000000000000000000e+00
8.126060292248722394e-01,0.000000000000000000e+00,0.000000000000000000e+00
8.139150261638680162e-01,0.000000000000000000e+00,0.000000000000000000e+00
8.152240231028637929e-01,0.000000000000000000e+00,0.000000000000000000e+00
8.165330200418595696e-01,0.000000000000000000e+00,0.000000000000000000e+00
8.178420169808552354e-01,0.000000000000000000e+00,0.000000000000000000e+00
8.191510139198510121e-01,0.000000000000000000e+00,0.000000000000000000e+00
8.204600108588467888e-01,0.000000000000000000e+00,0.000000000000000000e+00
8.217690077978425656e-01,0.000000000000000000e+00,0.000000000000000000e+00
8.230780047368382313e-01,0.000000000000000000e+00,0.000000000000000000e+00
8.243870016758340080e-01,0.000000000000000000e+00,0.000000000000000000e+00
8.256959986148297848e-01,0.000000000000000000e+00,0.000000000000000000e+00
8.270049955538255615e-01,0.000000000000000000e+00,0.000000000000000000e+00
8.283139924928212272e-01,0.000000000000000000e+00,0.000000000000000000e+00
8.296229894318170039e-01,0.000000000000000000e+00,0.000000000000000000e+00
8.309319863708127807e-01,0.000000000000000000e+00,0.000000000000000000e+00
8.322409833098085574e-01,0.000000000000000000e+00,0.000000000000000000e+00
8.335499802488042231e-01,0.000000000000000000e+00,0.000000000000000000e+00
8.348589771877999999e-01,0.000000000000000000e+00,0.000000000000000000e+00
8.361679741267957766e-01,0.000000000000000000e+00,0.000000000000000000e+00
8.374769710657915534e-01,0.000000000000000000e+00,0.000000000000000000e+00
8.387859680047872191e-01,0.000000000000000000e+00,0.000000000000000000e+00
8.400949649437829958e-01,0.000000000000000000e+00,0.000000000000000000e+00
8.414039618827787725e-01,0.000000000000000000e+00,0.000000000000000000e+00
8.427129588217745493e-01,0.000000000000000000e+00,0.000000000000000000e+00
8.440219557607702150e-01,0.000000000000000000e+00,0.000000000000000000e+00
8.453309526997659917e-01,0.000000000000000000e+00,0.000000000000000000e+00
8.466399496387617685e-01,0.000000000000000000e+00,0.000000000000000000e+00
8.479489465777575452e-01,0.000000000000000000e+00,0.000000000000000000e+00
8.492579435167532109e-01,0.000000000000000000e+00,0.000000000000000000e+00
8.505669404557489877e-01,0.000000000000000000e+00,0.000000000000000000e+00
8.518759373947447644e-01,0.000000000000000000e+00,0.000000000000000000e+00
8.531849343337405411e-01,0.000000000000000000e+00,0.000000000000000000e+00
8.544939312727362069e-01,0.000000000000000000e+00,0.000000000000000000e+00
8.558029282117319836e-01,0.000000000000000000e+00,0.000000000000000000e+00
8.571119251507277603e-01,0.000000000000000000e+00,0.000000000000000000e+00
8.584209220897235371e-01,0.000000000000000000e+00,0.000000000000000000e+00
8.597299190287192028e-01,0.000000000000000000e+00,0.000000000000000000e+00
8.610389159677149795e-01,0.000000000000000000e+00,0.000000000000000000e+00
8.623479129067107563e-01,0.000000000000000000e+00,0.000000000000000000e+00
8.636569098457065330e-01,0.000000000000000000e+00,0.000000000000000000e+00
8.649659067847021987e-01,0.000000000000000000e+00,0.000000000000000000e+00
8.662749037236979754e-01,0.000000000000000000e+00,0.000000000000000000e+00
8.675839006626937522e-01,0.000000000000000000e+00,0.000000000000000000e+00
8.688928976016895289e-01,0.000000000000000000e+00,0.000000000000000000e+00
8.702018945406851946e-01,0.000000000000000000e+00,0.000000000000000000e+00
8.715108914796809714e-01,0.000000000000000000e+00,0.000000000000000000e+00
8.728198884186767481e-01,0.000000000000000000e+00,0.000000000000000000e+00
8.741288853576725248e-01,0.000000000000000000e+00,0.000000000000000000e+00
8.754378822966681906e-01,0.000000000000000000e+00,0.000000000000000000e+00
8.767468792356639673e-01,0.000000000000000000e+00,0.000000000000000000e+00
8.780558761746597440e-01,0.000000000000000000e+00,0.000000000000000000e+00
8.793648731136555208e-01,0.000000000000000000e+00,0.000000000000000000e+00
8.806738700526511865e-01,0.000000000000000000e+00,0.000000000000000000e+00
8.819828669916469632e-01,0.000000000000000000e+00,0.000000000000000000e+00
8.832918639306427400e-01,0.000000000000000000e+00,0.000000000000000000e+00
8.846008608696385167e-01,0.000000000000000000e+00,0.000000000000000000e+00
8.859098578086341824e-01,0.000000000000000000e+00,0.000000000000000000e+00
8.872188547476299592e-01,0.000000000000000000e+00,0.000000000000000000e+00
8.885278516866257359e-01,0.000000000000000000e+00,0.000000000000000000e+00
8.898368486256215126e-01,0.000000000000000000e+00,0.000000000000000000e+00
8.911458455646171783e-01,0.000000000000000000e+00,0.000000000000000000e+00
8.924548425036129551e-01,0.000000000000000000e+00,0.000000000000000000e+00
8.937638394426087318e-01,0.000000000000000000e+00,0.000000000000000000e+00
8.950728363816045086e-01,0.000000000000000000e+00,0.000000000000000000e+00
8.963818333206001743e-01,0.000000000000000000e+00,0.000000000000000000e+00
8.976908302595959510e-01,0.000000000000000000e+00,0.000000000000000000e+00
8.989998271985917278e-01,0.000000000000000000e+00,0.000000000000000000e+00
9.003088241375875045e-01,0.000000000000000000e+00,0.000000000000000000e+00
9.016178210765831702e-01,0.000000000000000000e+00,0.000000000000000000e+00
9.029268180155789469e-01,0.000000000000000000e+00,0.000000000000000000e+00
9.042358149545747237e-01,0.000000000000000000e+00,0.000000000000000000e+00
9.055448118935705004e-01,0.000000000000000000e+00,0.000000000000000000e+00
9.068538088325661661e-01,0.000000000000000000e+00,0.000000000000000000e+00
9.081628057715619429e-01,0.000000000000000000e+00,0.000000000000000000e+00
9.094718027105577196e-01,0.000000000000000000e+00,0.000000000000000000e+00
9.107807996495534963e-01,0.000000000000000000e+00,0.000000000000000000e+00
9.120897965885491621e-01,0.000000000000000000e+00,0.000000000000000000e+00
9.133987935275449388e-01,0.000000000000000000e+00,0.000000000000000000e+00
9.147077904665407155e-01,0.000000000000000000e+00,0.000000000000000000e+00
9.160167874055364923e-01,0.000000000000000000e+00,0.000000000000000000e+00
9.173257843445321580e-01,0.000000000000000000e+00,0.000000000000000000e+00
9.186347812835279347e-01,0.000000000000000000e+00,0.000000000000000000e+00
9.199437782225237115e-01,0.000000000000000000e+00,0.000000000000000000e+00
9.212527751615194882e-01,0.000000000000000000e+00,0.000000000000000000e+00
9.225617721005151539e-01,0.000000000000000000e+00,0.000000000000000000e+00
9.238707690395109307e-01,0.000000000000000000e+00,0.000000000000000000e+00
9.251797659785067074e-01,0.000000000000000000e+00,0.000000000000000000e+00
9.264887629175024841e-01,0.000000000000000000e+00,0.000000000000000000e+00
9.277977598564981498e-01,0.000000000000000000e+00,0.000000000000000000e+00
9.291067567954939266e-01,0.000000000000000000e+00,0.000000000000000000e+00
9.304157537344897033e-01,0.000000000000000000e+00,0.000000000000000000e+00
9.317247506734854801e-01,0.000000000000000000e+00,0.000000000000000000e+00
9.330337476124811458e-01,0.000000000000000000e+00,0.000000000000000000e+00
9.343427445514769225e-01,0.000000000000000000e+00,0.000000000000000000e+00
9.356517414904726992e-01,0.000000000000000000e+00,0.000000000000000000e+00
9.369607384294684760e-01,0.000000000000000000e+00,0.000000000000000000e+00
9.382697353684641417e-01,0.000000000000000000e+00,0.000000000000000000e+00
9.395787323074599184e-01,0.000000000000000000e+00,0.000000000000000000e+00
9.408877292464556952e-01,0.000000000000000000e+00,0.000000000000000000e+00
9.421967261854514719e-01,0.000000000000000000e+00,0.000000000000000000e+00
9.435057231244471376e-01,0.000000000000000000e+00,0.000000000000000000e+00
9.448147200634429144e-01,0.000000000000000000e+00,-2.376933629588684482e-06
9.461237170024386911e-01,0.000000000000000000e+00,-6.068506598774781047e-06
9.474327139414344678e-01,0.000000000000000000e+00,-7.182555521151323674e-06
9.487417108804301336e-01,0.000000000000000000e+00,-6.876888757098575944e-06
9.500507078194259103e-01,0.000000000000000000e+00,-6.407682237086209653e-06
9.513597047584216870e-01,0.000000000000000000e+00,-6.059712557945906575e-06
9.526687016974174638e-01,0.000000000000000000e+00,-5.874107689679552990e-06
9.539776986364131295e-01,0.000000000000000000e+00,-5.846324650116141441e-06
9.552866955754089062e-01,0.000000000000000000e+00,-5.897717302291716202e-06
9.565956925144046830e-01,0.000000000000000000e+00,-5.963519267265793289e-06
9.579046894534004597e-01,0.000000000000000000e+00,-6.017612967937346902e-06
9.592136863923961254e-01,0.000000000000000000e+00,-6.055073934918553391e-06
9.605226833313919022e-01,0.000000000000000000e+00,-6.093784936794799378e-06
9.618316802703876789e-01,0.000000000000000000e+00,-6.138045383602408478e-06
9.631406772093834556e-01,0.000000000000000000e+00,-6.176926671042082262e-06
9.644496741483791213e-01,0.000000000000000000e+00,-6.212609061806428912e-06
9.657586710873748981e-01,0.000000000000000000e+00,-6.256244033928104464e-06
9.670676680263706748e-01,0.000000000000000000e+00,-6.304643967225409540e-06
9.683766649653664516e-01,0.000000000000000000e+00,-6.344485773732144729e-06
9.696856619043621173e-01,0.000000000000000000e+00,-6.378155091385506736e-06
9.709946588433578940e-01,0.000000000000000000e+00,-6.420314321811670943e-06
9.723036557823536707e-01,0.000000000000000000e+00,-6.469753930427035726e-06
9.736126527213494475e-01,0.000000000000000000e+00,-6.512896144172941604e-06
9.749216496603451132e-01,0.000000000000000000e+00,-6.550356243986699134e-06
9.762306465993408899e-01,0.000000000000000000e+00,-6.594208368279619314e-06
9.775396435383366667e-01,0.000000000000000000e+00,-6.643248528920286944e-06
9.788486404773324434e-01,0.000000000000000000e+00,-6.685776687095912330e-06
9.801576374163281091e-01,0.000000000000000000e+00,-6.724078504910524501e-06
9.814666343553238859e-01,0.000000000000000000e+00,-6.770474215989086275e-06
9.827756312943196626e-01,0.000000000000000000e+00,-6.822368020215074935e-06
9.840846282333154393e-01,0.000000000000000000e+00,-6.866267229108102832e-06
9.853936251723111051e-01,0.000000000000000000e+00,-6.904452429123963952e-06
9.867026221113068818e-01,0.000000000000000000e+00,-6.951253855289052375e-06
9.880116190503026585e-01,0.000000000000000000e+00,-7.004659542994562393e-06
9.893206159892984353e-01,0.000000000000000000e+00,-7.050113564568971647e-06
9.906296129282941010e-01,0.000000000000000000e+00,-7.089728287043572941e-06
9.919386098672898777e-01,0.000000000000000000e+00,-7.138489637681377786e-06
9.932476068062856545e-01,0.000000000000000000e+00,-7.194060847981464946e-06
9.945566037452814312e-01,0.000000000000000000e+00,-7.240658726981319404e-06
9.958656006842770969e-01,0.000000000000000000e+00,-7.280327523354057639e-06
9.971745976232728736e-01,0.000000000000000000e+00,-7.329481827619832579e-06
9.984835945622686504e-01,0.000000000000000000e+00,-7.386577866128063441e-06
9.997925915012644271e-01,0.000000000000000000e+00,-7.435652366147293968e-06
1.001101588440260093e+00,0.000000000000000000e+00,-7.477892172216837885e-06
1.002410585379255981e+00,0.000000000000000000e+00,-7.528535343859221740e-06
1.003719582318251646e+00,0.000000000000000000e+00,-7.586099666570533806e-06
1.005028579257247312e+00,0.000000000000000000e+00,-7.635549411827424748e-06
1.006337576196242978e+00,0.000000000000000000e+00,-7.678960617193975047e-06
1.007646573135238866e+00,0.000000000000000000e+00,-7.731782171296885942e-06
1.008955570074234753e+00,0.000000000000000000e+00,-7.791812783194962400e-06
1.010264567013230419e+00,0.000000000000000000e+00,-7.843021683134887567e-06
1.011573563952226085e+00,0.000000000000000000e+00,-7.887317770266522032e-06
1.012882560891221750e+00,0.000000000000000000e+00,-7.941042696746336560e-06
1.014191557830217638e+00,0.000000000000000000e+00,-8.002429986816994578e-06
1.015500554769213526e+00,0.000000000000000000e+00,-8.055192319583737159e-06
1.016809551708209192e+00,0.000000000000000000e+00,-8.101256395068312521e-06
1.018118548647204857e+00,0.000000000000000000e+00,-8.157080428047858156e-06
1.019427545586200523e+00,0.000000000000000000e+00,-8.220492184810024305e-06
1.020736542525196411e+00,0.000000000000000000e+00,-8.274456780213435003e-06
1.022045539464192077e+00,0.000000000000000000e+00,-8.321166252073242120e-06
1.023354536403187964e+00,0.000000000000000000e+00,-8.378319172247516988e-06
1.024663533342183630e+00,0.000000000000000000e+00,-8.443929419676976522e-06
1.025972530281179296e+00,0.000000000000000000e+00,-8.500139043909893388e-06
1.027281527220174961e+00,0.000000000000000000e+00,-8.548576346426028927e-06
1.028590524159170849e+00,0.000000000000000000e+00,-8.607014659184342165e-06
1.029899521098166515e+00,0.000000000000000000e+00,-8.673879962561859003e-06
1.031208518037162181e+00,0.000000000000000000e+00,-8.731675708278929804e-06
1.032517514976157846e+00,0.000000000000000000e+00,-8.782077880950533988e-06
1.033826511915153734e+00,0.000000000000000000e+00,-8.842473074407997125e-06
1.035135508854149400e+00,0.000000000000000000e+00,-8.911041090395310782e-06
1.036444505793145066e+00,0.000000000000000000e+00,-8.970300742178194398e-06
1.037753502732140731e+00,0.000000000000000000e+00,-9.022251433926653519e-06
1.039062499671136619e+00,0.000000000000000000e+00,-9.084650680737937911e-06
1.040371496610132285e+00,0.000000000000000000e+00,-9.155361276130813408e-06
1.041680493549127950e+00,0.000000000000000000e+00,-9.216164506040125382e-06
1.042989490488123616e+00,0.000000000000000000e+00,-9.269297360267603203e-06
1.044298487427119504e+00,0.000000000000000000e+00,-9.333587190019088098e-06
1.045607484366115170e+00,0.000000000000000000e+00,-9.406798436931151919e-06
1.046916481305110835e+00,0.000000000000000000e+00,-9.469597721981082294e-06
1.048225478244106501e+00,0.000000000000000000e+00,-9.524049056908179267e-06
1.049534475183102389e+00,0.000000000000000000e+00,-9.589911809895768080e-06
1.050843472122098055e+00,0.000000000000000000e+00,-9.665216543594534748e-06
1.052152469061093720e+00,0.000000000000000000e+00,-9.730067487875859733e-06
1.053461466000089386e+00,0.000000000000000000e+00,-9.786373857109675889e-06
1.054770462939085274e+00,0.000000000000000000e+00,-9.854199152947717977e-06
1.056079459878080939e+00,0.000000000000000000e+00,-9.931572737639782211e-06
1.057388456817076605e+00,0.000000000000000000e+00,-9.998241032774246584e-06
1.058697453756072271e+00,0.000000000000000000e+00,-1.005620394088635461e-05
1.060006450695068159e+00,0.000000000000000000e+00,-1.012601558866843554e-05
1.061315447634063824e+00,0.000000000000000000e+00,-1.020569446277819203e-05
1.062624444573059490e+00,0.000000000000000000e+00,-1.027452649228488557e-05
1.063933441512055156e+00,0.000000000000000000e+00,-1.033437552437621587e-05
1.065242438451051044e+00,0.000000000000000000e+00,-1.040608051962321756e-05
1.066551435390046709e+00,0.000000000000000000e+00,-1.048778979494124908e-05
1.067860432329042375e+00,0.000000000000000000e+00,-1.055866566393448558e-05
1.069169429268038041e+00,0.000000000000000000e+00,-1.062062800004370811e-05
1.070478426207033928e+00,0.000000000000000000e+00,-1.069464298675271152e-05
1.071787423146029594e+00,0.000000000000000000e+00,-1.077866317544806662e-05
1.073096420085025260e+00,0.000000000000000000e+00,-1.085144336769594542e-05
1.074405417024020926e+00,0.000000000000000000e+00,-1.091515168025192217e-05
1.075714413963016813e+00,0.000000000000000000e+00,-1.099148311196895822e-05
1.077023410902012479e+00,0.000000000000000000e+00,-1.107822332843677593e-05
1.078332407841008145e+00,0.000000000000000000e+00,-1.115324756677249507e-05
1.079641404780003811e+00,0.000000000000000000e+00,-1.121870404616198691e-05
1.080950401718999698e+00,0.000000000000000000e+00,-1.129716548053938396e-05
1.082259398657995364e+00,0.000000000000000000e+00,-1.138652641743953531e-05
1.083568395596991030e+00,0.000000000000000000e+00,-1.146396720652642642e-05
1.084877392535986695e+00,0.000000000000000000e+00,-1.153151311038269622e-05
1.086186389474982583e+00,0.000000000000000000e+00,-1.161224853905851173e-05
1.087495386413978249e+00,0.000000000000000000e+00,-1.170413521604796170e-05
1.088804383352973915e+00,0.000000000000000000e+00,-1.178391373969633893e-05
1.090113380291969580e+00,0.000000000000000000e+00,-1.185363857422738754e-05
1.091422377230965468e+00,0.000000000000000000e+00,-1.193684524990190621e-05
1.092731374169961134e+00,0.000000000000000000e+00,-1.203143584851962267e-05
1.094040371108956800e+00,0.000000000000000000e+00,-1.211363060772685518e-05
1.095349368047952465e+00,0.000000000000000000e+00,-1.218552454718135891e-05
1.096658364986948353e+00,0.000000000000000000e+00,-1.227121919641915859e-05
1.097967361925944019e+00,0.000000000000000000e+00,-1.236859995823458291e-05
1.099276358864939684e+00,0.000000000000000000e+00,-1.245332624404127397e-05
1.100585355803935350e+00,0.000000000000000000e+00,-1.252752042463223248e-05
1.101894352742931238e+00,0.000000000000000000e+00,-1.261584803695370294e-05
1.103203349681926904e+00,0.000000000000000000e+00,-1.271612727528348419e-05
1.104512346620922569e+00,0.000000000000000000e+00,-1.280337419481969441e-05
1.105821343559918235e+00,0.000000000000000000e+00,-1.287981686116934643e-05
1.107130340498914123e+00,0.000000000000000000e+00,-1.297088641155630384e-05
1.108439337437909789e+00,0.000000000000000000e+00,-1.307432044533873849e-05
1.109748334376905454e+00,0.000000000000000000e+00,-1.316430337451601762e-05
1.111057331315901120e+00,0.000000000000000000e+00,-1.324303625302447607e-05
1.112366328254897008e+00,0.000000000000000000e+00,-1.333675915073107010e-05
1.113675325193892673e+00,0.000000000000000000e+00,-1.344330375577240666e-05
1.114984322132888339e+00,0.000000000000000000e+00,-1.353620476456096622e-05
1.116293319071884005e+00,0.000000000000000000e+00,-1.361756257560464700e-05
1.117602316010879893e+00,0.000000000000000000e+00,-1.371410486596114087e-05
1.118911312949875558e+00,0.000000000000000000e+00,-1.382370231585439146e-05
1.120220309888871224e+00,0.000000000000000000e+00,-1.391944100018194241e-05
1.121529306827866890e+00,0.000000000000000000e+00,-1.400349693951585817e-05
1.122838303766862778e+00,0.000000000000000000e+00,-1.410310541033465981e-05
1.124147300705858443e+00,0.000000000000000000e+00,-1.421601964650409666e-05
1.125456297644854109e+00,0.000000000000000000e+00,-1.431468002902058778e-05
1.126765294583849775e+00,0.000000000000000000e+00,-1.440136067611119675e-05
1.128074291522845662e+00,0.000000000000000000e+00,-1.450406019505579014e-05
1.129383288461841328e+00,0.000000000000000000e+00,-1.462047726363824296e-05
1.130692285400836994e+00,0.000000000000000000e+00,-1.472226373175344882e-05
1.132001282339832660e+00,0.000000000000000000e+00,-1.481169437993201665e-05
1.133310279278828547e+00,0.000000000000000000e+00,-1.491754224439145737e-05
1.134619276217824213e+00,0.000000000000000000e+00,-1.503751799528108002e-05
1.135928273156819879e+00,0.000000000000000000e+00,-1.514254179210694495e-05
1.137237270095815544e+00,0.000000000000000000e+00,-1.523487919499744159e-05
1.138546267034811432e+00,0.000000000000000000e+00,-1.534400089471532613e-05
1.139855263973807098e+00,0.000000000000000000e+00,-1.546761984988487271e-05
1.141164260912802764e+00,0.000000000000000000e+00,-1.557598164393658724e-05
1.142473257851798429e+00,0.000000000000000000e+00,-1.567137143451691195e-05
1.143782254790794317e+00,0.000000000000000000e+00,-1.578392607486100996e-05
1.145091251729789983e+00,0.000000000000000000e+00,-1.591131045078353345e-05
1.146400248668785649e+00,0.000000000000000000e+00,-1.602305909326195987e-05
1.147709245607781314e+00,0.000000000000000000e+00,-1.612154828992129474e-05
1.149018242546777202e+00,0.000000000000000000e+00,-1.623771265533979768e-05
1.150327239485772868e+00,0.000000000000000000e+00,-1.636912362398823539e-05
1.151636236424768533e+00,0.000000000000000000e+00,-1.648443275976962941e-05
1.152945233363764199e+00,0.000000000000000000e+00,-1.658603750569198620e-05
1.154254230302760087e+00,0.000000000000000000e+00,-1.670578900700436797e-05
1.155563227241755753e+00,0.000000000000000000e+00,-1.684131905821395492e-05
1.156872224180751418e+00,0.000000000000000000e+00,-1.696049584545833433e-05
1.158181221119747084e+00,0.000000000000000000e+00,-1.706558631153765049e-05
1.159490218058742972e+00,0.000000000000000000e+00,-1.718902479984352194e-05
1.160799214997738638e+00,0.000000000000000000e+00,-1.732852675785656604e-05
1.162108211936734303e+00,0.000000000000000000e+00,-1.745148243470495686e-05
1.163417208875729969e+00,0.000000000000000000e+00,-1.756027149676930854e-05
1.164726205814725857e+00,0.000000000000000000e+00,-1.768787265363225281e-05
1.166035202753721522e+00,0.000000000000000000e+00,-1.783177180157691222e-05
1.167344199692717188e+00,0.000000000000000000e+00,-1.795852169503286966e-05
1.168653196631712854e+00,0.000000000000000000e+00,-1.807072796043696084e-05
1.169962193570708742e+00,0.000000000000000000e+00,-1.820249114956040692e-05
1.171271190509704407e+00,0.000000000000000000e+00,-1.835117204113112521e-05
1.172580187448700073e+00,0.000000000000000000e+00,-1.848212930435910728e-05
1.173889184387695739e+00,0.000000000000000000e+00,-1.859794642707079948e-05
1.175198181326691627e+00,0.000000000000000000e+00,-1.873387010466187608e-05
1.176507178265687292e+00,0.000000000000000000e+00,-1.888731376775698578e-05
1.177816175204682958e+00,0.000000000000000000e+00,-1.902260299907476693e-05
1.179125172143678624e+00,0.000000000000000000e+00,-1.914229929324273716e-05
1.180434169082674511e+00,0.000000000000000000e+00,-1.928265171999288263e-05
1.181743166021670177e+00,0.000000000000000000e+00,-1.944116593712019725e-05
1.183052162960665843e+00,0.000000000000000000e+00,-1.958134007229439533e-05
1.184361159899661509e+00,0.000000000000000000e+00,-1.970579941036609828e-05
1.185670156838657396e+00,0.000000000000000000e+00,-1.985199880168153630e-05
1.186979153777653062e+00,0.000000000000000000e+00,-2.001797926715065401e-05
1.188288150716648728e+00,0.000000000000000000e+00,-2.016666365352304258e-05
1.189597147655644394e+00,-7.260779214618429123e-06,-2.029106351976450728e-05
1.190906144594640281e+00,-5.905426835484117731e-06,-2.041228362668900953e-05
1.192215141533635947e+00,-5.128578073249068225e-06,-2.052498225207921578e-05
1.193524138472631613e+00,-3.027484371226352167e-06,-2.060108072655941758e-05
1.194833135411627278e+00,-1.727969531545303639e-06,-2.064124655618004844e-05
1.196142132350623166e+00,-1.778668506841052377e-06,-2.067381214017338653e-05
1.197451129289618832e+00,-2.095379640160155432e-06,-2.070700381986978478e-05
1.198760126228614498e+00,-7.895437911242808582e-07,-2.072837044461706135e-05
1.200069123167610163e+00,-6.851038664157371727e-08,-2.073830457449687970e-05
1.201378120106606051e+00,-5.384630973603865556e-07,-2.074843733780584731e-05
1.202687117045601717e+00,-1.174920488233865967e-06,-2.076019357517833175e-05
1.203996113984597383e+00,-7.917739971996518022e-08,-2.076622778826586746e-05
1.205305110923593048e+00,5.082184005855694409e-07,-2.076738597905913863e-05
1.206614107862588936e+00,-1.279085831418225183e-07,-2.077044752629708668e-05
1.207923104801584602e+00,-8.988012093202879527e-07,-2.077506990123823005e-05
1.209232101740580267e+00,1.339270540579029500e-07,-2.077596988080132601e-05
1.210541098679575933e+00,5.939938808041667073e-07,-2.077467254955889242e-05
1.211850095618571821e+00,-2.620627326255231537e-09,-2.077661444771505828e-05
1.213159092557567487e+00,-7.871624880806393776e-07,-2.078022968449166896e-05
1.214468089496563152e+00,1.327221051394822382e-07,-2.077987356494115367e-05
1.215777086435558818e+00,7.012457977351171934e-07,-2.077690652371733115e-05
1.217086083374554706e+00,2.803830992381683984e-08,-2.077716371506888038e-05
1.218395080313550372e+00,-8.046490106994319547e-07,-2.077981070597312296e-05
1.219704077252546037e+00,1.779403188961747873e-07,-2.077988472209968407e-05
1.221013074191541703e+00,6.371433712570873098e-07,-2.077842856737510679e-05
1.222322071130537591e+00,1.213971009828007652e-08,-2.077983309492492658e-05
1.223631068069533256e+00,-8.014802410361010487e-07,-2.078259751762956409e-05
1.224940065008528922e+00,1.495560410791352268e-07,-2.078202487457159187e-05
1.226249061947524588e+00,6.664717437099287878e-07,-2.077986124904285248e-05
1.227558058886520476e+00,2.128249226851508524e-08,-2.078125293834831577e-05
1.228867055825516141e+00,-8.146576122858295577e-07,-2.078445854745980537e-05
1.230176052764511807e+00,1.649202573950070416e-07,-2.078391884510755183e-05
1.231485049703507473e+00,5.808132435558555073e-07,-2.078098808812323117e-05
1.232794046642503361e+00,-8.585188274179422763e-08,-2.078170692135228315e-05
1.234103043581499026e+00,-9.576892006923909406e-07,-2.078599348988297013e-05
1.235412040520494692e+00,1.055208004308028080e-09,-2.078988087808597562e-05
1.236721037459490358e+00,4.565092961428263152e-07,-2.079453296012501173e-05
1.238030034398486245e+00,-2.332874430022169321e-07,-2.080283405749006054e-05
1.239339031337481911e+00,-1.156845308658560612e-06,-2.081146334302619305e-05
1.240648028276477577e+00,-3.297816027758582180e-07,-2.081427802125279669e-05
1.241957025215473243e+00,-3.835836148713411831e-09,-2.081615826546312498e-05
1.243266022154469130e+00,-9.289554796509946755e-07,-2.082874420628044732e-05
1.244575019093464796e+00,-2.063847613448244189e-06,-2.085009518852654065e-05
1.245884016032460462e+00,-1.449678722981184720e-06,-2.086890953789666270e-05
1.247193012971456128e+00,-1.614246031095278866e-06,-2.089320699039109996e-05
1.248502009910452015e+00,-3.107602628976691150e-06,-2.093562179855679162e-05
1.249811006849447681e+00,-4.781055226416031090e-06,-2.096983781738059882e-05
1.251120003788443347e+00,-5.221109218134234453e-06,-2.094439432749617414e-05
1.252429000727439012e+00,-6.981503903880081907e-06,-2.096258892965441323e-05
1.253737997666434900e+00,-8.307723819100942819e-06,-2.067101575191354623e-05
1.255046994605430566e+00,-5.653838273875222420e-06,-1.889656828514552078e-05
1.256355991544426232e+00,2.107790197963810286e-06,-1.458136796995967988e-05
