# Exudyn: solution of belt drive, contact forces over belt length
# Exudyn output file
# Exudyn version=1.2.34.dev1
# endTime=0.5
# stepSize=5e-05
# nSegments=4
# nANCFnodes=240
# contactStiffnessPerArea=100000000.0
# frictionStiffnessPerArea=100000000.0
# contactStiffness=418879.02047863905
# frictionStiffness=523598.7755982988
# contactDamping=8.377580409572781
# frictionVelocityPenalty=33.70609928242229
# dryFriction=0.5
# 
8.706542778363635104e-04,2.673526217795430057e+03,-1.840926153865287779e+04
2.179651216832112492e-03,0.000000000000000000e+00,0.000000000000000000e+00
3.488648155827861475e-03,0.000000000000000000e+00,0.000000000000000000e+00
4.797645094823610457e-03,0.000000000000000000e+00,0.000000000000000000e+00
6.106642033819359439e-03,0.000000000000000000e+00,0.000000000000000000e+00
7.415638972815108421e-03,0.000000000000000000e+00,0.000000000000000000e+00
8.724635911810857403e-03,0.000000000000000000e+00,0.000000000000000000e+00
1.003363285080660638e-02,0.000000000000000000e+00,0.000000000000000000e+00
1.134262978980235537e-02,0.000000000000000000e+00,0.000000000000000000e+00
1.265162672879810435e-02,0.000000000000000000e+00,0.000000000000000000e+00
1.396062366779385333e-02,0.000000000000000000e+00,0.000000000000000000e+00
1.526962060678960231e-02,0.000000000000000000e+00,0.000000000000000000e+00
1.657861754578535129e-02,0.000000000000000000e+00,0.000000000000000000e+00
1.788761448478110028e-02,0.000000000000000000e+00,0.000000000000000000e+00
1.919661142377684926e-02,0.000000000000000000e+00,0.000000000000000000e+00
2.050560836277259824e-02,0.000000000000000000e+00,0.000000000000000000e+00
2.181460530176834722e-02,0.000000000000000000e+00,0.000000000000000000e+00
2.312360224076409621e-02,0.000000000000000000e+00,0.000000000000000000e+00
2.443259917975984519e-02,0.000000000000000000e+00,0.000000000000000000e+00
2.574159611875559417e-02,0.000000000000000000e+00,0.000000000000000000e+00
2.705059305775134315e-02,0.000000000000000000e+00,0.000000000000000000e+00
2.835958999674709213e-02,0.000000000000000000e+00,0.000000000000000000e+00
2.966858693574284112e-02,0.000000000000000000e+00,0.000000000000000000e+00
3.097758387473859010e-02,0.000000000000000000e+00,0.000000000000000000e+00
3.228658081373436683e-02,0.000000000000000000e+00,0.000000000000000000e+00
3.359557775273008806e-02,0.000000000000000000e+00,0.000000000000000000e+00
3.490457469172580929e-02,0.000000000000000000e+00,0.000000000000000000e+00
3.621357163072158603e-02,0.000000000000000000e+00,0.000000000000000000e+00
3.752256856971730725e-02,0.000000000000000000e+00,0.000000000000000000e+00
3.883156550871308399e-02,0.000000000000000000e+00,0.000000000000000000e+00
4.014056244770880522e-02,0.000000000000000000e+00,0.000000000000000000e+00
4.144955938670458195e-02,0.000000000000000000e+00,0.000000000000000000e+00
4.275855632570030318e-02,0.000000000000000000e+00,0.000000000000000000e+00
4.406755326469607992e-02,0.000000000000000000e+00,0.000000000000000000e+00
4.537655020369180114e-02,0.000000000000000000e+00,0.000000000000000000e+00
4.668554714268757788e-02,0.000000000000000000e+00,0.000000000000000000e+00
4.799454408168329911e-02,0.000000000000000000e+00,0.000000000000000000e+00
4.930354102067907585e-02,0.000000000000000000e+00,0.000000000000000000e+00
5.061253795967479707e-02,0.000000000000000000e+00,0.000000000000000000e+00
5.192153489867057381e-02,0.000000000000000000e+00,0.000000000000000000e+00
5.323053183766629504e-02,0.000000000000000000e+00,0.000000000000000000e+00
5.453952877666207177e-02,0.000000000000000000e+00,0.000000000000000000e+00
5.584852571565779300e-02,0.000000000000000000e+00,0.000000000000000000e+00
5.715752265465356974e-02,0.000000000000000000e+00,0.000000000000000000e+00
5.846651959364929096e-02,0.000000000000000000e+00,0.000000000000000000e+00
5.977551653264506770e-02,0.000000000000000000e+00,0.000000000000000000e+00
6.108451347164078893e-02,0.000000000000000000e+00,0.000000000000000000e+00
6.239351041063656567e-02,0.000000000000000000e+00,0.000000000000000000e+00
6.370250734963228689e-02,0.000000000000000000e+00,0.000000000000000000e+00
6.501150428862806363e-02,0.000000000000000000e+00,0.000000000000000000e+00
6.632050122762378486e-02,0.000000000000000000e+00,0.000000000000000000e+00
6.762949816661956159e-02,0.000000000000000000e+00,0.000000000000000000e+00
6.893849510561528282e-02,0.000000000000000000e+00,0.000000000000000000e+00
7.024749204461105956e-02,0.000000000000000000e+00,0.000000000000000000e+00
7.155648898360678078e-02,0.000000000000000000e+00,0.000000000000000000e+00
7.286548592260255752e-02,0.000000000000000000e+00,0.000000000000000000e+00
7.417448286159827875e-02,0.000000000000000000e+00,0.000000000000000000e+00
7.548347980059405549e-02,0.000000000000000000e+00,0.000000000000000000e+00
7.679247673958977671e-02,0.000000000000000000e+00,0.000000000000000000e+00
7.810147367858555345e-02,0.000000000000000000e+00,0.000000000000000000e+00
7.941047061758127468e-02,0.000000000000000000e+00,0.000000000000000000e+00
8.071946755657705141e-02,0.000000000000000000e+00,0.000000000000000000e+00
8.202846449557277264e-02,0.000000000000000000e+00,0.000000000000000000e+00
8.333746143456854938e-02,0.000000000000000000e+00,0.000000000000000000e+00
8.464645837356427061e-02,0.000000000000000000e+00,0.000000000000000000e+00
8.595545531256004734e-02,0.000000000000000000e+00,0.000000000000000000e+00
8.726445225155576857e-02,0.000000000000000000e+00,0.000000000000000000e+00
8.857344919055154531e-02,0.000000000000000000e+00,0.000000000000000000e+00
8.988244612954726653e-02,0.000000000000000000e+00,0.000000000000000000e+00
9.119144306854304327e-02,0.000000000000000000e+00,0.000000000000000000e+00
9.250044000753876450e-02,0.000000000000000000e+00,0.000000000000000000e+00
9.380943694653454124e-02,0.000000000000000000e+00,0.000000000000000000e+00
9.511843388553026246e-02,0.000000000000000000e+00,0.000000000000000000e+00
9.642743082452603920e-02,0.000000000000000000e+00,0.000000000000000000e+00
9.773642776352176043e-02,0.000000000000000000e+00,0.000000000000000000e+00
9.904542470251753716e-02,0.000000000000000000e+00,0.000000000000000000e+00
1.003544216415132584e-01,0.000000000000000000e+00,0.000000000000000000e+00
1.016634185805090351e-01,0.000000000000000000e+00,0.000000000000000000e+00
1.029724155195047564e-01,0.000000000000000000e+00,0.000000000000000000e+00
1.042814124585005331e-01,0.000000000000000000e+00,0.000000000000000000e+00
1.055904093974962543e-01,0.000000000000000000e+00,0.000000000000000000e+00
1.068994063364920311e-01,0.000000000000000000e+00,0.000000000000000000e+00
1.082084032754877523e-01,0.000000000000000000e+00,0.000000000000000000e+00
1.095174002144835290e-01,0.000000000000000000e+00,0.000000000000000000e+00
1.108263971534792502e-01,0.000000000000000000e+00,0.000000000000000000e+00
1.121353940924750270e-01,0.000000000000000000e+00,0.000000000000000000e+00
1.134443910314707482e-01,0.000000000000000000e+00,0.000000000000000000e+00
1.147533879704665249e-01,0.000000000000000000e+00,0.000000000000000000e+00
1.160623849094622462e-01,0.000000000000000000e+00,0.000000000000000000e+00
1.173713818484580229e-01,0.000000000000000000e+00,0.000000000000000000e+00
1.186803787874537441e-01,0.000000000000000000e+00,0.000000000000000000e+00
1.199893757264495209e-01,0.000000000000000000e+00,0.000000000000000000e+00
1.212983726654452421e-01,0.000000000000000000e+00,0.000000000000000000e+00
1.226073696044410188e-01,0.000000000000000000e+00,0.000000000000000000e+00
1.239163665434367401e-01,0.000000000000000000e+00,0.000000000000000000e+00
1.252253634824325168e-01,0.000000000000000000e+00,0.000000000000000000e+00
1.265343604214282380e-01,0.000000000000000000e+00,0.000000000000000000e+00
1.278433573604240148e-01,0.000000000000000000e+00,0.000000000000000000e+00
1.291523542994197360e-01,0.000000000000000000e+00,0.000000000000000000e+00
1.304613512384155127e-01,0.000000000000000000e+00,0.000000000000000000e+00
1.317703481774112340e-01,0.000000000000000000e+00,0.000000000000000000e+00
1.330793451164070107e-01,0.000000000000000000e+00,0.000000000000000000e+00
1.343883420554027319e-01,0.000000000000000000e+00,0.000000000000000000e+00
1.356973389943985087e-01,0.000000000000000000e+00,0.000000000000000000e+00
1.370063359333942299e-01,0.000000000000000000e+00,0.000000000000000000e+00
1.383153328723900066e-01,0.000000000000000000e+00,0.000000000000000000e+00
1.396243298113857279e-01,0.000000000000000000e+00,0.000000000000000000e+00
1.409333267503815046e-01,0.000000000000000000e+00,0.000000000000000000e+00
1.422423236893772258e-01,0.000000000000000000e+00,0.000000000000000000e+00
1.435513206283730026e-01,0.000000000000000000e+00,0.000000000000000000e+00
1.448603175673687238e-01,0.000000000000000000e+00,0.000000000000000000e+00
1.461693145063645005e-01,0.000000000000000000e+00,0.000000000000000000e+00
1.474783114453602217e-01,0.000000000000000000e+00,0.000000000000000000e+00
1.487873083843559985e-01,0.000000000000000000e+00,0.000000000000000000e+00
1.500963053233517197e-01,0.000000000000000000e+00,0.000000000000000000e+00
1.514053022623474964e-01,0.000000000000000000e+00,0.000000000000000000e+00
1.527142992013432177e-01,0.000000000000000000e+00,0.000000000000000000e+00
1.540232961403389944e-01,0.000000000000000000e+00,0.000000000000000000e+00
1.553322930793347156e-01,0.000000000000000000e+00,0.000000000000000000e+00
1.566412900183304924e-01,0.000000000000000000e+00,0.000000000000000000e+00
1.579502869573262136e-01,0.000000000000000000e+00,0.000000000000000000e+00
1.592592838963219903e-01,0.000000000000000000e+00,0.000000000000000000e+00
1.605682808353177116e-01,0.000000000000000000e+00,0.000000000000000000e+00
1.618772777743134883e-01,0.000000000000000000e+00,0.000000000000000000e+00
1.631862747133092095e-01,0.000000000000000000e+00,0.000000000000000000e+00
1.644952716523049863e-01,0.000000000000000000e+00,0.000000000000000000e+00
1.658042685913007075e-01,0.000000000000000000e+00,0.000000000000000000e+00
1.671132655302964842e-01,0.000000000000000000e+00,0.000000000000000000e+00
1.684222624692922055e-01,0.000000000000000000e+00,0.000000000000000000e+00
1.697312594082879822e-01,0.000000000000000000e+00,0.000000000000000000e+00
1.710402563472837034e-01,0.000000000000000000e+00,0.000000000000000000e+00
1.723492532862794802e-01,0.000000000000000000e+00,0.000000000000000000e+00
1.736582502252752014e-01,0.000000000000000000e+00,0.000000000000000000e+00
1.749672471642709781e-01,0.000000000000000000e+00,0.000000000000000000e+00
1.762762441032666993e-01,0.000000000000000000e+00,0.000000000000000000e+00
1.775852410422624761e-01,0.000000000000000000e+00,0.000000000000000000e+00
1.788942379812581973e-01,0.000000000000000000e+00,0.000000000000000000e+00
1.802032349202539740e-01,0.000000000000000000e+00,0.000000000000000000e+00
1.815122318592496953e-01,0.000000000000000000e+00,0.000000000000000000e+00
1.828212287982454720e-01,0.000000000000000000e+00,0.000000000000000000e+00
1.841302257372411932e-01,0.000000000000000000e+00,0.000000000000000000e+00
1.854392226762369700e-01,0.000000000000000000e+00,0.000000000000000000e+00
1.867482196152326912e-01,0.000000000000000000e+00,0.000000000000000000e+00
1.880572165542284679e-01,0.000000000000000000e+00,0.000000000000000000e+00
1.893662134932241892e-01,0.000000000000000000e+00,0.000000000000000000e+00
1.906752104322199659e-01,0.000000000000000000e+00,0.000000000000000000e+00
1.919842073712156871e-01,0.000000000000000000e+00,0.000000000000000000e+00
1.932932043102114639e-01,0.000000000000000000e+00,0.000000000000000000e+00
1.946022012492071851e-01,0.000000000000000000e+00,0.000000000000000000e+00
1.959111981882029618e-01,0.000000000000000000e+00,0.000000000000000000e+00
1.972201951271986831e-01,0.000000000000000000e+00,0.000000000000000000e+00
1.985291920661944598e-01,0.000000000000000000e+00,0.000000000000000000e+00
1.998381890051901810e-01,0.000000000000000000e+00,0.000000000000000000e+00
2.011471859441859578e-01,0.000000000000000000e+00,0.000000000000000000e+00
2.024561828831816790e-01,0.000000000000000000e+00,0.000000000000000000e+00
2.037651798221774557e-01,0.000000000000000000e+00,0.000000000000000000e+00
2.050741767611731770e-01,0.000000000000000000e+00,0.000000000000000000e+00
2.063831737001689537e-01,0.000000000000000000e+00,0.000000000000000000e+00
2.076921706391646749e-01,0.000000000000000000e+00,0.000000000000000000e+00
2.090011675781604517e-01,0.000000000000000000e+00,0.000000000000000000e+00
2.103101645171561729e-01,0.000000000000000000e+00,0.000000000000000000e+00
2.116191614561519496e-01,0.000000000000000000e+00,0.000000000000000000e+00
2.129281583951476708e-01,0.000000000000000000e+00,0.000000000000000000e+00
2.142371553341434476e-01,0.000000000000000000e+00,0.000000000000000000e+00
2.155461522731391688e-01,0.000000000000000000e+00,0.000000000000000000e+00
2.168551492121349455e-01,0.000000000000000000e+00,0.000000000000000000e+00
2.181641461511306668e-01,0.000000000000000000e+00,0.000000000000000000e+00
2.194731430901264435e-01,0.000000000000000000e+00,0.000000000000000000e+00
2.207821400291221647e-01,0.000000000000000000e+00,0.000000000000000000e+00
2.220911369681179415e-01,0.000000000000000000e+00,0.000000000000000000e+00
2.234001339071136627e-01,0.000000000000000000e+00,0.000000000000000000e+00
2.247091308461094394e-01,0.000000000000000000e+00,0.000000000000000000e+00
2.260181277851051607e-01,0.000000000000000000e+00,0.000000000000000000e+00
2.273271247241009374e-01,0.000000000000000000e+00,0.000000000000000000e+00
2.286361216630966586e-01,0.000000000000000000e+00,0.000000000000000000e+00
2.299451186020924354e-01,0.000000000000000000e+00,0.000000000000000000e+00
2.312541155410881566e-01,0.000000000000000000e+00,0.000000000000000000e+00
2.325631124800839333e-01,0.000000000000000000e+00,0.000000000000000000e+00
2.338721094190796546e-01,0.000000000000000000e+00,0.000000000000000000e+00
2.351811063580754313e-01,0.000000000000000000e+00,0.000000000000000000e+00
2.364901032970711525e-01,0.000000000000000000e+00,0.000000000000000000e+00
2.377991002360669293e-01,0.000000000000000000e+00,0.000000000000000000e+00
2.391080971750626505e-01,0.000000000000000000e+00,0.000000000000000000e+00
2.404170941140584272e-01,0.000000000000000000e+00,0.000000000000000000e+00
2.417260910530541484e-01,0.000000000000000000e+00,0.000000000000000000e+00
2.430350879920499252e-01,0.000000000000000000e+00,0.000000000000000000e+00
2.443440849310456464e-01,0.000000000000000000e+00,0.000000000000000000e+00
2.456530818700414232e-01,0.000000000000000000e+00,0.000000000000000000e+00
2.469620788090371444e-01,0.000000000000000000e+00,0.000000000000000000e+00
2.482710757480329211e-01,0.000000000000000000e+00,0.000000000000000000e+00
2.495800726870286423e-01,0.000000000000000000e+00,0.000000000000000000e+00
2.508890696260244191e-01,0.000000000000000000e+00,0.000000000000000000e+00
2.521980665650201403e-01,0.000000000000000000e+00,0.000000000000000000e+00
2.535070635040159170e-01,0.000000000000000000e+00,0.000000000000000000e+00
2.548160604430116383e-01,0.000000000000000000e+00,0.000000000000000000e+00
2.561250573820074150e-01,0.000000000000000000e+00,0.000000000000000000e+00
2.574340543210031362e-01,0.000000000000000000e+00,0.000000000000000000e+00
2.587430512599989130e-01,0.000000000000000000e+00,0.000000000000000000e+00
2.600520481989946342e-01,0.000000000000000000e+00,0.000000000000000000e+00
2.613610451379904109e-01,0.000000000000000000e+00,0.000000000000000000e+00
2.626700420769861322e-01,0.000000000000000000e+00,0.000000000000000000e+00
2.639790390159819089e-01,0.000000000000000000e+00,0.000000000000000000e+00
2.652880359549776301e-01,0.000000000000000000e+00,0.000000000000000000e+00
2.665970328939734069e-01,0.000000000000000000e+00,0.000000000000000000e+00
2.679060298329691281e-01,0.000000000000000000e+00,0.000000000000000000e+00
2.692150267719649048e-01,0.000000000000000000e+00,0.000000000000000000e+00
2.705240237109606261e-01,0.000000000000000000e+00,0.000000000000000000e+00
2.718330206499564028e-01,0.000000000000000000e+00,0.000000000000000000e+00
2.731420175889521240e-01,0.000000000000000000e+00,0.000000000000000000e+00
2.744510145279479008e-01,0.000000000000000000e+00,0.000000000000000000e+00
2.757600114669436220e-01,0.000000000000000000e+00,0.000000000000000000e+00
2.770690084059393987e-01,0.000000000000000000e+00,0.000000000000000000e+00
2.783780053449351199e-01,0.000000000000000000e+00,0.000000000000000000e+00
2.796870022839308967e-01,0.000000000000000000e+00,0.000000000000000000e+00
2.809959992229266179e-01,0.000000000000000000e+00,0.000000000000000000e+00
2.823049961619223391e-01,0.000000000000000000e+00,0.000000000000000000e+00
2.836139931009181159e-01,0.000000000000000000e+00,0.000000000000000000e+00
2.849229900399137816e-01,0.000000000000000000e+00,0.000000000000000000e+00
2.862319869789095583e-01,0.000000000000000000e+00,0.000000000000000000e+00
2.875409839179053351e-01,0.000000000000000000e+00,0.000000000000000000e+00
2.888499808569011118e-01,0.000000000000000000e+00,0.000000000000000000e+00
2.901589777958967775e-01,0.000000000000000000e+00,0.000000000000000000e+00
2.914679747348925543e-01,0.000000000000000000e+00,0.000000000000000000e+00
2.927769716738883310e-01,0.000000000000000000e+00,0.000000000000000000e+00
2.940859686128841077e-01,0.000000000000000000e+00,0.000000000000000000e+00
2.953949655518797734e-01,0.000000000000000000e+00,0.000000000000000000e+00
2.967039624908755502e-01,0.000000000000000000e+00,0.000000000000000000e+00
2.980129594298713269e-01,0.000000000000000000e+00,0.000000000000000000e+00
2.993219563688671037e-01,0.000000000000000000e+00,0.000000000000000000e+00
3.006309533078627694e-01,0.000000000000000000e+00,0.000000000000000000e+00
3.019399502468585461e-01,0.000000000000000000e+00,0.000000000000000000e+00
3.032489471858543228e-01,0.000000000000000000e+00,0.000000000000000000e+00
3.045579441248500996e-01,0.000000000000000000e+00,0.000000000000000000e+00
3.058669410638457653e-01,0.000000000000000000e+00,0.000000000000000000e+00
3.071759380028415420e-01,0.000000000000000000e+00,0.000000000000000000e+00
3.084849349418373188e-01,8.273639296464489234e+03,-1.654727859292897847e+04
3.097939318808330955e-01,2.335355459515783878e+04,-4.670710919031567755e+04
3.111029288198287612e-01,3.006184492238940220e+04,-6.012368984477880440e+04
3.124119257588245380e-01,3.255553927241416386e+04,-6.511107854482832772e+04
3.137209226978203147e-01,3.292179824821103830e+04,-6.584359649642207660e+04
3.150299196368160914e-01,3.243196418360068128e+04,-6.486392836720136256e+04
3.163389165758117572e-01,3.204688733626142130e+04,-6.409377467252284259e+04
3.176479135148075339e-01,3.180656537063518408e+04,-6.361313074127036816e+04
3.189569104538033106e-01,3.152392212324711727e+04,-6.304784424649423454e+04
3.202659073927990874e-01,3.127425165363603446e+04,-6.254850330727206892e+04
3.215749043317947531e-01,3.107078548898856388e+04,-6.214157097797712777e+04
3.228839012707905298e-01,3.085000121721536561e+04,-6.170000243443073123e+04
3.241928982097863066e-01,3.060185448972839731e+04,-6.120370897945679462e+04
3.255018951487820833e-01,3.038382091520548784e+04,-6.076764183041097567e+04
3.268108920877777490e-01,3.019883934051905817e+04,-6.039767868103811634e+04
3.281198890267735258e-01,2.998821634427461322e+04,-5.997643268854922644e+04
3.294288859657693025e-01,2.974948138671635752e+04,-5.949896277343271504e+04
3.307378829047650792e-01,2.954321211967435374e+04,-5.908642423934870749e+04
3.320468798437607449e-01,2.937149870926605945e+04,-5.874299741853211890e+04
3.333558767827565217e-01,2.917025133119057500e+04,-5.834050266238115000e+04
3.346648737217522984e-01,2.893465445359420482e+04,-5.786930890718840965e+04
3.359738706607480752e-01,2.872656859967917990e+04,-5.745313719935835979e+04
3.372828675997437409e-01,2.855425900947688569e+04,-5.710851801895377139e+04
3.385918645387395176e-01,2.836113870741500068e+04,-5.672227741483000136e+04
3.399008614777352943e-01,2.813960418845063396e+04,-5.627920837690126791e+04
3.412098584167310711e-01,2.794190437373569512e+04,-5.588380874747139023e+04
3.425188553557267368e-01,2.777232748307702059e+04,-5.554465496615404118e+04
3.438278522947225135e-01,2.757969707528245635e+04,-5.515939415056491271e+04
3.451368492337182903e-01,2.736142099721763225e+04,-5.472284199443526450e+04
3.464458461727140670e-01,2.717076598102904245e+04,-5.434153196205808490e+04
3.477548431117097327e-01,2.701083197737568480e+04,-5.402166395475136960e+04
3.490638400507055095e-01,2.682679756784847632e+04,-5.365359513569695264e+04
3.503728369897012862e-01,2.661426002318163955e+04,-5.322852004636327911e+04
3.516818339286970629e-01,2.642672579218691317e+04,-5.285345158437382634e+04
3.529908308676927287e-01,2.626877993747310393e+04,-5.253755987494620786e+04
3.542998278066885054e-01,2.608663930378095392e+04,-5.217327860756190785e+04
3.556088247456842821e-01,2.587348939674272697e+04,-5.174697879348545393e+04
3.569178216846800589e-01,2.567902599485384781e+04,-5.135805198970769561e+04
3.582268186236757246e-01,2.552058651902072597e+04,-5.104117303804145195e+04
3.595358155626715013e-01,1.977921166590938083e+04,-5.074194158829352091e+04
3.608448125016672781e-01,1.467643192162816013e+04,-5.045739128329915548e+04
3.621538094406630548e-01,1.097486417507985425e+04,-5.025480349924209440e+04
3.634628063796587205e-01,8.334168864801986274e+03,-5.014904665276609012e+04
3.647718033186544973e-01,6.360588408722021995e+03,-5.007855105214608193e+04
3.660808002576502740e-01,4.873948891282980185e+03,-5.000662839640650054e+04
3.673897971966460507e-01,3.834529046811992885e+03,-4.994823467801683000e+04
3.686987941356417164e-01,3.166049182824755007e+03,-4.991087772430744371e+04
3.700077910746374932e-01,2.770120436813428114e+03,-4.987975755147529708e+04
3.713167880136332699e-01,2.603010819264340626e+03,-4.984354083892228664e+04
3.726257849526290467e-01,2.660466046439401907e+03,-4.980980727297098929e+04
3.739347818916247124e-01,2.956336222992185412e+03,-4.978119287779621664e+04
3.752437788306204891e-01,3.536355665034571302e+03,-4.974369031961973815e+04
3.765527757696162658e-01,4.442928124306248719e+03,-4.969083935597000527e+04
3.778617727086120426e-01,5.700844248925245665e+03,-4.963591832275142951e+04
3.791707696476077083e-01,7.422215242021044105e+03,-4.957049554166864255e+04
3.804797665866034850e-01,9.867356703375809957e+03,-4.945345799451482890e+04
3.817887635255992618e-01,1.328263547700337040e+04,-4.927246590247622225e+04
3.830977604645950385e-01,1.783675861381609138e+04,-4.905758832974477264e+04
3.844067574035907042e-01,2.384596252531519713e+04,-4.879819489861033071e+04
3.857157543425864810e-01,2.415283109384137060e+04,-4.845015658439577237e+04
3.870247512815822577e-01,2.391738269972166017e+04,-4.804959007545570785e+04
3.883337482205780344e-01,2.370513449375041819e+04,-4.770250223367945000e+04
3.896427451595737002e-01,2.351751101712039235e+04,-4.742004331648936204e+04
3.909517420985694769e-01,2.329528746661649711e+04,-4.710041979605209053e+04
3.922607390375652536e-01,2.303741139858424140e+04,-4.673171967272496840e+04
3.935697359765610304e-01,2.278413553243120259e+04,-4.640964619920461701e+04
3.948787329155566961e-01,2.253458243271208994e+04,-4.614417637664772337e+04
3.961877298545524728e-01,2.221538071558663432e+04,-4.584233319482825027e+04
3.974967267935482496e-01,2.181364691927214881e+04,-4.549370378365549550e+04
3.988057237325440263e-01,2.136811086486218483e+04,-4.518706635141970037e+04
4.001147206715396920e-01,2.086340697861938315e+04,-4.493495041794025747e+04
4.014237176105354687e-01,2.018888261478604181e+04,-4.465577530543510511e+04
4.027327145495312455e-01,1.928814402740550941e+04,-4.433946752197997557e+04
4.040417114885270222e-01,1.819583370587829268e+04,-4.406453518024158984e+04
4.053507084275226879e-01,1.678392393015351627e+04,-4.384925901823653840e+04
4.066597053665184647e-01,1.494272541185077171e+04,-4.363278325053064327e+04
4.079687023055142414e-01,1.261296811077443635e+04,-4.340614034055975208e+04
4.092776992445100182e-01,9.634607090062736461e+03,-4.322931169576745742e+04
4.105866961835056839e-01,5.852176169671612115e+03,-4.312235374179128848e+04
4.118956931225014606e-01,3.239820533349805828e+03,-4.304970730708240444e+04
4.132046900614972373e-01,3.617972934236154288e+03,-4.300638672929973109e+04
4.145136870004930141e-01,-8.086902519249080797e+03,-4.303170631999503530e+04
4.158226839394886798e-01,-1.360102324633664102e+04,-4.316609874128179217e+04
4.171316808784844565e-01,-1.514074738220809559e+04,-4.340288686646868155e+04
4.184406778174802333e-01,-1.532755588528655790e+04,-4.367587004319134576e+04
4.197496747564760100e-01,-1.435796360626535170e+04,-4.391103199313542427e+04
4.210586716954716757e-01,-1.264274510512872621e+04,-4.409050500506606477e+04
4.223676686344674525e-01,-1.003914741285265336e+04,-4.425073582410562085e+04
4.236766655734632292e-01,-7.071886317337872242e+03,-4.439190790895797545e+04
4.249856625124590059e-01,-3.723636319453296892e+03,-4.448169466483781434e+04
4.262946594514546717e-01,-8.242570558367394824e+02,-4.450858442950423341e+04
4.276036563904504484e-01,2.714341167944208792e+03,-4.448017872570040345e+04
4.289126533294462251e-01,6.049931718883404756e+03,-4.440827080867085897e+04
4.302216502684420019e-01,9.389730368260503383e+03,-4.431061768135581951e+04
4.315306472074376676e-01,1.235475484772855816e+04,-4.417630252462076896e+04
4.328396441464334443e-01,1.525668554997744650e+04,-4.396397814144226140e+04
4.341486410854292211e-01,1.789392000329717848e+04,-4.368638640744722215e+04
4.354576380244249978e-01,2.049577700794670818e+04,-4.341206752472394874e+04
4.367666349634206635e-01,2.070905453444057275e+04,-4.315446827363501507e+04
4.380756319024164402e-01,2.028848022483543900e+04,-4.285811851599453803e+04
4.393846288414122170e-01,1.973156014688251526e+04,-4.252977519096212927e+04
4.406936257804079937e-01,1.909589033645844029e+04,-4.224929335209508281e+04
4.420026227194036594e-01,1.795562028528440715e+04,-4.202765269137929863e+04
4.433116196583994362e-01,1.708318202012828988e+04,-4.179072508232829568e+04
4.446206165973952129e-01,1.612647822729638028e+04,-4.152848910746592446e+04
4.459296135363909896e-01,1.463535798788323518e+04,-4.131056048742605344e+04
4.472386104753866554e-01,1.241913759841071987e+04,-4.115000419476854586e+04
4.485476074143824321e-01,1.218389532532474368e+04,-4.098499146395182470e+04
4.498566043533782088e-01,1.169968996673250695e+04,-4.080170968078914302e+04
4.511656012923739856e-01,9.699936003936645648e+03,-4.065243170700467454e+04
4.524745982313696513e-01,7.556665957242876175e+03,-4.055043218068390706e+04
4.537835951703654280e-01,6.911615697448899482e+03,-4.045083996571455646e+04
4.550925921093612048e-01,7.940423679870940759e+03,-4.033858511897743301e+04
4.564015890483569815e-01,5.565999079589450048e+03,-4.024754594944884593e+04
4.577105859873526472e-01,3.646051471376244535e+03,-4.019055432293097692e+04
4.590195829263484240e-01,3.721883533334350432e+03,-4.014027933178752573e+04
4.603285798653442007e-01,3.911409642749618342e+03,-4.008207884584515705e+04
4.616375768043399774e-01,2.496099567067000407e+03,-4.003308291281201673e+04
4.629465737433356431e-01,1.501511982997408040e+03,-4.000671418440376146e+04
4.642555706823314199e-01,9.143201674076141217e+02,-3.999441861384079675e+04
4.655645676213271966e-01,2.152075171145386321e+02,-3.998403030773274077e+04
4.668735645603229734e-01,-2.322278072418147019e+02,-3.997766344820910308e+04
4.681825614993186391e-01,-8.460062905515509328e+02,-3.998366293123723881e+04
4.694915584383144158e-01,-9.942116965238512876e+02,-4.000155433993092447e+04
4.708005553773101926e-01,-1.725442637544075296e+03,-4.002081624116395687e+04
4.721095523163059693e-01,-1.338187878718287720e+03,-4.003618424427812715e+04
4.734185492553016350e-01,-1.975274737263066299e+03,-4.005497621713778790e+04
4.747275461942974117e-01,-1.892734028259516890e+03,-4.008291780653744354e+04
4.760365431332931885e-01,-2.076697651556348319e+03,-4.011145513344045321e+04
4.773455400722889652e-01,-1.538209017529469065e+03,-4.013217424620639940e+04
4.786545370112846309e-01,-2.023604796288838088e+03,-4.015119819847666804e+04
4.799635339502804077e-01,-1.668200692203675999e+03,-4.017602922581265739e+04
4.812725308892761844e-01,-1.675614413920286779e+03,-4.020008312207522977e+04
4.825815278282719611e-01,-1.199493107534446608e+03,-4.021595995083807065e+04
4.838905247672676269e-01,-1.264407643051883269e+03,-4.022821801442970173e+04
4.851995217062634036e-01,-8.180098193124727004e+02,-4.024135976535028021e+04
4.865085186452591803e-01,-6.810926907153891534e+02,-4.025030783443364635e+04
4.878175155842549571e-01,-6.643658560791168100e+01,-4.025252917444155901e+04
4.891265125232506228e-01,-2.219020266871754643e+02,-4.025255327067707549e+04
4.904355094622463995e-01,3.375769050367554769e+02,-4.024975743336185405e+04
4.917445064012421763e-01,7.967190076920896900e+02,-4.023891244197885680e+04
4.930535033402379530e-01,1.247960112578026838e+03,-4.022249292136120494e+04
4.943625002792336187e-01,1.487035991927226405e+03,-4.020419469292092981e+04
4.956714972182293955e-01,2.166733326255170596e+03,-4.017759697855006380e+04
4.969804941572251722e-01,2.501683322330214651e+03,-4.013905101703221590e+04
4.982894910962209489e-01,2.850815295634424729e+03,-4.009896883870705642e+04
4.995984880352166146e-01,3.335041109000884262e+03,-4.006072606822628586e+04
5.009074849742123359e-01,3.875845031255856611e+03,-4.000971582969671726e+04
5.022164819132082236e-01,4.347120377062646185e+03,-3.994287754722850514e+04
5.035254788522038893e-01,4.651156228319699039e+03,-3.987957193521038425e+04
5.048344757911995551e-01,4.667232272857400858e+03,-3.982278917087438458e+04
5.061434727301954428e-01,5.497115977184311305e+03,-3.974860934938340506e+04
5.074524696691911085e-01,6.298226004331534568e+03,-3.965470129823448224e+04
5.087614666081869963e-01,6.295650117146685261e+03,-3.957079526401599287e+04
5.100704635471826620e-01,5.201401556500902188e+03,-3.950146324348450435e+04
5.113794604861783277e-01,5.999070862980551283e+03,-3.941360698236738244e+04
5.126884574251742155e-01,8.580661424311316296e+03,-3.930223613915675378e+04
5.139974543641698812e-01,6.961729535415296596e+03,-3.920307965538759163e+04
5.153064513031655469e-01,5.720062877225414923e+03,-3.912367127332061500e+04
5.166154482421614347e-01,6.508523982936336324e+03,-3.902827652612913516e+04
5.179244451811571004e-01,9.132441679652643870e+03,-3.890968378154572565e+04
5.192334421201529882e-01,7.342786832300394053e+03,-3.880413272866478655e+04
5.205424390591486539e-01,5.989609618374302954e+03,-3.871992659606424422e+04
5.218514359981443196e-01,6.726050032304449815e+03,-3.862232446369930403e+04
5.231604329371402073e-01,8.917043085828307085e+03,-3.850477517111424822e+04
5.244694298761358731e-01,6.874691222942728018e+03,-3.840360655054111703e+04
5.257784268151315388e-01,5.468172416340137715e+03,-3.832649801080914767e+04
5.270874237541274265e-01,6.358259443859992643e+03,-3.823713084575556422e+04
5.283964206931230922e-01,8.410698890246598239e+03,-3.812701362060991232e+04
5.297054176321189800e-01,6.545740850380429038e+03,-3.803071232794919342e+04
5.310144145711146457e-01,5.032243786185702447e+03,-3.795687310619695927e+04
5.323234115101103114e-01,6.043390701953523603e+03,-3.787279194140627078e+04
5.336324084491061992e-01,7.933525722648282681e+03,-3.777075765694790607e+04
5.349414053881018649e-01,5.584841770197579535e+03,-3.768312378389836522e+04
5.362504023270975306e-01,4.052001304501409322e+03,-3.761863248810107325e+04
5.375593992660934184e-01,5.349200046968086099e+03,-3.754691957108685165e+04
5.388683962050890841e-01,7.069023867337966294e+03,-3.745964358055366756e+04
5.401773931440849719e-01,4.801292659658012781e+03,-3.738585976655605918e+04
5.414863900830806376e-01,3.121145796205666102e+03,-3.733265628333045606e+04
5.427953870220763033e-01,4.209255060678848167e+03,-3.727084735631867807e+04
5.441043839610721911e-01,6.562014763587423658e+03,-3.719369988170800207e+04
5.454133809000678568e-01,3.981832915127706201e+03,-3.713120292069146672e+04
5.467223778390635225e-01,2.431441318978520030e+03,-3.709066544200858334e+04
5.480313747780594102e-01,3.331279892047500198e+03,-3.704129671295575827e+04
5.493403717170550760e-01,5.630052964303939916e+03,-3.697426761281085783e+04
5.506493686560509637e-01,3.442329923515344944e+03,-3.691798473516989179e+04
5.519583655950466294e-01,1.727742226000457549e+03,-3.688361126003076788e+04
5.532673625340422952e-01,2.691399598958139450e+03,-3.684695064171795821e+04
5.545763594730381829e-01,4.829832768750813557e+03,-3.679622846748395386e+04
5.558853564120338486e-01,2.684884375642672239e+03,-3.674998344779579202e+04
5.571943533510295143e-01,1.074505008380282788e+03,-3.671829470945763023e+04
5.585033502900254021e-01,2.064532841422142155e+03,-3.668677220246328943e+04
5.598123472290210678e-01,4.309095958061520832e+03,-3.664738847688005626e+04
5.611213441680169556e-01,1.895268649578658142e+03,-3.661437460580147308e+04
5.624303411070126213e-01,4.001650816210832886e+02,-3.659372028977896116e+04
5.637393380460082870e-01,1.578775802696220126e+03,-3.656947806267135456e+04
5.650483349850041748e-01,3.719225572827760061e+03,-3.653523603659626679e+04
5.663573319239998405e-01,1.376414453530580658e+03,-3.650778202516166493e+04
5.676663288629955062e-01,-1.500710391737298366e+00,-3.649414013910946960e+04
5.689753258019913940e-01,1.018622260747836322e+03,-3.647706578356164391e+04
5.702843227409870597e-01,3.262760152069524338e+03,-3.644940293002937688e+04
5.715933196799829474e-01,1.279333363776784154e+03,-3.642855736845268257e+04
5.729023166189786131e-01,-4.571865493625516592e+02,-3.642072019052079850e+04
5.742113135579742789e-01,6.275688971711398381e+02,-3.640690431241897750e+04
5.755203104969701666e-01,3.105805829533353972e+03,-3.638070164569207554e+04
5.768293074359658323e-01,9.938239711236312814e+02,-3.636214663776346424e+04
5.781383043749614981e-01,-8.328727481222063034e+02,-3.635842542914117075e+04
5.794473013139573858e-01,5.799252942906631461e+02,-3.634894273779609648e+04
5.807562982529530515e-01,3.186766622263432055e+03,-3.632590501367876277e+04
5.820652951919489393e-01,6.963387549131961123e+02,-3.630918217318643292e+04
5.833742921309446050e-01,-7.022176481213433590e+02,-3.630626402373384190e+04
5.846832890699402707e-01,2.357912104495598555e+02,-3.629695960330814705e+04
5.859922860089361585e-01,3.312190509549836861e+03,-3.627321344971523649e+04
5.873012829479318242e-01,1.013698488985036533e+03,-3.625444623356418742e+04
5.886102798869274899e-01,-4.428021011688261979e+02,-3.624872029122971435e+04
5.899192768259233777e-01,4.978930706251858851e+02,-3.623714757030586043e+04
5.912282737649190434e-01,2.955611932619135587e+03,-3.621189195220379042e+04
5.925372707039149311e-01,1.062135108171459933e+03,-3.619147908930131234e+04
5.938462676429105969e-01,-2.273285294316636396e+02,-3.618448435318300471e+04
5.951552645819062626e-01,7.002023796886850278e+02,-3.617367151269008900e+04
5.964642615209021503e-01,3.369950125587770799e+03,-3.615029075764765003e+04
5.977732584598978161e-01,1.316228393054303297e+03,-3.612980737058184604e+04
5.990822553988934818e-01,-4.181937619849986163e+02,-3.611891571739286883e+04
6.003912523378893695e-01,1.008934191099614623e+03,-3.610084917633582518e+04
6.017002492768850352e-01,4.082685166731659592e+03,-3.606808341103101702e+04
6.030092462158809230e-01,1.980154677624161423e+03,-3.603722197649252485e+04
6.043182431548765887e-01,1.695451059112399719e+02,-3.601832490915028029e+04
6.056272400938722544e-01,1.456428400605185971e+03,-3.599781409078833531e+04
6.069362370328681422e-01,4.202806629585492374e+03,-3.596634977333599090e+04
6.082452339718638079e-01,2.146221408366372543e+03,-3.593562544262721349e+04
6.095542309108594736e-01,1.025361925786809934e+03,-3.590766778753786639e+04
6.108632278498553614e-01,2.884794151196235362e+03,-3.586511278884208878e+04
6.121722247888510271e-01,5.988650997419581472e+03,-3.580813293927853374e+04
6.134812217278469149e-01,4.131377536347342357e+03,-3.576435686809075560e+04
6.147902186668425806e-01,3.619912202190505923e+03,-3.574518871557380044e+04
6.160992156058382463e-01,5.770418193788510507e+03,-3.576863292771713168e+04
6.174082125448341341e-01,1.031994902266395911e+04,-3.592828159338453406e+04
6.187172094838297998e-01,1.085629488745683011e+04,-3.637229119900469232e+04
6.200262064228254655e-01,1.529407779537419810e+04,-3.808011321366454649e+04
6.213352033618213532e-01,1.898227200446978168e+04,-4.022877320027708629e+04
6.226442003008170190e-01,1.897384787816027165e+04,-3.814926488168726792e+04
6.239531972398129067e-01,8.608099063983985616e+03,-2.735595815861377923e+04
6.252621941788085724e-01,-1.774925573092492868e+03,-4.789403692114075966e+03
6.265711911178042381e-01,0.000000000000000000e+00,0.000000000000000000e+00
6.278801880568001259e-01,0.000000000000000000e+00,0.000000000000000000e+00
6.291891849957957916e-01,0.000000000000000000e+00,0.000000000000000000e+00
6.304981819347914573e-01,0.000000000000000000e+00,0.000000000000000000e+00
6.318071788737873451e-01,0.000000000000000000e+00,0.000000000000000000e+00
6.331161758127830108e-01,0.000000000000000000e+00,0.000000000000000000e+00
6.344251727517788986e-01,0.000000000000000000e+00,0.000000000000000000e+00
6.357341696907745643e-01,0.000000000000000000e+00,0.000000000000000000e+00
6.370431666297702300e-01,0.000000000000000000e+00,0.000000000000000000e+00
6.383521635687661178e-01,0.000000000000000000e+00,0.000000000000000000e+00
6.396611605077617835e-01,0.000000000000000000e+00,0.000000000000000000e+00
6.409701574467574492e-01,0.000000000000000000e+00,0.000000000000000000e+00
6.422791543857533370e-01,0.000000000000000000e+00,0.000000000000000000e+00
6.435881513247490027e-01,0.000000000000000000e+00,0.000000000000000000e+00
6.448971482637448904e-01,0.000000000000000000e+00,0.000000000000000000e+00
6.462061452027405561e-01,0.000000000000000000e+00,0.000000000000000000e+00
6.475151421417362219e-01,0.000000000000000000e+00,0.000000000000000000e+00
6.488241390807321096e-01,0.000000000000000000e+00,0.000000000000000000e+00
6.501331360197277753e-01,0.000000000000000000e+00,0.000000000000000000e+00
6.514421329587234410e-01,0.000000000000000000e+00,0.000000000000000000e+00
6.527511298977193288e-01,0.000000000000000000e+00,0.000000000000000000e+00
6.540601268367149945e-01,0.000000000000000000e+00,0.000000000000000000e+00
6.553691237757108823e-01,0.000000000000000000e+00,0.000000000000000000e+00
6.566781207147065480e-01,0.000000000000000000e+00,0.000000000000000000e+00
6.579871176537022137e-01,0.000000000000000000e+00,0.000000000000000000e+00
6.592961145926981015e-01,0.000000000000000000e+00,0.000000000000000000e+00
6.606051115316937672e-01,0.000000000000000000e+00,0.000000000000000000e+00
6.619141084706894329e-01,0.000000000000000000e+00,0.000000000000000000e+00
6.632231054096853207e-01,0.000000000000000000e+00,0.000000000000000000e+00
6.645321023486809864e-01,0.000000000000000000e+00,0.000000000000000000e+00
6.658410992876768741e-01,0.000000000000000000e+00,0.000000000000000000e+00
6.671500962266725399e-01,0.000000000000000000e+00,0.000000000000000000e+00
6.684590931656682056e-01,0.000000000000000000e+00,0.000000000000000000e+00
6.697680901046640933e-01,0.000000000000000000e+00,0.000000000000000000e+00
6.710770870436597590e-01,0.000000000000000000e+00,0.000000000000000000e+00
6.723860839826554248e-01,0.000000000000000000e+00,0.000000000000000000e+00
6.736950809216513125e-01,0.000000000000000000e+00,0.000000000000000000e+00
6.750040778606469782e-01,0.000000000000000000e+00,0.000000000000000000e+00
6.763130747996428660e-01,0.000000000000000000e+00,0.000000000000000000e+00
6.776220717386385317e-01,0.000000000000000000e+00,0.000000000000000000e+00
6.789310686776341974e-01,0.000000000000000000e+00,0.000000000000000000e+00
6.802400656166300852e-01,0.000000000000000000e+00,0.000000000000000000e+00
6.815490625556257509e-01,0.000000000000000000e+00,0.000000000000000000e+00
6.828580594946214166e-01,0.000000000000000000e+00,0.000000000000000000e+00
6.841670564336173044e-01,0.000000000000000000e+00,0.000000000000000000e+00
6.854760533726129701e-01,0.000000000000000000e+00,0.000000000000000000e+00
6.867850503116088579e-01,0.000000000000000000e+00,0.000000000000000000e+00
6.880940472506045236e-01,0.000000000000000000e+00,0.000000000000000000e+00
6.894030441896001893e-01,0.000000000000000000e+00,0.000000000000000000e+00
6.907120411285960770e-01,0.000000000000000000e+00,0.000000000000000000e+00
6.920210380675917428e-01,0.000000000000000000e+00,0.000000000000000000e+00
6.933300350065874085e-01,0.000000000000000000e+00,0.000000000000000000e+00
6.946390319455832962e-01,0.000000000000000000e+00,0.000000000000000000e+00
6.959480288845789620e-01,0.000000000000000000e+00,0.000000000000000000e+00
6.972570258235748497e-01,0.000000000000000000e+00,0.000000000000000000e+00
6.985660227625705154e-01,0.000000000000000000e+00,0.000000000000000000e+00
6.998750197015661811e-01,0.000000000000000000e+00,0.000000000000000000e+00
7.011840166405620689e-01,0.000000000000000000e+00,0.000000000000000000e+00
7.024930135795577346e-01,0.000000000000000000e+00,0.000000000000000000e+00
7.038020105185534003e-01,0.000000000000000000e+00,0.000000000000000000e+00
7.051110074575492881e-01,0.000000000000000000e+00,0.000000000000000000e+00
7.064200043965449538e-01,0.000000000000000000e+00,0.000000000000000000e+00
7.077290013355408416e-01,0.000000000000000000e+00,0.000000000000000000e+00
7.090379982745365073e-01,0.000000000000000000e+00,0.000000000000000000e+00
7.103469952135321730e-01,0.000000000000000000e+00,0.000000000000000000e+00
7.116559921525280608e-01,0.000000000000000000e+00,0.000000000000000000e+00
7.129649890915237265e-01,0.000000000000000000e+00,0.000000000000000000e+00
7.142739860305193922e-01,0.000000000000000000e+00,0.000000000000000000e+00
7.155829829695152799e-01,0.000000000000000000e+00,0.000000000000000000e+00
7.168919799085109457e-01,0.000000000000000000e+00,0.000000000000000000e+00
7.182009768475068334e-01,0.000000000000000000e+00,0.000000000000000000e+00
7.195099737865024991e-01,0.000000000000000000e+00,0.000000000000000000e+00
7.208189707254981649e-01,0.000000000000000000e+00,0.000000000000000000e+00
7.221279676644940526e-01,0.000000000000000000e+00,0.000000000000000000e+00
7.234369646034897183e-01,0.000000000000000000e+00,0.000000000000000000e+00
7.247459615424853840e-01,0.000000000000000000e+00,0.000000000000000000e+00
7.260549584814812718e-01,0.000000000000000000e+00,0.000000000000000000e+00
7.273639554204769375e-01,0.000000000000000000e+00,0.000000000000000000e+00
7.286729523594728253e-01,0.000000000000000000e+00,0.000000000000000000e+00
7.299819492984684910e-01,0.000000000000000000e+00,0.000000000000000000e+00
7.312909462374641567e-01,0.000000000000000000e+00,0.000000000000000000e+00
7.325999431764600445e-01,0.000000000000000000e+00,0.000000000000000000e+00
7.339089401154557102e-01,0.000000000000000000e+00,0.000000000000000000e+00
7.352179370544513759e-01,0.000000000000000000e+00,0.000000000000000000e+00
7.365269339934472637e-01,0.000000000000000000e+00,0.000000000000000000e+00
7.378359309324429294e-01,0.000000000000000000e+00,0.000000000000000000e+00
7.391449278714388171e-01,0.000000000000000000e+00,0.000000000000000000e+00
7.404539248104344829e-01,0.000000000000000000e+00,0.000000000000000000e+00
7.417629217494301486e-01,0.000000000000000000e+00,0.000000000000000000e+00
7.430719186884260363e-01,0.000000000000000000e+00,0.000000000000000000e+00
7.443809156274217020e-01,0.000000000000000000e+00,0.000000000000000000e+00
7.456899125664173678e-01,0.000000000000000000e+00,0.000000000000000000e+00
7.469989095054132555e-01,0.000000000000000000e+00,0.000000000000000000e+00
7.483079064444089212e-01,0.000000000000000000e+00,0.000000000000000000e+00
7.496169033834048090e-01,0.000000000000000000e+00,0.000000000000000000e+00
7.509259003224004747e-01,0.000000000000000000e+00,0.000000000000000000e+00
7.522348972613961404e-01,0.000000000000000000e+00,0.000000000000000000e+00
7.535438942003920282e-01,0.000000000000000000e+00,0.000000000000000000e+00
7.548528911393876939e-01,0.000000000000000000e+00,0.000000000000000000e+00
7.561618880783833596e-01,0.000000000000000000e+00,0.000000000000000000e+00
7.574708850173792474e-01,0.000000000000000000e+00,0.000000000000000000e+00
7.587798819563749131e-01,0.000000000000000000e+00,0.000000000000000000e+00
7.600888788953708008e-01,0.000000000000000000e+00,0.000000000000000000e+00
7.613978758343664666e-01,0.000000000000000000e+00,0.000000000000000000e+00
7.627068727733621323e-01,0.000000000000000000e+00,0.000000000000000000e+00
7.640158697123580200e-01,0.000000000000000000e+00,0.000000000000000000e+00
7.653248666513536858e-01,0.000000000000000000e+00,0.000000000000000000e+00
7.666338635903493515e-01,0.000000000000000000e+00,0.000000000000000000e+00
7.679428605293452392e-01,0.000000000000000000e+00,0.000000000000000000e+00
7.692518574683409049e-01,0.000000000000000000e+00,0.000000000000000000e+00
7.705608544073367927e-01,0.000000000000000000e+00,0.000000000000000000e+00
7.718698513463324584e-01,0.000000000000000000e+00,0.000000000000000000e+00
7.731788482853281241e-01,0.000000000000000000e+00,0.000000000000000000e+00
7.744878452243240119e-01,0.000000000000000000e+00,0.000000000000000000e+00
7.757968421633196776e-01,0.000000000000000000e+00,0.000000000000000000e+00
7.771058391023153433e-01,0.000000000000000000e+00,0.000000000000000000e+00
7.784148360413112311e-01,0.000000000000000000e+00,0.000000000000000000e+00
7.797238329803068968e-01,0.000000000000000000e+00,0.000000000000000000e+00
7.810328299193027846e-01,0.000000000000000000e+00,0.000000000000000000e+00
7.823418268582984503e-01,0.000000000000000000e+00,0.000000000000000000e+00
7.836508237972943380e-01,0.000000000000000000e+00,0.000000000000000000e+00
7.849598207362900038e-01,0.000000000000000000e+00,0.000000000000000000e+00
7.862688176752856695e-01,0.000000000000000000e+00,0.000000000000000000e+00
7.875778146142813352e-01,0.000000000000000000e+00,0.000000000000000000e+00
7.888868115532772229e-01,0.000000000000000000e+00,0.000000000000000000e+00
7.901958084922728887e-01,0.000000000000000000e+00,0.000000000000000000e+00
7.915048054312685544e-01,0.000000000000000000e+00,0.000000000000000000e+00
7.928138023702642201e-01,0.000000000000000000e+00,0.000000000000000000e+00
7.941227993092601078e-01,0.000000000000000000e+00,0.000000000000000000e+00
7.954317962482557736e-01,0.000000000000000000e+00,0.000000000000000000e+00
7.967407931872514393e-01,0.000000000000000000e+00,0.000000000000000000e+00
7.980497901262471050e-01,0.000000000000000000e+00,0.000000000000000000e+00
7.993587870652429928e-01,0.000000000000000000e+00,0.000000000000000000e+00
8.006677840042386585e-01,0.000000000000000000e+00,0.000000000000000000e+00
8.019767809432343242e-01,0.000000000000000000e+00,0.000000000000000000e+00
8.032857778822299899e-01,0.000000000000000000e+00,0.000000000000000000e+00
8.045947748212258777e-01,0.000000000000000000e+00,0.000000000000000000e+00
8.059037717602215434e-01,0.000000000000000000e+00,0.000000000000000000e+00
8.072127686992172091e-01,0.000000000000000000e+00,0.000000000000000000e+00
8.085217656382128748e-01,0.000000000000000000e+00,0.000000000000000000e+00
8.098307625772087626e-01,0.000000000000000000e+00,0.000000000000000000e+00
8.111397595162044283e-01,0.000000000000000000e+00,0.000000000000000000e+00
8.124487564552000940e-01,0.000000000000000000e+00,0.000000000000000000e+00
8.137577533941957597e-01,0.000000000000000000e+00,0.000000000000000000e+00
8.150667503331916475e-01,0.000000000000000000e+00,0.000000000000000000e+00
8.163757472721873132e-01,0.000000000000000000e+00,0.000000000000000000e+00
8.176847442111829789e-01,0.000000000000000000e+00,0.000000000000000000e+00
8.189937411501786446e-01,0.000000000000000000e+00,0.000000000000000000e+00
8.203027380891745324e-01,0.000000000000000000e+00,0.000000000000000000e+00
8.216117350281701981e-01,0.000000000000000000e+00,0.000000000000000000e+00
8.229207319671658638e-01,0.000000000000000000e+00,0.000000000000000000e+00
8.242297289061615295e-01,0.000000000000000000e+00,0.000000000000000000e+00
8.255387258451574173e-01,0.000000000000000000e+00,0.000000000000000000e+00
8.268477227841530830e-01,0.000000000000000000e+00,0.000000000000000000e+00
8.281567197231487487e-01,0.000000000000000000e+00,0.000000000000000000e+00
8.294657166621444144e-01,0.000000000000000000e+00,0.000000000000000000e+00
8.307747136011403022e-01,0.000000000000000000e+00,0.000000000000000000e+00
8.320837105401359679e-01,0.000000000000000000e+00,0.000000000000000000e+00
8.333927074791316336e-01,0.000000000000000000e+00,0.000000000000000000e+00
8.347017044181272993e-01,0.000000000000000000e+00,0.000000000000000000e+00
8.360107013571231871e-01,0.000000000000000000e+00,0.000000000000000000e+00
8.373196982961188528e-01,0.000000000000000000e+00,0.000000000000000000e+00
8.386286952351145185e-01,0.000000000000000000e+00,0.000000000000000000e+00
8.399376921741101842e-01,0.000000000000000000e+00,0.000000000000000000e+00
8.412466891131060720e-01,0.000000000000000000e+00,0.000000000000000000e+00
8.425556860521017377e-01,0.000000000000000000e+00,0.000000000000000000e+00
8.438646829910974034e-01,0.000000000000000000e+00,0.000000000000000000e+00
8.451736799300930691e-01,0.000000000000000000e+00,0.000000000000000000e+00
8.464826768690889569e-01,0.000000000000000000e+00,0.000000000000000000e+00
8.477916738080846226e-01,0.000000000000000000e+00,0.000000000000000000e+00
8.491006707470802883e-01,0.000000000000000000e+00,0.000000000000000000e+00
8.504096676860759541e-01,0.000000000000000000e+00,0.000000000000000000e+00
8.517186646250718418e-01,0.000000000000000000e+00,0.000000000000000000e+00
8.530276615640675075e-01,0.000000000000000000e+00,0.000000000000000000e+00
8.543366585030631732e-01,0.000000000000000000e+00,0.000000000000000000e+00
8.556456554420588390e-01,0.000000000000000000e+00,0.000000000000000000e+00
8.569546523810547267e-01,0.000000000000000000e+00,0.000000000000000000e+00
8.582636493200503924e-01,0.000000000000000000e+00,0.000000000000000000e+00
8.595726462590460581e-01,0.000000000000000000e+00,0.000000000000000000e+00
8.608816431980417239e-01,0.000000000000000000e+00,0.000000000000000000e+00
8.621906401370376116e-01,0.000000000000000000e+00,0.000000000000000000e+00
8.634996370760332773e-01,0.000000000000000000e+00,0.000000000000000000e+00
8.648086340150289431e-01,0.000000000000000000e+00,0.000000000000000000e+00
8.661176309540246088e-01,0.000000000000000000e+00,0.000000000000000000e+00
8.674266278930204965e-01,0.000000000000000000e+00,0.000000000000000000e+00
8.687356248320161622e-01,0.000000000000000000e+00,0.000000000000000000e+00
8.700446217710118280e-01,0.000000000000000000e+00,0.000000000000000000e+00
8.713536187100074937e-01,0.000000000000000000e+00,0.000000000000000000e+00
8.726626156490033814e-01,0.000000000000000000e+00,0.000000000000000000e+00
8.739716125879990472e-01,0.000000000000000000e+00,0.000000000000000000e+00
8.752806095269947129e-01,0.000000000000000000e+00,0.000000000000000000e+00
8.765896064659903786e-01,0.000000000000000000e+00,0.000000000000000000e+00
8.778986034049862663e-01,0.000000000000000000e+00,0.000000000000000000e+00
8.792076003439819321e-01,0.000000000000000000e+00,0.000000000000000000e+00
8.805165972829775978e-01,0.000000000000000000e+00,0.000000000000000000e+00
8.818255942219732635e-01,0.000000000000000000e+00,0.000000000000000000e+00
8.831345911609691512e-01,0.000000000000000000e+00,0.000000000000000000e+00
8.844435880999648170e-01,0.000000000000000000e+00,0.000000000000000000e+00
8.857525850389604827e-01,0.000000000000000000e+00,0.000000000000000000e+00
8.870615819779561484e-01,0.000000000000000000e+00,0.000000000000000000e+00
8.883705789169520362e-01,0.000000000000000000e+00,0.000000000000000000e+00
8.896795758559477019e-01,0.000000000000000000e+00,0.000000000000000000e+00
8.909885727949433676e-01,0.000000000000000000e+00,0.000000000000000000e+00
8.922975697339390333e-01,0.000000000000000000e+00,0.000000000000000000e+00
8.936065666729349211e-01,0.000000000000000000e+00,0.000000000000000000e+00
8.949155636119305868e-01,0.000000000000000000e+00,0.000000000000000000e+00
8.962245605509262525e-01,0.000000000000000000e+00,0.000000000000000000e+00
8.975335574899219182e-01,0.000000000000000000e+00,0.000000000000000000e+00
8.988425544289178060e-01,0.000000000000000000e+00,0.000000000000000000e+00
9.001515513679134717e-01,0.000000000000000000e+00,0.000000000000000000e+00
9.014605483069091374e-01,0.000000000000000000e+00,0.000000000000000000e+00
9.027695452459048031e-01,0.000000000000000000e+00,0.000000000000000000e+00
9.040785421849006909e-01,0.000000000000000000e+00,0.000000000000000000e+00
9.053875391238963566e-01,0.000000000000000000e+00,0.000000000000000000e+00
9.066965360628920223e-01,0.000000000000000000e+00,0.000000000000000000e+00
9.080055330018876880e-01,0.000000000000000000e+00,0.000000000000000000e+00
9.093145299408835758e-01,0.000000000000000000e+00,0.000000000000000000e+00
9.106235268798792415e-01,0.000000000000000000e+00,0.000000000000000000e+00
9.119325238188749072e-01,0.000000000000000000e+00,0.000000000000000000e+00
9.132415207578705729e-01,0.000000000000000000e+00,0.000000000000000000e+00
9.145505176968664607e-01,0.000000000000000000e+00,0.000000000000000000e+00
9.158595146358621264e-01,0.000000000000000000e+00,0.000000000000000000e+00
9.171685115748577921e-01,0.000000000000000000e+00,0.000000000000000000e+00
9.184775085138534578e-01,0.000000000000000000e+00,0.000000000000000000e+00
9.197865054528493456e-01,0.000000000000000000e+00,0.000000000000000000e+00
9.210955023918450113e-01,0.000000000000000000e+00,0.000000000000000000e+00
9.224044993308406770e-01,0.000000000000000000e+00,0.000000000000000000e+00
9.237134962698363427e-01,0.000000000000000000e+00,0.000000000000000000e+00
9.250224932088322305e-01,0.000000000000000000e+00,0.000000000000000000e+00
9.263314901478278962e-01,0.000000000000000000e+00,0.000000000000000000e+00
9.276404870868235619e-01,0.000000000000000000e+00,0.000000000000000000e+00
9.289494840258192276e-01,0.000000000000000000e+00,0.000000000000000000e+00
9.302584809648151154e-01,0.000000000000000000e+00,0.000000000000000000e+00
9.315674779038107811e-01,0.000000000000000000e+00,0.000000000000000000e+00
9.328764748428064468e-01,0.000000000000000000e+00,0.000000000000000000e+00
9.341854717818021125e-01,0.000000000000000000e+00,0.000000000000000000e+00
9.354944687207980003e-01,0.000000000000000000e+00,0.000000000000000000e+00
9.368034656597936660e-01,0.000000000000000000e+00,0.000000000000000000e+00
9.381124625987893317e-01,0.000000000000000000e+00,0.000000000000000000e+00
9.394214595377849975e-01,0.000000000000000000e+00,0.000000000000000000e+00
9.407304564767808852e-01,0.000000000000000000e+00,0.000000000000000000e+00
9.420394534157765509e-01,0.000000000000000000e+00,0.000000000000000000e+00
9.433484503547722166e-01,0.000000000000000000e+00,0.000000000000000000e+00
9.446574472937678824e-01,-1.124169010824508177e+03,-2.248338021649016355e+03
9.459664442327637701e-01,-1.378602996669179629e+04,-2.757205993338359258e+04
9.472754411717594358e-01,-1.912228049362025558e+04,-3.824456098724051117e+04
9.485844381107551015e-01,-1.987022430220291062e+04,-3.974044860440582124e+04
9.498934350497507673e-01,-1.902518330852130384e+04,-3.805036661704260769e+04
9.512024319887466550e-01,-1.847865703584276343e+04,-3.695731407168552687e+04
9.525114289277423207e-01,-1.817721724343221649e+04,-3.635443448686443298e+04
9.538204258667379865e-01,-1.807116407860485197e+04,-3.614232815720970393e+04
9.551294228057336522e-01,-1.810928808032548477e+04,-3.621857616065096954e+04
9.564384197447295399e-01,-1.823187043256127436e+04,-3.646374086512254871e+04
9.577474166837252056e-01,-1.838222643977981352e+04,-3.676445287955962704e+04
9.590564136227208714e-01,-1.851299344388385362e+04,-3.702598688776770723e+04
9.603654105617165371e-01,-1.862280018274125905e+04,-3.724560036548251810e+04
9.616744075007124248e-01,-1.875203029052889906e+04,-3.750406058105779812e+04
9.629834044397080905e-01,-1.889926251861814308e+04,-3.779852503723628615e+04
9.642924013787037563e-01,-1.902566222906442272e+04,-3.805132445812884544e+04
9.656013983176994220e-01,-1.913529247625716016e+04,-3.827058495251432032e+04
9.669103952566953097e-01,-1.926768674100214412e+04,-3.853537348200428823e+04
9.682193921956909755e-01,-1.941879459388543910e+04,-3.883758918777087820e+04
9.695283891346866412e-01,-1.954860866482773417e+04,-3.909721732965546835e+04
9.708373860736823069e-01,-1.966070978959409695e+04,-3.932141957918819389e+04
9.721463830126781946e-01,-1.979532287754383651e+04,-3.959064575508767302e+04
9.734553799516738604e-01,-1.994916317865459496e+04,-3.989832635730918992e+04
9.747643768906695261e-01,-2.008257066499970097e+04,-4.016514132999940193e+04
9.760733738296651918e-01,-2.019958614599133580e+04,-4.039917229198267160e+04
9.773823707686610796e-01,-2.034029833767953460e+04,-4.068059667535906920e+04
9.786913677076567453e-01,-2.050013614161462829e+04,-4.100027228322925657e+04
9.800003646466524110e-01,-2.063773227145792043e+04,-4.127546454291584087e+04
9.813093615856480767e-01,-2.075731374423105444e+04,-4.151462748846210889e+04
9.826183585246439645e-01,-2.090114216073089847e+04,-4.180228432146179694e+04
9.839273554636396302e-01,-2.106512509364323705e+04,-4.213025018728647410e+04
9.852363524026352959e-01,-2.120659035968351964e+04,-4.241318071936703927e+04
9.865453493416309616e-01,-2.132989903183854767e+04,-4.265979806367709534e+04
9.878543462806268494e-01,-2.147870716709179396e+04,-4.295741433418358793e+04
9.891633432196225151e-01,-2.164866387050402045e+04,-4.329732774100804090e+04
9.904723401586181808e-01,-2.179537915382095889e+04,-4.359075830764191778e+04
9.917813370976138465e-01,-2.192242548284557415e+04,-4.384485096569114830e+04
9.930903340366097343e-01,-2.207429649870083813e+04,-4.414859299740167626e+04
9.943993309756054000e-01,-2.224766781214469665e+04,-4.449533562428939331e+04
9.957083279146010657e-01,-2.239864837521927620e+04,-4.479729675043855241e+04
9.970173248535967314e-01,-2.253119330911224824e+04,-4.506238661822449649e+04
9.983263217925926192e-01,-2.268934836002325756e+04,-4.537869672004651511e+04
9.996353187315882849e-01,-2.286841816827463481e+04,-4.573683633654926962e+04
1.000944315670583951e+00,-2.302294998181171832e+04,-4.604589996362343663e+04
1.002253312609579616e+00,-2.315780578607715142e+04,-4.631561157215430285e+04
1.003562309548575504e+00,-2.332012340281538127e+04,-4.664024680563076254e+04
1.004871306487571170e+00,-2.350546292628055380e+04,-4.701092585256110760e+04
1.006180303426566836e+00,-2.366609616546596226e+04,-4.733219233093192452e+04
1.007489300365562501e+00,-2.380571165070472489e+04,-4.761142330140944978e+04
1.008798297304558389e+00,-2.397213667224586243e+04,-4.794427334449172486e+04
1.010107294243554055e+00,-2.416175639613747626e+04,-4.832351279227495252e+04
1.011416291182549720e+00,-2.432702134752740312e+04,-4.865404269505480625e+04
1.012725288121545386e+00,-2.447173691825834976e+04,-4.894347383651669952e+04
1.014034285060541274e+00,-2.464356162549156943e+04,-4.928712325098313886e+04
1.015343281999536940e+00,-2.483847655879093872e+04,-4.967695311758187745e+04
1.016652278938532605e+00,-2.500852207561563046e+04,-5.001704415123126091e+04
1.017961275877528271e+00,-2.515793262681691704e+04,-5.031586525363383407e+04
1.019270272816524159e+00,-2.533527603281323900e+04,-5.067055206562647800e+04
1.020579269755519825e+00,-2.553611952715290317e+04,-5.107223905430580635e+04
1.021888266694515490e+00,-2.571113685083871678e+04,-5.142227370167743356e+04
1.023197263633511156e+00,-2.586484443191791070e+04,-5.172968886383582139e+04
1.024506260572507044e+00,-2.604754198154505866e+04,-5.209508396309011732e+04
1.025815257511502709e+00,-2.625465414837473509e+04,-5.250930829674947017e+04
1.027124254450498375e+00,-2.643504995278878778e+04,-5.287009990557757556e+04
1.028433251389494041e+00,-2.659337315352997757e+04,-5.318674630705995514e+04
1.029742248328489929e+00,-2.678206641059007598e+04,-5.356413282118015195e+04
1.031051245267485594e+00,-2.699692101520139113e+04,-5.399384203040278226e+04
1.032360242206481260e+00,-2.718527671073124293e+04,-5.437055342146248586e+04
1.033669239145476926e+00,-2.735128055312037759e+04,-5.470256110624075518e+04
1.034978236084472814e+00,-2.754728223105201687e+04,-5.509456446210403374e+04
1.036287233023468479e+00,-2.687957881233761509e+04,-5.553453056294160342e+04
1.037596229962464145e+00,-2.519984786000260283e+04,-5.591217674741710653e+04
1.038905226901463807e+00,-2.314661834802596422e+04,-5.621619927519910561e+04
1.040214223840459473e+00,-2.084184427592624343e+04,-5.653167402171074355e+04
1.041523220779455361e+00,-1.807111489558199173e+04,-5.686454014764784370e+04
1.042832217718451027e+00,-1.432390917964736400e+04,-5.714447307777272363e+04
1.044141214657446692e+00,-1.200192208258397659e+04,-5.731456647320093180e+04
1.045450211596442580e+00,8.065849520518000872e+02,-5.734628318718120863e+04
1.046759208535438246e+00,1.234330425873345121e+04,-5.724704924621631653e+04
1.048068205474434134e+00,1.629810526041079538e+04,-5.705293246590866329e+04
1.049377202413429799e+00,1.773996397932385298e+04,-5.680158445577231760e+04
1.050686199352425465e+00,1.774963684319426102e+04,-5.651324298836318485e+04
1.051995196291421353e+00,1.522553326706360167e+04,-5.622466715964120522e+04
1.053304193230417019e+00,1.239388620513989918e+04,-5.599747815258220362e+04
1.054613190169412684e+00,9.293479434326440241e+03,-5.585723027999580518e+04
1.055922187108408572e+00,5.871212563930022952e+03,-5.576879713289860956e+04
1.057231184047404238e+00,1.746997386454631624e+03,-5.570948845215770416e+04
1.058540180986399903e+00,-1.944210380604166858e+03,-5.569263088136065926e+04
1.059849177925395791e+00,-5.085882625260023815e+03,-5.574069756015695020e+04
1.061158174864391457e+00,-7.969522143514167510e+03,-5.586018031316110864e+04
1.062467171803387345e+00,-1.119646408315578992e+04,-5.602203741427314526e+04
1.063776168742383010e+00,-1.353190142002376524e+04,-5.618778011499587592e+04
1.065085165681378676e+00,-1.541596437396062720e+04,-5.637100391735584708e+04
1.066394162620374564e+00,-1.661781096286081447e+04,-5.661720268572144414e+04
1.067703159559370230e+00,-1.818898429195802237e+04,-5.690404810605750390e+04
1.069012156498365895e+00,-1.890573183815905941e+04,-5.716328252709777007e+04
1.070321153437361783e+00,-1.937432117408120394e+04,-5.740161655889031681e+04
1.071630150376357449e+00,-1.934639775571368591e+04,-5.768508555048481503e+04
1.072939147315353114e+00,-1.937889420646714643e+04,-5.800049914590783737e+04
1.074248144254349002e+00,-1.883556410188877271e+04,-5.827240384500748041e+04
1.075557141193344668e+00,-1.856152005216097314e+04,-5.850251155524433125e+04
1.076866138132340556e+00,-1.725049994303671338e+04,-5.875800888353035407e+04
1.078175135071336221e+00,-1.655229731862990229e+04,-5.903356425984035013e+04
1.079484132010331887e+00,-1.570722933423768700e+04,-5.926372029777358694e+04
1.080793128949327775e+00,-1.443498795468509343e+04,-5.944839412938780879e+04
1.082102125888323441e+00,-1.310278981717185525e+04,-5.964301893755414494e+04
1.083411122827319106e+00,-1.197504139632421538e+04,-5.984621423298976879e+04
1.084720119766314994e+00,-1.075389023868878030e+04,-6.000992072857442690e+04
1.086029116705310660e+00,-9.514636557423265913e+03,-6.013336151356697519e+04
1.087338113644306326e+00,-7.743657206380966272e+03,-6.025450211440420389e+04
1.088647110583302213e+00,-7.007664433257403289e+03,-6.037454970565329859e+04
1.089956107522297879e+00,-5.854031300111595556e+03,-6.046644755291341426e+04
1.091265104461293767e+00,-4.809200476986816284e+03,-6.053152973210898199e+04
1.092574101400289432e+00,-3.283050372467310808e+03,-6.058973862160319550e+04
1.093883098339285098e+00,-2.878854043912662746e+03,-6.064072134075721260e+04
1.095192095278280986e+00,-1.911146724219323914e+03,-6.067346904307598015e+04
1.096501092217276652e+00,-9.973586415515302406e+02,-6.069127906234699185e+04
1.097810089156272539e+00,4.641208437354128336e+01,-6.070106714389390254e+04
1.099119086095268205e+00,2.091130304117276353e+02,-6.070142440181773418e+04
1.100428083034263871e+00,6.482912741405801853e+02,-6.069302599030060810e+04
1.101737079973259537e+00,1.226313418575257174e+03,-6.068081690588785568e+04
1.103046076912255424e+00,2.246037277464727140e+03,-6.066216703295583284e+04
1.104355073851251090e+00,1.704083759710427557e+03,-6.063353611754169106e+04
1.105664070790246978e+00,2.098871574414350107e+03,-6.060212531155815668e+04
1.106973067729242644e+00,2.485658716401284892e+03,-6.057448502869283402e+04
1.108282064668238309e+00,2.786788743736873585e+03,-6.054387586577249749e+04
1.109591061607234197e+00,2.280494044565671629e+03,-6.050578706273433636e+04
1.110900058546229863e+00,2.062954528383247180e+03,-6.047027375385935738e+04
1.112209055485225528e+00,2.191778821135712406e+03,-6.044525417162566009e+04
1.113518052424221416e+00,2.292979720531187922e+03,-6.042257187585798238e+04
1.114827049363217082e+00,1.546113691641382502e+03,-6.039504794076425605e+04
1.116136046302212748e+00,1.125964142377505368e+03,-6.037024483741281438e+04
1.117445043241208635e+00,1.289301500169287010e+03,-6.035674454154304112e+04
1.118754040180204301e+00,1.093623288965832671e+03,-6.034961583268603863e+04
1.120063037119200189e+00,4.390896525702792133e+02,-6.034046764574940607e+04
1.121372034058195855e+00,-5.347093082713636036e+00,-6.033193911020472297e+04
1.122681030997191520e+00,-2.812937421440674370e+02,-6.033414047393091460e+04
1.123990027936187408e+00,-5.124545143720265514e+02,-6.034921736701997725e+04
1.125299024875183074e+00,-1.337725882826814995e+03,-6.036799711897394445e+04
1.126608021814178739e+00,-1.839716319390592389e+03,-6.038533120622503338e+04
1.127917018753174627e+00,-1.988030739728579647e+03,-6.040958487581749796e+04
1.129226015692170293e+00,-2.162654027777351530e+03,-6.044831453446939850e+04
1.130535012631165959e+00,-2.910781211960325436e+03,-6.049298140506726486e+04
1.131844009570161846e+00,-3.485519886647266048e+03,-6.053333999923774536e+04
1.133153006509157512e+00,-3.759454584197785607e+03,-6.057812504328951763e+04
1.134462003448153400e+00,-3.730193144112346090e+03,-6.064020377324212313e+04
1.135771000387149066e+00,-4.516272934011027246e+03,-6.071028658792847273e+04
1.137079997326144731e+00,-4.877795735849568700e+03,-6.077194560344515776e+04
1.138388994265140619e+00,-5.065791694541870129e+03,-6.083356646315727266e+04
1.139697991204136285e+00,-5.106678987002689610e+03,-6.091398024821943545e+04
1.141006988143131951e+00,-5.899055301111750850e+03,-6.100502856355448603e+04
1.142315985082127838e+00,-6.126991229508021206e+03,-6.108600996310696792e+04
1.143624982021123504e+00,-6.265967101468410874e+03,-6.116373785462778324e+04
1.144933978960119170e+00,-6.036058852947581727e+03,-6.125903145109267643e+04
1.146242975899115057e+00,-6.821879857240766796e+03,-6.136426136367072468e+04
1.147551972838110723e+00,-6.937314749439761727e+03,-6.145705469836562406e+04
1.148860969777106389e+00,-6.769080239756508490e+03,-6.154379844891415996e+04
1.150169966716102277e+00,-6.565340369431076397e+03,-6.164631404267092148e+04
1.151478963655097942e+00,-7.194470423836028203e+03,-6.175731908572842804e+04
1.152787960594093608e+00,-7.110306603901341987e+03,-6.185393263714735076e+04
1.154096957533089496e+00,-7.098480476519618605e+03,-6.194373497147609305e+04
1.155405954472085162e+00,-6.871091875241238995e+03,-6.205033785845591774e+04
1.156714951411081049e+00,-7.277206813512916597e+03,-6.216526285974145867e+04
1.158023948350076715e+00,-6.994279656670203622e+03,-6.226258705208335596e+04
1.159332945289072381e+00,-6.954524820834538332e+03,-6.234933524842224142e+04
1.160641942228068269e+00,-6.645973839275626233e+03,-6.245171295269684924e+04
1.161950939167063934e+00,-6.869406407620641403e+03,-6.256265495357019972e+04
1.163259936106059600e+00,-6.743761860724873259e+03,-6.265574845248343627e+04
1.164568933045055488e+00,-6.446343903995631081e+03,-6.273729570832195168e+04
1.165877929984051153e+00,-6.253255292750623994e+03,-6.283319036040134233e+04
1.167186926923046819e+00,-6.418460407148671948e+03,-6.293729046610198566e+04
1.168495923862042707e+00,-6.393080997462770029e+03,-6.302459774146955897e+04
1.169804920801038373e+00,-6.152722774313786431e+03,-6.310108440959826112e+04
1.171113917740034260e+00,-5.345182155301284183e+03,-6.319050690400073654e+04
1.172422914679029926e+00,-5.880824699548130411e+03,-6.328601955060239561e+04
1.173731911618025592e+00,-5.886333260286958648e+03,-6.336351676594138553e+04
1.175040908557021480e+00,-5.024360469635813388e+03,-6.342861858894599573e+04
1.176349905496017145e+00,-4.660308608508669749e+03,-6.350439062789762102e+04
1.177658902435013033e+00,-5.098564144087443310e+03,-6.358602123182383366e+04
1.178967899374008699e+00,-4.741754693458955444e+03,-6.365321053221073089e+04
1.180276896313004364e+00,-4.383535583673792644e+03,-6.370989702037850657e+04
1.181585893252000252e+00,-3.822413210024254568e+03,-6.377292147997089342e+04
1.182894890190995918e+00,-4.215185901429961632e+03,-6.383822480923066905e+04
1.184203887129991584e+00,-3.875390092081358944e+03,-6.389224281042221264e+04
1.185512884068987471e+00,-3.768056490851115541e+03,-6.394040774630512169e+04
1.186821881007983137e+00,-2.900046102495004561e+03,-6.399429559510124818e+04
1.188130877946978803e+00,-3.376045263452959716e+03,-6.404759987766563427e+04
1.189439874885974691e+00,-3.175612457297536821e+03,-6.408908176430318417e+04
1.190748871824970356e+00,-2.643391827217533773e+03,-6.412488935494872567e+04
1.192057868763966244e+00,-2.243972789764096433e+03,-6.416594608212455205e+04
1.193366865702961910e+00,-2.859929974114090328e+03,-6.420733094192992576e+04
1.194675862641957576e+00,-2.430338417167485659e+03,-6.424080816937277996e+04
1.195984859580953463e+00,-2.227391105832660287e+03,-6.427113368320763402e+04
1.197293856519949129e+00,-1.563852657059404009e+03,-6.430423319128229923e+04
1.198602853458945017e+00,-2.004724493869593971e+03,-6.433529084811282519e+04
1.199911850397940682e+00,-2.284347548311146511e+03,-6.436054492307188775e+04
1.201220847336936348e+00,-1.656832129386969655e+03,-6.438541813484714658e+04
1.202529844275932236e+00,-1.026815475933349489e+03,-6.441187944453249656e+04
1.203838841214927902e+00,-1.611844225305039117e+03,-6.443374194224160601e+04
1.205147838153923567e+00,-1.488186999948695984e+03,-6.444941668204232701e+04
1.206456835092919455e+00,-1.092025649153466247e+03,-6.446657136110017746e+04
1.207765832031915121e+00,-8.638255490870169524e+02,-6.448809147258945450e+04
1.209074828970910787e+00,-1.226571291532676469e+03,-6.450684402738414792e+04
1.210383825909906674e+00,-1.519662632524944911e+03,-6.451957622775139316e+04
1.211692822848902340e+00,-9.188055589216788803e+02,-6.453315569353218598e+04
1.213001819787898228e+00,-4.233606625762907925e+02,-6.455145028688289312e+04
1.214310816726893894e+00,-1.326137511076582996e+03,-6.456827327744527429e+04
1.215619813665889559e+00,-1.229791212093153717e+03,-6.458050934359260282e+04
1.216928810604885447e+00,-7.804150414506976858e+02,-6.459387415913023142e+04
1.218237807543881113e+00,-5.860331778808744048e+02,-6.461003709422810789e+04
1.219546804482877000e+00,-9.413244646666398694e+02,-6.462228417095910117e+04
1.220855801421872666e+00,-1.309442559117561359e+03,-6.462841167151853733e+04
1.222164798360868332e+00,-6.423466111972835506e+02,-6.463877533577795839e+04
1.223473795299864220e+00,-3.868951776145395343e+02,-6.465972543401177973e+04
1.224782792238859885e+00,-9.379464071293037932e+02,-6.467992348365787620e+04
1.226091789177855551e+00,-1.066850766595514870e+03,-6.468691860508240643e+04
1.227400786116851439e+00,-1.200107830252850817e+03,-6.468779574457531271e+04
1.228709783055847105e+00,-2.959388108660669445e+02,-6.469828285257965035e+04
1.230018779994842770e+00,-1.285726847206405409e+03,-6.471798941576775542e+04
1.231327776933838658e+00,-1.257396233258483562e+03,-6.474142021874898637e+04
1.232636773872834324e+00,-1.369468786948302750e+03,-6.476500568299515726e+04
1.233945770811830211e+00,-1.165127372430703190e+03,-6.478029852415200003e+04
1.235254767750825877e+00,-1.839938884263295677e+03,-6.478683526888245979e+04
1.236563764689821543e+00,-2.023045549798714546e+03,-6.479883543407214893e+04
1.237872761628817431e+00,-1.844188944093739110e+03,-6.483002661748355604e+04
1.239181758567813096e+00,-1.928985690022100471e+03,-6.487482079061747936e+04
1.240490755506808984e+00,-2.971539699039200059e+03,-6.491953776865667896e+04
1.241799752445804650e+00,-3.402771416293316634e+03,-6.496088408556874492e+04
1.243108749384800316e+00,-4.140461593926126625e+03,-6.501032144138433068e+04
1.244417746323796203e+00,-3.856022849938360196e+03,-6.507883373787449091e+04
1.245726743262791869e+00,-5.321234818774350970e+03,-6.515871662036274211e+04
1.247035740201787535e+00,-6.821003450715300460e+03,-6.523885671234951587e+04
1.248344737140783423e+00,-8.084328528596613069e+03,-6.538620456758565706e+04
1.249653734079779088e+00,-1.028607231742505792e+04,-6.568306836328696227e+04
1.250962731018774754e+00,-1.398696739258393245e+04,-6.605407634474958468e+04
1.252271727957770642e+00,-1.801790529322432121e+04,-6.632669948978598404e+04
1.253580724896766307e+00,-2.298296389206963431e+04,-6.638084961240286066e+04
1.254889721835762195e+00,-1.759724277604830786e+04,-6.249403222791182634e+04
1.256198718774757861e+00,4.570764659941564787e+03,-4.889177987443836173e+04
