# Exudyn: solution of belt drive, contact forces over belt length
# Exudyn output file
# Exudyn version=1.2.34.dev1
# endTime=2
# stepSize=5e-05
# nSegments=4
# nANCFnodes=240
# contactStiffnessPerArea=100000000.0
# frictionStiffnessPerArea=100000000.0
# contactStiffness=418879.02047863905
# frictionStiffness=523598.7755982988
# contactDamping=8.377580409572781
# frictionVelocityPenalty=33.70609928242229
# dryFriction=0.5
# 
1.264632437933843612e-03,4.144179697908918570e+03,-1.965498479923605919e+04
2.573629376929620349e-03,0.000000000000000000e+00,0.000000000000000000e+00
3.882626315925397087e-03,0.000000000000000000e+00,0.000000000000000000e+00
5.191623254921173825e-03,0.000000000000000000e+00,0.000000000000000000e+00
6.500620193916839540e-03,0.000000000000000000e+00,0.000000000000000000e+00
7.809617132912616277e-03,0.000000000000000000e+00,0.000000000000000000e+00
9.118614071908393015e-03,0.000000000000000000e+00,0.000000000000000000e+00
1.042761101090416975e-02,0.000000000000000000e+00,0.000000000000000000e+00
1.173660794989983547e-02,0.000000000000000000e+00,0.000000000000000000e+00
1.304560488889561221e-02,0.000000000000000000e+00,0.000000000000000000e+00
1.435460182789138894e-02,0.000000000000000000e+00,0.000000000000000000e+00
1.566359876688716568e-02,0.000000000000000000e+00,0.000000000000000000e+00
1.697259570588283140e-02,0.000000000000000000e+00,0.000000000000000000e+00
1.828159264487860813e-02,0.000000000000000000e+00,0.000000000000000000e+00
1.959058958387438487e-02,0.000000000000000000e+00,0.000000000000000000e+00
2.089958652287016161e-02,0.000000000000000000e+00,0.000000000000000000e+00
2.220858346186582732e-02,0.000000000000000000e+00,0.000000000000000000e+00
2.351758040086160406e-02,0.000000000000000000e+00,0.000000000000000000e+00
2.482657733985738080e-02,0.000000000000000000e+00,0.000000000000000000e+00
2.613557427885315754e-02,0.000000000000000000e+00,0.000000000000000000e+00
2.744457121784882325e-02,0.000000000000000000e+00,0.000000000000000000e+00
2.875356815684459999e-02,0.000000000000000000e+00,0.000000000000000000e+00
3.006256509584037673e-02,0.000000000000000000e+00,0.000000000000000000e+00
3.137156203483615347e-02,0.000000000000000000e+00,0.000000000000000000e+00
3.268055897383181918e-02,0.000000000000000000e+00,0.000000000000000000e+00
3.398955591282759592e-02,0.000000000000000000e+00,0.000000000000000000e+00
3.529855285182337266e-02,0.000000000000000000e+00,0.000000000000000000e+00
3.660754979081914939e-02,0.000000000000000000e+00,0.000000000000000000e+00
3.791654672981481511e-02,0.000000000000000000e+00,0.000000000000000000e+00
3.922554366881059185e-02,0.000000000000000000e+00,0.000000000000000000e+00
4.053454060780636858e-02,0.000000000000000000e+00,0.000000000000000000e+00
4.184353754680214532e-02,0.000000000000000000e+00,0.000000000000000000e+00
4.315253448579781104e-02,0.000000000000000000e+00,0.000000000000000000e+00
4.446153142479358777e-02,0.000000000000000000e+00,0.000000000000000000e+00
4.577052836378936451e-02,0.000000000000000000e+00,0.000000000000000000e+00
4.707952530278514125e-02,0.000000000000000000e+00,0.000000000000000000e+00
4.838852224178080697e-02,0.000000000000000000e+00,0.000000000000000000e+00
4.969751918077658370e-02,0.000000000000000000e+00,0.000000000000000000e+00
5.100651611977236044e-02,0.000000000000000000e+00,0.000000000000000000e+00
5.231551305876813718e-02,0.000000000000000000e+00,0.000000000000000000e+00
5.362450999776380289e-02,0.000000000000000000e+00,0.000000000000000000e+00
5.493350693675957963e-02,0.000000000000000000e+00,0.000000000000000000e+00
5.624250387575535637e-02,0.000000000000000000e+00,0.000000000000000000e+00
5.755150081475113311e-02,0.000000000000000000e+00,0.000000000000000000e+00
5.886049775374679882e-02,0.000000000000000000e+00,0.000000000000000000e+00
6.016949469274257556e-02,0.000000000000000000e+00,0.000000000000000000e+00
6.147849163173835230e-02,0.000000000000000000e+00,0.000000000000000000e+00
6.278748857073412903e-02,0.000000000000000000e+00,0.000000000000000000e+00
6.409648550972979475e-02,0.000000000000000000e+00,0.000000000000000000e+00
6.540548244872557149e-02,0.000000000000000000e+00,0.000000000000000000e+00
6.671447938772134822e-02,0.000000000000000000e+00,0.000000000000000000e+00
6.802347632671712496e-02,0.000000000000000000e+00,0.000000000000000000e+00
6.933247326571279068e-02,0.000000000000000000e+00,0.000000000000000000e+00
7.064147020470856742e-02,0.000000000000000000e+00,0.000000000000000000e+00
7.195046714370434415e-02,0.000000000000000000e+00,0.000000000000000000e+00
7.325946408270012089e-02,0.000000000000000000e+00,0.000000000000000000e+00
7.456846102169578661e-02,0.000000000000000000e+00,0.000000000000000000e+00
7.587745796069156334e-02,0.000000000000000000e+00,0.000000000000000000e+00
7.718645489968734008e-02,0.000000000000000000e+00,0.000000000000000000e+00
7.849545183868311682e-02,0.000000000000000000e+00,0.000000000000000000e+00
7.980444877767878253e-02,0.000000000000000000e+00,0.000000000000000000e+00
8.111344571667455927e-02,0.000000000000000000e+00,0.000000000000000000e+00
8.242244265567033601e-02,0.000000000000000000e+00,0.000000000000000000e+00
8.373143959466611275e-02,0.000000000000000000e+00,0.000000000000000000e+00
8.504043653366177846e-02,0.000000000000000000e+00,0.000000000000000000e+00
8.634943347265755520e-02,0.000000000000000000e+00,0.000000000000000000e+00
8.765843041165333194e-02,0.000000000000000000e+00,0.000000000000000000e+00
8.896742735064910867e-02,0.000000000000000000e+00,0.000000000000000000e+00
9.027642428964477439e-02,0.000000000000000000e+00,0.000000000000000000e+00
9.158542122864055113e-02,0.000000000000000000e+00,0.000000000000000000e+00
9.289441816763632787e-02,0.000000000000000000e+00,0.000000000000000000e+00
9.420341510663210460e-02,0.000000000000000000e+00,0.000000000000000000e+00
9.551241204562777032e-02,0.000000000000000000e+00,0.000000000000000000e+00
9.682140898462354706e-02,0.000000000000000000e+00,0.000000000000000000e+00
9.813040592361932379e-02,0.000000000000000000e+00,0.000000000000000000e+00
9.943940286261510053e-02,0.000000000000000000e+00,0.000000000000000000e+00
1.007483998016107662e-01,0.000000000000000000e+00,0.000000000000000000e+00
1.020573967406065430e-01,0.000000000000000000e+00,0.000000000000000000e+00
1.033663936796023197e-01,0.000000000000000000e+00,0.000000000000000000e+00
1.046753906185980965e-01,0.000000000000000000e+00,0.000000000000000000e+00
1.059843875575937622e-01,0.000000000000000000e+00,0.000000000000000000e+00
1.072933844965895389e-01,0.000000000000000000e+00,0.000000000000000000e+00
1.086023814355853156e-01,0.000000000000000000e+00,0.000000000000000000e+00
1.099113783745810924e-01,0.000000000000000000e+00,0.000000000000000000e+00
1.112203753135767581e-01,0.000000000000000000e+00,0.000000000000000000e+00
1.125293722525725348e-01,0.000000000000000000e+00,0.000000000000000000e+00
1.138383691915683116e-01,0.000000000000000000e+00,0.000000000000000000e+00
1.151473661305640883e-01,0.000000000000000000e+00,0.000000000000000000e+00
1.164563630695597540e-01,0.000000000000000000e+00,0.000000000000000000e+00
1.177653600085555308e-01,0.000000000000000000e+00,0.000000000000000000e+00
1.190743569475513075e-01,0.000000000000000000e+00,0.000000000000000000e+00
1.203833538865470842e-01,0.000000000000000000e+00,0.000000000000000000e+00
1.216923508255427500e-01,0.000000000000000000e+00,0.000000000000000000e+00
1.230013477645385267e-01,0.000000000000000000e+00,0.000000000000000000e+00
1.243103447035343034e-01,0.000000000000000000e+00,0.000000000000000000e+00
1.256193416425300802e-01,0.000000000000000000e+00,0.000000000000000000e+00
1.269283385815257459e-01,0.000000000000000000e+00,0.000000000000000000e+00
1.282373355205215226e-01,0.000000000000000000e+00,0.000000000000000000e+00
1.295463324595172994e-01,0.000000000000000000e+00,0.000000000000000000e+00
1.308553293985130761e-01,0.000000000000000000e+00,0.000000000000000000e+00
1.321643263375087418e-01,0.000000000000000000e+00,0.000000000000000000e+00
1.334733232765045186e-01,0.000000000000000000e+00,0.000000000000000000e+00
1.347823202155002953e-01,0.000000000000000000e+00,0.000000000000000000e+00
1.360913171544960720e-01,0.000000000000000000e+00,0.000000000000000000e+00
1.374003140934917377e-01,0.000000000000000000e+00,0.000000000000000000e+00
1.387093110324875145e-01,0.000000000000000000e+00,0.000000000000000000e+00
1.400183079714832912e-01,0.000000000000000000e+00,0.000000000000000000e+00
1.413273049104790680e-01,0.000000000000000000e+00,0.000000000000000000e+00
1.426363018494747337e-01,0.000000000000000000e+00,0.000000000000000000e+00
1.439452987884705104e-01,0.000000000000000000e+00,0.000000000000000000e+00
1.452542957274662871e-01,0.000000000000000000e+00,0.000000000000000000e+00
1.465632926664620639e-01,0.000000000000000000e+00,0.000000000000000000e+00
1.478722896054577296e-01,0.000000000000000000e+00,0.000000000000000000e+00
1.491812865444535063e-01,0.000000000000000000e+00,0.000000000000000000e+00
1.504902834834492831e-01,0.000000000000000000e+00,0.000000000000000000e+00
1.517992804224450598e-01,0.000000000000000000e+00,0.000000000000000000e+00
1.531082773614407255e-01,0.000000000000000000e+00,0.000000000000000000e+00
1.544172743004365023e-01,0.000000000000000000e+00,0.000000000000000000e+00
1.557262712394322790e-01,0.000000000000000000e+00,0.000000000000000000e+00
1.570352681784280557e-01,0.000000000000000000e+00,0.000000000000000000e+00
1.583442651174237215e-01,0.000000000000000000e+00,0.000000000000000000e+00
1.596532620564194982e-01,0.000000000000000000e+00,0.000000000000000000e+00
1.609622589954152749e-01,0.000000000000000000e+00,0.000000000000000000e+00
1.622712559344110517e-01,0.000000000000000000e+00,0.000000000000000000e+00
1.635802528734067174e-01,0.000000000000000000e+00,0.000000000000000000e+00
1.648892498124024941e-01,0.000000000000000000e+00,0.000000000000000000e+00
1.661982467513982709e-01,0.000000000000000000e+00,0.000000000000000000e+00
1.675072436903940476e-01,0.000000000000000000e+00,0.000000000000000000e+00
1.688162406293897133e-01,0.000000000000000000e+00,0.000000000000000000e+00
1.701252375683854901e-01,0.000000000000000000e+00,0.000000000000000000e+00
1.714342345073812668e-01,0.000000000000000000e+00,0.000000000000000000e+00
1.727432314463770435e-01,0.000000000000000000e+00,0.000000000000000000e+00
1.740522283853727092e-01,0.000000000000000000e+00,0.000000000000000000e+00
1.753612253243684860e-01,0.000000000000000000e+00,0.000000000000000000e+00
1.766702222633642627e-01,0.000000000000000000e+00,0.000000000000000000e+00
1.779792192023600395e-01,0.000000000000000000e+00,0.000000000000000000e+00
1.792882161413557052e-01,0.000000000000000000e+00,0.000000000000000000e+00
1.805972130803514819e-01,0.000000000000000000e+00,0.000000000000000000e+00
1.819062100193472586e-01,0.000000000000000000e+00,0.000000000000000000e+00
1.832152069583430354e-01,0.000000000000000000e+00,0.000000000000000000e+00
1.845242038973387011e-01,0.000000000000000000e+00,0.000000000000000000e+00
1.858332008363344778e-01,0.000000000000000000e+00,0.000000000000000000e+00
1.871421977753302546e-01,0.000000000000000000e+00,0.000000000000000000e+00
1.884511947143260313e-01,0.000000000000000000e+00,0.000000000000000000e+00
1.897601916533216970e-01,0.000000000000000000e+00,0.000000000000000000e+00
1.910691885923174738e-01,0.000000000000000000e+00,0.000000000000000000e+00
1.923781855313132505e-01,0.000000000000000000e+00,0.000000000000000000e+00
1.936871824703090272e-01,0.000000000000000000e+00,0.000000000000000000e+00
1.949961794093046930e-01,0.000000000000000000e+00,0.000000000000000000e+00
1.963051763483004697e-01,0.000000000000000000e+00,0.000000000000000000e+00
1.976141732872962464e-01,0.000000000000000000e+00,0.000000000000000000e+00
1.989231702262920232e-01,0.000000000000000000e+00,0.000000000000000000e+00
2.002321671652876889e-01,0.000000000000000000e+00,0.000000000000000000e+00
2.015411641042834656e-01,0.000000000000000000e+00,0.000000000000000000e+00
2.028501610432792424e-01,0.000000000000000000e+00,0.000000000000000000e+00
2.041591579822750191e-01,0.000000000000000000e+00,0.000000000000000000e+00
2.054681549212706848e-01,0.000000000000000000e+00,0.000000000000000000e+00
2.067771518602664615e-01,0.000000000000000000e+00,0.000000000000000000e+00
2.080861487992622383e-01,0.000000000000000000e+00,0.000000000000000000e+00
2.093951457382580150e-01,0.000000000000000000e+00,0.000000000000000000e+00
2.107041426772536807e-01,0.000000000000000000e+00,0.000000000000000000e+00
2.120131396162494575e-01,0.000000000000000000e+00,0.000000000000000000e+00
2.133221365552452342e-01,0.000000000000000000e+00,0.000000000000000000e+00
2.146311334942410110e-01,0.000000000000000000e+00,0.000000000000000000e+00
2.159401304332366767e-01,0.000000000000000000e+00,0.000000000000000000e+00
2.172491273722324534e-01,0.000000000000000000e+00,0.000000000000000000e+00
2.185581243112282301e-01,0.000000000000000000e+00,0.000000000000000000e+00
2.198671212502240069e-01,0.000000000000000000e+00,0.000000000000000000e+00
2.211761181892196726e-01,0.000000000000000000e+00,0.000000000000000000e+00
2.224851151282154493e-01,0.000000000000000000e+00,0.000000000000000000e+00
2.237941120672112261e-01,0.000000000000000000e+00,0.000000000000000000e+00
2.251031090062070028e-01,0.000000000000000000e+00,0.000000000000000000e+00
2.264121059452026685e-01,0.000000000000000000e+00,0.000000000000000000e+00
2.277211028841984453e-01,0.000000000000000000e+00,0.000000000000000000e+00
2.290300998231942220e-01,0.000000000000000000e+00,0.000000000000000000e+00
2.303390967621899987e-01,0.000000000000000000e+00,0.000000000000000000e+00
2.316480937011856645e-01,0.000000000000000000e+00,0.000000000000000000e+00
2.329570906401814412e-01,0.000000000000000000e+00,0.000000000000000000e+00
2.342660875791772179e-01,0.000000000000000000e+00,0.000000000000000000e+00
2.355750845181729947e-01,0.000000000000000000e+00,0.000000000000000000e+00
2.368840814571686604e-01,0.000000000000000000e+00,0.000000000000000000e+00
2.381930783961644371e-01,0.000000000000000000e+00,0.000000000000000000e+00
2.395020753351602139e-01,0.000000000000000000e+00,0.000000000000000000e+00
2.408110722741559906e-01,0.000000000000000000e+00,0.000000000000000000e+00
2.421200692131516563e-01,0.000000000000000000e+00,0.000000000000000000e+00
2.434290661521474330e-01,0.000000000000000000e+00,0.000000000000000000e+00
2.447380630911432098e-01,0.000000000000000000e+00,0.000000000000000000e+00
2.460470600301389865e-01,0.000000000000000000e+00,0.000000000000000000e+00
2.473560569691346522e-01,0.000000000000000000e+00,0.000000000000000000e+00
2.486650539081304290e-01,0.000000000000000000e+00,0.000000000000000000e+00
2.499740508471262057e-01,0.000000000000000000e+00,0.000000000000000000e+00
2.512830477861219824e-01,0.000000000000000000e+00,0.000000000000000000e+00
2.525920447251176482e-01,0.000000000000000000e+00,0.000000000000000000e+00
2.539010416641134249e-01,0.000000000000000000e+00,0.000000000000000000e+00
2.552100386031092016e-01,0.000000000000000000e+00,0.000000000000000000e+00
2.565190355421049784e-01,0.000000000000000000e+00,0.000000000000000000e+00
2.578280324811006441e-01,0.000000000000000000e+00,0.000000000000000000e+00
2.591370294200964208e-01,0.000000000000000000e+00,0.000000000000000000e+00
2.604460263590921976e-01,0.000000000000000000e+00,0.000000000000000000e+00
2.617550232980879743e-01,0.000000000000000000e+00,0.000000000000000000e+00
2.630640202370836400e-01,0.000000000000000000e+00,0.000000000000000000e+00
2.643730171760794168e-01,0.000000000000000000e+00,0.000000000000000000e+00
2.656820141150751935e-01,0.000000000000000000e+00,0.000000000000000000e+00
2.669910110540709702e-01,0.000000000000000000e+00,0.000000000000000000e+00
2.683000079930666359e-01,0.000000000000000000e+00,0.000000000000000000e+00
2.696090049320624127e-01,0.000000000000000000e+00,0.000000000000000000e+00
2.709180018710581894e-01,0.000000000000000000e+00,0.000000000000000000e+00
2.722269988100539662e-01,0.000000000000000000e+00,0.000000000000000000e+00
2.735359957490496319e-01,0.000000000000000000e+00,0.000000000000000000e+00
2.748449926880454086e-01,0.000000000000000000e+00,0.000000000000000000e+00
2.761539896270411854e-01,0.000000000000000000e+00,0.000000000000000000e+00
2.774629865660369621e-01,0.000000000000000000e+00,0.000000000000000000e+00
2.787719835050326278e-01,0.000000000000000000e+00,0.000000000000000000e+00
2.800809804440284045e-01,0.000000000000000000e+00,0.000000000000000000e+00
2.813899773830241813e-01,0.000000000000000000e+00,0.000000000000000000e+00
2.826989743220199580e-01,0.000000000000000000e+00,0.000000000000000000e+00
2.840079712610156237e-01,0.000000000000000000e+00,0.000000000000000000e+00
2.853169682000114005e-01,0.000000000000000000e+00,0.000000000000000000e+00
2.866259651390071772e-01,0.000000000000000000e+00,0.000000000000000000e+00
2.879349620780029539e-01,0.000000000000000000e+00,0.000000000000000000e+00
2.892439590169986197e-01,0.000000000000000000e+00,0.000000000000000000e+00
2.905529559559945074e-01,0.000000000000000000e+00,0.000000000000000000e+00
2.918619528949901731e-01,0.000000000000000000e+00,0.000000000000000000e+00
2.931709498339858389e-01,0.000000000000000000e+00,0.000000000000000000e+00
2.944799467729815046e-01,0.000000000000000000e+00,0.000000000000000000e+00
2.957889437119773923e-01,0.000000000000000000e+00,0.000000000000000000e+00
2.970979406509730580e-01,0.000000000000000000e+00,0.000000000000000000e+00
2.984069375899687238e-01,0.000000000000000000e+00,0.000000000000000000e+00
2.997159345289643895e-01,0.000000000000000000e+00,0.000000000000000000e+00
3.010249314679602772e-01,0.000000000000000000e+00,0.000000000000000000e+00
3.023339284069559429e-01,1.301818136510575243e+02,2.603636273021150487e+02
3.036429253459516087e-01,2.469884504413778268e+04,-4.939769008827556536e+04
3.049519222849472744e-01,3.480206197031807096e+04,-6.960412394063614192e+04
3.062609192239431621e-01,4.001026032756368659e+04,-8.002052065512737317e+04
3.075699161629388279e-01,4.167272322989920212e+04,-8.334544645979840425e+04
3.088789131019344936e-01,4.158646639234862232e+04,-8.317293278469724464e+04
3.101879100409301593e-01,4.131271774069593812e+04,-8.262543548139187624e+04
3.114969069799260470e-01,4.112194430384742736e+04,-8.224388860769485473e+04
3.128059039189217128e-01,4.081733969653891108e+04,-8.163467939307782217e+04
3.141149008579173785e-01,4.051696175786521053e+04,-8.103392351573042106e+04
3.154238977969130442e-01,4.025821941639831493e+04,-8.051643883279662987e+04
3.167328947359089319e-01,3.997289033728079085e+04,-7.994578067456158169e+04
3.180418916749045977e-01,3.965168240867183340e+04,-7.930336481734366680e+04
3.193508886139002634e-01,3.936829515963160520e+04,-7.873659031926321040e+04
3.206598855528959291e-01,3.912638438532480359e+04,-7.825276877064960718e+04
3.219688824918918169e-01,3.885022759331431735e+04,-7.770045518662863469e+04
3.232778794308874826e-01,3.853379055880165834e+04,-7.706758111760331667e+04
3.245868763698831483e-01,3.824969622751210409e+04,-7.649939245502420818e+04
3.258958733088788140e-01,3.800633150449684763e+04,-7.601266300899369526e+04
3.272048702478747018e-01,3.773660961520224373e+04,-7.547321923040448746e+04
3.285138671868703675e-01,3.743429985740256234e+04,-7.486859971480512468e+04
3.298228641258660332e-01,3.716485545835639641e+04,-7.432971091671279282e+04
3.311318610648616989e-01,3.693238064978471084e+04,-7.386476129956942168e+04
3.324408580038575867e-01,3.667111852881622326e+04,-7.334223705763244652e+04
3.337498549428532524e-01,3.637698761654368718e+04,-7.275397523308737436e+04
3.350588518818489181e-01,3.611578667693123862e+04,-7.223157335386247723e+04
3.363678488208445838e-01,3.589118346968892001e+04,-7.178236693937784003e+04
3.376768457598404716e-01,3.563662268696037063e+04,-7.127324537392074126e+04
3.389858426988361373e-01,3.534859610584468464e+04,-7.069719221168936929e+04
3.402948396378318030e-01,3.509443668993011670e+04,-7.018887337986023340e+04
3.416038365768274687e-01,3.487929010862385621e+04,-6.975858021724771243e+04
3.429128335158233565e-01,3.463634671670638636e+04,-6.927269343341277272e+04
3.442218304548190222e-01,3.435934575277307158e+04,-6.871869150554614316e+04
3.455308273938146879e-01,3.411197321959560213e+04,-6.822394643919120426e+04
3.468398243328103536e-01,3.389992786670460919e+04,-6.779985573340921837e+04
3.481488212718062414e-01,3.366181477063420607e+04,-6.732362954126841214e+04
3.494578182108019071e-01,3.339333513990286883e+04,-6.678667027980573766e+04
3.507668151497975728e-01,3.315607670686471829e+04,-6.631215341372943658e+04
3.520758120887932385e-01,3.295357575765086949e+04,-6.590715151530173898e+04
3.533848090277891263e-01,3.272322012024778815e+04,-6.544644024049557629e+04
3.546938059667847920e-01,3.246093869557626749e+04,-6.492187739115253498e+04
3.560028029057804577e-01,3.222900666426748649e+04,-6.445801332853497297e+04
3.573117998447761234e-01,3.203247834216621050e+04,-6.406495668433242099e+04
3.586207967837720112e-01,3.181008493439668018e+04,-6.362016986879336037e+04
3.599297937227676769e-01,3.155670432211091975e+04,-6.311340864422183950e+04
3.612387906617633426e-01,3.133213831015704636e+04,-6.266427662031409272e+04
3.625477876007590083e-01,3.114118412112038277e+04,-6.228236824224076554e+04
3.638567845397548961e-01,3.092498020812899267e+04,-6.184996041625798534e+04
3.651657814787505618e-01,3.067909931250532100e+04,-6.135819862501064199e+04
3.664747784177462275e-01,3.046190369124449353e+04,-6.092380738248898706e+04
3.677837753567418932e-01,3.027737243061114350e+04,-6.055474486122228700e+04
3.690927722957377810e-01,3.006710963104019538e+04,-6.013421926208039076e+04
3.704017692347334467e-01,2.982742260128201451e+04,-5.965484520256402902e+04
3.717107661737291124e-01,2.961703455413824486e+04,-5.923406910827648971e+04
3.730197631127247782e-01,2.943967610013793455e+04,-5.887935220027586911e+04
3.743287600517206659e-01,2.923610135503165293e+04,-5.847220271006330586e+04
3.756377569907163316e-01,2.900234860878344625e+04,-5.800469721756689250e+04
3.769467539297119973e-01,2.879743844313643422e+04,-5.759487688627286843e+04
3.782557508687076631e-01,2.862594833825686510e+04,-5.725189667651373020e+04
3.795647478077035508e-01,2.842934601697843027e+04,-5.685869203395686054e+04
3.808737447466992165e-01,2.820275053371954709e+04,-5.640550106743909419e+04
3.821827416856948822e-01,2.800329194358776658e+04,-5.600658388717553316e+04
3.834917386246905480e-01,2.783625938600252994e+04,-5.567251877200505987e+04
3.848007355636864357e-01,2.764602673505938219e+04,-5.529205347011876438e+04
3.861097325026821014e-01,2.742726223284093794e+04,-5.485452446568187588e+04
3.874187294416777672e-01,2.723369644447762767e+04,-5.446739288895525533e+04
3.887277263806734329e-01,2.707045422942648293e+04,-5.414090845885296585e+04
3.900367233196693206e-01,2.688538228553654699e+04,-5.377076457107309398e+04
3.913457202586649863e-01,2.667380733034346486e+04,-5.334761466068692971e+04
3.926547171976606521e-01,2.648693193490796693e+04,-5.297386386981593387e+04
3.939637141366563178e-01,2.632877120976180959e+04,-5.265754241952361917e+04
3.952727110756522055e-01,2.614837609222522224e+04,-5.229675218445044447e+04
3.965817080146478713e-01,2.594207655903008344e+04,-5.188415311806016689e+04
3.978907049536435370e-01,2.576101235334563899e+04,-5.152202470669127797e+04
3.991997018926392027e-01,2.560881572074340875e+04,-5.121763144148681749e+04
4.005086988316350904e-01,2.543397246356723554e+04,-5.086794492713447107e+04
4.018176957706307562e-01,2.523273307065301560e+04,-5.046546614130603120e+04
4.031266927096264219e-01,2.505650366341965855e+04,-5.011300732683931710e+04
4.044356896486220876e-01,2.490940777167315173e+04,-4.981881554334630346e+04
4.057446865876179753e-01,2.474025283971129829e+04,-4.948050567942259659e+04
4.070536835266136411e-01,2.454475280341204416e+04,-4.908950560682408832e+04
4.083626804656093068e-01,2.437330152652308243e+04,-4.874660305304616486e+04
4.096716774046049725e-01,2.423040344887370156e+04,-4.846080689774740313e+04
4.109806743436008603e-01,2.406643847207611179e+04,-4.813287694415222359e+04
4.122896712825965260e-01,2.387691293138771653e+04,-4.775382586277543305e+04
4.135986682215921917e-01,2.371043547769866564e+04,-4.742087095539733127e+04
4.149076651605878574e-01,2.357148987529081205e+04,-4.714297975058162410e+04
4.162166620995837452e-01,2.341229126036170783e+04,-4.682458252072341566e+04
4.175256590385794109e-01,2.322844994725338256e+04,-4.645689989450676512e+04
4.188346559775750766e-01,2.306686700557230506e+04,-4.613373401114461012e+04
4.201436529165707423e-01,2.293189228830037246e+04,-4.586378457660074491e+04
4.214526498555666301e-01,2.277731736428834847e+04,-4.555463472857669694e+04
4.227616467945622958e-01,2.259886443811177014e+04,-4.519772887622354028e+04
4.240706437335579615e-01,2.244195606127650535e+04,-4.488391212255301070e+04
4.253796406725536272e-01,2.231087709668297975e+04,-4.462175419336595951e+04
4.266886376115495150e-01,2.216084139941329340e+04,-4.432168279882658680e+04
4.279976345505451807e-01,2.198760490820779160e+04,-4.397520981641558319e+04
4.293066314895408464e-01,2.183516982015227768e+04,-4.367033964030455536e+04
4.306156284285365121e-01,2.170779379726900879e+04,-4.341558759453801758e+04
4.319246253675323999e-01,2.156212593902210938e+04,-4.312425187804421876e+04
4.332336223065280656e-01,2.139398734140170200e+04,-4.278797468280340399e+04
4.345426192455237313e-01,2.124601404071436264e+04,-4.249202808142872527e+04
4.358516161845193970e-01,2.112228604937018099e+04,-4.224457209874036198e+04
4.371606131235152848e-01,2.098066210495723135e+04,-4.196132420991446270e+04
4.384696100625109505e-01,2.081720872960702036e+04,-4.163441745921404072e+04
4.397786070015066162e-01,2.067365439164397685e+04,-4.134730878328795370e+04
4.410876039405022819e-01,2.055382050984852322e+04,-4.110764101969704643e+04
4.423966008794981697e-01,2.041615922495919949e+04,-4.083231844991839898e+04
4.437055978184938354e-01,2.025693026723414732e+04,-4.051386053446829465e+04
4.450145947574895011e-01,2.011745854584742483e+04,-4.023491709169484966e+04
4.463235916964851668e-01,2.000153195123063779e+04,-4.000306390246127557e+04
4.476325886354810546e-01,1.986793957259520539e+04,-3.973587914519041078e+04
4.489415855744767203e-01,1.971286677616940506e+04,-3.942573355233881011e+04
4.502505825134723860e-01,1.957715259454415354e+04,-3.915430518908830709e+04
4.515595794524680517e-01,1.946477927903462842e+04,-3.892955855806925683e+04
4.528685763914639395e-01,1.933525725725077064e+04,-3.867051451450154127e+04
4.541775733304596052e-01,1.918453673823630379e+04,-3.836907347647260758e+04
4.554865702694552709e-01,1.905241721964618773e+04,-3.810483443929237546e+04
4.567955672084509366e-01,1.894310618170573798e+04,-3.788621236341147596e+04
4.581045641474468244e-01,1.881747170569312220e+04,-3.763494341138624441e+04
4.594135610864424901e-01,1.867129672897780983e+04,-3.734259345795561967e+04
4.607225580254381558e-01,1.854282410236149008e+04,-3.708564820472298015e+04
4.620315549644338216e-01,1.843628921819835523e+04,-3.687257843639671046e+04
4.633405519034297093e-01,1.831421505019976394e+04,-3.662843010039952787e+04
4.646495488424253750e-01,1.817244588542157726e+04,-3.634489177084315452e+04
4.659585457814210407e-01,1.804765926069152192e+04,-3.609531852138304384e+04
4.672675427204167065e-01,1.794394485722504396e+04,-3.588788971445008792e+04
4.685765396594125942e-01,1.782525198029448802e+04,-3.565050396058897604e+04
4.698855365984082599e-01,1.768759201417643999e+04,-3.537518402835287998e+04
4.711945335374039256e-01,1.756640824034816978e+04,-3.513281648069633957e+04
4.725035304763995914e-01,1.746559400001362155e+04,-3.493118800002724311e+04
4.738125274153954791e-01,1.735012698692362756e+04,-3.470025397384725511e+04
4.751215243543911448e-01,1.721623374842327758e+04,-3.443246749684655515e+04
4.764305212933868106e-01,1.709858114664991808e+04,-3.419716229329983616e+04
4.777395182323824763e-01,1.700086224579397458e+04,-3.400172449158794916e+04
4.790485151713783640e-01,1.688858084912718550e+04,-3.377716169825437100e+04
4.803575121103740297e-01,1.675809752375056632e+04,-3.351619504750113265e+04
4.816665090493696955e-01,1.664367573299935248e+04,-3.328735146599870495e+04
4.829755059883653612e-01,1.654902468943403073e+04,-3.309804937886806147e+04
4.842845029273612489e-01,1.644005360742569246e+04,-3.288010721485138492e+04
4.855934998663569147e-01,1.631303110348926748e+04,-3.262606220697853496e+04
4.869024968053525804e-01,1.620166192609973405e+04,-3.240332385219946809e+04
4.882114937443482461e-01,1.610973060676953537e+04,-3.221946121353907074e+04
4.895204906833441338e-01,1.600384844739739856e+04,-3.200769689479479712e+04
4.908294876223397996e-01,1.588030549292091018e+04,-3.176061098584182037e+04
4.921384845613354653e-01,1.577215684521025105e+04,-3.154431369042050210e+04
4.934474815003311310e-01,1.568301086545107682e+04,-3.136602173090215365e+04
4.947564784393270187e-01,1.557993934415623517e+04,-3.115987868831247033e+04
4.960654753783226845e-01,1.545942932786909114e+04,-3.091885865573818228e+04
4.973744723173183502e-01,1.535431103308085949e+04,-3.070862206616171898e+04
4.986834692563140159e-01,1.526816117083569225e+04,-3.053632234167138449e+04
4.999924661953099037e-01,1.516817277818742514e+04,-3.033634555637485028e+04
5.013014631343055694e-01,1.505067539917924478e+04,-3.010135079835848956e+04
5.026104600733012351e-01,1.494810224444488085e+04,-2.989620448888976171e+04
5.039194570122969008e-01,1.486437437224301721e+04,-2.972874874448603441e+04
5.052284539512927886e-01,1.476751962065941552e+04,-2.953503924131883105e+04
5.065374508902884543e-01,1.465355280172294442e+04,-2.930710560344588885e+04
5.078464478292841200e-01,1.455369232977752654e+04,-2.910738465955505308e+04
5.091554447682797857e-01,1.447194588222553466e+04,-2.894389176445106932e+04
5.104644417072756735e-01,1.437774227072811482e+04,-2.875548454145622964e+04
5.117734386462713392e-01,1.426716609015365975e+04,-2.853433218030731950e+04
5.130824355852670049e-01,1.417016897316540235e+04,-2.834033794633080470e+04
5.143914325242626706e-01,1.409060769096482363e+04,-2.818121538192964726e+04
5.157004294632585584e-01,1.399899809545317657e+04,-2.799799619090635315e+04
5.170094264022542241e-01,1.389153244410818297e+04,-2.778306488821636594e+04
5.183184233412498898e-01,1.379717640498535548e+04,-2.759435280997071095e+04
5.196274202802455555e-01,1.371975395677890810e+04,-2.743950791355781621e+04
5.209364172192414433e-01,1.363073597395754223e+04,-2.726147194791508446e+04
5.222454141582371090e-01,1.352632935840101163e+04,-2.705265871680202326e+04
5.235544110972327747e-01,1.343454465472427546e+04,-2.686908930944855092e+04
5.248634080362284404e-01,1.335918570515251668e+04,-2.671837141030503335e+04
5.261724049752243282e-01,1.327266760224258906e+04,-2.654533520448517811e+04
5.274814019142199939e-01,1.317121301847132054e+04,-2.634242603694264108e+04
5.287903988532156596e-01,1.308189565016542292e+04,-2.616379130033084584e+04
5.300993957922113253e-01,1.300853228923352617e+04,-2.601706457846705234e+04
5.314083927312072131e-01,1.292449642694754766e+04,-2.584899285389509532e+04
5.327173896702028788e-01,1.282597644791430139e+04,-2.565195289582860278e+04
5.340263866091985445e-01,1.273902813427890214e+04,-2.547805626855780429e+04
5.353353835481942102e-01,1.266744880109779115e+04,-2.533489760219558229e+04
5.366443804871900980e-01,1.258572060700995462e+04,-2.517144121401990924e+04
5.379533774261857637e-01,1.249030173063496841e+04,-2.498060346126993682e+04
5.392623743651814294e-01,1.240655604501787639e+04,-2.481311209003575277e+04
5.405713713041770951e-01,1.233718488885383522e+04,-2.467436977770767044e+04
5.418803682431729829e-01,1.225556639531454675e+04,-2.451113279062909351e+04
5.431893651821686486e-01,1.215813774016136995e+04,-2.431627548032273990e+04
5.444983621211643143e-01,1.207103354188393314e+04,-2.414206708376786628e+04
5.458073590601639768e-01,1.199952629389260801e+04,-2.399905258778521602e+04
5.471163559991597536e-01,9.772552200447837095e+03,-2.384468843994240160e+04
5.484253529381555303e-01,9.782141436478445030e+03,-2.368151724413736156e+04
5.497343498771513071e-01,7.077687882529497074e+03,-2.356672621360686026e+04
5.510433468161469728e-01,2.405962303649085698e+03,-2.351942398779140785e+04
5.523523437551427495e-01,2.430285942240444456e+03,-2.349377196794604606e+04
5.536613406941385263e-01,4.273875665167292937e+03,-2.345937722794898582e+04
5.549703376331343030e-01,3.165635851279569579e+03,-2.342931542001109119e+04
5.562793345721299687e-01,-7.980971806437806890e+02,-2.341407485185876067e+04
5.575883315111257454e-01,1.652545799209921427e+02,-2.340446152623371745e+04
5.588973284501215222e-01,2.722145812012295210e+03,-2.339038164964843600e+04
5.602063253891171879e-01,1.846732299188935258e+03,-2.337816796192512629e+04
5.615153223281129646e-01,-2.019548413006770261e+03,-2.337611635372896490e+04
5.628243192671087414e-01,-7.978833691099337102e+02,-2.337819113215753532e+04
5.641333162061045181e-01,2.015033113853338136e+03,-2.337503240726637523e+04
5.654423131451001838e-01,1.288417681406260272e+03,-2.337037350813501325e+04
5.667513100840959606e-01,-1.996591592722009636e+03,-2.337015820946047461e+04
5.680603070230917373e-01,-8.535584755809221633e+02,-2.336892324919436578e+04
5.693693039620875140e-01,1.913881754094860753e+03,-2.336193395236337165e+04
5.706783009010831798e-01,1.252371390713401979e+03,-2.335872000068817579e+04
5.719872978400789565e-01,-2.172539751023272856e+03,-2.336495847653199598e+04
5.732962947790747332e-01,-8.591268082953938574e+02,-2.336779222955806108e+04
5.746052917180703989e-01,1.869245836333923307e+03,-2.335947418335230395e+04
5.759142886570661757e-01,1.317325144905335037e+03,-2.335202753265014690e+04
5.772232855960619524e-01,-2.191947108411434783e+03,-2.335440696756331818e+04
5.785322825350577292e-01,-9.070701834329215671e+02,-2.335645980299396615e+04
5.798412794740533949e-01,1.951032669960794692e+03,-2.335045799502037698e+04
5.811502764130491716e-01,1.239031869761771532e+03,-2.334702257745853422e+04
5.824592733520449483e-01,-2.620395389209877976e+03,-2.335409903207876050e+04
5.837682702910407251e-01,-1.089537156973420679e+03,-2.336078956276350436e+04
5.850772672300363908e-01,1.827858460461900449e+03,-2.335811781492274895e+04
5.863862641690321675e-01,1.368765720971754263e+03,-2.335530080841970994e+04
5.876952611080279443e-01,-2.166546067364469309e+03,-2.335825482242300495e+04
5.890042580470237210e-01,-7.629143886765059506e+02,-2.335616409493485844e+04
5.903132549860193867e-01,1.978353675312233918e+03,-2.334514608716332077e+04
5.916222519250151635e-01,1.230681640417599510e+03,-2.334141893740013984e+04
5.929312488640109402e-01,-2.286729932441755864e+03,-2.335034644537485292e+04
5.942402458030067169e-01,-7.233002422940812721e+02,-2.335186272050341358e+04
5.955492427420023827e-01,2.135691222653629211e+03,-2.333815517189263119e+04
5.968582396809981594e-01,1.233564349716070637e+03,-2.332822462337433171e+04
5.981672366199939361e-01,-2.108440445234421077e+03,-2.333735921353234153e+04
5.994762335589896018e-01,-7.730300880118041960e+02,-2.335380808338926727e+04
6.007852304979853786e-01,2.003576615843390073e+03,-2.335819016564226695e+04
6.020942274369811553e-01,1.503539911344390248e+03,-2.334673274795707039e+04
6.034032243759769321e-01,-1.844430166711640140e+03,-2.332665411801997470e+04
6.047122213149725978e-01,-3.969430179837964943e+02,-2.330404635540202435e+04
6.060212182539683745e-01,2.691180974459354729e+03,-2.327922533439446852e+04
6.073302151929641512e-01,2.337907745472504757e+03,-2.325891567206162654e+04
6.086392121319599280e-01,-9.635314619953342117e+02,-2.323362824401920079e+04
6.099482090709555937e-01,6.781228698305556009e+02,-2.321194375824429881e+04
6.112572060099513704e-01,4.442525508793638437e+03,-2.329503693385137376e+04
6.125662029489471472e-01,5.667348204264331798e+03,-2.364378813678270672e+04
6.138751998879428129e-01,8.826048077604085847e+03,-2.517849767233316743e+04
6.151841968269385896e-01,1.385094165265761148e+04,-2.791747363984149706e+04
6.164931937659343664e-01,1.445294145569941975e+04,-2.890588291139883950e+04
6.178021907049300321e-01,1.228105517316033911e+04,-2.456211034632067822e+04
6.191111876439258088e-01,4.005940911999252421e+03,-1.132154890391087793e+04
6.204201845829215856e-01,0.000000000000000000e+00,0.000000000000000000e+00
6.217291815219173623e-01,0.000000000000000000e+00,0.000000000000000000e+00
6.230381784609131390e-01,0.000000000000000000e+00,0.000000000000000000e+00
6.243471753999088047e-01,0.000000000000000000e+00,0.000000000000000000e+00
6.256561723389045815e-01,0.000000000000000000e+00,0.000000000000000000e+00
6.269651692779003582e-01,0.000000000000000000e+00,0.000000000000000000e+00
6.282741662168960239e-01,0.000000000000000000e+00,0.000000000000000000e+00
6.295831631558918007e-01,0.000000000000000000e+00,0.000000000000000000e+00
6.308921600948875774e-01,0.000000000000000000e+00,0.000000000000000000e+00
6.322011570338832431e-01,0.000000000000000000e+00,0.000000000000000000e+00
6.335101539728790199e-01,0.000000000000000000e+00,0.000000000000000000e+00
6.348191509118747966e-01,0.000000000000000000e+00,0.000000000000000000e+00
6.361281478508705733e-01,0.000000000000000000e+00,0.000000000000000000e+00
6.374371447898662391e-01,0.000000000000000000e+00,0.000000000000000000e+00
6.387461417288620158e-01,0.000000000000000000e+00,0.000000000000000000e+00
6.400551386678577925e-01,0.000000000000000000e+00,0.000000000000000000e+00
6.413641356068535693e-01,0.000000000000000000e+00,0.000000000000000000e+00
6.426731325458492350e-01,0.000000000000000000e+00,0.000000000000000000e+00
6.439821294848450117e-01,0.000000000000000000e+00,0.000000000000000000e+00
6.452911264238407885e-01,0.000000000000000000e+00,0.000000000000000000e+00
6.466001233628364542e-01,0.000000000000000000e+00,0.000000000000000000e+00
6.479091203018322309e-01,0.000000000000000000e+00,0.000000000000000000e+00
6.492181172408280077e-01,0.000000000000000000e+00,0.000000000000000000e+00
6.505271141798236734e-01,0.000000000000000000e+00,0.000000000000000000e+00
6.518361111188194501e-01,0.000000000000000000e+00,0.000000000000000000e+00
6.531451080578152268e-01,0.000000000000000000e+00,0.000000000000000000e+00
6.544541049968110036e-01,0.000000000000000000e+00,0.000000000000000000e+00
6.557631019358066693e-01,0.000000000000000000e+00,0.000000000000000000e+00
6.570720988748024460e-01,0.000000000000000000e+00,0.000000000000000000e+00
6.583810958137982228e-01,0.000000000000000000e+00,0.000000000000000000e+00
6.596900927527939995e-01,0.000000000000000000e+00,0.000000000000000000e+00
6.609990896917896652e-01,0.000000000000000000e+00,0.000000000000000000e+00
6.623080866307854420e-01,0.000000000000000000e+00,0.000000000000000000e+00
6.636170835697812187e-01,0.000000000000000000e+00,0.000000000000000000e+00
6.649260805087768844e-01,0.000000000000000000e+00,0.000000000000000000e+00
6.662350774477726612e-01,0.000000000000000000e+00,0.000000000000000000e+00
6.675440743867684379e-01,0.000000000000000000e+00,0.000000000000000000e+00
6.688530713257642146e-01,0.000000000000000000e+00,0.000000000000000000e+00
6.701620682647598803e-01,0.000000000000000000e+00,0.000000000000000000e+00
6.714710652037556571e-01,0.000000000000000000e+00,0.000000000000000000e+00
6.727800621427514338e-01,0.000000000000000000e+00,0.000000000000000000e+00
6.740890590817472106e-01,0.000000000000000000e+00,0.000000000000000000e+00
6.753980560207428763e-01,0.000000000000000000e+00,0.000000000000000000e+00
6.767070529597386530e-01,0.000000000000000000e+00,0.000000000000000000e+00
6.780160498987344297e-01,0.000000000000000000e+00,0.000000000000000000e+00
6.793250468377300955e-01,0.000000000000000000e+00,0.000000000000000000e+00
6.806340437767258722e-01,0.000000000000000000e+00,0.000000000000000000e+00
6.819430407157216489e-01,0.000000000000000000e+00,0.000000000000000000e+00
6.832520376547174257e-01,0.000000000000000000e+00,0.000000000000000000e+00
6.845610345937132024e-01,0.000000000000000000e+00,0.000000000000000000e+00
6.858700315327088681e-01,0.000000000000000000e+00,0.000000000000000000e+00
6.871790284717046449e-01,0.000000000000000000e+00,0.000000000000000000e+00
6.884880254107004216e-01,0.000000000000000000e+00,0.000000000000000000e+00
6.897970223496960873e-01,0.000000000000000000e+00,0.000000000000000000e+00
6.911060192886918641e-01,0.000000000000000000e+00,0.000000000000000000e+00
6.924150162276876408e-01,0.000000000000000000e+00,0.000000000000000000e+00
6.937240131666834175e-01,0.000000000000000000e+00,0.000000000000000000e+00
6.950330101056791943e-01,0.000000000000000000e+00,0.000000000000000000e+00
6.963420070446748600e-01,0.000000000000000000e+00,0.000000000000000000e+00
6.976510039836706367e-01,0.000000000000000000e+00,0.000000000000000000e+00
6.989600009226664135e-01,0.000000000000000000e+00,0.000000000000000000e+00
7.002689978616620792e-01,0.000000000000000000e+00,0.000000000000000000e+00
7.015779948006578559e-01,0.000000000000000000e+00,0.000000000000000000e+00
7.028869917396536326e-01,0.000000000000000000e+00,0.000000000000000000e+00
7.041959886786494094e-01,0.000000000000000000e+00,0.000000000000000000e+00
7.055049856176451861e-01,0.000000000000000000e+00,0.000000000000000000e+00
7.068139825566408518e-01,0.000000000000000000e+00,0.000000000000000000e+00
7.081229794956366286e-01,0.000000000000000000e+00,0.000000000000000000e+00
7.094319764346324053e-01,0.000000000000000000e+00,0.000000000000000000e+00
7.107409733736280710e-01,0.000000000000000000e+00,0.000000000000000000e+00
7.120499703126238478e-01,0.000000000000000000e+00,0.000000000000000000e+00
7.133589672516196245e-01,0.000000000000000000e+00,0.000000000000000000e+00
7.146679641906154012e-01,0.000000000000000000e+00,0.000000000000000000e+00
7.159769611296111780e-01,0.000000000000000000e+00,0.000000000000000000e+00
7.172859580686068437e-01,0.000000000000000000e+00,0.000000000000000000e+00
7.185949550076026204e-01,0.000000000000000000e+00,0.000000000000000000e+00
7.199039519465983972e-01,0.000000000000000000e+00,0.000000000000000000e+00
7.212129488855940629e-01,0.000000000000000000e+00,0.000000000000000000e+00
7.225219458245898396e-01,0.000000000000000000e+00,0.000000000000000000e+00
7.238309427635856164e-01,0.000000000000000000e+00,0.000000000000000000e+00
7.251399397025813931e-01,0.000000000000000000e+00,0.000000000000000000e+00
7.264489366415771698e-01,0.000000000000000000e+00,0.000000000000000000e+00
7.277579335805728356e-01,0.000000000000000000e+00,0.000000000000000000e+00
7.290669305195686123e-01,0.000000000000000000e+00,0.000000000000000000e+00
7.303759274585643890e-01,0.000000000000000000e+00,0.000000000000000000e+00
7.316849243975600547e-01,0.000000000000000000e+00,0.000000000000000000e+00
7.329939213365558315e-01,0.000000000000000000e+00,0.000000000000000000e+00
7.343029182755516082e-01,0.000000000000000000e+00,0.000000000000000000e+00
7.356119152145473850e-01,0.000000000000000000e+00,0.000000000000000000e+00
7.369209121535431617e-01,0.000000000000000000e+00,0.000000000000000000e+00
7.382299090925388274e-01,0.000000000000000000e+00,0.000000000000000000e+00
7.395389060315346041e-01,0.000000000000000000e+00,0.000000000000000000e+00
7.408479029705303809e-01,0.000000000000000000e+00,0.000000000000000000e+00
7.421568999095260466e-01,0.000000000000000000e+00,0.000000000000000000e+00
7.434658968485218233e-01,0.000000000000000000e+00,0.000000000000000000e+00
7.447748937875176001e-01,0.000000000000000000e+00,0.000000000000000000e+00
7.460838907265133768e-01,0.000000000000000000e+00,0.000000000000000000e+00
7.473928876655091535e-01,0.000000000000000000e+00,0.000000000000000000e+00
7.487018846045048193e-01,0.000000000000000000e+00,0.000000000000000000e+00
7.500108815435005960e-01,0.000000000000000000e+00,0.000000000000000000e+00
7.513198784824963727e-01,0.000000000000000000e+00,0.000000000000000000e+00
7.526288754214920385e-01,0.000000000000000000e+00,0.000000000000000000e+00
7.539378723604878152e-01,0.000000000000000000e+00,0.000000000000000000e+00
7.552468692994835919e-01,0.000000000000000000e+00,0.000000000000000000e+00
7.565558662384793687e-01,0.000000000000000000e+00,0.000000000000000000e+00
7.578648631774751454e-01,0.000000000000000000e+00,0.000000000000000000e+00
7.591738601164708111e-01,0.000000000000000000e+00,0.000000000000000000e+00
7.604828570554665879e-01,0.000000000000000000e+00,0.000000000000000000e+00
7.617918539944623646e-01,0.000000000000000000e+00,0.000000000000000000e+00
7.631008509334580303e-01,0.000000000000000000e+00,0.000000000000000000e+00
7.644098478724538070e-01,0.000000000000000000e+00,0.000000000000000000e+00
7.657188448114495838e-01,0.000000000000000000e+00,0.000000000000000000e+00
7.670278417504453605e-01,0.000000000000000000e+00,0.000000000000000000e+00
7.683368386894411373e-01,0.000000000000000000e+00,0.000000000000000000e+00
7.696458356284368030e-01,0.000000000000000000e+00,0.000000000000000000e+00
7.709548325674325797e-01,0.000000000000000000e+00,0.000000000000000000e+00
7.722638295064283565e-01,0.000000000000000000e+00,0.000000000000000000e+00
7.735728264454240222e-01,0.000000000000000000e+00,0.000000000000000000e+00
7.748818233844197989e-01,0.000000000000000000e+00,0.000000000000000000e+00
7.761908203234155756e-01,0.000000000000000000e+00,0.000000000000000000e+00
7.774998172624113524e-01,0.000000000000000000e+00,0.000000000000000000e+00
7.788088142014071291e-01,0.000000000000000000e+00,0.000000000000000000e+00
7.801178111404027948e-01,0.000000000000000000e+00,0.000000000000000000e+00
7.814268080793985716e-01,0.000000000000000000e+00,0.000000000000000000e+00
7.827358050183943483e-01,0.000000000000000000e+00,0.000000000000000000e+00
7.840448019573900140e-01,0.000000000000000000e+00,0.000000000000000000e+00
7.853537988963857908e-01,0.000000000000000000e+00,0.000000000000000000e+00
7.866627958353815675e-01,0.000000000000000000e+00,0.000000000000000000e+00
7.879717927743773442e-01,0.000000000000000000e+00,0.000000000000000000e+00
7.892807897133731210e-01,0.000000000000000000e+00,0.000000000000000000e+00
7.905897866523687867e-01,0.000000000000000000e+00,0.000000000000000000e+00
7.918987835913645634e-01,0.000000000000000000e+00,0.000000000000000000e+00
7.932077805303603402e-01,0.000000000000000000e+00,0.000000000000000000e+00
7.945167774693560059e-01,0.000000000000000000e+00,0.000000000000000000e+00
7.958257744083518936e-01,0.000000000000000000e+00,0.000000000000000000e+00
7.971347713473475594e-01,0.000000000000000000e+00,0.000000000000000000e+00
7.984437682863432251e-01,0.000000000000000000e+00,0.000000000000000000e+00
7.997527652253391128e-01,0.000000000000000000e+00,0.000000000000000000e+00
8.010617621643347785e-01,0.000000000000000000e+00,0.000000000000000000e+00
8.023707591033305553e-01,0.000000000000000000e+00,0.000000000000000000e+00
8.036797560423263320e-01,0.000000000000000000e+00,0.000000000000000000e+00
8.049887529813219977e-01,0.000000000000000000e+00,0.000000000000000000e+00
8.062977499203177745e-01,0.000000000000000000e+00,0.000000000000000000e+00
8.076067468593135512e-01,0.000000000000000000e+00,0.000000000000000000e+00
8.089157437983092169e-01,0.000000000000000000e+00,0.000000000000000000e+00
8.102247407373051047e-01,0.000000000000000000e+00,0.000000000000000000e+00
8.115337376763007704e-01,0.000000000000000000e+00,0.000000000000000000e+00
8.128427346152965471e-01,0.000000000000000000e+00,0.000000000000000000e+00
8.141517315542923239e-01,0.000000000000000000e+00,0.000000000000000000e+00
8.154607284932879896e-01,0.000000000000000000e+00,0.000000000000000000e+00
8.167697254322837663e-01,0.000000000000000000e+00,0.000000000000000000e+00
8.180787223712795431e-01,0.000000000000000000e+00,0.000000000000000000e+00
8.193877193102752088e-01,0.000000000000000000e+00,0.000000000000000000e+00
8.206967162492710965e-01,0.000000000000000000e+00,0.000000000000000000e+00
8.220057131882667623e-01,0.000000000000000000e+00,0.000000000000000000e+00
8.233147101272625390e-01,0.000000000000000000e+00,0.000000000000000000e+00
8.246237070662583157e-01,0.000000000000000000e+00,0.000000000000000000e+00
8.259327040052539814e-01,0.000000000000000000e+00,0.000000000000000000e+00
8.272417009442497582e-01,0.000000000000000000e+00,0.000000000000000000e+00
8.285506978832455349e-01,0.000000000000000000e+00,0.000000000000000000e+00
8.298596948222412006e-01,0.000000000000000000e+00,0.000000000000000000e+00
8.311686917612370884e-01,0.000000000000000000e+00,0.000000000000000000e+00
8.324776887002327541e-01,0.000000000000000000e+00,0.000000000000000000e+00
8.337866856392285309e-01,0.000000000000000000e+00,0.000000000000000000e+00
8.350956825782243076e-01,0.000000000000000000e+00,0.000000000000000000e+00
8.364046795172199733e-01,0.000000000000000000e+00,0.000000000000000000e+00
8.377136764562157500e-01,0.000000000000000000e+00,0.000000000000000000e+00
8.390226733952115268e-01,0.000000000000000000e+00,0.000000000000000000e+00
8.403316703342071925e-01,0.000000000000000000e+00,0.000000000000000000e+00
8.416406672732030803e-01,0.000000000000000000e+00,0.000000000000000000e+00
8.429496642121987460e-01,0.000000000000000000e+00,0.000000000000000000e+00
8.442586611511945227e-01,0.000000000000000000e+00,0.000000000000000000e+00
8.455676580901902994e-01,0.000000000000000000e+00,0.000000000000000000e+00
8.468766550291859652e-01,0.000000000000000000e+00,0.000000000000000000e+00
8.481856519681817419e-01,0.000000000000000000e+00,0.000000000000000000e+00
8.494946489071775186e-01,0.000000000000000000e+00,0.000000000000000000e+00
8.508036458461731844e-01,0.000000000000000000e+00,0.000000000000000000e+00
8.521126427851690721e-01,0.000000000000000000e+00,0.000000000000000000e+00
8.534216397241647378e-01,0.000000000000000000e+00,0.000000000000000000e+00
8.547306366631605146e-01,0.000000000000000000e+00,0.000000000000000000e+00
8.560396336021562913e-01,0.000000000000000000e+00,0.000000000000000000e+00
8.573486305411519570e-01,0.000000000000000000e+00,0.000000000000000000e+00
8.586576274801477338e-01,0.000000000000000000e+00,0.000000000000000000e+00
8.599666244191435105e-01,0.000000000000000000e+00,0.000000000000000000e+00
8.612756213581391762e-01,0.000000000000000000e+00,0.000000000000000000e+00
8.625846182971350640e-01,0.000000000000000000e+00,0.000000000000000000e+00
8.638936152361307297e-01,0.000000000000000000e+00,0.000000000000000000e+00
8.652026121751265064e-01,0.000000000000000000e+00,0.000000000000000000e+00
8.665116091141222832e-01,0.000000000000000000e+00,0.000000000000000000e+00
8.678206060531179489e-01,0.000000000000000000e+00,0.000000000000000000e+00
8.691296029921137256e-01,0.000000000000000000e+00,0.000000000000000000e+00
8.704385999311095024e-01,0.000000000000000000e+00,0.000000000000000000e+00
8.717475968701051681e-01,0.000000000000000000e+00,0.000000000000000000e+00
8.730565938091010558e-01,0.000000000000000000e+00,0.000000000000000000e+00
8.743655907480967215e-01,0.000000000000000000e+00,0.000000000000000000e+00
8.756745876870924983e-01,0.000000000000000000e+00,0.000000000000000000e+00
8.769835846260882750e-01,0.000000000000000000e+00,0.000000000000000000e+00
8.782925815650839407e-01,0.000000000000000000e+00,0.000000000000000000e+00
8.796015785040797175e-01,0.000000000000000000e+00,0.000000000000000000e+00
8.809105754430754942e-01,0.000000000000000000e+00,0.000000000000000000e+00
8.822195723820711599e-01,0.000000000000000000e+00,0.000000000000000000e+00
8.835285693210670477e-01,0.000000000000000000e+00,0.000000000000000000e+00
8.848375662600627134e-01,0.000000000000000000e+00,0.000000000000000000e+00
8.861465631990584901e-01,0.000000000000000000e+00,0.000000000000000000e+00
8.874555601380542669e-01,0.000000000000000000e+00,0.000000000000000000e+00
8.887645570770499326e-01,0.000000000000000000e+00,0.000000000000000000e+00
8.900735540160457093e-01,0.000000000000000000e+00,0.000000000000000000e+00
8.913825509550414861e-01,0.000000000000000000e+00,0.000000000000000000e+00
8.926915478940371518e-01,0.000000000000000000e+00,0.000000000000000000e+00
8.940005448330330395e-01,0.000000000000000000e+00,0.000000000000000000e+00
8.953095417720287053e-01,0.000000000000000000e+00,0.000000000000000000e+00
8.966185387110244820e-01,0.000000000000000000e+00,0.000000000000000000e+00
8.979275356500202587e-01,0.000000000000000000e+00,0.000000000000000000e+00
8.992365325890159244e-01,0.000000000000000000e+00,0.000000000000000000e+00
9.005455295280117012e-01,0.000000000000000000e+00,0.000000000000000000e+00
9.018545264670074779e-01,0.000000000000000000e+00,0.000000000000000000e+00
9.031635234060031436e-01,0.000000000000000000e+00,0.000000000000000000e+00
9.044725203449990314e-01,0.000000000000000000e+00,0.000000000000000000e+00
9.057815172839946971e-01,0.000000000000000000e+00,0.000000000000000000e+00
9.070905142229904738e-01,0.000000000000000000e+00,0.000000000000000000e+00
9.083995111619862506e-01,0.000000000000000000e+00,0.000000000000000000e+00
9.097085081009819163e-01,0.000000000000000000e+00,0.000000000000000000e+00
9.110175050399776930e-01,0.000000000000000000e+00,0.000000000000000000e+00
9.123265019789734698e-01,0.000000000000000000e+00,0.000000000000000000e+00
9.136354989179691355e-01,0.000000000000000000e+00,0.000000000000000000e+00
9.149444958569650233e-01,0.000000000000000000e+00,0.000000000000000000e+00
9.162534927959606890e-01,0.000000000000000000e+00,0.000000000000000000e+00
9.175624897349564657e-01,0.000000000000000000e+00,0.000000000000000000e+00
9.188714866739522424e-01,0.000000000000000000e+00,0.000000000000000000e+00
9.201804836129479082e-01,0.000000000000000000e+00,0.000000000000000000e+00
9.214894805519436849e-01,0.000000000000000000e+00,0.000000000000000000e+00
9.227984774909394616e-01,0.000000000000000000e+00,0.000000000000000000e+00
9.241074744299351273e-01,0.000000000000000000e+00,0.000000000000000000e+00
9.254164713689310151e-01,0.000000000000000000e+00,0.000000000000000000e+00
9.267254683079266808e-01,0.000000000000000000e+00,0.000000000000000000e+00
9.280344652469224576e-01,0.000000000000000000e+00,0.000000000000000000e+00
9.293434621859182343e-01,0.000000000000000000e+00,0.000000000000000000e+00
9.306524591249139000e-01,0.000000000000000000e+00,0.000000000000000000e+00
9.319614560639096768e-01,0.000000000000000000e+00,0.000000000000000000e+00
9.332704530029054535e-01,0.000000000000000000e+00,0.000000000000000000e+00
9.345794499419011192e-01,0.000000000000000000e+00,0.000000000000000000e+00
9.358884468808970070e-01,0.000000000000000000e+00,0.000000000000000000e+00
9.371974438198926727e-01,0.000000000000000000e+00,0.000000000000000000e+00
9.385064407588884494e-01,0.000000000000000000e+00,0.000000000000000000e+00
9.398154376978842262e-01,0.000000000000000000e+00,0.000000000000000000e+00
9.411244346368798919e-01,0.000000000000000000e+00,0.000000000000000000e+00
9.424334315758756686e-01,0.000000000000000000e+00,0.000000000000000000e+00
9.437424285148714453e-01,0.000000000000000000e+00,0.000000000000000000e+00
9.450514254538671111e-01,-5.841316619319072743e+03,-1.168263323863814549e+04
9.463604223928629988e-01,-1.254293381779781339e+04,-2.508586763559562678e+04
9.476694193318586645e-01,-1.428005313714962176e+04,-2.856010627429924352e+04
9.489784162708544413e-01,-1.354745804101091198e+04,-2.709491608202182397e+04
9.502874132098502180e-01,-1.268179262428143556e+04,-2.536358524856287113e+04
9.515964101488458837e-01,-1.207930621499956760e+04,-2.415861242999913520e+04
9.529054070878416605e-01,-1.177665461779823818e+04,-2.355330923559647636e+04
9.542144040268374372e-01,-1.173994999025807192e+04,-2.347989998051614384e+04
9.555234009658331029e-01,-1.183003737413166527e+04,-2.366007474826333055e+04
9.568323979048289907e-01,-1.194360826605651528e+04,-2.388721653211303055e+04
9.581413948438246564e-01,-1.204308345306765841e+04,-2.408616690613531682e+04
9.594503917828204331e-01,-1.212299592103025498e+04,-2.424599184206050995e+04
9.607593887218162099e-01,-1.220849092320184354e+04,-2.441698184640368709e+04
9.620683856608118756e-01,-1.230041690288458267e+04,-2.460083380576916534e+04
9.633773825998076523e-01,-1.237689246241395631e+04,-2.475378492482791262e+04
9.646863795388034291e-01,-1.244517815970258016e+04,-2.489035631940516032e+04
9.659953764777990948e-01,-1.253210147996052001e+04,-2.506420295992104002e+04
9.673043734167949825e-01,-1.263091536908713169e+04,-2.526183073817426339e+04
9.686133703557906482e-01,-1.271104589903907254e+04,-2.542209179807814508e+04
9.699223672947864250e-01,-1.277668494255562291e+04,-2.555336988511124582e+04
9.712313642337822017e-01,-1.286038167941886422e+04,-2.572076335883772845e+04
9.725403611727778674e-01,-1.296030572578605825e+04,-2.592061145157211649e+04
9.738493581117736442e-01,-1.304681161271496967e+04,-2.609362322542993934e+04
9.751583550507694209e-01,-1.312101187854622913e+04,-2.624202375709245825e+04
9.764673519897650866e-01,-1.320926503434649021e+04,-2.641853006869298042e+04
9.777763489287609744e-01,-1.330896309985007974e+04,-2.661792619970015949e+04
9.790853458677566401e-01,-1.339415186435139367e+04,-2.678830372870278734e+04
9.803943428067524168e-01,-1.346896649721240647e+04,-2.693793299442481293e+04
9.817033397457481936e-01,-1.356037757847779358e+04,-2.712075515695558715e+04
9.830123366847438593e-01,-1.366439517896731195e+04,-2.732879035793462390e+04
9.843213336237396360e-01,-1.375346245374612408e+04,-2.750692490749224817e+04
9.856303305627354128e-01,-1.383109425708211711e+04,-2.766218851416423422e+04
9.869393275017310785e-01,-1.392497628834970055e+04,-2.784995257669940111e+04
9.882483244407269662e-01,-1.403142039806235516e+04,-2.806284079612471032e+04
9.895573213797226320e-01,-1.412240108121666344e+04,-2.824480216243332688e+04
9.908663183187184087e-01,-1.420173130260927792e+04,-2.840346260521855584e+04
9.921753152577141854e-01,-1.429807282648320688e+04,-2.859614565296641376e+04
9.934843121967098512e-01,-1.440782932454362344e+04,-2.881565864908724689e+04
9.947933091357056279e-01,-1.450227831121665986e+04,-2.900455662243331972e+04
9.961023060747014046e-01,-1.458491250342460989e+04,-2.916982500684921979e+04
9.974113030136970703e-01,-1.468440520203313463e+04,-2.936881040406626926e+04
9.987202999526929581e-01,-1.479675938448062334e+04,-2.959351876896124668e+04
1.000029296891688624e+00,-1.489248438879536297e+04,-2.978496877759072595e+04
1.001338293830684290e+00,-1.497640242523433335e+04,-2.995280485046866670e+04
1.002647290769680177e+00,-1.507971511067362189e+04,-3.015943022134724379e+04
1.003956287708675843e+00,-1.519752172440820505e+04,-3.039504344881641009e+04
1.005265284647671731e+00,-1.529692729381861318e+04,-3.059385458763722636e+04
1.006574281586667396e+00,-1.538187795809407544e+04,-3.076375591618815088e+04
1.007883278525663062e+00,-1.548625242143997457e+04,-3.097250484287994914e+04
1.009192275464658950e+00,-1.560689346196607949e+04,-3.121378692393215897e+04
1.010501272403654616e+00,-1.571068383324861679e+04,-3.142136766649723359e+04
1.011810269342650503e+00,-1.580029796264956349e+04,-3.160059592529912698e+04
1.013119266281646169e+00,-1.590780539214014061e+04,-3.181561078428028122e+04
1.014428263220641835e+00,-1.603009821761567582e+04,-3.206019643523135164e+04
1.015737260159637501e+00,-1.613543365167972297e+04,-3.227086730335944594e+04
1.017046257098633388e+00,-1.622793410518738165e+04,-3.245586821037476329e+04
1.018355254037629054e+00,-1.634002023693903902e+04,-3.268004047387807805e+04
1.019664250976624942e+00,-1.646710108512440638e+04,-3.293420217024881276e+04
1.020973247915620608e+00,-1.657531294406271991e+04,-3.315062588812543981e+04
1.022282244854616273e+00,-1.666909384186273019e+04,-3.333818768372546037e+04
1.023591241793612161e+00,-1.678368122898192451e+04,-3.356736245796384901e+04
1.024900238732607827e+00,-1.691500296131939103e+04,-3.383000592263878207e+04
1.026209235671603714e+00,-1.702736434438020297e+04,-3.405472868876040593e+04
1.027518232610599380e+00,-1.712425942743396445e+04,-3.424851885486792889e+04
1.028827229549595046e+00,-1.724153354886553643e+04,-3.448306709773107286e+04
1.030136226488590934e+00,-1.737588751347105426e+04,-3.475177502694210852e+04
1.031445223427586599e+00,-1.749188754337916180e+04,-3.498377508675832360e+04
1.032754220366582487e+00,-1.759269752893552504e+04,-3.518539505787105008e+04
1.034063217305578153e+00,-1.771335699263001879e+04,-3.542671398526003759e+04
1.035372214244573819e+00,-1.785055057802189549e+04,-3.570110115604379098e+04
1.036681211183569484e+00,-1.796949415432651222e+04,-3.593898830865302443e+04
1.037990208122565372e+00,-1.807396604553870202e+04,-3.614793209107740404e+04
1.039299205061561038e+00,-1.819898295022503225e+04,-3.639796590045006451e+04
1.040608202000556926e+00,-1.834035283074642939e+04,-3.668070566149285878e+04
1.041917198939552591e+00,-1.846217530371759494e+04,-3.692435060743518989e+04
1.043226195878548257e+00,-1.856888178122094178e+04,-3.713776356244188355e+04
1.044535192817544145e+00,-1.869756805091294518e+04,-3.739513610182589036e+04
1.045844189756539810e+00,-1.884387236592326008e+04,-3.768774473184652015e+04
1.047153186695535698e+00,-1.896983709998400809e+04,-3.793967419996801618e+04
1.048462183634531364e+00,-1.907951185189501848e+04,-3.815902370379003696e+04
1.049771180573527030e+00,-1.921154132826361092e+04,-3.842308265652722184e+04
1.051080177512522695e+00,-1.936188118528803898e+04,-3.872376237057607796e+04
1.052389174451518583e+00,-1.949140558854884148e+04,-3.898281117709768296e+04
1.053698171390514249e+00,-1.960442311965886984e+04,-3.920884623931773967e+04
1.055007168329510137e+00,-1.974092221707499266e+04,-3.948184443414998532e+04
1.056316165268505802e+00,-1.989630833582118066e+04,-3.979261667164236133e+04
1.057625162207501468e+00,-2.002936984125902381e+04,-4.005873968251804763e+04
1.058934159146497134e+00,-2.014467358790418075e+04,-4.028934717580836150e+04
1.060243156085493021e+00,-2.028480608120696706e+04,-4.056961216241393413e+04
1.061552153024488909e+00,-2.044547837349435576e+04,-4.089095674698871153e+04
1.062861149963484575e+00,-2.058351051769872720e+04,-4.116702103539745440e+04
1.064170146902480241e+00,-2.070251368463239487e+04,-4.140502736926478974e+04
1.065479143841475906e+00,-2.084585931376304870e+04,-4.169171862752609741e+04
1.066788140780471794e+00,-2.101019504528770995e+04,-4.202039009057541989e+04
1.068097137719467682e+00,-2.115268424200351001e+04,-4.230536848400702002e+04
1.069406134658463348e+00,-2.127664201331398726e+04,-4.255328402662797453e+04
1.070715131597459013e+00,-2.142451788534062871e+04,-4.284903577068125742e+04
1.072024128536454679e+00,-2.159273007506256181e+04,-4.318546015012512362e+04
1.073333125475450567e+00,-2.173888476037122018e+04,-4.347776952074244036e+04
1.074642122414446233e+00,-2.186698338107520249e+04,-4.373396676215040497e+04
1.075951119353442120e+00,-2.201984560714941472e+04,-4.403969121429882944e+04
1.077260116292437786e+00,-2.219320024673548323e+04,-4.438640049347096647e+04
1.078569113231433452e+00,-2.234347904323391776e+04,-4.468695808646783553e+04
1.079878110170429117e+00,-2.247504428183480559e+04,-4.495008856366961118e+04
1.081187107109425005e+00,-2.263242153784709444e+04,-4.526484307569418888e+04
1.082496104048420893e+00,-2.281127976953473626e+04,-4.562255953906947252e+04
1.083805100987416559e+00,-2.296642780125684294e+04,-4.593285560251368588e+04
1.085114097926412224e+00,-2.310197575336623049e+04,-4.620395150673246098e+04
1.086423094865407890e+00,-2.326374763706283193e+04,-4.652749527412566385e+04
1.087732091804403778e+00,-2.344768035205350316e+04,-4.689536070410700631e+04
1.089041088743399666e+00,-2.360764068123052857e+04,-4.721528136246105714e+04
1.090350085682395331e+00,-2.374770535151406148e+04,-4.749541070302812295e+04
1.091659082621390997e+00,-2.391449411445328951e+04,-4.782898822890657902e+04
1.092968079560386663e+00,-2.410377186318334498e+04,-4.820754372636668995e+04
1.094277076499382551e+00,-2.426835015276288686e+04,-4.853670030552577373e+04
1.095586073438378216e+00,-2.441261851259355899e+04,-4.882523702518711798e+04
1.096895070377374104e+00,-2.458462476635381609e+04,-4.916924953270763217e+04
1.098204067316369770e+00,-2.477987659628004621e+04,-4.955975319256009243e+04
1.099513064255365435e+00,-2.494950916818061887e+04,-4.989901833636123774e+04
1.100822061194361101e+00,-2.509795584901611801e+04,-5.019591169803223602e+04
1.102131058133356989e+00,-2.527501631908622585e+04,-5.055003263817245170e+04
1.103440055072352877e+00,-2.547629026889490342e+04,-5.095258053778980684e+04
1.104749052011348542e+00,-2.565136534689080872e+04,-5.130273069378161745e+04
1.106058048950344208e+00,-2.580448966299262247e+04,-5.160897932598524494e+04
1.107367045889339874e+00,-2.598674582163691593e+04,-5.197349164327383187e+04
1.108676042828335762e+00,-2.619389444266614373e+04,-5.238778888533228746e+04
1.109985039767331649e+00,-2.637445799917738987e+04,-5.274891599835477973e+04
1.111294036706327315e+00,-2.653265263248310293e+04,-5.306530526496620587e+04
1.112603033645322981e+00,-2.672051287872874673e+04,-5.344102575745749346e+04
1.113912030584318646e+00,-2.693371798634600782e+04,-5.386743597269201564e+04
1.115221027523314534e+00,-2.711972950023777594e+04,-5.423945900047555187e+04
1.116530024462310200e+00,-2.728298949789254402e+04,-5.456597899578508805e+04
1.117839021401306088e+00,-2.747681280991915628e+04,-5.495362561983831256e+04
1.119148018340301753e+00,-2.769659908435840771e+04,-5.539319816871681542e+04
1.120457015279297419e+00,-2.788821480680749301e+04,-5.577642961361498601e+04
1.121766012218293085e+00,-2.805635850327418302e+04,-5.611271700654836604e+04
1.123075009157288973e+00,-2.825624569394144419e+04,-5.651249138788288838e+04
1.124384006096284860e+00,-2.848310547352143476e+04,-5.696621094704286952e+04
1.125693003035280526e+00,-2.868078469096326444e+04,-5.736156938192652888e+04
1.127001999974276192e+00,-2.885394553430684027e+04,-5.770789106861368055e+04
1.128310996913271858e+00,-2.905978837211849168e+04,-5.811957674423698336e+04
1.129619993852267745e+00,-2.929370754826218399e+04,-5.858741509652436798e+04
1.130928990791263633e+00,-2.949786489866695774e+04,-5.899572979733391549e+04
1.132237987730259299e+00,-2.967669723979279297e+04,-5.935339447958558594e+04
1.133546984669254964e+00,-2.988874828444572995e+04,-5.977749656889145990e+04
1.134855981608250630e+00,-3.012956485647684531e+04,-6.025912971295369061e+04
1.136164978547246518e+00,-3.034016220828705264e+04,-6.068032441657410527e+04
1.137473975486242184e+00,-3.052500120432796029e+04,-6.105000240865592059e+04
1.138782972425238071e+00,-3.074373444448812370e+04,-6.148746888897624740e+04
1.140091969364233737e+00,-3.099181204101989715e+04,-6.198362408203979430e+04
1.141400966303229403e+00,-3.120903897322459670e+04,-6.241807794644919340e+04
1.142709963242225069e+00,-3.139996700978774243e+04,-6.279993401957548485e+04
1.144018960181220956e+00,-3.162553408858158582e+04,-6.325106817716317164e+04
1.145327957120216844e+00,-3.188111342087750745e+04,-6.376222684175501490e+04
1.146636954059212510e+00,-3.210518477991017426e+04,-6.421036955982034851e+04
1.147945950998208176e+00,-3.230245046730574904e+04,-6.460490093461149809e+04
1.149254947937203841e+00,-3.253528363060686024e+04,-6.507056726121372049e+04
1.150563944876199729e+00,-3.279883775550930295e+04,-6.559767551101860590e+04
1.151872941815195617e+00,-3.302992022019904107e+04,-6.605984044039808214e+04
1.153181938754191282e+00,-3.323338524024155049e+04,-6.646677048048310098e+04
1.154490935693186948e+00,-3.347349024785214715e+04,-6.694698049570429430e+04
1.155799932632182614e+00,-3.374543035533303191e+04,-6.749086071066606382e+04
1.157108929571178502e+00,-3.398431436709661648e+04,-6.796862873419323296e+04
1.158417926510174167e+00,-3.419465551435366797e+04,-6.838931102870733594e+04
1.159726923449170055e+00,-3.444195598665746365e+04,-6.888391197331492731e+04
1.161035920388165721e+00,-3.472176835949906672e+04,-6.944353671899813344e+04
1.162344917327161387e+00,-3.496843743837421061e+04,-6.993687487674842123e+04
1.163653914266157052e+00,-3.518652399630439322e+04,-7.037304799260878644e+04
1.164962911205152940e+00,-3.544214771923584340e+04,-7.088429543847168679e+04
1.166271908144148828e+00,-3.573041158951313992e+04,-7.146082317902627983e+04
1.167580905083144494e+00,-3.598439333211337362e+04,-7.196878666422674723e+04
1.168889902022140159e+00,-3.620935757739463588e+04,-7.241871515478927176e+04
1.170198898961135825e+00,-3.647357808042666875e+04,-7.294715616085333750e+04
1.171507895900131713e+00,-3.677168187802101602e+04,-7.354336375604203204e+04
1.172816892839127600e+00,-3.703418958608857065e+04,-7.406837917217714130e+04
1.174125889778123266e+00,-3.726625702533616277e+04,-7.453251405067232554e+04
1.175434886717118932e+00,-3.753860845624896319e+04,-7.507721691249792639e+04
1.176743883656114598e+00,-3.784621285554603674e+04,-7.569242571109207347e+04
1.178052880595110485e+00,-3.811771720823532814e+04,-7.623543441647065629e+04
1.179361877534106151e+00,-3.835787473020488687e+04,-7.671574946040977375e+04
1.180670874473102039e+00,-3.863877582365041599e+04,-7.727755164730083197e+04
1.181979871412097705e+00,-3.895588598973578337e+04,-7.791177197947156674e+04
1.183288868351093370e+00,-3.923717444618224545e+04,-7.847434889236449089e+04
1.184597865290089036e+00,-3.948828988317117910e+04,-7.897657976634235820e+04
1.185906862229084924e+00,-3.978289680236107233e+04,-7.956579360472214466e+04
1.187215859168080812e+00,-4.011491868008435267e+04,-8.022983736016870535e+04
1.188524856107076477e+00,-4.040832064894063660e+04,-8.081664129788127320e+04
1.189833853046072143e+00,-3.313402085761976923e+04,-8.129230490977894806e+04
1.191142849985067809e+00,-2.723681614937661288e+04,-8.173983126965614792e+04
1.192451846924063696e+00,-2.354784086690878030e+04,-8.214786083717262954e+04
1.193760843863059584e+00,-1.384065453215007437e+04,-8.241792909175649402e+04
1.195069840802055250e+00,-7.544087044687551497e+03,-8.255743961281137308e+04
1.196378837741050916e+00,-8.243835866845991404e+03,-8.267283647711195226e+04
1.197687834680046581e+00,-1.000145022768664785e+04,-8.279370494450343540e+04
1.198996831619042469e+00,-3.627683851421754753e+03,-8.287352212642721133e+04
1.200305828558038135e+00,6.820830744312678462e+01,-8.291134595003409777e+04
1.201614825497034023e+00,-2.548472898345700742e+03,-8.294694650824996643e+04
1.202923822436029688e+00,-6.010786985979412748e+03,-8.298695307935669553e+04
1.204232819375025354e+00,-5.397486618860627914e+02,-8.300899089169704530e+04
1.205541816314021020e+00,2.630357559529516948e+03,-8.301638661278081418e+04
1.206850813253016907e+00,-6.083808914228560525e+02,-8.302911254647193709e+04
1.208159810192012795e+00,-4.363028199707279782e+03,-8.304509184618190920e+04
1.209468807131008461e+00,3.479795487373701803e+02,-8.304903172938767239e+04
1.210777804070004127e+00,2.909810427644751144e+03,-8.304697751627517573e+04
1.212086801008999792e+00,-3.166887050910412427e+02,-8.305488702915361500e+04
1.213395797947995680e+00,-4.466439328690261391e+03,-8.306684667458533659e+04
1.214704794886991568e+00,6.044782998870666688e+02,-8.306661431324940349e+04
1.216013791825987234e+00,3.400796252154872946e+03,-8.306150305103222490e+04
1.217322788764982899e+00,-2.308823004047514615e+01,-8.306948826519242721e+04
1.218631785703978565e+00,-4.046956868321843558e+03,-8.308221222865949676e+04
1.219940782642974453e+00,9.751568781844844125e+02,-8.307798039693679311e+04
1.221249779581970119e+00,3.329888870881568437e+03,-8.306458355951543490e+04
1.222558776520966006e+00,-1.364026382013537670e+02,-8.306727350079714961e+04
1.223867773459961672e+00,-4.359627473459161592e+03,-8.308033753188051924e+04
1.225176770398957338e+00,7.437033025325598601e+02,-8.307920364495161630e+04
1.226485767337953003e+00,3.196441435531321531e+03,-8.307007500528662058e+04
1.227794764276948891e+00,-1.769900944947332277e+02,-8.307854020091370330e+04
1.229103761215944779e+00,-4.634028341157400973e+03,-8.309852123947910150e+04
1.230412758154940445e+00,3.944957478173794811e+02,-8.310373365791924880e+04
1.231721755093936110e+00,2.832004021019630272e+03,-8.309812248013228236e+04
1.233030752032931776e+00,-6.123035871389922704e+02,-8.310666758876819222e+04
1.234339748971927664e+00,-4.877074566230834535e+03,-8.312641184642087319e+04
1.235648745910923552e+00,-1.197875713548497600e+01,-8.313587775285307725e+04
1.236957742849919217e+00,2.601684050324058717e+03,-8.314025916551443515e+04
1.238266739788914883e+00,-1.401512898772248036e+03,-8.315921346360417374e+04
1.239575736727910549e+00,-5.631952492935396549e+03,-8.318364070652717783e+04
1.240884733666906437e+00,-1.788986692422444776e+03,-8.318770975081631332e+04
1.242193730605902102e+00,-2.434341235096471507e+02,-8.320260138721959083e+04
1.243502727544897990e+00,-5.065080967010028871e+03,-8.328885943256526662e+04
1.244811724483893656e+00,-1.052674827163440568e+04,-8.342344685047026724e+04
1.246120721422889321e+00,-7.795215678298441162e+03,-8.352761519983553444e+04
1.247429718361884987e+00,-8.626223337347793858e+03,-8.362803166170809709e+04
1.248738715300880875e+00,-1.588234309814356493e+04,-8.380082348906285188e+04
1.250047712239876763e+00,-2.497359521457562369e+04,-8.394218588359415298e+04
1.251356709178872428e+00,-2.657322476073345024e+04,-8.382074914506281493e+04
1.252665706117868094e+00,-3.580436172715101566e+04,-8.384739807065116474e+04
1.253974703056863760e+00,-4.120605617925590195e+04,-8.241211235851180390e+04
1.255283699995859648e+00,-2.441675023138189135e+04,-7.449748715765977977e+04
1.256592696934855535e+00,2.061765839186528319e+04,-5.588107004532235442e+04
