# Exudyn: solution of belt drive, slip and gap over belt length
# Exudyn output file
# Exudyn version=1.2.34.dev1
# endTime=1.0
# stepSize=5e-05
# nSegments=4
# nANCFnodes=240
# contactStiffnessPerArea=100000000.0
# frictionStiffnessPerArea=100000000.0
# contactStiffness=418879.02047863905
# frictionStiffness=523598.7755982988
# contactDamping=8.377580409572781
# frictionVelocityPenalty=33.70609928242229
# dryFriction=0.5
# 
9.188064952436736377e-05,1.962418038403690446e-06,-1.118877577997723360e-05
1.400877588520144101e-03,1.789810675188741040e-07,-1.599717228781272205e-06
2.709874527515809817e-03,0.000000000000000000e+00,0.000000000000000000e+00
4.018871466511586554e-03,0.000000000000000000e+00,0.000000000000000000e+00
5.327868405507363292e-03,0.000000000000000000e+00,0.000000000000000000e+00
6.636865344503140030e-03,0.000000000000000000e+00,0.000000000000000000e+00
7.945862283498805745e-03,0.000000000000000000e+00,0.000000000000000000e+00
9.254859222494582482e-03,0.000000000000000000e+00,0.000000000000000000e+00
1.056385616149035922e-02,0.000000000000000000e+00,0.000000000000000000e+00
1.187285310048613596e-02,0.000000000000000000e+00,0.000000000000000000e+00
1.318185003948180167e-02,0.000000000000000000e+00,0.000000000000000000e+00
1.449084697847757841e-02,0.000000000000000000e+00,0.000000000000000000e+00
1.579984391747335515e-02,0.000000000000000000e+00,0.000000000000000000e+00
1.710884085646913189e-02,0.000000000000000000e+00,0.000000000000000000e+00
1.841783779546479760e-02,0.000000000000000000e+00,0.000000000000000000e+00
1.972683473446057434e-02,0.000000000000000000e+00,0.000000000000000000e+00
2.103583167345635108e-02,0.000000000000000000e+00,0.000000000000000000e+00
2.234482861245212781e-02,0.000000000000000000e+00,0.000000000000000000e+00
2.365382555144779353e-02,0.000000000000000000e+00,0.000000000000000000e+00
2.496282249044357027e-02,0.000000000000000000e+00,0.000000000000000000e+00
2.627181942943934700e-02,0.000000000000000000e+00,0.000000000000000000e+00
2.758081636843512374e-02,0.000000000000000000e+00,0.000000000000000000e+00
2.888981330743078946e-02,0.000000000000000000e+00,0.000000000000000000e+00
3.019881024642656620e-02,0.000000000000000000e+00,0.000000000000000000e+00
3.150780718542234293e-02,0.000000000000000000e+00,0.000000000000000000e+00
3.281680412441811967e-02,0.000000000000000000e+00,0.000000000000000000e+00
3.412580106341378539e-02,0.000000000000000000e+00,0.000000000000000000e+00
3.543479800240956212e-02,0.000000000000000000e+00,0.000000000000000000e+00
3.674379494140533886e-02,0.000000000000000000e+00,0.000000000000000000e+00
3.805279188040111560e-02,0.000000000000000000e+00,0.000000000000000000e+00
3.936178881939678131e-02,0.000000000000000000e+00,0.000000000000000000e+00
4.067078575839255805e-02,0.000000000000000000e+00,0.000000000000000000e+00
4.197978269738833479e-02,0.000000000000000000e+00,0.000000000000000000e+00
4.328877963638411153e-02,0.000000000000000000e+00,0.000000000000000000e+00
4.459777657537977724e-02,0.000000000000000000e+00,0.000000000000000000e+00
4.590677351437555398e-02,0.000000000000000000e+00,0.000000000000000000e+00
4.721577045337133072e-02,0.000000000000000000e+00,0.000000000000000000e+00
4.852476739236710745e-02,0.000000000000000000e+00,0.000000000000000000e+00
4.983376433136277317e-02,0.000000000000000000e+00,0.000000000000000000e+00
5.114276127035854991e-02,0.000000000000000000e+00,0.000000000000000000e+00
5.245175820935432665e-02,0.000000000000000000e+00,0.000000000000000000e+00
5.376075514835010338e-02,0.000000000000000000e+00,0.000000000000000000e+00
5.506975208734576910e-02,0.000000000000000000e+00,0.000000000000000000e+00
5.637874902634154584e-02,0.000000000000000000e+00,0.000000000000000000e+00
5.768774596533732257e-02,0.000000000000000000e+00,0.000000000000000000e+00
5.899674290433309931e-02,0.000000000000000000e+00,0.000000000000000000e+00
6.030573984332876503e-02,0.000000000000000000e+00,0.000000000000000000e+00
6.161473678232454176e-02,0.000000000000000000e+00,0.000000000000000000e+00
6.292373372132031850e-02,0.000000000000000000e+00,0.000000000000000000e+00
6.423273066031609524e-02,0.000000000000000000e+00,0.000000000000000000e+00
6.554172759931176095e-02,0.000000000000000000e+00,0.000000000000000000e+00
6.685072453830753769e-02,0.000000000000000000e+00,0.000000000000000000e+00
6.815972147730331443e-02,0.000000000000000000e+00,0.000000000000000000e+00
6.946871841629909117e-02,0.000000000000000000e+00,0.000000000000000000e+00
7.077771535529475688e-02,0.000000000000000000e+00,0.000000000000000000e+00
7.208671229429053362e-02,0.000000000000000000e+00,0.000000000000000000e+00
7.339570923328631036e-02,0.000000000000000000e+00,0.000000000000000000e+00
7.470470617228208710e-02,0.000000000000000000e+00,0.000000000000000000e+00
7.601370311127775281e-02,0.000000000000000000e+00,0.000000000000000000e+00
7.732270005027352955e-02,0.000000000000000000e+00,0.000000000000000000e+00
7.863169698926930629e-02,0.000000000000000000e+00,0.000000000000000000e+00
7.994069392826508302e-02,0.000000000000000000e+00,0.000000000000000000e+00
8.124969086726074874e-02,0.000000000000000000e+00,0.000000000000000000e+00
8.255868780625652548e-02,0.000000000000000000e+00,0.000000000000000000e+00
8.386768474525230221e-02,0.000000000000000000e+00,0.000000000000000000e+00
8.517668168424807895e-02,0.000000000000000000e+00,0.000000000000000000e+00
8.648567862324374467e-02,0.000000000000000000e+00,0.000000000000000000e+00
8.779467556223952140e-02,0.000000000000000000e+00,0.000000000000000000e+00
8.910367250123529814e-02,0.000000000000000000e+00,0.000000000000000000e+00
9.041266944023107488e-02,0.000000000000000000e+00,0.000000000000000000e+00
9.172166637922674060e-02,0.000000000000000000e+00,0.000000000000000000e+00
9.303066331822251733e-02,0.000000000000000000e+00,0.000000000000000000e+00
9.433966025721829407e-02,0.000000000000000000e+00,0.000000000000000000e+00
9.564865719621407081e-02,0.000000000000000000e+00,0.000000000000000000e+00
9.695765413520973652e-02,0.000000000000000000e+00,0.000000000000000000e+00
9.826665107420551326e-02,0.000000000000000000e+00,0.000000000000000000e+00
9.957564801320129000e-02,0.000000000000000000e+00,0.000000000000000000e+00
1.008846449521970667e-01,0.000000000000000000e+00,0.000000000000000000e+00
1.021936418911927325e-01,0.000000000000000000e+00,0.000000000000000000e+00
1.035026388301885092e-01,0.000000000000000000e+00,0.000000000000000000e+00
1.048116357691842859e-01,0.000000000000000000e+00,0.000000000000000000e+00
1.061206327081800627e-01,0.000000000000000000e+00,0.000000000000000000e+00
1.074296296471757284e-01,0.000000000000000000e+00,0.000000000000000000e+00
1.087386265861715051e-01,0.000000000000000000e+00,0.000000000000000000e+00
1.100476235251672819e-01,0.000000000000000000e+00,0.000000000000000000e+00
1.113566204641630586e-01,0.000000000000000000e+00,0.000000000000000000e+00
1.126656174031587243e-01,0.000000000000000000e+00,0.000000000000000000e+00
1.139746143421545010e-01,0.000000000000000000e+00,0.000000000000000000e+00
1.152836112811502778e-01,0.000000000000000000e+00,0.000000000000000000e+00
1.165926082201460545e-01,0.000000000000000000e+00,0.000000000000000000e+00
1.179016051591417202e-01,0.000000000000000000e+00,0.000000000000000000e+00
1.192106020981374970e-01,0.000000000000000000e+00,0.000000000000000000e+00
1.205195990371332737e-01,0.000000000000000000e+00,0.000000000000000000e+00
1.218285959761290504e-01,0.000000000000000000e+00,0.000000000000000000e+00
1.231375929151247162e-01,0.000000000000000000e+00,0.000000000000000000e+00
1.244465898541204929e-01,0.000000000000000000e+00,0.000000000000000000e+00
1.257555867931162696e-01,0.000000000000000000e+00,0.000000000000000000e+00
1.270645837321120464e-01,0.000000000000000000e+00,0.000000000000000000e+00
1.283735806711077121e-01,0.000000000000000000e+00,0.000000000000000000e+00
1.296825776101034888e-01,0.000000000000000000e+00,0.000000000000000000e+00
1.309915745490992656e-01,0.000000000000000000e+00,0.000000000000000000e+00
1.323005714880950423e-01,0.000000000000000000e+00,0.000000000000000000e+00
1.336095684270907080e-01,0.000000000000000000e+00,0.000000000000000000e+00
1.349185653660864848e-01,0.000000000000000000e+00,0.000000000000000000e+00
1.362275623050822615e-01,0.000000000000000000e+00,0.000000000000000000e+00
1.375365592440780382e-01,0.000000000000000000e+00,0.000000000000000000e+00
1.388455561830737039e-01,0.000000000000000000e+00,0.000000000000000000e+00
1.401545531220694807e-01,0.000000000000000000e+00,0.000000000000000000e+00
1.414635500610652574e-01,0.000000000000000000e+00,0.000000000000000000e+00
1.427725470000610342e-01,0.000000000000000000e+00,0.000000000000000000e+00
1.440815439390566999e-01,0.000000000000000000e+00,0.000000000000000000e+00
1.453905408780524766e-01,0.000000000000000000e+00,0.000000000000000000e+00
1.466995378170482534e-01,0.000000000000000000e+00,0.000000000000000000e+00
1.480085347560440301e-01,0.000000000000000000e+00,0.000000000000000000e+00
1.493175316950396958e-01,0.000000000000000000e+00,0.000000000000000000e+00
1.506265286340354725e-01,0.000000000000000000e+00,0.000000000000000000e+00
1.519355255730312493e-01,0.000000000000000000e+00,0.000000000000000000e+00
1.532445225120270260e-01,0.000000000000000000e+00,0.000000000000000000e+00
1.545535194510226917e-01,0.000000000000000000e+00,0.000000000000000000e+00
1.558625163900184685e-01,0.000000000000000000e+00,0.000000000000000000e+00
1.571715133290142452e-01,0.000000000000000000e+00,0.000000000000000000e+00
1.584805102680100219e-01,0.000000000000000000e+00,0.000000000000000000e+00
1.597895072070056877e-01,0.000000000000000000e+00,0.000000000000000000e+00
1.610985041460014644e-01,0.000000000000000000e+00,0.000000000000000000e+00
1.624075010849972411e-01,0.000000000000000000e+00,0.000000000000000000e+00
1.637164980239930179e-01,0.000000000000000000e+00,0.000000000000000000e+00
1.650254949629886836e-01,0.000000000000000000e+00,0.000000000000000000e+00
1.663344919019844603e-01,0.000000000000000000e+00,0.000000000000000000e+00
1.676434888409802371e-01,0.000000000000000000e+00,0.000000000000000000e+00
1.689524857799760138e-01,0.000000000000000000e+00,0.000000000000000000e+00
1.702614827189716795e-01,0.000000000000000000e+00,0.000000000000000000e+00
1.715704796579674563e-01,0.000000000000000000e+00,0.000000000000000000e+00
1.728794765969632330e-01,0.000000000000000000e+00,0.000000000000000000e+00
1.741884735359590097e-01,0.000000000000000000e+00,0.000000000000000000e+00
1.754974704749546754e-01,0.000000000000000000e+00,0.000000000000000000e+00
1.768064674139504522e-01,0.000000000000000000e+00,0.000000000000000000e+00
1.781154643529462289e-01,0.000000000000000000e+00,0.000000000000000000e+00
1.794244612919420057e-01,0.000000000000000000e+00,0.000000000000000000e+00
1.807334582309376714e-01,0.000000000000000000e+00,0.000000000000000000e+00
1.820424551699334481e-01,0.000000000000000000e+00,0.000000000000000000e+00
1.833514521089292248e-01,0.000000000000000000e+00,0.000000000000000000e+00
1.846604490479250016e-01,0.000000000000000000e+00,0.000000000000000000e+00
1.859694459869206673e-01,0.000000000000000000e+00,0.000000000000000000e+00
1.872784429259164440e-01,0.000000000000000000e+00,0.000000000000000000e+00
1.885874398649122208e-01,0.000000000000000000e+00,0.000000000000000000e+00
1.898964368039079975e-01,0.000000000000000000e+00,0.000000000000000000e+00
1.912054337429036632e-01,0.000000000000000000e+00,0.000000000000000000e+00
1.925144306818994400e-01,0.000000000000000000e+00,0.000000000000000000e+00
1.938234276208952167e-01,0.000000000000000000e+00,0.000000000000000000e+00
1.951324245598909934e-01,0.000000000000000000e+00,0.000000000000000000e+00
1.964414214988866592e-01,0.000000000000000000e+00,0.000000000000000000e+00
1.977504184378824359e-01,0.000000000000000000e+00,0.000000000000000000e+00
1.990594153768782126e-01,0.000000000000000000e+00,0.000000000000000000e+00
2.003684123158739894e-01,0.000000000000000000e+00,0.000000000000000000e+00
2.016774092548696551e-01,0.000000000000000000e+00,0.000000000000000000e+00
2.029864061938655428e-01,0.000000000000000000e+00,0.000000000000000000e+00
2.042954031328612086e-01,0.000000000000000000e+00,0.000000000000000000e+00
2.056044000718568743e-01,0.000000000000000000e+00,0.000000000000000000e+00
2.069133970108525400e-01,0.000000000000000000e+00,0.000000000000000000e+00
2.082223939498484278e-01,0.000000000000000000e+00,0.000000000000000000e+00
2.095313908888440935e-01,0.000000000000000000e+00,0.000000000000000000e+00
2.108403878278397592e-01,0.000000000000000000e+00,0.000000000000000000e+00
2.121493847668354249e-01,0.000000000000000000e+00,0.000000000000000000e+00
2.134583817058313127e-01,0.000000000000000000e+00,0.000000000000000000e+00
2.147673786448269784e-01,0.000000000000000000e+00,0.000000000000000000e+00
2.160763755838226441e-01,0.000000000000000000e+00,0.000000000000000000e+00
2.173853725228183098e-01,0.000000000000000000e+00,0.000000000000000000e+00
2.186943694618141976e-01,0.000000000000000000e+00,0.000000000000000000e+00
2.200033664008098633e-01,0.000000000000000000e+00,0.000000000000000000e+00
2.213123633398055290e-01,0.000000000000000000e+00,0.000000000000000000e+00
2.226213602788011947e-01,0.000000000000000000e+00,0.000000000000000000e+00
2.239303572177970825e-01,0.000000000000000000e+00,0.000000000000000000e+00
2.252393541567927482e-01,0.000000000000000000e+00,0.000000000000000000e+00
2.265483510957884139e-01,0.000000000000000000e+00,0.000000000000000000e+00
2.278573480347840796e-01,0.000000000000000000e+00,0.000000000000000000e+00
2.291663449737799674e-01,0.000000000000000000e+00,0.000000000000000000e+00
2.304753419127756331e-01,0.000000000000000000e+00,0.000000000000000000e+00
2.317843388517712988e-01,0.000000000000000000e+00,0.000000000000000000e+00
2.330933357907669645e-01,0.000000000000000000e+00,0.000000000000000000e+00
2.344023327297628523e-01,0.000000000000000000e+00,0.000000000000000000e+00
2.357113296687585180e-01,0.000000000000000000e+00,0.000000000000000000e+00
2.370203266077541837e-01,0.000000000000000000e+00,0.000000000000000000e+00
2.383293235467498494e-01,0.000000000000000000e+00,0.000000000000000000e+00
2.396383204857457372e-01,0.000000000000000000e+00,0.000000000000000000e+00
2.409473174247414029e-01,0.000000000000000000e+00,0.000000000000000000e+00
2.422563143637370686e-01,0.000000000000000000e+00,0.000000000000000000e+00
2.435653113027327343e-01,0.000000000000000000e+00,0.000000000000000000e+00
2.448743082417286221e-01,0.000000000000000000e+00,0.000000000000000000e+00
2.461833051807242878e-01,0.000000000000000000e+00,0.000000000000000000e+00
2.474923021197199535e-01,0.000000000000000000e+00,0.000000000000000000e+00
2.488012990587156192e-01,0.000000000000000000e+00,0.000000000000000000e+00
2.501102959977115070e-01,0.000000000000000000e+00,0.000000000000000000e+00
2.514192929367071727e-01,0.000000000000000000e+00,0.000000000000000000e+00
2.527282898757028384e-01,0.000000000000000000e+00,0.000000000000000000e+00
2.540372868146985041e-01,0.000000000000000000e+00,0.000000000000000000e+00
2.553462837536943919e-01,0.000000000000000000e+00,0.000000000000000000e+00
2.566552806926900576e-01,0.000000000000000000e+00,0.000000000000000000e+00
2.579642776316857233e-01,0.000000000000000000e+00,0.000000000000000000e+00
2.592732745706813891e-01,0.000000000000000000e+00,0.000000000000000000e+00
2.605822715096772768e-01,0.000000000000000000e+00,0.000000000000000000e+00
2.618912684486729425e-01,0.000000000000000000e+00,0.000000000000000000e+00
2.632002653876686082e-01,0.000000000000000000e+00,0.000000000000000000e+00
2.645092623266642740e-01,0.000000000000000000e+00,0.000000000000000000e+00
2.658182592656601617e-01,0.000000000000000000e+00,0.000000000000000000e+00
2.671272562046558274e-01,0.000000000000000000e+00,0.000000000000000000e+00
2.684362531436514931e-01,0.000000000000000000e+00,0.000000000000000000e+00
2.697452500826471589e-01,0.000000000000000000e+00,0.000000000000000000e+00
2.710542470216430466e-01,0.000000000000000000e+00,0.000000000000000000e+00
2.723632439606387123e-01,0.000000000000000000e+00,0.000000000000000000e+00
2.736722408996343781e-01,0.000000000000000000e+00,0.000000000000000000e+00
2.749812378386300438e-01,0.000000000000000000e+00,0.000000000000000000e+00
2.762902347776259315e-01,0.000000000000000000e+00,0.000000000000000000e+00
2.775992317166215972e-01,0.000000000000000000e+00,0.000000000000000000e+00
2.789082286556172630e-01,0.000000000000000000e+00,0.000000000000000000e+00
2.802172255946129287e-01,0.000000000000000000e+00,0.000000000000000000e+00
2.815262225336088164e-01,0.000000000000000000e+00,0.000000000000000000e+00
2.828352194726044821e-01,0.000000000000000000e+00,0.000000000000000000e+00
2.841442164116001479e-01,0.000000000000000000e+00,0.000000000000000000e+00
2.854532133505958136e-01,0.000000000000000000e+00,0.000000000000000000e+00
2.867622102895917013e-01,0.000000000000000000e+00,0.000000000000000000e+00
2.880712072285873671e-01,0.000000000000000000e+00,0.000000000000000000e+00
2.893802041675830328e-01,0.000000000000000000e+00,0.000000000000000000e+00
2.906892011065786985e-01,0.000000000000000000e+00,0.000000000000000000e+00
2.919981980455745862e-01,0.000000000000000000e+00,0.000000000000000000e+00
2.933071949845702520e-01,0.000000000000000000e+00,0.000000000000000000e+00
2.946161919235659177e-01,0.000000000000000000e+00,0.000000000000000000e+00
2.959251888625615834e-01,0.000000000000000000e+00,0.000000000000000000e+00
2.972341858015574712e-01,0.000000000000000000e+00,0.000000000000000000e+00
2.985431827405531369e-01,0.000000000000000000e+00,0.000000000000000000e+00
2.998521796795488026e-01,0.000000000000000000e+00,0.000000000000000000e+00
3.011611766185444683e-01,0.000000000000000000e+00,0.000000000000000000e+00
3.024701735575403561e-01,0.000000000000000000e+00,0.000000000000000000e+00
3.037791704965360218e-01,0.000000000000000000e+00,0.000000000000000000e+00
3.050881674355316875e-01,0.000000000000000000e+00,0.000000000000000000e+00
3.063971643745273532e-01,0.000000000000000000e+00,0.000000000000000000e+00
3.077061613135232410e-01,0.000000000000000000e+00,0.000000000000000000e+00
3.090151582525189067e-01,0.000000000000000000e+00,-7.208004625558483980e-06
3.103241551915145724e-01,0.000000000000000000e+00,-1.297277799552909450e-05
3.116331521305102381e-01,0.000000000000000000e+00,-1.556139512372267664e-05
3.129421490695061259e-01,0.000000000000000000e+00,-1.631138707104684560e-05
3.142511460085017916e-01,0.000000000000000000e+00,-1.632575654890444650e-05
3.155601429474974573e-01,0.000000000000000000e+00,-1.607627842782621830e-05
3.168691398864931230e-01,0.000000000000000000e+00,-1.589431950622943734e-05
3.181781368254890108e-01,0.000000000000000000e+00,-1.576912602035962507e-05
3.194871337644846765e-01,0.000000000000000000e+00,-1.562709795320527117e-05
3.207961307034803422e-01,0.000000000000000000e+00,-1.550208384790141558e-05
3.221051276424760079e-01,0.000000000000000000e+00,-1.539928636662413197e-05
3.234141245814718957e-01,0.000000000000000000e+00,-1.528903664259340101e-05
3.247231215204675614e-01,0.000000000000000000e+00,-1.516752416437505691e-05
3.260321184594632271e-01,0.000000000000000000e+00,-1.506274805707086273e-05
3.273411153984588928e-01,0.000000000000000000e+00,-1.497514409783129441e-05
3.286501123374547806e-01,0.000000000000000000e+00,-1.487373985917250785e-05
3.299591092764504463e-01,0.000000000000000000e+00,-1.475545479871775978e-05
3.312681062154461120e-01,0.000000000000000000e+00,-1.464880005488944370e-05
3.325771031544417777e-01,0.000000000000000000e+00,-1.455765798474839556e-05
3.338861000934376655e-01,0.000000000000000000e+00,-1.445651309803230866e-05
3.351950970324333312e-01,0.000000000000000000e+00,-1.434338622446906797e-05
3.365040939714289969e-01,0.000000000000000000e+00,-1.424445745852598311e-05
3.378130909104246626e-01,0.000000000000000000e+00,-1.416055527048154516e-05
3.391220878494205504e-01,0.000000000000000000e+00,-1.406366761289024048e-05
3.404310847884162161e-01,0.000000000000000000e+00,-1.395186833605399634e-05
3.417400817274118818e-01,0.000000000000000000e+00,-1.385268773099190831e-05
3.430490786664075475e-01,0.000000000000000000e+00,-1.376917673898137018e-05
3.443580756054034353e-01,0.000000000000000000e+00,-1.367526675141728099e-05
3.456670725443991010e-01,0.000000000000000000e+00,-1.356838559601891703e-05
3.469760694833947667e-01,0.000000000000000000e+00,-1.347394936089540973e-05
3.482850664223904325e-01,0.000000000000000000e+00,-1.339351560587787038e-05
3.495940633613863202e-01,0.000000000000000000e+00,-1.330128840022759551e-05
3.509030603003819859e-01,0.000000000000000000e+00,-1.319597905879987820e-05
3.522120572393776516e-01,0.000000000000000000e+00,-1.310418945435487537e-05
3.535210541783733174e-01,0.000000000000000000e+00,-1.302768293109934916e-05
3.548300511173692051e-01,0.000000000000000000e+00,-1.293936129824480030e-05
3.561390480563648708e-01,0.000000000000000000e+00,-1.283683636757460000e-05
3.574480449953605365e-01,0.000000000000000000e+00,-1.274631708818307896e-05
3.587570419343562023e-01,0.000000000000000000e+00,-1.267078859415460279e-05
3.600660388733520900e-01,0.000000000000000000e+00,-1.258536673254262439e-05
3.613750358123477557e-01,0.000000000000000000e+00,-1.248727874354760292e-05
3.626840327513434215e-01,0.000000000000000000e+00,-1.240036446753522981e-05
3.639930296903390872e-01,0.000000000000000000e+00,-1.232675385660908507e-05
3.653020266293349749e-01,0.000000000000000000e+00,-1.224297017250741693e-05
3.666110235683306406e-01,0.000000000000000000e+00,-1.214715892040862943e-05
3.679200205073263064e-01,0.000000000000000000e+00,-1.206287027649688426e-05
3.692290174463219721e-01,0.000000000000000000e+00,-1.199195816461995356e-05
3.705380143853178598e-01,0.000000000000000000e+00,-1.191079335531586292e-05
3.718470113243135255e-01,0.000000000000000000e+00,-1.181749561951495053e-05
3.731560082633091913e-01,0.000000000000000000e+00,-1.173560621513247693e-05
3.744650052023048570e-01,0.000000000000000000e+00,-1.166703088785470133e-05
3.757740021413007447e-01,0.000000000000000000e+00,-1.158822768042300222e-05
3.770829990802964105e-01,0.000000000000000000e+00,-1.149728485200229855e-05
3.783919960192920762e-01,0.000000000000000000e+00,-1.141761770061255898e-05
3.797009929582877419e-01,0.000000000000000000e+00,-1.135125990969765297e-05
3.810099898972836296e-01,0.000000000000000000e+00,-1.127494351522984051e-05
3.823189868362792954e-01,0.000000000000000000e+00,-1.118659075001471326e-05
3.836279837752749611e-01,0.000000000000000000e+00,-1.110911604806918973e-05
3.849369807142706268e-01,0.000000000000000000e+00,-1.104461702504389020e-05
3.862459776532665146e-01,0.000000000000000000e+00,-1.097045593008438846e-05
3.875549745922621803e-01,0.000000000000000000e+00,-1.088458744902265352e-05
3.888639715312578460e-01,0.000000000000000000e+00,-1.080936195514692333e-05
3.901729684702535117e-01,0.000000000000000000e+00,-1.074686256696821829e-05
3.914819654092493995e-01,0.000000000000000000e+00,-1.067496587446592482e-05
3.927909623482450652e-01,0.000000000000000000e+00,-1.059152385581019207e-05
3.940999592872407309e-01,0.000000000000000000e+00,-1.051818959967032452e-05
3.954089562262363966e-01,0.000000000000000000e+00,-1.045724334809705613e-05
3.967179531652322844e-01,0.000000000000000000e+00,-1.038755000749846946e-05
3.980269501042279501e-01,0.000000000000000000e+00,-1.030685970436484578e-05
3.993359470432236158e-01,0.000000000000000000e+00,-1.023573865026328189e-05
4.006449439822192815e-01,0.000000000000000000e+00,-1.017627334694293229e-05
4.019539409212151693e-01,0.000000000000000000e+00,-1.010825798743175685e-05
4.032629378602108350e-01,0.000000000000000000e+00,-1.002977681836825230e-05
4.045719347992065007e-01,0.000000000000000000e+00,-9.960915409418236166e-06
4.058809317382021664e-01,0.000000000000000000e+00,-9.903524168797250837e-06
4.071899286771980542e-01,0.000000000000000000e+00,-9.837511332447257395e-06
4.084989256161937199e-01,0.000000000000000000e+00,-9.760962213389845488e-06
4.098079225551893856e-01,0.000000000000000000e+00,-9.693747842390298963e-06
4.111169194941850513e-01,0.000000000000000000e+00,-9.637356462616208930e-06
4.124259164331809391e-01,0.000000000000000000e+00,-9.571195256061204581e-06
4.137349133721766048e-01,0.000000000000000000e+00,-9.493078342692751193e-06
4.150439103111722705e-01,0.000000000000000000e+00,-9.422911675077694227e-06
4.163529072501679362e-01,3.227160028596021135e-06,-9.368375264481865194e-06
4.176619041891638240e-01,2.396111253771815441e-06,-9.319016285799786026e-06
4.189709011281594897e-01,2.212466514522892780e-06,-9.273237331505757020e-06
4.202798980671551554e-01,1.277202907143393240e-06,-9.243340498094054780e-06
4.215888950061508211e-01,5.672357704378239163e-07,-9.231850401761332314e-06
4.228978919451467089e-01,4.297029514988004451e-07,-9.226269944803688894e-06
4.242068888841423746e-01,7.478192977639075423e-07,-9.219369544385958015e-06
4.255158858231380403e-01,1.939727346383923745e-07,-9.214953679989590363e-06
4.268248827621337060e-01,-2.074484540814935940e-07,-9.215090449488094748e-06
4.281338797011295938e-01,-1.225661481890627513e-07,-9.216110936988153313e-06
4.294428766401252595e-01,4.019939453120402462e-07,-9.215334589265933296e-06
4.307518735791209252e-01,-8.437507732772520086e-08,-9.215160734529770359e-06
4.320608705181165909e-01,-4.271166148678284813e-07,-9.217907965597404996e-06
4.333698674571124787e-01,-2.922314479153476086e-07,-9.221614342566630818e-06
4.346788643961081444e-01,2.185585560865455079e-07,-9.223698555355097639e-06
4.359878613351038101e-01,-1.266333472249581149e-07,-9.225178531580002783e-06
4.372968582740994758e-01,-3.731557206287927642e-07,-9.227559116073424939e-06
4.386058552130953636e-01,-2.050231524830525842e-07,-9.229426361903603215e-06
4.399148521520910293e-01,3.060001999566352993e-07,-9.229375498992498095e-06
4.412238490910866950e-01,-7.154422909660951291e-08,-9.229391247353446737e-06
4.425328460300823608e-01,-3.669238778092331899e-07,-9.231250922614453458e-06
4.438418429690782485e-01,-1.616635506018759827e-07,-9.232761834621072694e-06
4.451508399080739142e-01,3.662303606211114726e-07,-9.231898191255916153e-06
4.464598368470695799e-01,2.152876393823888179e-08,-9.230585742578401032e-06
4.477688337860652457e-01,-2.481427202050134895e-07,-9.230645602709142139e-06
4.490778307250611334e-01,-8.555188282799441879e-08,-9.230136195970128909e-06
4.503868276640567991e-01,4.651566656854733139e-07,-9.227427278032940272e-06
4.516958246030524649e-01,7.638750781913117294e-08,-9.224824709580525806e-06
4.530048215420481306e-01,-2.483731662006327667e-07,-9.224485342268495813e-06
4.543138184810440183e-01,-8.970835935206977751e-08,-9.224384584727296499e-06
4.556228154200396840e-01,4.445592387269936552e-07,-9.222268334996286399e-06
4.569318123590353498e-01,1.188761147019601339e-07,-9.219689934766850392e-06
4.582408092980350123e-01,-1.455600727728878496e-07,-9.218237242369919926e-06
4.595498062370307890e-01,2.673463075919535470e-08,-9.216107857187849639e-06
4.608588031760265658e-01,5.132317845990552740e-07,-9.211974330819439061e-06
4.621678001150223425e-01,1.241519085593001392e-07,-9.208358608042699345e-06
4.634767970540180082e-01,-9.279699419995068865e-08,-9.206658355576102792e-06
4.647857939930137849e-01,1.190359339431346086e-07,-9.203815711358864782e-06
4.660947909320095617e-01,5.508846473711859204e-07,-9.198402437210484450e-06
4.674037878710053384e-01,1.796155885691597121e-07,-9.193928943301843404e-06
4.687127848100010041e-01,-7.588252498580416727e-08,-9.191792534432585704e-06
4.700217817489967809e-01,1.833901957237760172e-07,-9.187891151535287904e-06
4.713307786879925576e-01,6.856314352932102452e-07,-9.180665927546738381e-06
4.726397756269882233e-01,2.437976076852255147e-07,-9.174491777841353723e-06
4.739487725659840001e-01,-8.038763407713922504e-08,-9.171572086352774988e-06
4.752577695049797768e-01,1.506078093072016344e-07,-9.167940531601415088e-06
4.765667664439755535e-01,6.731973177520611529e-07,-9.161458076195616584e-06
4.778757633829712193e-01,2.445625984781596429e-07,-9.155790206424874178e-06
4.791847603219669960e-01,-9.820320098774537598e-08,-9.152936988082727154e-06
4.804937572609627727e-01,1.635337707750483816e-07,-9.149405407332666940e-06
4.818027541999585495e-01,6.455308427799621995e-07,-9.143270757266952486e-06
4.831117511389542152e-01,2.216319779091424635e-07,-9.137973959155720749e-06
4.844207480779499919e-01,-8.103301352146985437e-08,-9.135278377161992758e-06
4.857297450169457687e-01,1.572770318147842517e-07,-9.131574639789641346e-06
4.870387419559414344e-01,6.765592535651343553e-07,-9.125003602936110347e-06
4.883477388949372111e-01,2.741537594996845684e-07,-9.119149438005513808e-06
4.896567358339329878e-01,-8.440621654393076767e-08,-9.115920136179567201e-06
4.909657327729287646e-01,1.827799455678125184e-07,-9.111807494965873389e-06
4.922747297119244303e-01,6.603062197851894410e-07,-9.105045509230635936e-06
4.935837266509202070e-01,2.812932528295508661e-07,-9.099320331343307977e-06
4.948927235899159838e-01,-1.074995924776889211e-07,-9.096449620049629203e-06
4.962017205289117605e-01,1.736339677316234287e-07,-9.092660228138260692e-06
4.975107174679074262e-01,6.343192632540795017e-07,-9.086111652942263639e-06
4.988197144069032030e-01,2.501611276461979116e-07,-9.080597082433694567e-06
5.001287113458989797e-01,-1.063448010485412709e-07,-9.078128200848412099e-06
5.014377082848947564e-01,1.065674624101120571e-07,-9.075082412310364610e-06
5.027467052238904222e-01,5.696701423918426599e-07,-9.069487783910923362e-06
5.040557021628861989e-01,2.614632807484973398e-07,-9.064847455358959749e-06
5.053646991018819756e-01,-2.287911179399415573e-07,-9.063358274039035045e-06
5.066736960408777524e-01,2.271967369793514990e-08,-9.061787676220567356e-06
5.079826929798734181e-01,5.893600451278846464e-07,-9.057688269947794524e-06
5.092916899188691948e-01,1.881567296135866485e-07,-9.053533391728540991e-06
5.106006868578649716e-01,-1.559584625610010988e-07,-9.051246562308268295e-06
5.119096837968606373e-01,9.986506252501747838e-08,-9.048526526056477337e-06
5.132186807358564140e-01,5.588611439732993347e-07,-9.043801830518893858e-06
5.145276776748521907e-01,1.637555046563043959e-07,-9.039849188360871146e-06
5.158366746138479675e-01,-1.748766416675984203e-07,-9.038210343606523089e-06
5.171456715528436332e-01,6.658004209070256252e-08,-9.035711362792575585e-06
5.184546684918394099e-01,5.800296062341558923e-07,-9.030757824074475693e-06
5.197636654308351867e-01,1.636213673161801552e-07,-9.026814251009152024e-06
5.210726623698309634e-01,-2.796848687924846644e-07,-9.026089056229924523e-06
5.223816593088266291e-01,8.283780078555125215e-09,-9.025445504143303488e-06
5.236906562478224059e-01,4.643838740769901108e-07,-9.022535449140778319e-06
5.249996531868181826e-01,1.044938843230980297e-07,-9.019874908963720905e-06
5.263086501258138483e-01,-2.633837327681298746e-07,-9.019347463112836749e-06
5.276176470648096251e-01,1.721962372691621113e-08,-9.018506974836637546e-06
5.289266440038054018e-01,4.430620998696621626e-07,-9.015613926369181463e-06
5.302356409428010675e-01,4.621918825442605794e-08,-9.013291914550247697e-06
5.315446378817968442e-01,-2.933562490980978765e-07,-9.013489873574420663e-06
5.328536348207926210e-01,-4.447173709842822120e-08,-9.013709045074813631e-06
5.341626317597883977e-01,4.069619108371114180e-07,-9.012004408878726558e-06
5.354716286987841745e-01,-1.519183473464025269e-09,-9.010743729734316254e-06
5.367806256377798402e-01,-3.092963442585805467e-07,-9.011503650721564007e-06
5.380896225767756169e-01,-5.495047536441255431e-08,-9.011538690331666324e-06
5.393986195157713937e-01,4.588037321451299277e-07,-9.009150725033943097e-06
5.407076164547670594e-01,3.267042136823050669e-08,-9.007231019195205413e-06
5.420166133937628361e-01,-3.178421247584939380e-07,-9.007635239505207281e-06
5.433256103327586128e-01,-3.781122437374051515e-08,-9.007538842295548243e-06
5.446346072717542786e-01,4.200810559407130995e-07,-9.005318667792971965e-06
5.459436042107500553e-01,-2.548825212000949136e-08,-9.004150264793620018e-06
5.472526011497458320e-01,-3.658400493378177742e-07,-9.005788112970147807e-06
5.485615980887416088e-01,-1.201087695967828495e-07,-9.006856838633670037e-06
5.498705950277372745e-01,4.374932909279038995e-07,-9.005392670846656955e-06
5.511795919667330512e-01,-7.285581837823684737e-08,-9.004548876229145904e-06
5.524885889057288280e-01,-4.357739859239817548e-07,-9.006681221418455507e-06
5.537975858447246047e-01,-1.086640662728566298e-07,-9.009069290091820115e-06
5.551065827837202704e-01,3.550369690463739403e-07,-9.009013316102487678e-06
5.564155797227160472e-01,-4.882580020848514835e-08,-9.008117472689147753e-06
5.577245766617118239e-01,-3.758426057320907177e-07,-9.008594908030409520e-06
5.590335736007074896e-01,-1.172332345644733209e-07,-9.009581760754947766e-06
5.603425705397032663e-01,3.342004019357691647e-07,-9.009728926964721829e-06
5.616515674786990431e-01,-6.230132187923231868e-08,-9.010839270490178521e-06
5.629605644176947088e-01,-4.764788104627548648e-07,-9.013841554703083681e-06
5.642695613566904855e-01,-2.302289068278895456e-07,-9.015634846273878900e-06
5.655785582956862623e-01,3.745508955765863845e-07,-9.014860940625979424e-06
5.668875552346820390e-01,-5.488035298428783904e-08,-9.015107874418837319e-06
5.681965521736777047e-01,-4.310268625906665818e-07,-9.018425515719408203e-06
5.695055491126734815e-01,-1.826185566100591018e-07,-9.021214578908143267e-06
5.708145460516692582e-01,3.020844885903706256e-07,-9.021044097209940382e-06
5.721235429906650349e-01,-5.221655208220710165e-08,-9.020706802628786214e-06
5.734325399296607007e-01,-3.974368918413517804e-07,-9.022573562861291308e-06
5.747415368686564774e-01,-2.207042225088606813e-07,-9.024652900507801334e-06
5.760505338076522541e-01,3.445850841332642744e-07,-9.025108421670258174e-06
5.773595307466479198e-01,-1.151495349627218445e-07,-9.026163184239210935e-06
5.786685276856436966e-01,-4.302553577306689192e-07,-9.029202079846587736e-06
5.799775246246394733e-01,-9.508898640708807193e-08,-9.031275646484426822e-06
5.812865215636352501e-01,2.871250522895607560e-07,-9.030589909003738924e-06
5.825955185026309158e-01,-9.938678890986096803e-08,-9.029993646395007012e-06
5.839045154416266925e-01,-3.597891427564725575e-07,-9.032279890158756430e-06
5.852135123806224692e-01,-1.794365027119049216e-07,-9.035659890174740916e-06
5.865225093196182460e-01,2.200597808421633772e-07,-9.037195291938804331e-06
5.878315062586139117e-01,-9.055467758978252846e-08,-9.037288324770242909e-06
5.891405031976096884e-01,-3.959667715935921706e-07,-9.038249452641977655e-06
5.904495001366054652e-01,-1.011915239379490572e-07,-9.040455790060297758e-06
5.917584970756011309e-01,2.852804854014401315e-07,-9.042058940450514726e-06
5.930674940145969076e-01,-1.322313236684635740e-07,-9.042820309418386771e-06
5.943764909535926844e-01,-3.789332855275162615e-07,-9.044594441134923279e-06
5.956854878925884611e-01,-2.662397053931897517e-07,-9.047632846870268253e-06
5.969944848315842378e-01,3.520791056477179382e-07,-9.050056146125973200e-06
5.983034817705799036e-01,-8.872022994044215238e-08,-9.051599587764358468e-06
5.996124787095756803e-01,-3.751881436087067812e-07,-9.052678538568059707e-06
6.009214756485714570e-01,-9.640665782351121038e-08,-9.051793283199049966e-06
6.022304725875671227e-01,3.489864497385752884e-07,-9.048502605843444790e-06
6.035394695265628995e-01,-2.421234862604038085e-08,-9.045989787029307116e-06
6.048484664655586762e-01,-3.238195493415751969e-07,-9.049385005982513164e-06
6.061574634045544530e-01,-1.267033872265344030e-07,-9.058526706476333068e-06
6.074664603435502297e-01,5.183663576713293253e-07,-9.066036707472413525e-06
6.087754572825458954e-01,2.460672943183084271e-08,-9.064598150823610645e-06
6.100844542215416721e-01,-1.966568196620777087e-07,-9.053264974551167299e-06
6.113934511605374489e-01,1.263492631076168493e-07,-9.038235059627419687e-06
6.127024480995331146e-01,7.257201708465998991e-07,-9.026163203376680322e-06
6.140114450385288913e-01,4.556665864630105034e-07,-9.023422649773182869e-06
6.153204419775246681e-01,2.732918768511005680e-07,-9.030278578306405457e-06
6.166294389165204448e-01,8.024665394956720377e-07,-9.045079428240954122e-06
6.179384358555162216e-01,1.631455411932325461e-06,-9.084666392406015589e-06
6.192474327945118873e-01,1.816645439745023793e-06,-9.180527306196228920e-06
6.205564297335076640e-01,2.471240091395099370e-06,-9.552033138862658923e-06
6.218654266725034407e-01,3.576083387746287201e-06,-1.009446174461692269e-05
6.231744236114991065e-01,3.835061438306475168e-06,-9.879899156337024202e-06
6.244834205504948832e-01,2.728294382581264443e-06,-7.896505954674282179e-06
6.257924174894906599e-01,-9.575709766229678621e-07,-3.472111215541140439e-06
6.271014144284864367e-01,0.000000000000000000e+00,0.000000000000000000e+00
6.284104113674822134e-01,0.000000000000000000e+00,0.000000000000000000e+00
6.297194083064778791e-01,0.000000000000000000e+00,0.000000000000000000e+00
6.310284052454736559e-01,0.000000000000000000e+00,0.000000000000000000e+00
6.323374021844694326e-01,0.000000000000000000e+00,0.000000000000000000e+00
6.336463991234650983e-01,0.000000000000000000e+00,0.000000000000000000e+00
6.349553960624608751e-01,0.000000000000000000e+00,0.000000000000000000e+00
6.362643930014566518e-01,0.000000000000000000e+00,0.000000000000000000e+00
6.375733899404524285e-01,0.000000000000000000e+00,0.000000000000000000e+00
6.388823868794482053e-01,0.000000000000000000e+00,0.000000000000000000e+00
6.401913838184438710e-01,0.000000000000000000e+00,0.000000000000000000e+00
6.415003807574396477e-01,0.000000000000000000e+00,0.000000000000000000e+00
6.428093776964354245e-01,0.000000000000000000e+00,0.000000000000000000e+00
6.441183746354310902e-01,0.000000000000000000e+00,0.000000000000000000e+00
6.454273715744268669e-01,0.000000000000000000e+00,0.000000000000000000e+00
6.467363685134226436e-01,0.000000000000000000e+00,0.000000000000000000e+00
6.480453654524184204e-01,0.000000000000000000e+00,0.000000000000000000e+00
6.493543623914141971e-01,0.000000000000000000e+00,0.000000000000000000e+00
6.506633593304098628e-01,0.000000000000000000e+00,0.000000000000000000e+00
6.519723562694056396e-01,0.000000000000000000e+00,0.000000000000000000e+00
6.532813532084014163e-01,0.000000000000000000e+00,0.000000000000000000e+00
6.545903501473970820e-01,0.000000000000000000e+00,0.000000000000000000e+00
6.558993470863928588e-01,0.000000000000000000e+00,0.000000000000000000e+00
6.572083440253886355e-01,0.000000000000000000e+00,0.000000000000000000e+00
6.585173409643844122e-01,0.000000000000000000e+00,0.000000000000000000e+00
6.598263379033801890e-01,0.000000000000000000e+00,0.000000000000000000e+00
6.611353348423758547e-01,0.000000000000000000e+00,0.000000000000000000e+00
6.624443317813716314e-01,0.000000000000000000e+00,0.000000000000000000e+00
6.637533287203674082e-01,0.000000000000000000e+00,0.000000000000000000e+00
6.650623256593630739e-01,0.000000000000000000e+00,0.000000000000000000e+00
6.663713225983588506e-01,0.000000000000000000e+00,0.000000000000000000e+00
6.676803195373546274e-01,0.000000000000000000e+00,0.000000000000000000e+00
6.689893164763504041e-01,0.000000000000000000e+00,0.000000000000000000e+00
6.702983134153461808e-01,0.000000000000000000e+00,0.000000000000000000e+00
6.716073103543418465e-01,0.000000000000000000e+00,0.000000000000000000e+00
6.729163072933376233e-01,0.000000000000000000e+00,0.000000000000000000e+00
6.742253042323334000e-01,0.000000000000000000e+00,0.000000000000000000e+00
6.755343011713290657e-01,0.000000000000000000e+00,0.000000000000000000e+00
6.768432981103248425e-01,0.000000000000000000e+00,0.000000000000000000e+00
6.781522950493206192e-01,0.000000000000000000e+00,0.000000000000000000e+00
6.794612919883163960e-01,0.000000000000000000e+00,0.000000000000000000e+00
6.807702889273121727e-01,0.000000000000000000e+00,0.000000000000000000e+00
6.820792858663078384e-01,0.000000000000000000e+00,0.000000000000000000e+00
6.833882828053036151e-01,0.000000000000000000e+00,0.000000000000000000e+00
6.846972797442993919e-01,0.000000000000000000e+00,0.000000000000000000e+00
6.860062766832950576e-01,0.000000000000000000e+00,0.000000000000000000e+00
6.873152736222908343e-01,0.000000000000000000e+00,0.000000000000000000e+00
6.886242705612866111e-01,0.000000000000000000e+00,0.000000000000000000e+00
6.899332675002823878e-01,0.000000000000000000e+00,0.000000000000000000e+00
6.912422644392781645e-01,0.000000000000000000e+00,0.000000000000000000e+00
6.925512613782738303e-01,0.000000000000000000e+00,0.000000000000000000e+00
6.938602583172696070e-01,0.000000000000000000e+00,0.000000000000000000e+00
6.951692552562653837e-01,0.000000000000000000e+00,0.000000000000000000e+00
6.964782521952610495e-01,0.000000000000000000e+00,0.000000000000000000e+00
6.977872491342568262e-01,0.000000000000000000e+00,0.000000000000000000e+00
6.990962460732526029e-01,0.000000000000000000e+00,0.000000000000000000e+00
7.004052430122483797e-01,0.000000000000000000e+00,0.000000000000000000e+00
7.017142399512441564e-01,0.000000000000000000e+00,0.000000000000000000e+00
7.030232368902398221e-01,0.000000000000000000e+00,0.000000000000000000e+00
7.043322338292355989e-01,0.000000000000000000e+00,0.000000000000000000e+00
7.056412307682313756e-01,0.000000000000000000e+00,0.000000000000000000e+00
7.069502277072270413e-01,0.000000000000000000e+00,0.000000000000000000e+00
7.082592246462229291e-01,0.000000000000000000e+00,0.000000000000000000e+00
7.095682215852185948e-01,0.000000000000000000e+00,0.000000000000000000e+00
7.108772185242142605e-01,0.000000000000000000e+00,0.000000000000000000e+00
7.121862154632101483e-01,0.000000000000000000e+00,0.000000000000000000e+00
7.134952124022058140e-01,0.000000000000000000e+00,0.000000000000000000e+00
7.148042093412015907e-01,0.000000000000000000e+00,0.000000000000000000e+00
7.161132062801973674e-01,0.000000000000000000e+00,0.000000000000000000e+00
7.174222032191930332e-01,0.000000000000000000e+00,0.000000000000000000e+00
7.187312001581888099e-01,0.000000000000000000e+00,0.000000000000000000e+00
7.200401970971845866e-01,0.000000000000000000e+00,0.000000000000000000e+00
7.213491940361802524e-01,0.000000000000000000e+00,0.000000000000000000e+00
7.226581909751761401e-01,0.000000000000000000e+00,0.000000000000000000e+00
7.239671879141718058e-01,0.000000000000000000e+00,0.000000000000000000e+00
7.252761848531675826e-01,0.000000000000000000e+00,0.000000000000000000e+00
7.265851817921633593e-01,0.000000000000000000e+00,0.000000000000000000e+00
7.278941787311590250e-01,0.000000000000000000e+00,0.000000000000000000e+00
7.292031756701548018e-01,0.000000000000000000e+00,0.000000000000000000e+00
7.305121726091505785e-01,0.000000000000000000e+00,0.000000000000000000e+00
7.318211695481462442e-01,0.000000000000000000e+00,0.000000000000000000e+00
7.331301664871421320e-01,0.000000000000000000e+00,0.000000000000000000e+00
7.344391634261377977e-01,0.000000000000000000e+00,0.000000000000000000e+00
7.357481603651335744e-01,0.000000000000000000e+00,0.000000000000000000e+00
7.370571573041293512e-01,0.000000000000000000e+00,0.000000000000000000e+00
7.383661542431250169e-01,0.000000000000000000e+00,0.000000000000000000e+00
7.396751511821207936e-01,0.000000000000000000e+00,0.000000000000000000e+00
7.409841481211165704e-01,0.000000000000000000e+00,0.000000000000000000e+00
7.422931450601122361e-01,0.000000000000000000e+00,0.000000000000000000e+00
7.436021419991081238e-01,0.000000000000000000e+00,0.000000000000000000e+00
7.449111389381037895e-01,0.000000000000000000e+00,0.000000000000000000e+00
7.462201358770995663e-01,0.000000000000000000e+00,0.000000000000000000e+00
7.475291328160953430e-01,0.000000000000000000e+00,0.000000000000000000e+00
7.488381297550910087e-01,0.000000000000000000e+00,0.000000000000000000e+00
7.501471266940867855e-01,0.000000000000000000e+00,0.000000000000000000e+00
7.514561236330825622e-01,0.000000000000000000e+00,0.000000000000000000e+00
7.527651205720782279e-01,0.000000000000000000e+00,0.000000000000000000e+00
7.540741175110741157e-01,0.000000000000000000e+00,0.000000000000000000e+00
7.553831144500697814e-01,0.000000000000000000e+00,0.000000000000000000e+00
7.566921113890655581e-01,0.000000000000000000e+00,0.000000000000000000e+00
7.580011083280613349e-01,0.000000000000000000e+00,0.000000000000000000e+00
7.593101052670570006e-01,0.000000000000000000e+00,0.000000000000000000e+00
7.606191022060527773e-01,0.000000000000000000e+00,0.000000000000000000e+00
7.619280991450485541e-01,0.000000000000000000e+00,0.000000000000000000e+00
7.632370960840442198e-01,0.000000000000000000e+00,0.000000000000000000e+00
7.645460930230401075e-01,0.000000000000000000e+00,0.000000000000000000e+00
7.658550899620357733e-01,0.000000000000000000e+00,0.000000000000000000e+00
7.671640869010315500e-01,0.000000000000000000e+00,0.000000000000000000e+00
7.684730838400273267e-01,0.000000000000000000e+00,0.000000000000000000e+00
7.697820807790229924e-01,0.000000000000000000e+00,0.000000000000000000e+00
7.710910777180187692e-01,0.000000000000000000e+00,0.000000000000000000e+00
7.724000746570145459e-01,0.000000000000000000e+00,0.000000000000000000e+00
7.737090715960102116e-01,0.000000000000000000e+00,0.000000000000000000e+00
7.750180685350060994e-01,0.000000000000000000e+00,0.000000000000000000e+00
7.763270654740017651e-01,0.000000000000000000e+00,0.000000000000000000e+00
7.776360624129975418e-01,0.000000000000000000e+00,0.000000000000000000e+00
7.789450593519933186e-01,0.000000000000000000e+00,0.000000000000000000e+00
7.802540562909889843e-01,0.000000000000000000e+00,0.000000000000000000e+00
7.815630532299847610e-01,0.000000000000000000e+00,0.000000000000000000e+00
7.828720501689805378e-01,0.000000000000000000e+00,0.000000000000000000e+00
7.841810471079762035e-01,0.000000000000000000e+00,0.000000000000000000e+00
7.854900440469720913e-01,0.000000000000000000e+00,0.000000000000000000e+00
7.867990409859677570e-01,0.000000000000000000e+00,0.000000000000000000e+00
7.881080379249635337e-01,0.000000000000000000e+00,0.000000000000000000e+00
7.894170348639593104e-01,0.000000000000000000e+00,0.000000000000000000e+00
7.907260318029549762e-01,0.000000000000000000e+00,0.000000000000000000e+00
7.920350287419507529e-01,0.000000000000000000e+00,0.000000000000000000e+00
7.933440256809465296e-01,0.000000000000000000e+00,0.000000000000000000e+00
7.946530226199421953e-01,0.000000000000000000e+00,0.000000000000000000e+00
7.959620195589380831e-01,0.000000000000000000e+00,0.000000000000000000e+00
7.972710164979337488e-01,0.000000000000000000e+00,0.000000000000000000e+00
7.985800134369295256e-01,0.000000000000000000e+00,0.000000000000000000e+00
7.998890103759253023e-01,0.000000000000000000e+00,0.000000000000000000e+00
8.011980073149209680e-01,0.000000000000000000e+00,0.000000000000000000e+00
8.025070042539167448e-01,0.000000000000000000e+00,0.000000000000000000e+00
8.038160011929125215e-01,0.000000000000000000e+00,0.000000000000000000e+00
8.051249981319081872e-01,0.000000000000000000e+00,0.000000000000000000e+00
8.064339950709040750e-01,0.000000000000000000e+00,0.000000000000000000e+00
8.077429920098997407e-01,0.000000000000000000e+00,0.000000000000000000e+00
8.090519889488955174e-01,0.000000000000000000e+00,0.000000000000000000e+00
8.103609858878912942e-01,0.000000000000000000e+00,0.000000000000000000e+00
8.116699828268869599e-01,0.000000000000000000e+00,0.000000000000000000e+00
8.129789797658827366e-01,0.000000000000000000e+00,0.000000000000000000e+00
8.142879767048785133e-01,0.000000000000000000e+00,0.000000000000000000e+00
8.155969736438741791e-01,0.000000000000000000e+00,0.000000000000000000e+00
8.169059705828700668e-01,0.000000000000000000e+00,0.000000000000000000e+00
8.182149675218657325e-01,0.000000000000000000e+00,0.000000000000000000e+00
8.195239644608615093e-01,0.000000000000000000e+00,0.000000000000000000e+00
8.208329613998572860e-01,0.000000000000000000e+00,0.000000000000000000e+00
8.221419583388529517e-01,0.000000000000000000e+00,0.000000000000000000e+00
8.234509552778487285e-01,0.000000000000000000e+00,0.000000000000000000e+00
8.247599522168445052e-01,0.000000000000000000e+00,0.000000000000000000e+00
8.260689491558401709e-01,0.000000000000000000e+00,0.000000000000000000e+00
8.273779460948360587e-01,0.000000000000000000e+00,0.000000000000000000e+00
8.286869430338317244e-01,0.000000000000000000e+00,0.000000000000000000e+00
8.299959399728275011e-01,0.000000000000000000e+00,0.000000000000000000e+00
8.313049369118232779e-01,0.000000000000000000e+00,0.000000000000000000e+00
8.326139338508189436e-01,0.000000000000000000e+00,0.000000000000000000e+00
8.339229307898147203e-01,0.000000000000000000e+00,0.000000000000000000e+00
8.352319277288104971e-01,0.000000000000000000e+00,0.000000000000000000e+00
8.365409246678061628e-01,0.000000000000000000e+00,0.000000000000000000e+00
8.378499216068020505e-01,0.000000000000000000e+00,0.000000000000000000e+00
8.391589185457977162e-01,0.000000000000000000e+00,0.000000000000000000e+00
8.404679154847934930e-01,0.000000000000000000e+00,0.000000000000000000e+00
8.417769124237892697e-01,0.000000000000000000e+00,0.000000000000000000e+00
8.430859093627849354e-01,0.000000000000000000e+00,0.000000000000000000e+00
8.443949063017807122e-01,0.000000000000000000e+00,0.000000000000000000e+00
8.457039032407764889e-01,0.000000000000000000e+00,0.000000000000000000e+00
8.470129001797721546e-01,0.000000000000000000e+00,0.000000000000000000e+00
8.483218971187680424e-01,0.000000000000000000e+00,0.000000000000000000e+00
8.496308940577637081e-01,0.000000000000000000e+00,0.000000000000000000e+00
8.509398909967594848e-01,0.000000000000000000e+00,0.000000000000000000e+00
8.522488879357552616e-01,0.000000000000000000e+00,0.000000000000000000e+00
8.535578848747509273e-01,0.000000000000000000e+00,0.000000000000000000e+00
8.548668818137467040e-01,0.000000000000000000e+00,0.000000000000000000e+00
8.561758787527424808e-01,0.000000000000000000e+00,0.000000000000000000e+00
8.574848756917381465e-01,0.000000000000000000e+00,0.000000000000000000e+00
8.587938726307340342e-01,0.000000000000000000e+00,0.000000000000000000e+00
8.601028695697297000e-01,0.000000000000000000e+00,0.000000000000000000e+00
8.614118665087254767e-01,0.000000000000000000e+00,0.000000000000000000e+00
8.627208634477212534e-01,0.000000000000000000e+00,0.000000000000000000e+00
8.640298603867169192e-01,0.000000000000000000e+00,0.000000000000000000e+00
8.653388573257126959e-01,0.000000000000000000e+00,0.000000000000000000e+00
8.666478542647084726e-01,0.000000000000000000e+00,0.000000000000000000e+00
8.679568512037041383e-01,0.000000000000000000e+00,0.000000000000000000e+00
8.692658481427000261e-01,0.000000000000000000e+00,0.000000000000000000e+00
8.705748450816956918e-01,0.000000000000000000e+00,0.000000000000000000e+00
8.718838420206914686e-01,0.000000000000000000e+00,0.000000000000000000e+00
8.731928389596872453e-01,0.000000000000000000e+00,0.000000000000000000e+00
8.745018358986829110e-01,0.000000000000000000e+00,0.000000000000000000e+00
8.758108328376786877e-01,0.000000000000000000e+00,0.000000000000000000e+00
8.771198297766744645e-01,0.000000000000000000e+00,0.000000000000000000e+00
8.784288267156701302e-01,0.000000000000000000e+00,0.000000000000000000e+00
8.797378236546660180e-01,0.000000000000000000e+00,0.000000000000000000e+00
8.810468205936616837e-01,0.000000000000000000e+00,0.000000000000000000e+00
8.823558175326574604e-01,0.000000000000000000e+00,0.000000000000000000e+00
8.836648144716532371e-01,0.000000000000000000e+00,0.000000000000000000e+00
8.849738114106489029e-01,0.000000000000000000e+00,0.000000000000000000e+00
8.862828083496446796e-01,0.000000000000000000e+00,0.000000000000000000e+00
8.875918052886404563e-01,0.000000000000000000e+00,0.000000000000000000e+00
8.889008022276361221e-01,0.000000000000000000e+00,0.000000000000000000e+00
8.902097991666320098e-01,0.000000000000000000e+00,0.000000000000000000e+00
8.915187961056276755e-01,0.000000000000000000e+00,0.000000000000000000e+00
8.928277930446234523e-01,0.000000000000000000e+00,0.000000000000000000e+00
8.941367899836192290e-01,0.000000000000000000e+00,0.000000000000000000e+00
8.954457869226148947e-01,0.000000000000000000e+00,0.000000000000000000e+00
8.967547838616106715e-01,0.000000000000000000e+00,0.000000000000000000e+00
8.980637808006064482e-01,0.000000000000000000e+00,0.000000000000000000e+00
8.993727777396021139e-01,0.000000000000000000e+00,0.000000000000000000e+00
9.006817746785980017e-01,0.000000000000000000e+00,0.000000000000000000e+00
9.019907716175936674e-01,0.000000000000000000e+00,0.000000000000000000e+00
9.032997685565894441e-01,0.000000000000000000e+00,0.000000000000000000e+00
9.046087654955852209e-01,0.000000000000000000e+00,0.000000000000000000e+00
9.059177624345808866e-01,0.000000000000000000e+00,0.000000000000000000e+00
9.072267593735766633e-01,0.000000000000000000e+00,0.000000000000000000e+00
9.085357563125724401e-01,0.000000000000000000e+00,0.000000000000000000e+00
9.098447532515681058e-01,0.000000000000000000e+00,0.000000000000000000e+00
9.111537501905639935e-01,0.000000000000000000e+00,0.000000000000000000e+00
9.124627471295596592e-01,0.000000000000000000e+00,0.000000000000000000e+00
9.137717440685554360e-01,0.000000000000000000e+00,0.000000000000000000e+00
9.150807410075512127e-01,0.000000000000000000e+00,0.000000000000000000e+00
9.163897379465468784e-01,0.000000000000000000e+00,0.000000000000000000e+00
9.176987348855426552e-01,0.000000000000000000e+00,0.000000000000000000e+00
9.190077318245384319e-01,0.000000000000000000e+00,0.000000000000000000e+00
9.203167287635340976e-01,0.000000000000000000e+00,0.000000000000000000e+00
9.216257257025299854e-01,0.000000000000000000e+00,0.000000000000000000e+00
9.229347226415256511e-01,0.000000000000000000e+00,0.000000000000000000e+00
9.242437195805214278e-01,0.000000000000000000e+00,0.000000000000000000e+00
9.255527165195172046e-01,0.000000000000000000e+00,0.000000000000000000e+00
9.268617134585128703e-01,0.000000000000000000e+00,0.000000000000000000e+00
9.281707103975086470e-01,0.000000000000000000e+00,0.000000000000000000e+00
9.294797073365044238e-01,0.000000000000000000e+00,0.000000000000000000e+00
9.307887042755000895e-01,0.000000000000000000e+00,0.000000000000000000e+00
9.320977012144959772e-01,0.000000000000000000e+00,0.000000000000000000e+00
9.334066981534916430e-01,0.000000000000000000e+00,0.000000000000000000e+00
9.347156950924874197e-01,0.000000000000000000e+00,0.000000000000000000e+00
9.360246920314831964e-01,0.000000000000000000e+00,0.000000000000000000e+00
9.373336889704788621e-01,0.000000000000000000e+00,0.000000000000000000e+00
9.386426859094746389e-01,0.000000000000000000e+00,0.000000000000000000e+00
9.399516828484704156e-01,0.000000000000000000e+00,0.000000000000000000e+00
9.412606797874660813e-01,0.000000000000000000e+00,0.000000000000000000e+00
9.425696767264619691e-01,0.000000000000000000e+00,0.000000000000000000e+00
9.438786736654576348e-01,0.000000000000000000e+00,0.000000000000000000e+00
9.451876706044534115e-01,0.000000000000000000e+00,0.000000000000000000e+00
9.464966675434491883e-01,0.000000000000000000e+00,-5.861114491093055712e-06
9.478056644824448540e-01,0.000000000000000000e+00,-9.119138856553132833e-06
9.491146614214406307e-01,0.000000000000000000e+00,-9.950257757837532857e-06
9.504236583604364075e-01,0.000000000000000000e+00,-9.711186759159273763e-06
9.517326552994320732e-01,0.000000000000000000e+00,-9.455698710775228832e-06
9.530416522384279610e-01,0.000000000000000000e+00,-9.275966229474463809e-06
9.543506491774236267e-01,0.000000000000000000e+00,-9.182843744667823493e-06
9.556596461164194034e-01,0.000000000000000000e+00,-9.178968862016967378e-06
9.569686430554151801e-01,0.000000000000000000e+00,-9.239460326868065287e-06
9.582776399944108459e-01,0.000000000000000000e+00,-9.325236501267486489e-06
9.595866369334066226e-01,0.000000000000000000e+00,-9.401772142439424051e-06
9.608956338724022883e-01,0.000000000000000000e+00,-9.462863993559000875e-06
9.622046308113980650e-01,0.000000000000000000e+00,-9.531033330414939719e-06
9.635136277503938418e-01,0.000000000000000000e+00,-9.606706573336842858e-06
9.648226246893896185e-01,0.000000000000000000e+00,-9.667806094140751760e-06
9.661316216283852842e-01,0.000000000000000000e+00,-9.717738679484999587e-06
9.674406185673810610e-01,0.000000000000000000e+00,-9.781760230420655233e-06
9.687496155063768377e-01,0.000000000000000000e+00,-9.859422985120103178e-06
9.700586124453726145e-01,0.000000000000000000e+00,-9.928336786688141125e-06
9.713676093843682802e-01,0.000000000000000000e+00,-9.988275968153548234e-06
9.726766063233640569e-01,0.000000000000000000e+00,-1.005866042495806578e-05
9.739856032623598336e-01,0.000000000000000000e+00,-1.013828920023995828e-05
9.752946002013556104e-01,0.000000000000000000e+00,-1.020793507877648665e-05
9.766035971403512761e-01,0.000000000000000000e+00,-1.026834365762396839e-05
9.779125940793470528e-01,0.000000000000000000e+00,-1.033755115750767395e-05
9.792215910183428296e-01,0.000000000000000000e+00,-1.041486859960916167e-05
9.805305879573386063e-01,0.000000000000000000e+00,-1.048362468669683523e-05
9.818395848963342720e-01,0.000000000000000000e+00,-1.054735884313540151e-05
9.831485818353300488e-01,0.000000000000000000e+00,-1.062440150334520439e-05
9.844575787743258255e-01,0.000000000000000000e+00,-1.070998498983732894e-05
9.857665757133216022e-01,0.000000000000000000e+00,-1.078179723844330251e-05
9.870755726523172680e-01,0.000000000000000000e+00,-1.084243321165800911e-05
9.883845695913130447e-01,0.000000000000000000e+00,-1.091592731859714061e-05
9.896935665303088214e-01,0.000000000000000000e+00,-1.100154554414811692e-05
9.910025634693045982e-01,0.000000000000000000e+00,-1.107736004744841463e-05
9.923115604083002639e-01,0.000000000000000000e+00,-1.114431411870786537e-05
9.936205573472960406e-01,0.000000000000000000e+00,-1.122273744676161034e-05
9.949295542862918174e-01,0.000000000000000000e+00,-1.131023727196645012e-05
9.962385512252875941e-01,0.000000000000000000e+00,-1.138527864841254456e-05
9.975475481642832598e-01,0.000000000000000000e+00,-1.145131152249789785e-05
9.988565451032790365e-01,0.000000000000000000e+00,-1.153206756823732526e-05
1.000165542042274813e+00,0.000000000000000000e+00,-1.162459874125276738e-05
1.001474538981270701e+00,0.000000000000000000e+00,-1.170412734585735137e-05
1.002783535920266367e+00,0.000000000000000000e+00,-1.177218792595968733e-05
1.004092532859262032e+00,0.000000000000000000e+00,-1.185337939758890347e-05
1.005401529798257698e+00,0.000000000000000000e+00,-1.194657399296306100e-05
1.006710526737253586e+00,0.000000000000000000e+00,-1.202827024796015998e-05
1.008019523676249252e+00,0.000000000000000000e+00,-1.210009115668042590e-05
1.009328520615245139e+00,0.000000000000000000e+00,-1.218507742686836259e-05
1.010637517554240805e+00,0.000000000000000000e+00,-1.228103861287965781e-05
1.011946514493236471e+00,0.000000000000000000e+00,-1.236437291961267615e-05
1.013255511432232137e+00,0.000000000000000000e+00,-1.243757151350721735e-05
1.014564508371228024e+00,0.000000000000000000e+00,-1.252504955581712487e-05
1.015873505310223912e+00,0.000000000000000000e+00,-1.262434597650019530e-05
1.017182502249219578e+00,0.000000000000000000e+00,-1.271042360807828064e-05
1.018491499188215244e+00,0.000000000000000000e+00,-1.278559497913667187e-05
1.019800496127210909e+00,0.000000000000000000e+00,-1.287551743636705659e-05
1.021109493066206797e+00,0.000000000000000000e+00,-1.297801411780097336e-05
1.022418490005202685e+00,0.000000000000000000e+00,-1.306721187599446665e-05
1.023727486944198350e+00,0.000000000000000000e+00,-1.314501783784838285e-05
1.025036483883194016e+00,0.000000000000000000e+00,-1.323735211124221767e-05
1.026345480822189682e+00,0.000000000000000000e+00,-1.334227212503036331e-05
1.027654477761185570e+00,0.000000000000000000e+00,-1.343386515177680263e-05
1.028963474700181235e+00,0.000000000000000000e+00,-1.351438979099728321e-05
1.030272471639177123e+00,0.000000000000000000e+00,-1.361016869226572279e-05
1.031581468578172789e+00,0.000000000000000000e+00,-1.371878503740597832e-05
1.032890465517168455e+00,0.000000000000000000e+00,-1.381332826104475497e-05
1.034199462456164120e+00,0.000000000000000000e+00,-1.389593106629338770e-05
1.035508459395160008e+00,0.000000000000000000e+00,-1.399392830525592046e-05
1.036817456334155896e+00,0.000000000000000000e+00,-1.410548972886893626e-05
1.038126453273151562e+00,0.000000000000000000e+00,-1.420359411956340079e-05
1.039435450212147227e+00,0.000000000000000000e+00,-1.428996678333460668e-05
1.040744447151142893e+00,0.000000000000000000e+00,-1.439130101239805004e-05
1.042053444090138781e+00,0.000000000000000000e+00,-1.450555137733067212e-05
1.043362441029134668e+00,0.000000000000000000e+00,-1.460583852756769385e-05
1.044671437968130334e+00,0.000000000000000000e+00,-1.469480051635718709e-05
1.045980434907126000e+00,0.000000000000000000e+00,-1.480011205548525943e-05
1.047289431846121666e+00,0.000000000000000000e+00,-1.491890746564694670e-05
1.048598428785117553e+00,0.000000000000000000e+00,-1.502241506733115184e-05
1.049907425724113219e+00,0.000000000000000000e+00,-1.511330017804624060e-05
1.051216422663109107e+00,0.000000000000000000e+00,-1.522190348547669547e-05
1.052525419602104773e+00,0.000000000000000000e+00,-1.534708389581973531e-05
1.053834416541100438e+00,0.000000000000000000e+00,-1.545999208035775396e-05
1.055143413480096104e+00,0.000000000000000000e+00,-1.555986282381072172e-05
1.056452410419091992e+00,-6.121171201634023618e-06,-1.566855178526671555e-05
1.057761407358087880e+00,-4.610448947700573896e-06,-1.577805999311565621e-05
1.059070404297083545e+00,-3.345070469312760864e-06,-1.585737811783671791e-05
1.060379401236079211e+00,-2.311533345400462736e-06,-1.590049195794585035e-05
1.061688398175074877e+00,-1.543243011242756424e-06,-1.592935833980013705e-05
1.062997395114070764e+00,-1.125814743485609171e-06,-1.595429813643078898e-05
1.064306392053066652e+00,-7.709418285151148353e-07,-1.597001727692004547e-05
1.065615388992062318e+00,-5.459465624579884491e-07,-1.597820079567158214e-05
1.066924385931057984e+00,-2.855342205176913950e-07,-1.598473173716752349e-05
1.068233382870053649e+00,-2.713170439150314195e-07,-1.599042075670076279e-05
1.069542379809049537e+00,-1.673890818176815287e-07,-1.599349985802189789e-05
1.070851376748045203e+00,-1.724548920334356694e-09,-1.599487596523618826e-05
1.072160373687041091e+00,7.688223099822089068e-08,-1.599542503134820937e-05
1.073469370626036756e+00,9.218852237147245887e-08,-1.599448179305518192e-05
1.074778367565032422e+00,5.290564311644097018e-08,-1.599251755177166778e-05
1.076087364504028088e+00,1.317187995897306507e-07,-1.599162527009256873e-05
1.077396361443023975e+00,9.753999016814951517e-08,-1.599195426554844701e-05
1.078705358382019863e+00,-4.594343547270618444e-08,-1.599182677536337138e-05
1.080014355321015529e+00,5.953625853427624293e-08,-1.599123475475028311e-05
1.081323352260011195e+00,4.891552693453427025e-08,-1.599138901012264746e-05
1.082632349199006860e+00,1.362168461915835849e-07,-1.599176042875460890e-05
1.083941346138002748e+00,5.760484375616492514e-08,-1.599104643695836714e-05
1.085250343076998636e+00,-3.136575937867647212e-08,-1.599013750817890323e-05
1.086559340015994302e+00,-3.154958244655503563e-08,-1.599125414596114236e-05
1.087868336954989967e+00,-6.028088833653910683e-09,-1.599415966356543262e-05
1.089177333893985633e+00,-1.173432019052622621e-07,-1.599659565368338754e-05
1.090486330832981521e+00,-1.377090104170974882e-07,-1.599806996602226583e-05
1.091795327771977187e+00,-5.838689964843268854e-08,-1.600013743459360871e-05
1.093104324710973074e+00,3.032125514557115764e-08,-1.600326832759679796e-05
1.094413321649968740e+00,-1.929013115631317277e-07,-1.600608743095033315e-05
1.095722318588964406e+00,-1.893373203498693869e-07,-1.600846780289155724e-05
1.097031315527960071e+00,-2.337418336384455841e-07,-1.601235409459667025e-05
1.098340312466955959e+00,-1.167806660262726837e-07,-1.601813570395460573e-05
1.099649309405951847e+00,-2.544709415130963492e-07,-1.602354467396260862e-05
1.100958306344947513e+00,-2.770206674052033691e-07,-1.602733887036411620e-05
1.102267303283943178e+00,-1.931819680889290680e-07,-1.603128261619402029e-05
1.103576300222938844e+00,-1.389656077155354552e-07,-1.603690822250813941e-05
1.104885297161934732e+00,-2.993920926452897646e-07,-1.604283462704192420e-05
1.106194294100930620e+00,-3.449949336487012630e-07,-1.604795574243478296e-05
1.107503291039926285e+00,-3.535290389877765449e-07,-1.605366665466401166e-05
1.108812287978921951e+00,-1.323384798135318619e-07,-1.606061856654350528e-05
1.110121284917917617e+00,-3.045580630051114568e-07,-1.606692551799071556e-05
1.111430281856913505e+00,-3.583199591344898849e-07,-1.607148448254380746e-05
1.112739278795909170e+00,-1.929079868345784377e-07,-1.607614335667750805e-05
1.114048275734905058e+00,-1.759082298852243653e-07,-1.608239123078447630e-05
1.115357272673900724e+00,-3.293828683553767789e-07,-1.608879944579866272e-05
1.116666269612896389e+00,-3.973534841855697053e-07,-1.609426364436450374e-05
1.117975266551892055e+00,-3.032442156547521250e-07,-1.610012730395016245e-05
1.119284263490887943e+00,-1.337063595258092263e-07,-1.610698874296434546e-05
1.120593260429883831e+00,-3.523067062805029792e-07,-1.611302927093105630e-05
1.121902257368879496e+00,-2.378178177581125041e-07,-1.611728972104875535e-05
1.123211254307875162e+00,-2.716652842266187307e-07,-1.612183712304537941e-05
1.124520251246870828e+00,-1.363091310102593212e-07,-1.612822589365514592e-05
1.125829248185866716e+00,-4.101540099776812554e-07,-1.613474125015945670e-05
1.127138245124862603e+00,-2.929652011124384003e-07,-1.613988926051079797e-05
1.128447242063858269e+00,-2.141356422319384833e-07,-1.614491319684718817e-05
1.129756239002853935e+00,-1.772624152879265225e-07,-1.615073622768248285e-05
1.131065235941849600e+00,-2.551169339115588741e-07,-1.615584884048781866e-05
1.132374232880845488e+00,-2.316028778620582429e-07,-1.615941762581063479e-05
1.133683229819841154e+00,-1.959845968568796337e-07,-1.616358395940820092e-05
1.134992226758837042e+00,-1.926322281964321093e-07,-1.616979440335897245e-05
1.136301223697832707e+00,-3.825254130812583142e-07,-1.617608132160885948e-05
1.137610220636828373e+00,-2.279803328758545078e-07,-1.618070430098317303e-05
1.138919217575824039e+00,-1.662067710545001020e-07,-1.618471337251625730e-05
1.140228214514819927e+00,-7.213554521767751027e-08,-1.618914841679253147e-05
1.141537211453815814e+00,-2.226451424752751151e-07,-1.619294233574930519e-05
1.142846208392811480e+00,-1.888874989613986699e-07,-1.619573246189331961e-05
1.144155205331807146e+00,-2.106127236223276356e-07,-1.619963487708986349e-05
1.145464202270802812e+00,-1.872820728499036136e-07,-1.620557583781323530e-05
1.146773199209798699e+00,-2.950202984547400931e-07,-1.621148703009889225e-05
1.148082196148794587e+00,-2.717604421637043188e-07,-1.621597674233976605e-05
1.149391193087790253e+00,-1.237543573590071944e-07,-1.621992553978157670e-05
1.150700190026785918e+00,-4.727903116230613989e-08,-1.622369905063258955e-05
1.152009186965781584e+00,-1.369853082910932329e-07,-1.622614252597132101e-05
1.153318183904777472e+00,-9.597536128336248140e-08,-1.622740125101218567e-05
1.154627180843773138e+00,-1.809930810087179154e-07,-1.623015902892099849e-05
1.155936177782769025e+00,-1.256489221834744541e-07,-1.623546030729561274e-05
1.157245174721764691e+00,-2.342523700710197332e-07,-1.624065419982001490e-05
1.158554171660760357e+00,-1.906224943865053589e-07,-1.624355368672059097e-05
1.159863168599756023e+00,-6.599611908353342216e-08,-1.624532627389485562e-05
1.161172165538751910e+00,2.926818157278354704e-08,-1.624772157171605613e-05
1.162481162477747798e+00,-4.618638430042842913e-08,-1.624989627624362498e-05
1.163790159416743464e+00,-1.096194468669375865e-07,-1.625119170113598077e-05
1.165099156355739130e+00,-1.085438578601882753e-07,-1.625299390706214098e-05
1.166408153294734795e+00,-3.445040151761613600e-08,-1.625560136163384239e-05
1.167717150233730683e+00,-6.322242389333876389e-08,-1.625759824988581848e-05
1.169026147172726571e+00,-8.513852808866850808e-08,-1.625901706349408560e-05
1.170335144111722236e+00,-5.357247882809001993e-08,-1.626076621888405960e-05
1.171644141050717902e+00,1.737198584497723353e-07,-1.626181552077943238e-05
1.172953137989713568e+00,1.279746481008814385e-08,-1.626108638960732655e-05
1.174262134928709456e+00,-6.453167471220933038e-08,-1.626023101156115480e-05
1.175571131867705121e+00,-4.417051697319651637e-08,-1.626171528407160949e-05
1.176880128806701009e+00,2.900336915079293476e-10,-1.626471220363134851e-05
1.178189125745696675e+00,-5.880836517063725566e-08,-1.626647856042828799e-05
1.179498122684692341e+00,-5.500678432190930778e-08,-1.626649179571615367e-05
1.180807119623688006e+00,1.096245178869303949e-07,-1.626625767651990184e-05
1.182116116562683894e+00,2.058297923906993177e-07,-1.626623770753510279e-05
1.183425113501679782e+00,2.843561321824727983e-08,-1.626526766793090495e-05
1.184734110440675448e+00,-1.737522425243609447e-08,-1.626356452935628916e-05
1.186043107379671113e+00,5.303598046846325076e-08,-1.626306114786701951e-05
1.187352104318666779e+00,1.601797887246236840e-07,-1.626394417596210840e-05
1.188661101257662667e+00,-4.157697596623988190e-08,-1.626435044638219196e-05
1.189970098196658554e+00,-3.837670724954334034e-08,-1.626385178114808649e-05
1.191279095135654220e+00,1.379495639247663163e-07,-1.626336445643972173e-05
1.192588092074649886e+00,2.481649939503616231e-07,-1.626254954999184488e-05
1.193897089013645552e+00,4.087912175432251161e-08,-1.626067316137791430e-05
1.195206085952641439e+00,-1.963251732017834428e-08,-1.625916920472425531e-05
1.196515082891637105e+00,7.283239494837445704e-08,-1.625952620479265143e-05
1.197824079830632993e+00,2.163426454579453484e-07,-1.625975785636557536e-05
1.199133076769628659e+00,7.061002983005382205e-08,-1.625741760442889206e-05
1.200442073708624324e+00,1.772326896909426353e-07,-1.625323167538106350e-05
1.201751070647619990e+00,2.006535084059235530e-07,-1.625018079819129380e-05
1.203060067586615878e+00,2.135897764037053559e-07,-1.624946994387144183e-05
1.204369064525611766e+00,1.911087561812241375e-08,-1.624914944935162975e-05
1.205678061464607431e+00,3.441106997265075407e-08,-1.624801886630777847e-05
1.206987058403603097e+00,1.315075559109313286e-07,-1.624639047498321887e-05
1.208296055342598763e+00,2.467379486212339934e-07,-1.624389223058020360e-05
1.209605052281594650e+00,1.505666076158374000e-07,-1.624011213188780722e-05
1.210914049220590538e+00,1.631412473515614359e-07,-1.623690929321297549e-05
1.212223046159586204e+00,2.184784278873308505e-07,-1.623590379554173957e-05
1.213532043098581870e+00,2.098258542575226482e-07,-1.623498438262094279e-05
1.214841040037577535e+00,4.042395570710843877e-08,-1.623217328879100751e-05
1.216150036976573423e+00,6.061757061581740658e-08,-1.622900523813586293e-05
1.217459033915569089e+00,1.164969716804797883e-07,-1.622751096151675565e-05
1.218768030854564977e+00,1.702085437055994577e-07,-1.622671432648103984e-05
1.220077027793560642e+00,1.608089655637245929e-07,-1.622472825488219250e-05
1.221386024732556308e+00,1.235188600429149020e-07,-1.622235204908062389e-05
1.222695021671551974e+00,1.566267485413747051e-07,-1.622128381315035561e-05
1.224004018610547861e+00,1.560398392181500116e-07,-1.622069979524687344e-05
1.225313015549543749e+00,1.260585504037070592e-09,-1.621890534994618882e-05
1.226622012488539415e+00,7.188925547386981751e-08,-1.621668022684652488e-05
1.227931009427535081e+00,1.246945076083250115e-07,-1.621521944089598932e-05
1.229240006366530746e+00,2.105107611218189068e-07,-1.621327663803295849e-05
1.230549003305526634e+00,1.099585270718239638e-07,-1.620979522756749169e-05
1.231858000244522522e+00,8.215835813952555855e-08,-1.620679207849085035e-05
1.233166997183518188e+00,7.762414777510919395e-08,-1.620671485574876058e-05
1.234475994122513853e+00,4.392494913174442572e-08,-1.620840084765040601e-05
1.235784991061509519e+00,-5.915347789809538570e-08,-1.620926221689023006e-05
1.237093988000505407e+00,-3.963199807222039794e-08,-1.620929736806386856e-05
1.238402984939501073e+00,2.206629730501508124e-09,-1.621007856028588989e-05
1.239711981878496960e+00,6.636216500800762308e-08,-1.621157330133904395e-05
1.241020978817492626e+00,-1.399521690585714406e-07,-1.621227198143893045e-05
1.242329975756488292e+00,-2.817385562434854274e-07,-1.621230055738609455e-05
1.243638972695483957e+00,-3.974486776515268049e-07,-1.621382022982953419e-05
1.244947969634479845e+00,-3.632609789881724449e-07,-1.621877631970136679e-05
1.246256966573475733e+00,-6.949489508318446029e-07,-1.622847107911329356e-05
1.247565963512471399e+00,-9.967645738795383181e-07,-1.624580180889512171e-05
1.248874960451467064e+00,-1.244720866284271255e-06,-1.629511726677912442e-05
1.250183957390462730e+00,-1.672895566816323676e-06,-1.640109895788277594e-05
1.251492954329458618e+00,-2.570284173740444711e-06,-1.653863441246350430e-05
1.252801951268454506e+00,-3.515881404386050901e-06,-1.665362026602446033e-05
1.254110948207450171e+00,-4.345337065871091031e-06,-1.659823491940992657e-05
1.255419945146445837e+00,-2.610661743746717223e-06,-1.521795671428904928e-05
