# Exudyn: solution of belt drive, slip and gap over belt length
# Exudyn output file
# Exudyn version=1.2.34.dev1
# endTime=2.45
# stepSize=5e-05
# nSegments=4
# nANCFnodes=240
# contactStiffnessPerArea=100000000.0
# frictionStiffnessPerArea=10000000.0
# contactStiffness=418879.02047863905
# frictionStiffness=52359.87755982989
# contactDamping=8.377580409572781
# frictionVelocityPenalty=10.658804477222144
# dryFriction=0.5
# 
1.085033070675534006e-03,8.199133185587959005e-07,-6.778586279870824072e-06
2.394030009671199721e-03,0.000000000000000000e+00,0.000000000000000000e+00
3.703026948666865437e-03,0.000000000000000000e+00,0.000000000000000000e+00
5.012023887662753197e-03,0.000000000000000000e+00,0.000000000000000000e+00
6.321020826658418912e-03,0.000000000000000000e+00,0.000000000000000000e+00
7.630017765654084627e-03,0.000000000000000000e+00,0.000000000000000000e+00
8.939014704649750342e-03,0.000000000000000000e+00,0.000000000000000000e+00
1.024801164364563810e-02,0.000000000000000000e+00,0.000000000000000000e+00
1.155700858264130382e-02,0.000000000000000000e+00,0.000000000000000000e+00
1.286600552163696953e-02,0.000000000000000000e+00,0.000000000000000000e+00
1.417500246063263525e-02,0.000000000000000000e+00,0.000000000000000000e+00
1.548399939962852301e-02,0.000000000000000000e+00,0.000000000000000000e+00
1.679299633862418872e-02,0.000000000000000000e+00,0.000000000000000000e+00
1.810199327761985444e-02,0.000000000000000000e+00,0.000000000000000000e+00
1.941099021661552015e-02,0.000000000000000000e+00,0.000000000000000000e+00
2.071998715561140791e-02,0.000000000000000000e+00,0.000000000000000000e+00
2.202898409460707363e-02,0.000000000000000000e+00,0.000000000000000000e+00
2.333798103360273934e-02,0.000000000000000000e+00,0.000000000000000000e+00
2.464697797260240186e-02,0.000000000000000000e+00,0.000000000000000000e+00
2.595597491159828962e-02,0.000000000000000000e+00,0.000000000000000000e+00
2.726497185059395534e-02,0.000000000000000000e+00,0.000000000000000000e+00
2.857396878958962105e-02,0.000000000000000000e+00,0.000000000000000000e+00
2.988296572858550881e-02,0.000000000000000000e+00,0.000000000000000000e+00
3.119196266758117453e-02,0.000000000000000000e+00,0.000000000000000000e+00
3.250095960657684024e-02,0.000000000000000000e+00,0.000000000000000000e+00
3.380995654557272800e-02,0.000000000000000000e+00,0.000000000000000000e+00
3.511895348456839372e-02,0.000000000000000000e+00,0.000000000000000000e+00
3.642795042356405943e-02,0.000000000000000000e+00,0.000000000000000000e+00
3.773694736255994719e-02,0.000000000000000000e+00,0.000000000000000000e+00
3.904594430155561291e-02,0.000000000000000000e+00,0.000000000000000000e+00
4.035494124055150067e-02,0.000000000000000000e+00,0.000000000000000000e+00
4.166393817954716638e-02,0.000000000000000000e+00,0.000000000000000000e+00
4.297293511854283210e-02,0.000000000000000000e+00,0.000000000000000000e+00
4.428193205753871986e-02,0.000000000000000000e+00,0.000000000000000000e+00
4.559092899653438558e-02,0.000000000000000000e+00,0.000000000000000000e+00
4.689992593553005129e-02,0.000000000000000000e+00,0.000000000000000000e+00
4.820892287452593905e-02,0.000000000000000000e+00,0.000000000000000000e+00
4.951791981352160477e-02,0.000000000000000000e+00,0.000000000000000000e+00
5.082691675251749253e-02,0.000000000000000000e+00,0.000000000000000000e+00
5.213591369151315824e-02,0.000000000000000000e+00,0.000000000000000000e+00
5.344491063050882396e-02,0.000000000000000000e+00,0.000000000000000000e+00
5.475390756950471172e-02,0.000000000000000000e+00,0.000000000000000000e+00
5.606290450850037743e-02,0.000000000000000000e+00,0.000000000000000000e+00
5.737190144749604315e-02,0.000000000000000000e+00,0.000000000000000000e+00
5.868089838649193091e-02,0.000000000000000000e+00,0.000000000000000000e+00
5.998989532548759662e-02,0.000000000000000000e+00,0.000000000000000000e+00
6.129889226448326234e-02,0.000000000000000000e+00,0.000000000000000000e+00
6.260788920347915010e-02,0.000000000000000000e+00,0.000000000000000000e+00
6.391688614247481581e-02,0.000000000000000000e+00,0.000000000000000000e+00
6.522588308147070357e-02,0.000000000000000000e+00,0.000000000000000000e+00
6.653488002046636929e-02,0.000000000000000000e+00,0.000000000000000000e+00
6.784387695946203500e-02,0.000000000000000000e+00,0.000000000000000000e+00
6.915287389845792276e-02,0.000000000000000000e+00,0.000000000000000000e+00
7.046187083745358848e-02,0.000000000000000000e+00,0.000000000000000000e+00
7.177086777644925419e-02,0.000000000000000000e+00,0.000000000000000000e+00
7.307986471544514195e-02,0.000000000000000000e+00,0.000000000000000000e+00
7.438886165444080767e-02,0.000000000000000000e+00,0.000000000000000000e+00
7.569785859343647338e-02,0.000000000000000000e+00,0.000000000000000000e+00
7.700685553243236114e-02,0.000000000000000000e+00,0.000000000000000000e+00
7.831585247142802686e-02,0.000000000000000000e+00,0.000000000000000000e+00
7.962484941042391462e-02,0.000000000000000000e+00,0.000000000000000000e+00
8.093384634941958033e-02,0.000000000000000000e+00,0.000000000000000000e+00
8.224284328841524605e-02,0.000000000000000000e+00,0.000000000000000000e+00
8.355184022741113381e-02,0.000000000000000000e+00,0.000000000000000000e+00
8.486083716640679953e-02,0.000000000000000000e+00,0.000000000000000000e+00
8.616983410540246524e-02,0.000000000000000000e+00,0.000000000000000000e+00
8.747883104439835300e-02,0.000000000000000000e+00,0.000000000000000000e+00
8.878782798339401872e-02,0.000000000000000000e+00,0.000000000000000000e+00
9.009682492238990648e-02,0.000000000000000000e+00,0.000000000000000000e+00
9.140582186138557219e-02,0.000000000000000000e+00,0.000000000000000000e+00
9.271481880038123791e-02,0.000000000000000000e+00,0.000000000000000000e+00
9.402381573937712567e-02,0.000000000000000000e+00,0.000000000000000000e+00
9.533281267837279138e-02,0.000000000000000000e+00,0.000000000000000000e+00
9.664180961736845710e-02,0.000000000000000000e+00,0.000000000000000000e+00
9.795080655636434486e-02,0.000000000000000000e+00,0.000000000000000000e+00
9.925980349536001057e-02,0.000000000000000000e+00,0.000000000000000000e+00
1.005688004343556763e-01,0.000000000000000000e+00,0.000000000000000000e+00
1.018777973733515640e-01,0.000000000000000000e+00,0.000000000000000000e+00
1.031867943123472298e-01,0.000000000000000000e+00,0.000000000000000000e+00
1.044957912513428955e-01,0.000000000000000000e+00,0.000000000000000000e+00
1.058047881903387832e-01,0.000000000000000000e+00,0.000000000000000000e+00
1.071137851293344490e-01,0.000000000000000000e+00,0.000000000000000000e+00
1.084227820683301147e-01,0.000000000000000000e+00,0.000000000000000000e+00
1.097317790073260024e-01,0.000000000000000000e+00,0.000000000000000000e+00
1.110407759463216681e-01,0.000000000000000000e+00,0.000000000000000000e+00
1.123497728853175559e-01,0.000000000000000000e+00,0.000000000000000000e+00
1.136587698243132216e-01,0.000000000000000000e+00,0.000000000000000000e+00
1.149677667633088873e-01,0.000000000000000000e+00,0.000000000000000000e+00
1.162767637023047751e-01,0.000000000000000000e+00,0.000000000000000000e+00
1.175857606413004408e-01,0.000000000000000000e+00,0.000000000000000000e+00
1.188947575802961065e-01,0.000000000000000000e+00,0.000000000000000000e+00
1.202037545192919943e-01,0.000000000000000000e+00,0.000000000000000000e+00
1.215127514582876600e-01,0.000000000000000000e+00,0.000000000000000000e+00
1.228217483972833257e-01,0.000000000000000000e+00,0.000000000000000000e+00
1.241307453362792135e-01,0.000000000000000000e+00,0.000000000000000000e+00
1.254397422752748792e-01,0.000000000000000000e+00,0.000000000000000000e+00
1.267487392142707670e-01,0.000000000000000000e+00,0.000000000000000000e+00
1.280577361532664327e-01,0.000000000000000000e+00,0.000000000000000000e+00
1.293667330922620984e-01,0.000000000000000000e+00,0.000000000000000000e+00
1.306757300312579861e-01,0.000000000000000000e+00,0.000000000000000000e+00
1.319847269702536519e-01,0.000000000000000000e+00,0.000000000000000000e+00
1.332937239092493176e-01,0.000000000000000000e+00,0.000000000000000000e+00
1.346027208482452053e-01,0.000000000000000000e+00,0.000000000000000000e+00
1.359117177872408710e-01,0.000000000000000000e+00,0.000000000000000000e+00
1.372207147262365368e-01,0.000000000000000000e+00,0.000000000000000000e+00
1.385297116652324245e-01,0.000000000000000000e+00,0.000000000000000000e+00
1.398387086042280902e-01,0.000000000000000000e+00,0.000000000000000000e+00
1.411477055432239780e-01,0.000000000000000000e+00,0.000000000000000000e+00
1.424567024822196437e-01,0.000000000000000000e+00,0.000000000000000000e+00
1.437656994212153094e-01,0.000000000000000000e+00,0.000000000000000000e+00
1.450746963602111972e-01,0.000000000000000000e+00,0.000000000000000000e+00
1.463836932992068629e-01,0.000000000000000000e+00,0.000000000000000000e+00
1.476926902382025286e-01,0.000000000000000000e+00,0.000000000000000000e+00
1.490016871771984164e-01,0.000000000000000000e+00,0.000000000000000000e+00
1.503106841161940821e-01,0.000000000000000000e+00,0.000000000000000000e+00
1.516196810551897478e-01,0.000000000000000000e+00,0.000000000000000000e+00
1.529286779941856356e-01,0.000000000000000000e+00,0.000000000000000000e+00
1.542376749331813013e-01,0.000000000000000000e+00,0.000000000000000000e+00
1.555466718721771890e-01,0.000000000000000000e+00,0.000000000000000000e+00
1.568556688111728548e-01,0.000000000000000000e+00,0.000000000000000000e+00
1.581646657501685205e-01,0.000000000000000000e+00,0.000000000000000000e+00
1.594736626891644082e-01,0.000000000000000000e+00,0.000000000000000000e+00
1.607826596281600740e-01,0.000000000000000000e+00,0.000000000000000000e+00
1.620916565671557397e-01,0.000000000000000000e+00,0.000000000000000000e+00
1.634006535061516274e-01,0.000000000000000000e+00,0.000000000000000000e+00
1.647096504451472931e-01,0.000000000000000000e+00,0.000000000000000000e+00
1.660186473841429589e-01,0.000000000000000000e+00,0.000000000000000000e+00
1.673276443231388466e-01,0.000000000000000000e+00,0.000000000000000000e+00
1.686366412621345123e-01,0.000000000000000000e+00,0.000000000000000000e+00
1.699456382011304001e-01,0.000000000000000000e+00,0.000000000000000000e+00
1.712546351401260658e-01,0.000000000000000000e+00,0.000000000000000000e+00
1.725636320791217315e-01,0.000000000000000000e+00,0.000000000000000000e+00
1.738726290181176193e-01,0.000000000000000000e+00,0.000000000000000000e+00
1.751816259571132850e-01,0.000000000000000000e+00,0.000000000000000000e+00
1.764906228961091728e-01,0.000000000000000000e+00,0.000000000000000000e+00
1.777996198351048385e-01,0.000000000000000000e+00,0.000000000000000000e+00
1.791086167741005042e-01,0.000000000000000000e+00,0.000000000000000000e+00
1.804176137130963919e-01,0.000000000000000000e+00,0.000000000000000000e+00
1.817266106520920577e-01,0.000000000000000000e+00,0.000000000000000000e+00
1.830356075910877234e-01,0.000000000000000000e+00,0.000000000000000000e+00
1.843446045300836111e-01,0.000000000000000000e+00,0.000000000000000000e+00
1.856536014690792769e-01,0.000000000000000000e+00,0.000000000000000000e+00
1.869625984080749426e-01,0.000000000000000000e+00,0.000000000000000000e+00
1.882715953470708303e-01,0.000000000000000000e+00,0.000000000000000000e+00
1.895805922860664960e-01,0.000000000000000000e+00,0.000000000000000000e+00
1.908895892250623838e-01,0.000000000000000000e+00,0.000000000000000000e+00
1.921985861640580495e-01,0.000000000000000000e+00,0.000000000000000000e+00
1.935075831030537152e-01,0.000000000000000000e+00,0.000000000000000000e+00
1.948165800420496030e-01,0.000000000000000000e+00,0.000000000000000000e+00
1.961255769810452687e-01,0.000000000000000000e+00,0.000000000000000000e+00
1.974345739200411565e-01,0.000000000000000000e+00,0.000000000000000000e+00
1.987435708590368222e-01,0.000000000000000000e+00,0.000000000000000000e+00
2.000525677980324879e-01,0.000000000000000000e+00,0.000000000000000000e+00
2.013615647370283757e-01,0.000000000000000000e+00,0.000000000000000000e+00
2.026705616760240414e-01,0.000000000000000000e+00,0.000000000000000000e+00
2.039795586150197071e-01,0.000000000000000000e+00,0.000000000000000000e+00
2.052885555540155949e-01,0.000000000000000000e+00,0.000000000000000000e+00
2.065975524930112606e-01,0.000000000000000000e+00,0.000000000000000000e+00
2.079065494320069263e-01,0.000000000000000000e+00,0.000000000000000000e+00
2.092155463710028140e-01,0.000000000000000000e+00,0.000000000000000000e+00
2.105245433099984798e-01,0.000000000000000000e+00,0.000000000000000000e+00
2.118335402489943675e-01,0.000000000000000000e+00,0.000000000000000000e+00
2.131425371879900332e-01,0.000000000000000000e+00,0.000000000000000000e+00
2.144515341269856989e-01,0.000000000000000000e+00,0.000000000000000000e+00
2.157605310659815867e-01,0.000000000000000000e+00,0.000000000000000000e+00
2.170695280049772524e-01,0.000000000000000000e+00,0.000000000000000000e+00
2.183785249439731402e-01,0.000000000000000000e+00,0.000000000000000000e+00
2.196875218829688059e-01,0.000000000000000000e+00,0.000000000000000000e+00
2.209965188219644716e-01,0.000000000000000000e+00,0.000000000000000000e+00
2.223055157609603594e-01,0.000000000000000000e+00,0.000000000000000000e+00
2.236145126999560251e-01,0.000000000000000000e+00,0.000000000000000000e+00
2.249235096389516908e-01,0.000000000000000000e+00,0.000000000000000000e+00
2.262325065779475786e-01,0.000000000000000000e+00,0.000000000000000000e+00
2.275415035169432443e-01,0.000000000000000000e+00,0.000000000000000000e+00
2.288505004559389100e-01,0.000000000000000000e+00,0.000000000000000000e+00
2.301594973949347978e-01,0.000000000000000000e+00,0.000000000000000000e+00
2.314684943339304635e-01,0.000000000000000000e+00,0.000000000000000000e+00
2.327774912729263512e-01,0.000000000000000000e+00,0.000000000000000000e+00
2.340864882119220169e-01,0.000000000000000000e+00,0.000000000000000000e+00
2.353954851509176827e-01,0.000000000000000000e+00,0.000000000000000000e+00
2.367044820899135704e-01,0.000000000000000000e+00,0.000000000000000000e+00
2.380134790289092361e-01,0.000000000000000000e+00,0.000000000000000000e+00
2.393224759679051239e-01,0.000000000000000000e+00,0.000000000000000000e+00
2.406314729069007896e-01,0.000000000000000000e+00,0.000000000000000000e+00
2.419404698458964553e-01,0.000000000000000000e+00,0.000000000000000000e+00
2.432494667848923431e-01,0.000000000000000000e+00,0.000000000000000000e+00
2.445584637238880088e-01,0.000000000000000000e+00,0.000000000000000000e+00
2.458674606628836745e-01,0.000000000000000000e+00,0.000000000000000000e+00
2.471764576018795623e-01,0.000000000000000000e+00,0.000000000000000000e+00
2.484854545408752280e-01,0.000000000000000000e+00,0.000000000000000000e+00
2.497944514798708937e-01,0.000000000000000000e+00,0.000000000000000000e+00
2.511034484188667815e-01,0.000000000000000000e+00,0.000000000000000000e+00
2.524124453578624472e-01,0.000000000000000000e+00,0.000000000000000000e+00
2.537214422968583349e-01,0.000000000000000000e+00,0.000000000000000000e+00
2.550304392358540007e-01,0.000000000000000000e+00,0.000000000000000000e+00
2.563394361748496664e-01,0.000000000000000000e+00,0.000000000000000000e+00
2.576484331138455541e-01,0.000000000000000000e+00,0.000000000000000000e+00
2.589574300528412198e-01,0.000000000000000000e+00,0.000000000000000000e+00
2.602664269918369966e-01,0.000000000000000000e+00,0.000000000000000000e+00
2.615754239308327733e-01,0.000000000000000000e+00,0.000000000000000000e+00
2.628844208698284390e-01,0.000000000000000000e+00,0.000000000000000000e+00
2.641934178088242158e-01,0.000000000000000000e+00,0.000000000000000000e+00
2.655024147478199925e-01,0.000000000000000000e+00,0.000000000000000000e+00
2.668114116868157693e-01,0.000000000000000000e+00,0.000000000000000000e+00
2.681204086258115460e-01,0.000000000000000000e+00,0.000000000000000000e+00
2.694294055648072117e-01,0.000000000000000000e+00,0.000000000000000000e+00
2.707384025038029884e-01,0.000000000000000000e+00,0.000000000000000000e+00
2.720473994427987652e-01,0.000000000000000000e+00,0.000000000000000000e+00
2.733563963817944309e-01,0.000000000000000000e+00,0.000000000000000000e+00
2.746653933207903187e-01,0.000000000000000000e+00,0.000000000000000000e+00
2.759743902597859844e-01,0.000000000000000000e+00,0.000000000000000000e+00
2.772833871987816501e-01,0.000000000000000000e+00,0.000000000000000000e+00
2.785923841377775378e-01,0.000000000000000000e+00,0.000000000000000000e+00
2.799013810767732036e-01,0.000000000000000000e+00,0.000000000000000000e+00
2.812103780157689803e-01,0.000000000000000000e+00,0.000000000000000000e+00
2.825193749547647570e-01,0.000000000000000000e+00,0.000000000000000000e+00
2.838283718937604228e-01,0.000000000000000000e+00,0.000000000000000000e+00
2.851373688327561995e-01,0.000000000000000000e+00,0.000000000000000000e+00
2.864463657717519762e-01,0.000000000000000000e+00,0.000000000000000000e+00
2.877553627107476419e-01,0.000000000000000000e+00,0.000000000000000000e+00
2.890643596497435297e-01,0.000000000000000000e+00,0.000000000000000000e+00
2.903733565887391954e-01,0.000000000000000000e+00,0.000000000000000000e+00
2.916823535277349722e-01,0.000000000000000000e+00,0.000000000000000000e+00
2.929913504667307489e-01,0.000000000000000000e+00,0.000000000000000000e+00
2.943003474057264146e-01,0.000000000000000000e+00,0.000000000000000000e+00
2.956093443447221913e-01,0.000000000000000000e+00,0.000000000000000000e+00
2.969183412837179681e-01,0.000000000000000000e+00,0.000000000000000000e+00
2.982273382227136338e-01,0.000000000000000000e+00,0.000000000000000000e+00
2.995363351617095216e-01,0.000000000000000000e+00,0.000000000000000000e+00
3.008453321007051873e-01,0.000000000000000000e+00,0.000000000000000000e+00
3.021543290397009640e-01,0.000000000000000000e+00,0.000000000000000000e+00
3.034633259786967407e-01,0.000000000000000000e+00,-1.017565056114777544e-05
3.047723229176924065e-01,0.000000000000000000e+00,-1.678067311651487703e-05
3.060813198566881832e-01,0.000000000000000000e+00,-1.971361731545329121e-05
3.073903167956839599e-01,0.000000000000000000e+00,-2.057666187171847128e-05
3.086993137346796257e-01,0.000000000000000000e+00,-2.072779965285598269e-05
3.100083106736755134e-01,0.000000000000000000e+00,-2.068217192692511919e-05
3.113173076126711791e-01,0.000000000000000000e+00,-2.056208979910045809e-05
3.126263045516669559e-01,0.000000000000000000e+00,-2.043809077839631172e-05
3.139353014906627326e-01,0.000000000000000000e+00,-2.029561527251699804e-05
3.152442984296583983e-01,0.000000000000000000e+00,-2.013125877033117295e-05
3.165532953686541751e-01,0.000000000000000000e+00,-1.998534786884498260e-05
3.178622923076499518e-01,0.000000000000000000e+00,-1.986115218735595711e-05
3.191712892466456175e-01,0.000000000000000000e+00,-1.971967502735483269e-05
3.204802861856415053e-01,0.000000000000000000e+00,-1.955818455520730303e-05
3.217892831246371710e-01,0.000000000000000000e+00,-1.941521529243150912e-05
3.230982800636329477e-01,0.000000000000000000e+00,-1.929430872954496223e-05
3.244072770026287245e-01,0.000000000000000000e+00,-1.915841607681711967e-05
3.257162739416243902e-01,0.000000000000000000e+00,-1.900397008861021142e-05
3.270252708806201669e-01,0.000000000000000000e+00,-1.886625648246653686e-05
3.283342678196159437e-01,0.000000000000000000e+00,-1.874782585654932721e-05
3.296432647586116094e-01,0.000000000000000000e+00,-1.861410653906936385e-05
3.309522616976074971e-01,0.000000000000000000e+00,-1.846337890161475759e-05
3.322612586366031628e-01,0.000000000000000000e+00,-1.833099770952306695e-05
3.335702555755989396e-01,0.000000000000000000e+00,-1.821876958289780912e-05
3.348792525145947163e-01,0.000000000000000000e+00,-1.809056493795591081e-05
3.361882494535903820e-01,0.000000000000000000e+00,-1.794388385888134874e-05
3.374972463925861588e-01,0.000000000000000000e+00,-1.781406784027994572e-05
3.388062433315819355e-01,0.000000000000000000e+00,-1.770420383875870307e-05
3.401152402705776012e-01,0.000000000000000000e+00,-1.758009208843724913e-05
3.414242372095734890e-01,0.000000000000000000e+00,-1.743884421930019801e-05
3.427332341485691547e-01,0.000000000000000000e+00,-1.731372222564531160e-05
3.440422310875649314e-01,0.000000000000000000e+00,-1.720730475222864708e-05
3.453512280265607082e-01,0.000000000000000000e+00,-1.708685416279553948e-05
3.466602249655563739e-01,0.000000000000000000e+00,-1.694983791709903098e-05
3.479692219045521506e-01,0.000000000000000000e+00,-1.682839059539975590e-05
3.492782188435479274e-01,0.000000000000000000e+00,-1.672508031629049707e-05
3.505872157825435931e-01,0.000000000000000000e+00,-1.660834083752615875e-05
3.518962127215394808e-01,0.000000000000000000e+00,-1.647570508142570667e-05
3.532052096605351466e-01,0.000000000000000000e+00,-1.635820802010912178e-05
3.545142065995309233e-01,0.000000000000000000e+00,-1.625814384152712844e-05
3.558232035385267000e-01,0.000000000000000000e+00,-1.614475544867155499e-05
3.571322004775223657e-01,0.000000000000000000e+00,-1.601586668725785145e-05
3.584411974165181425e-01,0.000000000000000000e+00,-1.590203942819501393e-05
3.597501943555139192e-01,0.000000000000000000e+00,-1.580544713149223401e-05
3.610591912945095849e-01,0.000000000000000000e+00,-1.569562490780218589e-05
3.623681882335054727e-01,0.000000000000000000e+00,-1.557037610575018327e-05
3.636771851725011384e-01,0.000000000000000000e+00,-1.545987046967789436e-05
3.649861821114969151e-01,0.000000000000000000e+00,-1.536635117943552231e-05
3.662951790504926919e-01,0.000000000000000000e+00,-1.525987134687323277e-05
3.676041759894883576e-01,0.000000000000000000e+00,-1.513822174076251414e-05
3.689131729284841343e-01,0.000000000000000000e+00,-1.503104315134229374e-05
3.702221698674799111e-01,0.000000000000000000e+00,-1.494060508581973590e-05
3.715311668064755768e-01,0.000000000000000000e+00,-1.483750572027486836e-05
3.728401637454714646e-01,0.000000000000000000e+00,-1.471941700706413947e-05
3.741491606844671303e-01,0.000000000000000000e+00,-1.461523397158770443e-05
3.754581576234629070e-01,0.000000000000000000e+00,-1.452738494150951354e-05
3.767671545624586837e-01,0.000000000000000000e+00,-1.442746928893845482e-05
3.780761515014543495e-01,0.000000000000000000e+00,-1.431310060491519653e-05
3.793851484404501262e-01,0.000000000000000000e+00,-1.421212003561989068e-05
3.806941453794459029e-01,0.000000000000000000e+00,-1.412682134972753634e-05
3.820031423184415686e-01,0.000000000000000000e+00,-1.402974856599958908e-05
3.833121392574374564e-01,0.000000000000000000e+00,-1.391871272822531314e-05
3.846211361964331221e-01,0.000000000000000000e+00,-1.382085435194801981e-05
3.859301331354288989e-01,0.000000000000000000e+00,-1.373828945837318738e-05
3.872391300744246756e-01,0.000000000000000000e+00,-1.364404228014481912e-05
3.885481270134203413e-01,0.000000000000000000e+00,-1.353603332943098536e-05
3.898571239524161181e-01,0.000000000000000000e+00,-1.344101221988081019e-05
3.911661208914118948e-01,0.000000000000000000e+00,-1.336114783914710280e-05
3.924751178304075605e-01,0.000000000000000000e+00,-1.326989041623705123e-05
3.937841147694034483e-01,0.000000000000000000e+00,-1.316499557232897466e-05
3.950931117083991140e-01,0.000000000000000000e+00,-1.307252675866732439e-05
3.964021086473948907e-01,0.000000000000000000e+00,-1.299485299657843207e-05
3.977111055863906675e-01,0.000000000000000000e+00,-1.290641574834550109e-05
3.990201025253863332e-01,0.000000000000000000e+00,-1.280488050728334493e-05
4.003290994643821099e-01,0.000000000000000000e+00,-1.271523572039801042e-05
4.016380964033778866e-01,0.000000000000000000e+00,-1.263968922046720955e-05
4.029470933423735524e-01,0.000000000000000000e+00,-1.255362776317325846e-05
4.042560902813694401e-01,0.000000000000000000e+00,-1.245497764523761930e-05
4.055650872203651058e-01,0.000000000000000000e+00,-1.236812085199379130e-05
4.068740841593608826e-01,0.000000000000000000e+00,-1.229505999016111684e-05
4.081830810983566593e-01,0.000000000000000000e+00,-1.221150873621790200e-05
4.094920780373523250e-01,0.000000000000000000e+00,-1.211547529654521949e-05
4.108010749763481018e-01,0.000000000000000000e+00,-1.203105198464837766e-05
4.121100719153438785e-01,0.000000000000000000e+00,-1.196030127914582408e-05
4.134190688543395442e-01,0.000000000000000000e+00,-1.187930210957977017e-05
4.147280657933354320e-01,0.000000000000000000e+00,-1.178598112082374083e-05
4.160370627323310977e-01,0.000000000000000000e+00,-1.170394596952673005e-05
4.173460596713268744e-01,0.000000000000000000e+00,-1.163530805568802062e-05
4.186550566103226512e-01,0.000000000000000000e+00,-1.155671373265221291e-05
4.199640535493183169e-01,0.000000000000000000e+00,-1.146606387457393961e-05
4.212730504883140936e-01,0.000000000000000000e+00,-1.138636404766912857e-05
4.225820474273098704e-01,0.000000000000000000e+00,-1.131974196602603122e-05
4.238910443663055361e-01,0.000000000000000000e+00,-1.124348175667033711e-05
4.252000413053014238e-01,0.000000000000000000e+00,-1.115546882195228573e-05
4.265090382442970895e-01,0.000000000000000000e+00,-1.107803967656528776e-05
4.278180351832928663e-01,0.000000000000000000e+00,-1.101331435279795379e-05
4.291270321222886430e-01,0.000000000000000000e+00,-1.093926499035058342e-05
4.304360290612843087e-01,0.000000000000000000e+00,-1.085381531482076944e-05
4.317450260002800855e-01,0.000000000000000000e+00,-1.077865996661209191e-05
4.330540229392758622e-01,0.000000000000000000e+00,-1.071583225706329578e-05
4.343630198782715279e-01,0.000000000000000000e+00,-1.064386213192602959e-05
4.356720168172674157e-01,0.000000000000000000e+00,-1.056077357515505799e-05
4.369810137562630814e-01,0.000000000000000000e+00,-1.048781907682372339e-05
4.382900106952588581e-01,0.000000000000000000e+00,-1.042695977382379624e-05
4.395990076342546349e-01,0.000000000000000000e+00,-1.035707340100999740e-05
4.409080045732503006e-01,0.000000000000000000e+00,-1.027620749126378907e-05
4.422170015122460773e-01,0.000000000000000000e+00,-1.020526622255713001e-05
4.435259984512418541e-01,0.000000000000000000e+00,-1.014626572895527268e-05
4.448349953902375198e-01,0.000000000000000000e+00,-1.007849691664342018e-05
4.461439923292334075e-01,0.000000000000000000e+00,-9.999922456996324094e-06
4.474529892682290733e-01,0.000000000000000000e+00,-9.930909136063315046e-06
4.487619862072248500e-01,0.000000000000000000e+00,-9.873543251867622494e-06
4.500709831462206267e-01,0.000000000000000000e+00,-9.807766658889716105e-06
4.513799800852162925e-01,0.000000000000000000e+00,-9.731513179872530728e-06
4.526889770242120692e-01,0.000000000000000000e+00,-9.664469988138191248e-06
4.539979739632078459e-01,0.000000000000000000e+00,-9.608681774381233609e-06
4.553069709022035116e-01,0.000000000000000000e+00,-9.544746079545585182e-06
4.566159678411993994e-01,0.000000000000000000e+00,-9.470669350891691707e-06
4.579249647801950651e-01,0.000000000000000000e+00,-9.405573443782566656e-06
4.592339617191908419e-01,0.000000000000000000e+00,-9.351415973454790809e-06
4.605429586581866186e-01,0.000000000000000000e+00,-9.289263941253400603e-06
4.618519555971822843e-01,0.000000000000000000e+00,-9.217203625497272235e-06
4.631609525361780610e-01,0.000000000000000000e+00,-9.153972487130346281e-06
4.644699494751738378e-01,0.000000000000000000e+00,-9.101466772368227431e-06
4.657789464141695035e-01,0.000000000000000000e+00,-9.041067626475163266e-06
4.670879433531653913e-01,0.000000000000000000e+00,-8.970908275438005397e-06
4.683969402921610570e-01,0.000000000000000000e+00,-8.909455633795970719e-06
4.697059372311568337e-01,0.000000000000000000e+00,-8.858585729368262385e-06
4.710149341701526104e-01,0.000000000000000000e+00,-8.799923872801485025e-06
4.723239311091482762e-01,0.000000000000000000e+00,-8.731598641786852966e-06
4.736329280481440529e-01,0.000000000000000000e+00,-8.671810437108073977e-06
4.749419249871398296e-01,0.000000000000000000e+00,-8.622488890441815101e-06
4.762509219261354954e-01,0.000000000000000000e+00,-8.565585356903882008e-06
4.775599188651313831e-01,0.000000000000000000e+00,-8.499142942930415501e-06
4.788689158041270488e-01,0.000000000000000000e+00,-8.440912931714783518e-06
4.801779127431228256e-01,0.000000000000000000e+00,-8.392920711891571628e-06
4.814869096821186023e-01,0.000000000000000000e+00,-8.337706414854317849e-06
4.827959066211142680e-01,0.000000000000000000e+00,-8.273254688218045771e-06
4.841049035601100448e-01,0.000000000000000000e+00,-8.216664546270568970e-06
4.854139004991058215e-01,0.000000000000000000e+00,-8.169907650679153477e-06
4.867228974381014872e-01,0.000000000000000000e+00,-8.116150729917115392e-06
4.880318943770973750e-01,0.000000000000000000e+00,-8.053501581561928191e-06
4.893408913160930407e-01,0.000000000000000000e+00,-7.998601829595219925e-06
4.906498882550888174e-01,0.000000000000000000e+00,-7.953288730877527968e-06
4.919588851940845942e-01,0.000000000000000000e+00,-7.901007665941928160e-06
4.932678821330802599e-01,0.000000000000000000e+00,-7.839936228409838392e-06
4.945768790720760366e-01,0.000000000000000000e+00,-7.786489878536251297e-06
4.958858760110718134e-01,0.000000000000000000e+00,-7.742555972189979485e-06
4.971948729500674791e-01,0.000000000000000000e+00,-7.691857399710899656e-06
4.985038698890633668e-01,0.000000000000000000e+00,-7.632483645395038430e-06
4.998128668280590325e-01,0.000000000000000000e+00,-7.580445257879264709e-06
5.011218637670548093e-01,0.000000000000000000e+00,-7.537687070707788095e-06
5.024308607060505860e-01,0.000000000000000000e+00,-7.488431549754204219e-06
5.037398576450462517e-01,0.000000000000000000e+00,-7.430754630083358236e-06
5.050488545840420285e-01,0.000000000000000000e+00,-7.380162404105328200e-06
5.063578515230378052e-01,0.000000000000000000e+00,-7.338574071702463897e-06
5.076668484620334709e-01,0.000000000000000000e+00,-7.290696938999641219e-06
5.089758454010293587e-01,0.000000000000000000e+00,-7.234639029435330215e-06
5.102848423400250244e-01,0.000000000000000000e+00,-7.185457033681563743e-06
5.115938392790208011e-01,0.000000000000000000e+00,-7.145030707117472346e-06
5.129028362180165779e-01,0.000000000000000000e+00,-7.098477035408223834e-06
5.142118331570122436e-01,0.000000000000000000e+00,-7.043943362636251315e-06
5.155208300960080203e-01,0.000000000000000000e+00,-6.996118777607973627e-06
5.168298270350037971e-01,0.000000000000000000e+00,-6.956859116794000819e-06
5.181388239739994628e-01,0.000000000000000000e+00,-6.911624029881657805e-06
5.194478209129953505e-01,0.000000000000000000e+00,-6.858577484322725404e-06
5.207568178519910163e-01,0.000000000000000000e+00,-6.812078114440400789e-06
5.220658147909867930e-01,0.000000000000000000e+00,-6.773954202371479383e-06
5.233748117299825697e-01,0.000000000000000000e+00,-6.729968320767776291e-06
5.246838086689782354e-01,0.000000000000000000e+00,-6.678310484370397759e-06
5.259928056079740122e-01,0.000000000000000000e+00,-6.633062714200832488e-06
5.273018025469696779e-01,0.000000000000000000e+00,-6.596136319703127526e-06
5.286107994859654546e-01,0.000000000000000000e+00,-6.553574619233559773e-06
5.299197964249612314e-01,0.000000000000000000e+00,-6.503239311006492329e-06
5.312287933639570081e-01,0.000000000000000000e+00,-6.458445070092744267e-06
5.325377903029526738e-01,0.000000000000000000e+00,-6.421123233402159514e-06
5.338467872419484506e-01,0.000000000000000000e+00,-6.378526678396667648e-06
5.351557841809442273e-01,2.426521940194353855e-05,-6.329472297561533622e-06
5.364647811199400040e-01,2.219563314512403018e-05,-6.287485003864112798e-06
5.377737780589356698e-01,2.022217309535952190e-05,-6.256305858168276224e-06
5.390827749979314465e-01,1.840083624053082817e-05,-6.225210554808291441e-06
5.403917719369272232e-01,1.672862105396317328e-05,-6.191146679657144603e-06
5.417007688759230000e-01,1.525942946532235153e-05,-6.163277350063056659e-06
5.430097658149186657e-01,1.391516346664774771e-05,-6.143600870353593812e-06
5.443187627539144424e-01,1.270939528720874383e-05,-6.123213564884766313e-06
5.456277596929102192e-01,1.160332355053120615e-05,-6.099388196165178577e-06
5.469367566319059959e-01,1.063254817682641670e-05,-6.079313046150613964e-06
5.482457535709016616e-01,9.679993431129744336e-06,-6.065426412224517172e-06
5.495547505098974383e-01,8.840184115513176344e-06,-6.051499492981671224e-06
5.508637474488932151e-01,8.043318040525451740e-06,-6.034930119733217246e-06
5.521727443878889918e-01,7.428900967597698579e-06,-6.020646479656943661e-06
5.534817413268846575e-01,6.802805133026418316e-06,-6.010854192786685424e-06
5.547907382658804343e-01,6.207518268035519537e-06,-6.001299599558973519e-06
5.560997352048762110e-01,5.546739889171134474e-06,-5.989633753575307473e-06
5.574087321438719878e-01,5.184682496066697621e-06,-5.979137456701977271e-06
5.587177290828676535e-01,4.685258491099117406e-06,-5.972003130835790152e-06
5.600267260218634302e-01,4.371713934112758659e-06,-5.965653926201519575e-06
5.613357229608592069e-01,3.909994729493077026e-06,-5.957885103102800173e-06
5.626447198998549837e-01,3.660784397167826665e-06,-5.950547364672043038e-06
5.639537168388506494e-01,3.455993380474531307e-06,-5.945320373859641627e-06
5.652627137778464261e-01,3.206886134369396624e-06,-5.940410756480329901e-06
5.665717107168422029e-01,3.034326568659984069e-06,-5.934091229356508457e-06
5.678807076558379796e-01,2.871877256390570343e-06,-5.928010092554059085e-06
5.691897045948336453e-01,2.686845329329112797e-06,-5.923959282644331026e-06
5.704987015338294221e-01,2.440780597117581108e-06,-5.920478632931436280e-06
5.718076984728251988e-01,2.290784766382364390e-06,-5.915767794059667573e-06
5.731166954118209755e-01,2.309175678207042726e-06,-5.911076524756087025e-06
5.744256923508166413e-01,2.106288427960317788e-06,-5.907995503734442266e-06
5.757346892898124180e-01,2.032325553902314397e-06,-5.905187283508639418e-06
5.770436862288081947e-01,1.970541531851055517e-06,-5.900969152733415157e-06
5.783526831678039715e-01,2.057297414523318047e-06,-5.896584135897664503e-06
5.796616801067996372e-01,2.047779081276734914e-06,-5.893835712242334601e-06
5.809706770457954139e-01,2.150126889796655227e-06,-5.891549637607185197e-06
5.822796739847911907e-01,2.153478163680055957e-06,-5.887600476747745226e-06
5.835886709237869674e-01,2.192442114613835091e-06,-5.882450314437237537e-06
5.848976678627826331e-01,2.206995127963795600e-06,-5.878156440597415155e-06
5.862066648017784098e-01,2.267023944367563271e-06,-5.875009491021487840e-06
5.875156617407741866e-01,2.399526874176383107e-06,-5.871594149553516218e-06
5.888246586797699633e-01,2.516093880362835211e-06,-5.868158385463617677e-06
5.901336556187656290e-01,2.610414648100689572e-06,-5.865213529798740666e-06
5.914426525577614058e-01,2.809141298930339925e-06,-5.860889453132567262e-06
5.927516494967571825e-01,2.967934347529455064e-06,-5.854046413691915696e-06
5.940606464357529592e-01,3.273655914876050232e-06,-5.846922024432821274e-06
5.953696433747486250e-01,3.520757726367673701e-06,-5.841748201798613316e-06
5.966786403137444017e-01,3.815624127233296914e-06,-5.837159578456208031e-06
5.979876372527401784e-01,4.153568545807451162e-06,-5.831397714484154449e-06
5.992966341917359552e-01,4.472260204502198633e-06,-5.825903652736941218e-06
6.006056311307316209e-01,4.956204478649695044e-06,-5.821183930845852394e-06
6.019146280697273976e-01,5.379277574150964636e-06,-5.813893487166543750e-06
6.032236250087231744e-01,5.839774851447432358e-06,-5.802261904414018900e-06
6.045326219477189511e-01,6.310054723533686794e-06,-5.789008511072890606e-06
6.058416188867146168e-01,6.814347863794145699e-06,-5.772897715833336107e-06
6.071506158257103936e-01,7.518640544441901330e-06,-5.748634417129805385e-06
6.084596127647061703e-01,8.157767205127508525e-06,-5.719804314893717212e-06
6.097686097037019470e-01,8.971337134677792591e-06,-5.699000722989011614e-06
6.110776066426976127e-01,9.960418142482274639e-06,-5.730354021765693417e-06
6.123866035816933895e-01,1.128547266250612413e-05,-5.880741376459996950e-06
6.136956005206891662e-01,1.264234124520591251e-05,-6.175798727137138400e-06
6.150045974596849430e-01,1.414882741006262545e-05,-6.610545998153583014e-06
6.163135943986806087e-01,1.539464034538973181e-05,-7.088144114680838825e-06
6.176225913376763854e-01,1.189353511581170419e-05,-6.546613374042165034e-06
6.189315882766721622e-01,1.965179721660770262e-06,-3.627025077349022020e-06
6.202405852156679389e-01,0.000000000000000000e+00,0.000000000000000000e+00
6.215495821546636046e-01,0.000000000000000000e+00,0.000000000000000000e+00
6.228585790936593813e-01,0.000000000000000000e+00,0.000000000000000000e+00
6.241675760326551581e-01,0.000000000000000000e+00,0.000000000000000000e+00
6.254765729716509348e-01,0.000000000000000000e+00,0.000000000000000000e+00
6.267855699106466005e-01,0.000000000000000000e+00,0.000000000000000000e+00
6.280945668496423773e-01,0.000000000000000000e+00,0.000000000000000000e+00
6.294035637886381540e-01,0.000000000000000000e+00,0.000000000000000000e+00
6.307125607276339307e-01,0.000000000000000000e+00,0.000000000000000000e+00
6.320215576666295965e-01,0.000000000000000000e+00,0.000000000000000000e+00
6.333305546056253732e-01,0.000000000000000000e+00,0.000000000000000000e+00
6.346395515446211499e-01,0.000000000000000000e+00,0.000000000000000000e+00
6.359485484836169267e-01,0.000000000000000000e+00,0.000000000000000000e+00
6.372575454226125924e-01,0.000000000000000000e+00,0.000000000000000000e+00
6.385665423616083691e-01,0.000000000000000000e+00,0.000000000000000000e+00
6.398755393006041459e-01,0.000000000000000000e+00,0.000000000000000000e+00
6.411845362395999226e-01,0.000000000000000000e+00,0.000000000000000000e+00
6.424935331785955883e-01,0.000000000000000000e+00,0.000000000000000000e+00
6.438025301175913651e-01,0.000000000000000000e+00,0.000000000000000000e+00
6.451115270565871418e-01,0.000000000000000000e+00,0.000000000000000000e+00
6.464205239955829185e-01,0.000000000000000000e+00,0.000000000000000000e+00
6.477295209345785842e-01,0.000000000000000000e+00,0.000000000000000000e+00
6.490385178735743610e-01,0.000000000000000000e+00,0.000000000000000000e+00
6.503475148125701377e-01,0.000000000000000000e+00,0.000000000000000000e+00
6.516565117515659145e-01,0.000000000000000000e+00,0.000000000000000000e+00
6.529655086905615802e-01,0.000000000000000000e+00,0.000000000000000000e+00
6.542745056295573569e-01,0.000000000000000000e+00,0.000000000000000000e+00
6.555835025685531336e-01,0.000000000000000000e+00,0.000000000000000000e+00
6.568924995075489104e-01,0.000000000000000000e+00,0.000000000000000000e+00
6.582014964465445761e-01,0.000000000000000000e+00,0.000000000000000000e+00
6.595104933855403528e-01,0.000000000000000000e+00,0.000000000000000000e+00
6.608194903245361296e-01,0.000000000000000000e+00,0.000000000000000000e+00
6.621284872635319063e-01,0.000000000000000000e+00,0.000000000000000000e+00
6.634374842025275720e-01,0.000000000000000000e+00,0.000000000000000000e+00
6.647464811415233488e-01,0.000000000000000000e+00,0.000000000000000000e+00
6.660554780805191255e-01,0.000000000000000000e+00,0.000000000000000000e+00
6.673644750195149022e-01,0.000000000000000000e+00,0.000000000000000000e+00
6.686734719585105680e-01,0.000000000000000000e+00,0.000000000000000000e+00
6.699824688975063447e-01,0.000000000000000000e+00,0.000000000000000000e+00
6.712914658365021214e-01,0.000000000000000000e+00,0.000000000000000000e+00
6.726004627754978982e-01,0.000000000000000000e+00,0.000000000000000000e+00
6.739094597144935639e-01,0.000000000000000000e+00,0.000000000000000000e+00
6.752184566534893406e-01,0.000000000000000000e+00,0.000000000000000000e+00
6.765274535924851174e-01,0.000000000000000000e+00,0.000000000000000000e+00
6.778364505314808941e-01,0.000000000000000000e+00,0.000000000000000000e+00
6.791454474704765598e-01,0.000000000000000000e+00,0.000000000000000000e+00
6.804544444094723366e-01,0.000000000000000000e+00,0.000000000000000000e+00
6.817634413484681133e-01,0.000000000000000000e+00,0.000000000000000000e+00
6.830724382874638900e-01,0.000000000000000000e+00,0.000000000000000000e+00
6.843814352264595557e-01,0.000000000000000000e+00,0.000000000000000000e+00
6.856904321654553325e-01,0.000000000000000000e+00,0.000000000000000000e+00
6.869994291044511092e-01,0.000000000000000000e+00,0.000000000000000000e+00
6.883084260434468860e-01,0.000000000000000000e+00,0.000000000000000000e+00
6.896174229824425517e-01,0.000000000000000000e+00,0.000000000000000000e+00
6.909264199214383284e-01,0.000000000000000000e+00,0.000000000000000000e+00
6.922354168604341051e-01,0.000000000000000000e+00,0.000000000000000000e+00
6.935444137994298819e-01,0.000000000000000000e+00,0.000000000000000000e+00
6.948534107384255476e-01,0.000000000000000000e+00,0.000000000000000000e+00
6.961624076774213243e-01,0.000000000000000000e+00,0.000000000000000000e+00
6.974714046164171011e-01,0.000000000000000000e+00,0.000000000000000000e+00
6.987804015554128778e-01,0.000000000000000000e+00,0.000000000000000000e+00
7.000893984944085435e-01,0.000000000000000000e+00,0.000000000000000000e+00
7.013983954334043203e-01,0.000000000000000000e+00,0.000000000000000000e+00
7.027073923724000970e-01,0.000000000000000000e+00,0.000000000000000000e+00
7.040163893113958737e-01,0.000000000000000000e+00,0.000000000000000000e+00
7.053253862503915395e-01,0.000000000000000000e+00,0.000000000000000000e+00
7.066343831893873162e-01,0.000000000000000000e+00,0.000000000000000000e+00
7.079433801283830929e-01,0.000000000000000000e+00,0.000000000000000000e+00
7.092523770673788697e-01,0.000000000000000000e+00,0.000000000000000000e+00
7.105613740063745354e-01,0.000000000000000000e+00,0.000000000000000000e+00
7.118703709453703121e-01,0.000000000000000000e+00,0.000000000000000000e+00
7.131793678843660889e-01,0.000000000000000000e+00,0.000000000000000000e+00
7.144883648233618656e-01,0.000000000000000000e+00,0.000000000000000000e+00
7.157973617623575313e-01,0.000000000000000000e+00,0.000000000000000000e+00
7.171063587013533080e-01,0.000000000000000000e+00,0.000000000000000000e+00
7.184153556403490848e-01,0.000000000000000000e+00,0.000000000000000000e+00
7.197243525793448615e-01,0.000000000000000000e+00,0.000000000000000000e+00
7.210333495183405272e-01,0.000000000000000000e+00,0.000000000000000000e+00
7.223423464573363040e-01,0.000000000000000000e+00,0.000000000000000000e+00
7.236513433963320807e-01,0.000000000000000000e+00,0.000000000000000000e+00
7.249603403353278575e-01,0.000000000000000000e+00,0.000000000000000000e+00
7.262693372743235232e-01,0.000000000000000000e+00,0.000000000000000000e+00
7.275783342133192999e-01,0.000000000000000000e+00,0.000000000000000000e+00
7.288873311523150766e-01,0.000000000000000000e+00,0.000000000000000000e+00
7.301963280913108534e-01,0.000000000000000000e+00,0.000000000000000000e+00
7.315053250303065191e-01,0.000000000000000000e+00,0.000000000000000000e+00
7.328143219693022958e-01,0.000000000000000000e+00,0.000000000000000000e+00
7.341233189082980726e-01,0.000000000000000000e+00,0.000000000000000000e+00
7.354323158472938493e-01,0.000000000000000000e+00,0.000000000000000000e+00
7.367413127862895150e-01,0.000000000000000000e+00,0.000000000000000000e+00
7.380503097252852918e-01,0.000000000000000000e+00,0.000000000000000000e+00
7.393593066642810685e-01,0.000000000000000000e+00,0.000000000000000000e+00
7.406683036032768452e-01,0.000000000000000000e+00,0.000000000000000000e+00
7.419773005422725110e-01,0.000000000000000000e+00,0.000000000000000000e+00
7.432862974812682877e-01,0.000000000000000000e+00,0.000000000000000000e+00
7.445952944202640644e-01,0.000000000000000000e+00,0.000000000000000000e+00
7.459042913592598412e-01,0.000000000000000000e+00,0.000000000000000000e+00
7.472132882982555069e-01,0.000000000000000000e+00,0.000000000000000000e+00
7.485222852372512836e-01,0.000000000000000000e+00,0.000000000000000000e+00
7.498312821762470604e-01,0.000000000000000000e+00,0.000000000000000000e+00
7.511402791152428371e-01,0.000000000000000000e+00,0.000000000000000000e+00
7.524492760542385028e-01,0.000000000000000000e+00,0.000000000000000000e+00
7.537582729932342795e-01,0.000000000000000000e+00,0.000000000000000000e+00
7.550672699322300563e-01,0.000000000000000000e+00,0.000000000000000000e+00
7.563762668712258330e-01,0.000000000000000000e+00,0.000000000000000000e+00
7.576852638102214987e-01,0.000000000000000000e+00,0.000000000000000000e+00
7.589942607492172755e-01,0.000000000000000000e+00,0.000000000000000000e+00
7.603032576882130522e-01,0.000000000000000000e+00,0.000000000000000000e+00
7.616122546272088289e-01,0.000000000000000000e+00,0.000000000000000000e+00
7.629212515662044947e-01,0.000000000000000000e+00,0.000000000000000000e+00
7.642302485052002714e-01,0.000000000000000000e+00,0.000000000000000000e+00
7.655392454441960481e-01,0.000000000000000000e+00,0.000000000000000000e+00
7.668482423831918249e-01,0.000000000000000000e+00,0.000000000000000000e+00
7.681572393221874906e-01,0.000000000000000000e+00,0.000000000000000000e+00
7.694662362611832673e-01,0.000000000000000000e+00,0.000000000000000000e+00
7.707752332001790441e-01,0.000000000000000000e+00,0.000000000000000000e+00
7.720842301391748208e-01,0.000000000000000000e+00,0.000000000000000000e+00
7.733932270781704865e-01,0.000000000000000000e+00,0.000000000000000000e+00
7.747022240171662633e-01,0.000000000000000000e+00,0.000000000000000000e+00
7.760112209561620400e-01,0.000000000000000000e+00,0.000000000000000000e+00
7.773202178951578167e-01,0.000000000000000000e+00,0.000000000000000000e+00
7.786292148341534824e-01,0.000000000000000000e+00,0.000000000000000000e+00
7.799382117731492592e-01,0.000000000000000000e+00,0.000000000000000000e+00
7.812472087121450359e-01,0.000000000000000000e+00,0.000000000000000000e+00
7.825562056511408127e-01,0.000000000000000000e+00,0.000000000000000000e+00
7.838652025901364784e-01,0.000000000000000000e+00,0.000000000000000000e+00
7.851741995291322551e-01,0.000000000000000000e+00,0.000000000000000000e+00
7.864831964681280319e-01,0.000000000000000000e+00,0.000000000000000000e+00
7.877921934071238086e-01,0.000000000000000000e+00,0.000000000000000000e+00
7.891011903461194743e-01,0.000000000000000000e+00,0.000000000000000000e+00
7.904101872851152510e-01,0.000000000000000000e+00,0.000000000000000000e+00
7.917191842241110278e-01,0.000000000000000000e+00,0.000000000000000000e+00
7.930281811631068045e-01,0.000000000000000000e+00,0.000000000000000000e+00
7.943371781021024702e-01,0.000000000000000000e+00,0.000000000000000000e+00
7.956461750410982470e-01,0.000000000000000000e+00,0.000000000000000000e+00
7.969551719800940237e-01,0.000000000000000000e+00,0.000000000000000000e+00
7.982641689190898004e-01,0.000000000000000000e+00,0.000000000000000000e+00
7.995731658580854662e-01,0.000000000000000000e+00,0.000000000000000000e+00
8.008821627970812429e-01,0.000000000000000000e+00,0.000000000000000000e+00
8.021911597360770196e-01,0.000000000000000000e+00,0.000000000000000000e+00
8.035001566750727964e-01,0.000000000000000000e+00,0.000000000000000000e+00
8.048091536140684621e-01,0.000000000000000000e+00,0.000000000000000000e+00
8.061181505530642388e-01,0.000000000000000000e+00,0.000000000000000000e+00
8.074271474920600156e-01,0.000000000000000000e+00,0.000000000000000000e+00
8.087361444310557923e-01,0.000000000000000000e+00,0.000000000000000000e+00
8.100451413700514580e-01,0.000000000000000000e+00,0.000000000000000000e+00
8.113541383090472348e-01,0.000000000000000000e+00,0.000000000000000000e+00
8.126631352480430115e-01,0.000000000000000000e+00,0.000000000000000000e+00
8.139721321870387882e-01,0.000000000000000000e+00,0.000000000000000000e+00
8.152811291260344539e-01,0.000000000000000000e+00,0.000000000000000000e+00
8.165901260650302307e-01,0.000000000000000000e+00,0.000000000000000000e+00
8.178991230040260074e-01,0.000000000000000000e+00,0.000000000000000000e+00
8.192081199430217842e-01,0.000000000000000000e+00,0.000000000000000000e+00
8.205171168820174499e-01,0.000000000000000000e+00,0.000000000000000000e+00
8.218261138210132266e-01,0.000000000000000000e+00,0.000000000000000000e+00
8.231351107600090034e-01,0.000000000000000000e+00,0.000000000000000000e+00
8.244441076990047801e-01,0.000000000000000000e+00,0.000000000000000000e+00
8.257531046380004458e-01,0.000000000000000000e+00,0.000000000000000000e+00
8.270621015769962225e-01,0.000000000000000000e+00,0.000000000000000000e+00
8.283710985159919993e-01,0.000000000000000000e+00,0.000000000000000000e+00
8.296800954549877760e-01,0.000000000000000000e+00,0.000000000000000000e+00
8.309890923939834417e-01,0.000000000000000000e+00,0.000000000000000000e+00
8.322980893329792185e-01,0.000000000000000000e+00,0.000000000000000000e+00
8.336070862719749952e-01,0.000000000000000000e+00,0.000000000000000000e+00
8.349160832109707719e-01,0.000000000000000000e+00,0.000000000000000000e+00
8.362250801499664377e-01,0.000000000000000000e+00,0.000000000000000000e+00
8.375340770889622144e-01,0.000000000000000000e+00,0.000000000000000000e+00
8.388430740279579911e-01,0.000000000000000000e+00,0.000000000000000000e+00
8.401520709669537679e-01,0.000000000000000000e+00,0.000000000000000000e+00
8.414610679059494336e-01,0.000000000000000000e+00,0.000000000000000000e+00
8.427700648449452103e-01,0.000000000000000000e+00,0.000000000000000000e+00
8.440790617839409871e-01,0.000000000000000000e+00,0.000000000000000000e+00
8.453880587229367638e-01,0.000000000000000000e+00,0.000000000000000000e+00
8.466970556619324295e-01,0.000000000000000000e+00,0.000000000000000000e+00
8.480060526009282063e-01,0.000000000000000000e+00,0.000000000000000000e+00
8.493150495399239830e-01,0.000000000000000000e+00,0.000000000000000000e+00
8.506240464789197597e-01,0.000000000000000000e+00,0.000000000000000000e+00
8.519330434179154254e-01,0.000000000000000000e+00,0.000000000000000000e+00
8.532420403569112022e-01,0.000000000000000000e+00,0.000000000000000000e+00
8.545510372959069789e-01,0.000000000000000000e+00,0.000000000000000000e+00
8.558600342349027557e-01,0.000000000000000000e+00,0.000000000000000000e+00
8.571690311738984214e-01,0.000000000000000000e+00,0.000000000000000000e+00
8.584780281128941981e-01,0.000000000000000000e+00,0.000000000000000000e+00
8.597870250518899748e-01,0.000000000000000000e+00,0.000000000000000000e+00
8.610960219908857516e-01,0.000000000000000000e+00,0.000000000000000000e+00
8.624050189298814173e-01,0.000000000000000000e+00,0.000000000000000000e+00
8.637140158688771940e-01,0.000000000000000000e+00,0.000000000000000000e+00
8.650230128078729708e-01,0.000000000000000000e+00,0.000000000000000000e+00
8.663320097468687475e-01,0.000000000000000000e+00,0.000000000000000000e+00
8.676410066858644132e-01,0.000000000000000000e+00,0.000000000000000000e+00
8.689500036248601900e-01,0.000000000000000000e+00,0.000000000000000000e+00
8.702590005638559667e-01,0.000000000000000000e+00,0.000000000000000000e+00
8.715679975028517434e-01,0.000000000000000000e+00,0.000000000000000000e+00
8.728769944418474092e-01,0.000000000000000000e+00,0.000000000000000000e+00
8.741859913808431859e-01,0.000000000000000000e+00,0.000000000000000000e+00
8.754949883198389626e-01,0.000000000000000000e+00,0.000000000000000000e+00
8.768039852588347394e-01,0.000000000000000000e+00,0.000000000000000000e+00
8.781129821978304051e-01,0.000000000000000000e+00,0.000000000000000000e+00
8.794219791368261818e-01,0.000000000000000000e+00,0.000000000000000000e+00
8.807309760758219586e-01,0.000000000000000000e+00,0.000000000000000000e+00
8.820399730148177353e-01,0.000000000000000000e+00,0.000000000000000000e+00
8.833489699538134010e-01,0.000000000000000000e+00,0.000000000000000000e+00
8.846579668928091778e-01,0.000000000000000000e+00,0.000000000000000000e+00
8.859669638318049545e-01,0.000000000000000000e+00,0.000000000000000000e+00
8.872759607708007312e-01,0.000000000000000000e+00,0.000000000000000000e+00
8.885849577097963969e-01,0.000000000000000000e+00,0.000000000000000000e+00
8.898939546487921737e-01,0.000000000000000000e+00,0.000000000000000000e+00
8.912029515877879504e-01,0.000000000000000000e+00,0.000000000000000000e+00
8.925119485267837272e-01,0.000000000000000000e+00,0.000000000000000000e+00
8.938209454657793929e-01,0.000000000000000000e+00,0.000000000000000000e+00
8.951299424047751696e-01,0.000000000000000000e+00,0.000000000000000000e+00
8.964389393437709463e-01,0.000000000000000000e+00,0.000000000000000000e+00
8.977479362827667231e-01,0.000000000000000000e+00,0.000000000000000000e+00
8.990569332217623888e-01,0.000000000000000000e+00,0.000000000000000000e+00
9.003659301607581655e-01,0.000000000000000000e+00,0.000000000000000000e+00
9.016749270997539423e-01,0.000000000000000000e+00,0.000000000000000000e+00
9.029839240387497190e-01,0.000000000000000000e+00,0.000000000000000000e+00
9.042929209777453847e-01,0.000000000000000000e+00,0.000000000000000000e+00
9.056019179167411615e-01,0.000000000000000000e+00,0.000000000000000000e+00
9.069109148557369382e-01,0.000000000000000000e+00,0.000000000000000000e+00
9.082199117947327149e-01,0.000000000000000000e+00,0.000000000000000000e+00
9.095289087337283807e-01,0.000000000000000000e+00,0.000000000000000000e+00
9.108379056727241574e-01,0.000000000000000000e+00,0.000000000000000000e+00
9.121469026117199341e-01,0.000000000000000000e+00,0.000000000000000000e+00
9.134558995507157109e-01,0.000000000000000000e+00,0.000000000000000000e+00
9.147648964897113766e-01,0.000000000000000000e+00,0.000000000000000000e+00
9.160738934287071533e-01,0.000000000000000000e+00,0.000000000000000000e+00
9.173828903677029301e-01,0.000000000000000000e+00,0.000000000000000000e+00
9.186918873066987068e-01,0.000000000000000000e+00,0.000000000000000000e+00
9.200008842456943725e-01,0.000000000000000000e+00,0.000000000000000000e+00
9.213098811846901492e-01,0.000000000000000000e+00,0.000000000000000000e+00
9.226188781236859260e-01,0.000000000000000000e+00,0.000000000000000000e+00
9.239278750626817027e-01,0.000000000000000000e+00,0.000000000000000000e+00
9.252368720016773684e-01,0.000000000000000000e+00,0.000000000000000000e+00
9.265458689406731452e-01,0.000000000000000000e+00,0.000000000000000000e+00
9.278548658796689219e-01,0.000000000000000000e+00,0.000000000000000000e+00
9.291638628186646987e-01,0.000000000000000000e+00,0.000000000000000000e+00
9.304728597576603644e-01,0.000000000000000000e+00,0.000000000000000000e+00
9.317818566966561411e-01,0.000000000000000000e+00,0.000000000000000000e+00
9.330908536356519178e-01,0.000000000000000000e+00,0.000000000000000000e+00
9.343998505746476946e-01,0.000000000000000000e+00,0.000000000000000000e+00
9.357088475136433603e-01,0.000000000000000000e+00,0.000000000000000000e+00
9.370178444526391370e-01,0.000000000000000000e+00,0.000000000000000000e+00
9.383268413916349138e-01,0.000000000000000000e+00,0.000000000000000000e+00
9.396358383306306905e-01,0.000000000000000000e+00,0.000000000000000000e+00
9.409448352696263562e-01,0.000000000000000000e+00,0.000000000000000000e+00
9.422538322086221330e-01,0.000000000000000000e+00,0.000000000000000000e+00
9.435628291476179097e-01,0.000000000000000000e+00,0.000000000000000000e+00
9.448718260866136864e-01,0.000000000000000000e+00,-2.080697014322785421e-06
9.461808230256093522e-01,0.000000000000000000e+00,-5.838725400136857147e-06
9.474898199646051289e-01,0.000000000000000000e+00,-7.259996750955122202e-06
9.487988169036009056e-01,0.000000000000000000e+00,-7.098639838262754687e-06
9.501078138425966824e-01,0.000000000000000000e+00,-6.359619021678586392e-06
9.514168107815923481e-01,0.000000000000000000e+00,-5.931499611588897380e-06
9.527258077205881248e-01,0.000000000000000000e+00,-5.854281635284119822e-06
9.540348046595839016e-01,0.000000000000000000e+00,-5.867294513350884699e-06
9.553438015985796783e-01,0.000000000000000000e+00,-5.911031684235901196e-06
9.566527985375753440e-01,0.000000000000000000e+00,-5.952513337056930531e-06
9.579617954765711207e-01,0.000000000000000000e+00,-5.996932688240308451e-06
9.592707924155668975e-01,0.000000000000000000e+00,-6.046494211944808406e-06
9.605797893545626742e-01,0.000000000000000000e+00,-6.088533616832592088e-06
9.618887862935583399e-01,0.000000000000000000e+00,-6.123851020889414798e-06
9.631977832325541167e-01,0.000000000000000000e+00,-6.164106707576277877e-06
9.645067801715498934e-01,0.000000000000000000e+00,-6.208583839414916206e-06
9.658157771105456701e-01,0.000000000000000000e+00,-6.246831851949852243e-06
9.671247740495413359e-01,0.000000000000000000e+00,-6.282128162948819039e-06
9.684337709885371126e-01,0.000000000000000000e+00,-6.326668203160412673e-06
9.697427679275328893e-01,0.000000000000000000e+00,-6.376666782950679568e-06
9.710517648665286661e-01,0.000000000000000000e+00,-6.417252075327506411e-06
9.723607618055243318e-01,0.000000000000000000e+00,-6.450888640471830193e-06
9.736697587445201085e-01,0.000000000000000000e+00,-6.493814807079223428e-06
9.749787556835158853e-01,0.000000000000000000e+00,-6.544588440987597622e-06
9.762877526225116620e-01,0.000000000000000000e+00,-6.587732728116635350e-06
9.775967495615073277e-01,0.000000000000000000e+00,-6.624100013216671634e-06
9.789057465005031045e-01,0.000000000000000000e+00,-6.668134771042888431e-06
9.802147434394988812e-01,0.000000000000000000e+00,-6.718879795863941240e-06
9.815237403784946579e-01,0.000000000000000000e+00,-6.762772679566597667e-06
9.828327373174903236e-01,0.000000000000000000e+00,-6.801343443676999279e-06
9.841417342564861004e-01,0.000000000000000000e+00,-6.847779738972104013e-06
9.854507311954818771e-01,0.000000000000000000e+00,-6.900045138882870965e-06
9.867597281344776539e-01,0.000000000000000000e+00,-6.944379131068600941e-06
9.880687250734733196e-01,0.000000000000000000e+00,-6.983018593212375613e-06
9.893777220124690963e-01,0.000000000000000000e+00,-7.030477649938582374e-06
9.906867189514648731e-01,0.000000000000000000e+00,-7.084714684565951437e-06
9.919957158904606498e-01,0.000000000000000000e+00,-7.130928872736697066e-06
9.933047128294563155e-01,0.000000000000000000e+00,-7.171061727734295843e-06
9.946137097684520922e-01,0.000000000000000000e+00,-7.220146843123220748e-06
9.959227067074478690e-01,0.000000000000000000e+00,-7.276045279877574323e-06
9.972317036464436457e-01,0.000000000000000000e+00,-7.323174162979229074e-06
9.985407005854393114e-01,0.000000000000000000e+00,-7.363620999512043852e-06
9.998496975244350882e-01,0.000000000000000000e+00,-7.413600492986449630e-06
1.001158694463430976e+00,0.000000000000000000e+00,-7.471398954614349996e-06
1.002467691402426642e+00,0.000000000000000000e+00,-7.521000123175691776e-06
1.003776688341422307e+00,0.000000000000000000e+00,-7.563664836535144431e-06
1.005085685280417973e+00,0.000000000000000000e+00,-7.614817895490455513e-06
1.006394682219413861e+00,0.000000000000000000e+00,-7.673019115778112464e-06
1.007703679158409749e+00,0.000000000000000000e+00,-7.723145002636044865e-06
1.009012676097405414e+00,0.000000000000000000e+00,-7.767278174128366963e-06
1.010321673036401080e+00,0.000000000000000000e+00,-7.820906427646878711e-06
1.011630669975396746e+00,0.000000000000000000e+00,-7.881685887084488584e-06
1.012939666914392634e+00,0.000000000000000000e+00,-7.933325131492807714e-06
1.014248663853388299e+00,0.000000000000000000e+00,-7.977899591879444863e-06
1.015557660792384187e+00,0.000000000000000000e+00,-8.032282079725727719e-06
1.016866657731379853e+00,0.000000000000000000e+00,-8.094721119983327995e-06
1.018175654670375518e+00,0.000000000000000000e+00,-8.148495010643075354e-06
1.019484651609371184e+00,0.000000000000000000e+00,-8.195196656998748885e-06
1.020793648548367072e+00,0.000000000000000000e+00,-8.251326292757488190e-06
1.022102645487362960e+00,0.000000000000000000e+00,-8.315078081355675721e-06
1.023411642426358625e+00,0.000000000000000000e+00,-8.369826530268964504e-06
1.024720639365354291e+00,0.000000000000000000e+00,-8.417695439008610059e-06
1.026029636304350179e+00,0.000000000000000000e+00,-8.475791507825403137e-06
1.027338633243345845e+00,0.000000000000000000e+00,-8.541947323637000267e-06
1.028647630182341510e+00,0.000000000000000000e+00,-8.598577748653024599e-06
1.029956627121337176e+00,0.000000000000000000e+00,-8.647611824938450376e-06
1.031265624060333064e+00,0.000000000000000000e+00,-8.706947514147689304e-06
1.032574620999328729e+00,0.000000000000000000e+00,-8.774800500127577507e-06
1.033883617938324395e+00,0.000000000000000000e+00,-8.833337857824807848e-06
1.035192614877320061e+00,0.000000000000000000e+00,-8.884281591667320122e-06
1.036501611816315949e+00,0.000000000000000000e+00,-8.945425583037347472e-06
1.037810608755311614e+00,0.000000000000000000e+00,-9.014952459321379230e-06
1.039119605694307280e+00,0.000000000000000000e+00,-9.075002828637379615e-06
1.040428602633302946e+00,0.000000000000000000e+00,-9.127553585189240870e-06
1.041737599572298834e+00,0.000000000000000000e+00,-9.190712645962273442e-06
1.043046596511294499e+00,0.000000000000000000e+00,-9.262374163779285574e-06
1.044355593450290165e+00,0.000000000000000000e+00,-9.324016005424207165e-06
1.045664590389285831e+00,0.000000000000000000e+00,-9.377852971753641853e-06
1.046973587328281718e+00,0.000000000000000000e+00,-9.442970690970442504e-06
1.048282584267277384e+00,0.000000000000000000e+00,-9.517120258026312563e-06
1.049591581206273050e+00,0.000000000000000000e+00,-9.580685408711042683e-06
1.050900578145268716e+00,0.000000000000000000e+00,-9.635790828910195671e-06
1.052209575084264603e+00,0.000000000000000000e+00,-9.702552282692122887e-06
1.053518572023260269e+00,0.000000000000000000e+00,-9.778951582231631967e-06
1.054827568962255935e+00,0.000000000000000000e+00,-9.844689979193743667e-06
1.056136565901251601e+00,0.000000000000000000e+00,-9.901631047512515771e-06
1.057445562840247488e+00,0.000000000000000000e+00,-9.970209610687952306e-06
1.058754559779243154e+00,0.000000000000000000e+00,-1.004857148427518165e-05
1.060063556718238820e+00,0.000000000000000000e+00,-1.011626525958264633e-05
1.061372553657234485e+00,0.000000000000000000e+00,-1.017514642506767153e-05
1.062681550596230373e+00,0.000000000000000000e+00,-1.024576894376183489e-05
1.063990547535226039e+00,0.000000000000000000e+00,-1.032624547844807061e-05
1.065299544474221705e+00,0.000000000000000000e+00,-1.039595695294381894e-05
1.066608541413217370e+00,0.000000000000000000e+00,-1.045680526746972649e-05
1.067917538352213258e+00,0.000000000000000000e+00,-1.052954680338946680e-05
1.069226535291208924e+00,0.000000000000000000e+00,-1.061221470784190490e-05
1.070535532230204590e+00,0.000000000000000000e+00,-1.068388807094755588e-05
1.071844529169200255e+00,0.000000000000000000e+00,-1.074663223367411380e-05
1.073153526108196143e+00,0.000000000000000000e+00,-1.082168415994511079e-05
1.074462523047191809e+00,0.000000000000000000e+00,-1.090689163951719109e-05
1.075771519986187474e+00,0.000000000000000000e+00,-1.098063632490320352e-05
1.077080516925183140e+00,0.000000000000000000e+00,-1.104508674658333245e-05
1.078389513864179028e+00,0.000000000000000000e+00,-1.112232830220716284e-05
1.079698510803174694e+00,0.000000000000000000e+00,-1.121020260780314359e-05
1.081007507742170359e+00,0.000000000000000000e+00,-1.128629130650593559e-05
1.082316504681166025e+00,0.000000000000000000e+00,-1.135266763015174707e-05
1.083625501620161913e+00,0.000000000000000000e+00,-1.143209171665382495e-05
1.084934498559157579e+00,0.000000000000000000e+00,-1.152250713484792577e-05
1.086243495498153244e+00,0.000000000000000000e+00,-1.160096051780468152e-05
1.087552492437148910e+00,0.000000000000000000e+00,-1.166947781175431409e-05
1.088861489376144798e+00,0.000000000000000000e+00,-1.175126608503329617e-05
1.090170486315140463e+00,0.000000000000000000e+00,-1.184426814014594154e-05
1.091479483254136129e+00,0.000000000000000000e+00,-1.192507714475876668e-05
1.092788480193131795e+00,0.000000000000000000e+00,-1.199577061895829022e-05
1.094097477132127683e+00,0.000000000000000000e+00,-1.208005375823162364e-05
1.095406474071123348e+00,0.000000000000000000e+00,-1.217580412761487541e-05
1.096715471010119014e+00,0.000000000000000000e+00,-1.225904824107837410e-05
1.098024467949114680e+00,0.000000000000000000e+00,-1.233192190706888791e-05
1.099333464888110568e+00,0.000000000000000000e+00,-1.241875871565989442e-05
1.100642461827106233e+00,0.000000000000000000e+00,-1.251739034818788454e-05
1.101951458766101899e+00,0.000000000000000000e+00,-1.260318200971277669e-05
1.103260455705097565e+00,0.000000000000000000e+00,-1.267830552952042833e-05
1.104569452644093452e+00,0.000000000000000000e+00,-1.276778293200775405e-05
1.105878449583089118e+00,0.000000000000000000e+00,-1.286940621285370678e-05
1.107187446522084784e+00,0.000000000000000000e+00,-1.295782179405735590e-05
1.108496443461080450e+00,0.000000000000000000e+00,-1.303523881497625769e-05
1.109805440400076337e+00,0.000000000000000000e+00,-1.312743514395031674e-05
1.111114437339072003e+00,0.000000000000000000e+00,-1.323218541326998121e-05
1.112423434278067669e+00,0.000000000000000000e+00,-1.332338739629124191e-05
1.113732431217063334e+00,0.000000000000000000e+00,-1.340321117150600205e-05
1.115041428156059222e+00,0.000000000000000000e+00,-1.349813241367792127e-05
1.116350425095054888e+00,0.000000000000000000e+00,-1.360599685074070919e-05
1.117659422034050554e+00,0.000000000000000000e+00,-1.370012121727770538e-05
1.118968418973046219e+00,0.000000000000000000e+00,-1.378260959149224529e-05
1.120277415912042107e+00,0.000000000000000000e+00,-1.388040549843427840e-05
1.121586412851037773e+00,0.000000000000000000e+00,-1.399137614016554565e-05
1.122895409790033439e+00,0.000000000000000000e+00,-1.408839520750104768e-05
1.124204406729029104e+00,0.000000000000000000e+00,-1.417363700857710018e-05
1.125513403668024992e+00,0.000000000000000000e+00,-1.427453937929978878e-05
1.126822400607020658e+00,0.000000000000000000e+00,-1.438885498283859476e-05
1.128131397546016323e+00,0.000000000000000000e+00,-1.448882757058844728e-05
1.129440394485011989e+00,0.000000000000000000e+00,-1.457674383029128329e-05
1.130749391424007877e+00,0.000000000000000000e+00,-1.468080637435920099e-05
1.132058388363003543e+00,0.000000000000000000e+00,-1.479869935996913632e-05
1.133367385301999208e+00,0.000000000000000000e+00,-1.490186044635077867e-05
1.134676382240994874e+00,0.000000000000000000e+00,-1.499255587043835103e-05
1.135985379179990762e+00,0.000000000000000000e+00,-1.509976671358603806e-05
1.137294376118986428e+00,0.000000000000000000e+00,-1.522124073591313298e-05
1.138603373057982093e+00,0.000000000000000000e+00,-1.532775342599768109e-05
1.139912369996977759e+00,0.000000000000000000e+00,-1.542151017665249757e-05
1.141221366935973647e+00,0.000000000000000000e+00,-1.553203900228616874e-05
1.142530363874969312e+00,0.000000000000000000e+00,-1.565709292923600504e-05
1.143839360813964978e+00,0.000000000000000000e+00,-1.576690572245575961e-05
1.145148357752960644e+00,0.000000000000000000e+00,-1.586381344692577855e-05
1.146457354691956532e+00,0.000000000000000000e+00,-1.597799112473818894e-05
1.147766351630952197e+00,0.000000000000000000e+00,-1.610698100540375322e-05
1.149075348569947863e+00,0.000000000000000000e+00,-1.622011163306125159e-05
1.150384345508943529e+00,0.000000000000000000e+00,-1.631992731503106864e-05
1.151693342447939417e+00,0.000000000000000000e+00,-1.643777431331594485e-05
1.153002339386935082e+00,0.000000000000000000e+00,-1.657108675814922272e-05
1.154311336325930748e+00,0.000000000000000000e+00,-1.668796655088233827e-05
1.155620333264926414e+00,0.000000000000000000e+00,-1.679085793820922490e-05
1.156929330203922301e+00,0.000000000000000000e+00,-1.691221838870382577e-05
1.158238327142917967e+00,0.000000000000000000e+00,-1.704966674344332578e-05
1.159547324081913633e+00,0.000000000000000000e+00,-1.717047963112339204e-05
1.160856321020909299e+00,0.000000000000000000e+00,-1.727697056261301434e-05
1.162165317959905186e+00,0.000000000000000000e+00,-1.740218764223477876e-05
1.163474314898900852e+00,0.000000000000000000e+00,-1.754375164947363785e-05
1.164783311837896518e+00,0.000000000000000000e+00,-1.766832585885225182e-05
1.166092308776892184e+00,0.000000000000000000e+00,-1.777838771424566922e-05
1.167401305715888071e+00,0.000000000000000000e+00,-1.790776710960950702e-05
1.168710302654883737e+00,0.000000000000000000e+00,-1.805391012187074207e-05
1.170019299593879403e+00,0.000000000000000000e+00,-1.818251677261628618e-05
1.171328296532875068e+00,0.000000000000000000e+00,-1.829613355229520177e-05
1.172637293471870956e+00,0.000000000000000000e+00,-1.842963192129343231e-05
1.173946290410866622e+00,0.000000000000000000e+00,-1.858045187411172527e-05
1.175255287349862288e+00,0.000000000000000000e+00,-1.871330508387836211e-05
1.176564284288857953e+00,0.000000000000000000e+00,-1.883072977620914301e-05
1.177873281227853841e+00,0.000000000000000000e+00,-1.896869738050865895e-05
1.179182278166849507e+00,0.000000000000000000e+00,-1.912498547373964186e-05
1.180491275105845173e+00,0.000000000000000000e+00,-1.926371362247214503e-05
1.181800272044840838e+00,0.000000000000000000e+00,-1.938676569007702355e-05
1.183109268983836726e+00,0.000000000000000000e+00,-1.952851863418203493e-05
1.184418265922832392e+00,-7.362564728319309637e-05,-1.968427510651293844e-05
1.185727262861828057e+00,-6.687935145832657469e-05,-1.981613831344986032e-05
1.187036259800823723e+00,-6.101129424401774415e-05,-1.992028181724281310e-05
1.188345256739819611e+00,-5.578795652430579288e-05,-2.002645366097621782e-05
1.189654253678815277e+00,-5.087765442035596664e-05,-2.013703895749341388e-05
1.190963250617810942e+00,-4.627631903234008526e-05,-2.022754327352105364e-05
1.192272247556806608e+00,-4.204087362097430614e-05,-2.029807759633406317e-05
1.193581244495802496e+00,-3.829045948142151268e-05,-2.037097288190570232e-05
1.194890241434798162e+00,-3.501058153734804002e-05,-2.044746605735225931e-05
1.196199238373793827e+00,-3.183181679183855195e-05,-2.050990489262105587e-05
1.197508235312789493e+00,-2.912300325191852224e-05,-2.055844960960340195e-05
1.198817232251785381e+00,-2.659033557053658292e-05,-2.060882226026516939e-05
1.200126229190781046e+00,-2.441411392264947189e-05,-2.066184108708013500e-05
1.201435226129776712e+00,-2.217059440606794496e-05,-2.070558657442378436e-05
1.202744223068772378e+00,-2.023876276724401180e-05,-2.074049919016662802e-05
1.204053220007768266e+00,-1.852706169278017789e-05,-2.077666114316811807e-05
1.205362216946763931e+00,-1.694961856552046342e-05,-2.081356952209068023e-05
1.206671213885759597e+00,-1.544990351462494083e-05,-2.084281289195522024e-05
1.207980210824755263e+00,-1.423934682687200137e-05,-2.086611500107249384e-05
1.209289207763751151e+00,-1.298156610832212898e-05,-2.089199142071840321e-05
1.210598204702746816e+00,-1.189645856242149691e-05,-2.091941151047271852e-05
1.211907201641742482e+00,-1.103076501945965404e-05,-2.094112656239599524e-05
1.213216198580738148e+00,-1.029670178590014196e-05,-2.095795250678378352e-05
1.214525195519734035e+00,-9.524864386850628861e-06,-2.097608806088391287e-05
1.215834192458729701e+00,-8.907976097344283417e-06,-2.099510841456486698e-05
1.217143189397725367e+00,-8.239718285063535319e-06,-2.101063201966069105e-05
1.218452186336721033e+00,-7.646457498178271806e-06,-2.102398775530311958e-05
1.219761183275716920e+00,-7.015796281817365809e-06,-2.103897882158034527e-05
1.221070180214712586e+00,-6.721387300040460033e-06,-2.105417641461160283e-05
1.222379177153708252e+00,-6.482009148878198346e-06,-2.106614508809445674e-05
1.223688174092703917e+00,-6.230540670115747304e-06,-2.107638190326777128e-05
1.224997171031699805e+00,-6.061399172530013146e-06,-2.108812156700889950e-05
1.226306167970695471e+00,-5.922182118311969390e-06,-2.110013890829764982e-05
1.227615164909691137e+00,-5.812570038093989311e-06,-2.110993660459081767e-05
1.228924161848686802e+00,-5.663901550601035950e-06,-2.111932029592866744e-05
1.230233158787682690e+00,-5.560281768263175550e-06,-2.113089101640763801e-05
1.231542155726678356e+00,-5.657168917483357262e-06,-2.114287856594398995e-05
1.232851152665674022e+00,-5.767613096147039542e-06,-2.115264386091941784e-05
1.234160149604669687e+00,-5.948086998858181929e-06,-2.116189430048653897e-05
1.235469146543665575e+00,-5.954072248126607292e-06,-2.117355719773172940e-05
1.236778143482661241e+00,-6.255824744449967056e-06,-2.118666664030488533e-05
1.238087140421656906e+00,-6.776385815338015206e-06,-2.119948223487655437e-05
1.239396137360652572e+00,-7.059959087812872625e-06,-2.121299683310873263e-05
1.240705134299648460e+00,-7.409802106478347028e-06,-2.122766427173350401e-05
1.242014131238644126e+00,-7.980965620046909237e-06,-2.124140086126602434e-05
1.243323128177639791e+00,-8.471902345902337927e-06,-2.125284323233056494e-05
1.244632125116635457e+00,-8.942653060950433996e-06,-2.126501638395617011e-05
1.245941122055631345e+00,-9.495542581533511495e-06,-2.127946379622269735e-05
1.247250118994627011e+00,-1.053326654348873959e-05,-2.128955459045067666e-05
1.248559115933622676e+00,-1.145333847302199004e-05,-2.128632817154085810e-05
1.249868112872618342e+00,-1.248144141202667257e-05,-2.127731636829277573e-05
1.251177109811614230e+00,-1.324668102947734738e-05,-2.123538387410750516e-05
1.252486106750609895e+00,-1.396162338998530039e-05,-2.104622309126447099e-05
1.253795103689605561e+00,-1.448706393966658901e-05,-2.056154818527722306e-05
1.255104100628601227e+00,-1.130727489004335062e-05,-1.908423918760282501e-05
1.256413097567597115e+00,1.141177546570837364e-06,-1.531146659460025372e-05
