# Exudyn: solution of belt drive, contact forces over belt length
# Exudyn output file
# Exudyn version=1.2.34.dev1
# endTime=2.45
# stepSize=5e-05
# nSegments=4
# nANCFnodes=240
# contactStiffnessPerArea=10000000.0
# frictionStiffnessPerArea=100000000.0
# contactStiffness=41887.90204786391
# frictionStiffness=523598.7755982988
# contactDamping=8.377580409572781
# frictionVelocityPenalty=33.70609928242229
# dryFriction=0.5
# 
3.101193120689238469e-04,-7.080231398634164179e+02,-5.651243906016512483e+04
1.619116251064811607e-03,-4.188857732287639919e+03,-4.759104232946943375e+04
2.928113190060477322e-03,-5.838563517189527374e+03,-3.519076931846914522e+04
4.237110129056143037e-03,-4.021239241210060754e+03,-1.845380460528728872e+04
5.546107068051808753e-03,0.000000000000000000e+00,0.000000000000000000e+00
6.855104007047696513e-03,0.000000000000000000e+00,0.000000000000000000e+00
8.164100946043362228e-03,0.000000000000000000e+00,0.000000000000000000e+00
9.473097885039027943e-03,0.000000000000000000e+00,0.000000000000000000e+00
1.078209482403469366e-02,0.000000000000000000e+00,0.000000000000000000e+00
1.209109176303058142e-02,0.000000000000000000e+00,0.000000000000000000e+00
1.340008870202624713e-02,0.000000000000000000e+00,0.000000000000000000e+00
1.470908564102191285e-02,0.000000000000000000e+00,0.000000000000000000e+00
1.601808258001757856e-02,0.000000000000000000e+00,0.000000000000000000e+00
1.732707951901346632e-02,0.000000000000000000e+00,0.000000000000000000e+00
1.863607645800913204e-02,0.000000000000000000e+00,0.000000000000000000e+00
1.994507339700479776e-02,0.000000000000000000e+00,0.000000000000000000e+00
2.125407033600046347e-02,0.000000000000000000e+00,0.000000000000000000e+00
2.256306727499635123e-02,0.000000000000000000e+00,0.000000000000000000e+00
2.387206421399201695e-02,0.000000000000000000e+00,0.000000000000000000e+00
2.518106115298768266e-02,0.000000000000000000e+00,0.000000000000000000e+00
2.649005809198734518e-02,0.000000000000000000e+00,0.000000000000000000e+00
2.779905503098323294e-02,0.000000000000000000e+00,0.000000000000000000e+00
2.910805196997889865e-02,0.000000000000000000e+00,0.000000000000000000e+00
3.041704890897456437e-02,0.000000000000000000e+00,0.000000000000000000e+00
3.172604584797045213e-02,0.000000000000000000e+00,0.000000000000000000e+00
3.303504278696611784e-02,0.000000000000000000e+00,0.000000000000000000e+00
3.434403972596178356e-02,0.000000000000000000e+00,0.000000000000000000e+00
3.565303666495767132e-02,0.000000000000000000e+00,0.000000000000000000e+00
3.696203360395333704e-02,0.000000000000000000e+00,0.000000000000000000e+00
3.827103054294900275e-02,0.000000000000000000e+00,0.000000000000000000e+00
3.958002748194489051e-02,0.000000000000000000e+00,0.000000000000000000e+00
4.088902442094055623e-02,0.000000000000000000e+00,0.000000000000000000e+00
4.219802135993644399e-02,0.000000000000000000e+00,0.000000000000000000e+00
4.350701829893210970e-02,0.000000000000000000e+00,0.000000000000000000e+00
4.481601523792777542e-02,0.000000000000000000e+00,0.000000000000000000e+00
4.612501217692366318e-02,0.000000000000000000e+00,0.000000000000000000e+00
4.743400911591932889e-02,0.000000000000000000e+00,0.000000000000000000e+00
4.874300605491499461e-02,0.000000000000000000e+00,0.000000000000000000e+00
5.005200299391088237e-02,0.000000000000000000e+00,0.000000000000000000e+00
5.136099993290654808e-02,0.000000000000000000e+00,0.000000000000000000e+00
5.266999687190243584e-02,0.000000000000000000e+00,0.000000000000000000e+00
5.397899381089810156e-02,0.000000000000000000e+00,0.000000000000000000e+00
5.528799074989376727e-02,0.000000000000000000e+00,0.000000000000000000e+00
5.659698768888965503e-02,0.000000000000000000e+00,0.000000000000000000e+00
5.790598462788532075e-02,0.000000000000000000e+00,0.000000000000000000e+00
5.921498156688098646e-02,0.000000000000000000e+00,0.000000000000000000e+00
6.052397850587687422e-02,0.000000000000000000e+00,0.000000000000000000e+00
6.183297544487253994e-02,0.000000000000000000e+00,0.000000000000000000e+00
6.314197238386820565e-02,0.000000000000000000e+00,0.000000000000000000e+00
6.445096932286409341e-02,0.000000000000000000e+00,0.000000000000000000e+00
6.575996626185975913e-02,0.000000000000000000e+00,0.000000000000000000e+00
6.706896320085564689e-02,0.000000000000000000e+00,0.000000000000000000e+00
6.837796013985131260e-02,0.000000000000000000e+00,0.000000000000000000e+00
6.968695707884697832e-02,0.000000000000000000e+00,0.000000000000000000e+00
7.099595401784286608e-02,0.000000000000000000e+00,0.000000000000000000e+00
7.230495095683853179e-02,0.000000000000000000e+00,0.000000000000000000e+00
7.361394789583419751e-02,0.000000000000000000e+00,0.000000000000000000e+00
7.492294483483008527e-02,0.000000000000000000e+00,0.000000000000000000e+00
7.623194177382575099e-02,0.000000000000000000e+00,0.000000000000000000e+00
7.754093871282141670e-02,0.000000000000000000e+00,0.000000000000000000e+00
7.884993565181730446e-02,0.000000000000000000e+00,0.000000000000000000e+00
8.015893259081297018e-02,0.000000000000000000e+00,0.000000000000000000e+00
8.146792952980885794e-02,0.000000000000000000e+00,0.000000000000000000e+00
8.277692646880452365e-02,0.000000000000000000e+00,0.000000000000000000e+00
8.408592340780018937e-02,0.000000000000000000e+00,0.000000000000000000e+00
8.539492034679607713e-02,0.000000000000000000e+00,0.000000000000000000e+00
8.670391728579174284e-02,0.000000000000000000e+00,0.000000000000000000e+00
8.801291422478740856e-02,0.000000000000000000e+00,0.000000000000000000e+00
8.932191116378329632e-02,0.000000000000000000e+00,0.000000000000000000e+00
9.063090810277896203e-02,0.000000000000000000e+00,0.000000000000000000e+00
9.193990504177484979e-02,0.000000000000000000e+00,0.000000000000000000e+00
9.324890198077051551e-02,0.000000000000000000e+00,0.000000000000000000e+00
9.455789891976618122e-02,0.000000000000000000e+00,0.000000000000000000e+00
9.586689585876206898e-02,0.000000000000000000e+00,0.000000000000000000e+00
9.717589279775773470e-02,0.000000000000000000e+00,0.000000000000000000e+00
9.848488973675340041e-02,0.000000000000000000e+00,0.000000000000000000e+00
9.979388667574928817e-02,0.000000000000000000e+00,0.000000000000000000e+00
1.011028836147449539e-01,0.000000000000000000e+00,0.000000000000000000e+00
1.024118805537406196e-01,0.000000000000000000e+00,0.000000000000000000e+00
1.037208774927365074e-01,0.000000000000000000e+00,0.000000000000000000e+00
1.050298744317321731e-01,0.000000000000000000e+00,0.000000000000000000e+00
1.063388713707278388e-01,0.000000000000000000e+00,0.000000000000000000e+00
1.076478683097237266e-01,0.000000000000000000e+00,0.000000000000000000e+00
1.089568652487193923e-01,0.000000000000000000e+00,0.000000000000000000e+00
1.102658621877150580e-01,0.000000000000000000e+00,0.000000000000000000e+00
1.115748591267109457e-01,0.000000000000000000e+00,0.000000000000000000e+00
1.128838560657066115e-01,0.000000000000000000e+00,0.000000000000000000e+00
1.141928530047024992e-01,0.000000000000000000e+00,0.000000000000000000e+00
1.155018499436981649e-01,0.000000000000000000e+00,0.000000000000000000e+00
1.168108468826938307e-01,0.000000000000000000e+00,0.000000000000000000e+00
1.181198438216897184e-01,0.000000000000000000e+00,0.000000000000000000e+00
1.194288407606853841e-01,0.000000000000000000e+00,0.000000000000000000e+00
1.207378376996810498e-01,0.000000000000000000e+00,0.000000000000000000e+00
1.220468346386769376e-01,0.000000000000000000e+00,0.000000000000000000e+00
1.233558315776726033e-01,0.000000000000000000e+00,0.000000000000000000e+00
1.246648285166682690e-01,0.000000000000000000e+00,0.000000000000000000e+00
1.259738254556641568e-01,0.000000000000000000e+00,0.000000000000000000e+00
1.272828223946598225e-01,0.000000000000000000e+00,0.000000000000000000e+00
1.285918193336557103e-01,0.000000000000000000e+00,0.000000000000000000e+00
1.299008162726513760e-01,0.000000000000000000e+00,0.000000000000000000e+00
1.312098132116470417e-01,0.000000000000000000e+00,0.000000000000000000e+00
1.325188101506429295e-01,0.000000000000000000e+00,0.000000000000000000e+00
1.338278070896385952e-01,0.000000000000000000e+00,0.000000000000000000e+00
1.351368040286342609e-01,0.000000000000000000e+00,0.000000000000000000e+00
1.364458009676301486e-01,0.000000000000000000e+00,0.000000000000000000e+00
1.377547979066258144e-01,0.000000000000000000e+00,0.000000000000000000e+00
1.390637948456214801e-01,0.000000000000000000e+00,0.000000000000000000e+00
1.403727917846173678e-01,0.000000000000000000e+00,0.000000000000000000e+00
1.416817887236130336e-01,0.000000000000000000e+00,0.000000000000000000e+00
1.429907856626089213e-01,0.000000000000000000e+00,0.000000000000000000e+00
1.442997826016045870e-01,0.000000000000000000e+00,0.000000000000000000e+00
1.456087795406002527e-01,0.000000000000000000e+00,0.000000000000000000e+00
1.469177764795961405e-01,0.000000000000000000e+00,0.000000000000000000e+00
1.482267734185918062e-01,0.000000000000000000e+00,0.000000000000000000e+00
1.495357703575874719e-01,0.000000000000000000e+00,0.000000000000000000e+00
1.508447672965833597e-01,0.000000000000000000e+00,0.000000000000000000e+00
1.521537642355790254e-01,0.000000000000000000e+00,0.000000000000000000e+00
1.534627611745746911e-01,0.000000000000000000e+00,0.000000000000000000e+00
1.547717581135705789e-01,0.000000000000000000e+00,0.000000000000000000e+00
1.560807550525662446e-01,0.000000000000000000e+00,0.000000000000000000e+00
1.573897519915621324e-01,0.000000000000000000e+00,0.000000000000000000e+00
1.586987489305577981e-01,0.000000000000000000e+00,0.000000000000000000e+00
1.600077458695534638e-01,0.000000000000000000e+00,0.000000000000000000e+00
1.613167428085493516e-01,0.000000000000000000e+00,0.000000000000000000e+00
1.626257397475450173e-01,0.000000000000000000e+00,0.000000000000000000e+00
1.639347366865406830e-01,0.000000000000000000e+00,0.000000000000000000e+00
1.652437336255365707e-01,0.000000000000000000e+00,0.000000000000000000e+00
1.665527305645322365e-01,0.000000000000000000e+00,0.000000000000000000e+00
1.678617275035279022e-01,0.000000000000000000e+00,0.000000000000000000e+00
1.691707244425237899e-01,0.000000000000000000e+00,0.000000000000000000e+00
1.704797213815194556e-01,0.000000000000000000e+00,0.000000000000000000e+00
1.717887183205153434e-01,0.000000000000000000e+00,0.000000000000000000e+00
1.730977152595110091e-01,0.000000000000000000e+00,0.000000000000000000e+00
1.744067121985066748e-01,0.000000000000000000e+00,0.000000000000000000e+00
1.757157091375025626e-01,0.000000000000000000e+00,0.000000000000000000e+00
1.770247060764982283e-01,0.000000000000000000e+00,0.000000000000000000e+00
1.783337030154941161e-01,0.000000000000000000e+00,0.000000000000000000e+00
1.796426999544897818e-01,0.000000000000000000e+00,0.000000000000000000e+00
1.809516968934854475e-01,0.000000000000000000e+00,0.000000000000000000e+00
1.822606938324813353e-01,0.000000000000000000e+00,0.000000000000000000e+00
1.835696907714770010e-01,0.000000000000000000e+00,0.000000000000000000e+00
1.848786877104726667e-01,0.000000000000000000e+00,0.000000000000000000e+00
1.861876846494685545e-01,0.000000000000000000e+00,0.000000000000000000e+00
1.874966815884642202e-01,0.000000000000000000e+00,0.000000000000000000e+00
1.888056785274598859e-01,0.000000000000000000e+00,0.000000000000000000e+00
1.901146754664557736e-01,0.000000000000000000e+00,0.000000000000000000e+00
1.914236724054514394e-01,0.000000000000000000e+00,0.000000000000000000e+00
1.927326693444473271e-01,0.000000000000000000e+00,0.000000000000000000e+00
1.940416662834429928e-01,0.000000000000000000e+00,0.000000000000000000e+00
1.953506632224386586e-01,0.000000000000000000e+00,0.000000000000000000e+00
1.966596601614345463e-01,0.000000000000000000e+00,0.000000000000000000e+00
1.979686571004302120e-01,0.000000000000000000e+00,0.000000000000000000e+00
1.992776540394260998e-01,0.000000000000000000e+00,0.000000000000000000e+00
2.005866509784217655e-01,0.000000000000000000e+00,0.000000000000000000e+00
2.018956479174174312e-01,0.000000000000000000e+00,0.000000000000000000e+00
2.032046448564133190e-01,0.000000000000000000e+00,0.000000000000000000e+00
2.045136417954089847e-01,0.000000000000000000e+00,0.000000000000000000e+00
2.058226387344046504e-01,0.000000000000000000e+00,0.000000000000000000e+00
2.071316356734005382e-01,0.000000000000000000e+00,0.000000000000000000e+00
2.084406326123962039e-01,0.000000000000000000e+00,0.000000000000000000e+00
2.097496295513918696e-01,0.000000000000000000e+00,0.000000000000000000e+00
2.110586264903877574e-01,0.000000000000000000e+00,0.000000000000000000e+00
2.123676234293834231e-01,0.000000000000000000e+00,0.000000000000000000e+00
2.136766203683793108e-01,0.000000000000000000e+00,0.000000000000000000e+00
2.149856173073749765e-01,0.000000000000000000e+00,0.000000000000000000e+00
2.162946142463706423e-01,0.000000000000000000e+00,0.000000000000000000e+00
2.176036111853665300e-01,0.000000000000000000e+00,0.000000000000000000e+00
2.189126081243621957e-01,0.000000000000000000e+00,0.000000000000000000e+00
2.202216050633580835e-01,0.000000000000000000e+00,0.000000000000000000e+00
2.215306020023537492e-01,0.000000000000000000e+00,0.000000000000000000e+00
2.228395989413494149e-01,0.000000000000000000e+00,0.000000000000000000e+00
2.241485958803453027e-01,0.000000000000000000e+00,0.000000000000000000e+00
2.254575928193409684e-01,0.000000000000000000e+00,0.000000000000000000e+00
2.267665897583366341e-01,0.000000000000000000e+00,0.000000000000000000e+00
2.280755866973325219e-01,0.000000000000000000e+00,0.000000000000000000e+00
2.293845836363281876e-01,0.000000000000000000e+00,0.000000000000000000e+00
2.306935805753238533e-01,0.000000000000000000e+00,0.000000000000000000e+00
2.320025775143197411e-01,0.000000000000000000e+00,0.000000000000000000e+00
2.333115744533154068e-01,0.000000000000000000e+00,0.000000000000000000e+00
2.346205713923112945e-01,0.000000000000000000e+00,0.000000000000000000e+00
2.359295683313069603e-01,0.000000000000000000e+00,0.000000000000000000e+00
2.372385652703026260e-01,0.000000000000000000e+00,0.000000000000000000e+00
2.385475622092985137e-01,0.000000000000000000e+00,0.000000000000000000e+00
2.398565591482941795e-01,0.000000000000000000e+00,0.000000000000000000e+00
2.411655560872900672e-01,0.000000000000000000e+00,0.000000000000000000e+00
2.424745530262857329e-01,0.000000000000000000e+00,0.000000000000000000e+00
2.437835499652813986e-01,0.000000000000000000e+00,0.000000000000000000e+00
2.450925469042772864e-01,0.000000000000000000e+00,0.000000000000000000e+00
2.464015438432729521e-01,0.000000000000000000e+00,0.000000000000000000e+00
2.477105407822686178e-01,0.000000000000000000e+00,0.000000000000000000e+00
2.490195377212645056e-01,0.000000000000000000e+00,0.000000000000000000e+00
2.503285346602601713e-01,0.000000000000000000e+00,0.000000000000000000e+00
2.516375315992558370e-01,0.000000000000000000e+00,0.000000000000000000e+00
2.529465285382517248e-01,0.000000000000000000e+00,0.000000000000000000e+00
2.542555254772473905e-01,0.000000000000000000e+00,0.000000000000000000e+00
2.555645224162432783e-01,0.000000000000000000e+00,0.000000000000000000e+00
2.568735193552389440e-01,0.000000000000000000e+00,0.000000000000000000e+00
2.581825162942347207e-01,0.000000000000000000e+00,0.000000000000000000e+00
2.594915132332304974e-01,0.000000000000000000e+00,0.000000000000000000e+00
2.608005101722261632e-01,0.000000000000000000e+00,0.000000000000000000e+00
2.621095071112219399e-01,0.000000000000000000e+00,0.000000000000000000e+00
2.634185040502177166e-01,0.000000000000000000e+00,0.000000000000000000e+00
2.647275009892133824e-01,0.000000000000000000e+00,0.000000000000000000e+00
2.660364979282091591e-01,0.000000000000000000e+00,0.000000000000000000e+00
2.673454948672049358e-01,0.000000000000000000e+00,0.000000000000000000e+00
2.686544918062007126e-01,0.000000000000000000e+00,0.000000000000000000e+00
2.699634887451964893e-01,0.000000000000000000e+00,0.000000000000000000e+00
2.712724856841921550e-01,0.000000000000000000e+00,0.000000000000000000e+00
2.725814826231879318e-01,0.000000000000000000e+00,0.000000000000000000e+00
2.738904795621837085e-01,0.000000000000000000e+00,0.000000000000000000e+00
2.751994765011793742e-01,0.000000000000000000e+00,0.000000000000000000e+00
2.765084734401752620e-01,0.000000000000000000e+00,0.000000000000000000e+00
2.778174703791709277e-01,0.000000000000000000e+00,0.000000000000000000e+00
2.791264673181665934e-01,0.000000000000000000e+00,0.000000000000000000e+00
2.804354642571624812e-01,0.000000000000000000e+00,0.000000000000000000e+00
2.817444611961581469e-01,0.000000000000000000e+00,0.000000000000000000e+00
2.830534581351539236e-01,0.000000000000000000e+00,0.000000000000000000e+00
2.843624550741497004e-01,0.000000000000000000e+00,0.000000000000000000e+00
2.856714520131453661e-01,0.000000000000000000e+00,0.000000000000000000e+00
2.869804489521411428e-01,0.000000000000000000e+00,0.000000000000000000e+00
2.882894458911369195e-01,0.000000000000000000e+00,0.000000000000000000e+00
2.895984428301325853e-01,0.000000000000000000e+00,0.000000000000000000e+00
2.909074397691284730e-01,0.000000000000000000e+00,0.000000000000000000e+00
2.922164367081241387e-01,0.000000000000000000e+00,0.000000000000000000e+00
2.935254336471199155e-01,0.000000000000000000e+00,0.000000000000000000e+00
2.948344305861156922e-01,0.000000000000000000e+00,0.000000000000000000e+00
2.961434275251113579e-01,0.000000000000000000e+00,0.000000000000000000e+00
2.974524244641071347e-01,0.000000000000000000e+00,0.000000000000000000e+00
2.987614214031029114e-01,0.000000000000000000e+00,0.000000000000000000e+00
3.000704183420985771e-01,4.783717029827604165e+03,-9.567434059655208330e+03
3.013794152810944649e-01,1.446969507829250142e+04,-2.893939015658500284e+04
3.026884122200901306e-01,2.149103323886845828e+04,-4.298206647773691657e+04
3.039974091590859073e-01,2.649674943111269022e+04,-5.299349886222538044e+04
3.053064060980816841e-01,3.009568551188003767e+04,-6.019137102376007533e+04
3.066154030370773498e-01,3.257279911413317677e+04,-6.514559822826635354e+04
3.079243999760731265e-01,3.421662930138654337e+04,-6.843325860277308675e+04
3.092333969150689033e-01,3.542953556840537203e+04,-7.085907113681074406e+04
3.105423938540645690e-01,3.635652227419286646e+04,-7.271304454838573292e+04
3.118513907930604567e-01,3.704633879182217788e+04,-7.409267758364435576e+04
3.131603877320561224e-01,3.753897366367645009e+04,-7.507794732735290017e+04
3.144693846710518992e-01,3.788076014631485305e+04,-7.576152029262970609e+04
3.157783816100476759e-01,3.810841159798602166e+04,-7.621682319597204332e+04
3.170873785490433416e-01,3.824010700253990217e+04,-7.648021400507980434e+04
3.183963754880391184e-01,3.828631331243312889e+04,-7.657262662486625777e+04
3.197053724270348951e-01,3.825793244017309917e+04,-7.651586488034619833e+04
3.210143693660305608e-01,3.816918615312822658e+04,-7.633837230625645316e+04
3.223233663050264486e-01,3.803895653677042719e+04,-7.607791307354085438e+04
3.236323632440221143e-01,3.788829832399611041e+04,-7.577659664799222082e+04
3.249413601830178910e-01,3.772830237372581905e+04,-7.545660474745163810e+04
3.262503571220136678e-01,3.755195266014625668e+04,-7.510390532029251335e+04
3.275593540610093335e-01,3.735304470992555434e+04,-7.470608941985110869e+04
3.288683510000051102e-01,3.713497089648365363e+04,-7.426994179296730726e+04
3.301773479390008870e-01,3.690447388022766972e+04,-7.380894776045533945e+04
3.314863448779965527e-01,3.667031929498429963e+04,-7.334063858996859926e+04
3.327953418169924404e-01,3.643524317749754846e+04,-7.287048635499509692e+04
3.341043387559881062e-01,3.619755466939936741e+04,-7.239510933879873483e+04
3.354133356949838829e-01,3.595716573908754799e+04,-7.191433147817509598e+04
3.367223326339796596e-01,3.571567001980661735e+04,-7.143134003961323469e+04
3.380313295729753253e-01,3.547348019133292109e+04,-7.094696038266584219e+04
3.393403265119711021e-01,3.522981507566336222e+04,-7.045963015132672444e+04
3.406493234509668788e-01,3.498473736099086091e+04,-6.996947472198172181e+04
3.419583203899625445e-01,3.473933132617098454e+04,-6.947866265234196908e+04
3.432673173289584323e-01,3.449487145542467624e+04,-6.898974291084935248e+04
3.445763142679540980e-01,3.425269802393073769e+04,-6.850539604786147538e+04
3.458853112069498748e-01,3.401227721476062288e+04,-6.802455442952124577e+04
3.471943081459456515e-01,3.377091450691924547e+04,-6.754182901383849094e+04
3.485033050849413172e-01,3.352957058550556394e+04,-6.705914117101112788e+04
3.498123020239370939e-01,3.329311645150763070e+04,-6.658623290301526140e+04
3.511212989629328707e-01,3.306176324629091687e+04,-6.612352649258183374e+04
3.524302959019285364e-01,3.282919627755463443e+04,-6.565839255510926887e+04
3.537392928409244242e-01,3.259425850765309951e+04,-6.518851701530619903e+04
3.550482897799200899e-01,3.236282150352117969e+04,-6.472564300704235939e+04
3.563572867189158666e-01,3.213609587301892316e+04,-6.427219174603784631e+04
3.576662836579116433e-01,3.190869227296185272e+04,-6.381738454592370545e+04
3.589752805969073091e-01,3.168023223406248871e+04,-6.336046446812497743e+04
3.602842775359030858e-01,3.145730196673530736e+04,-6.291460393347061472e+04
3.615932744748988625e-01,3.123980305533452702e+04,-6.247960611066905403e+04
3.629022714138945283e-01,3.101913822408467968e+04,-6.203827644816935936e+04
3.642112683528904160e-01,3.079487931861220568e+04,-6.158975863722441136e+04
3.655202652918860817e-01,3.057651280833364581e+04,-6.115302561666729162e+04
3.668292622308818585e-01,3.036580881211057931e+04,-6.073161762422115862e+04
3.681382591698776352e-01,3.015352976662744913e+04,-6.030705953325489827e+04
3.694472561088733009e-01,2.993751650812635853e+04,-5.987503301625271706e+04
3.707562530478690777e-01,2.972600669159449535e+04,-5.945201338318899070e+04
3.720652499868648544e-01,2.952074280077361254e+04,-5.904148560154722509e+04
3.733742469258605201e-01,2.931415204212133904e+04,-5.862830408424267807e+04
3.746832438648564079e-01,2.910463500141917757e+04,-5.820927000283835514e+04
3.759922408038520736e-01,2.889942163764486031e+04,-5.779884327528972062e+04
3.773012377428478503e-01,2.870004138952769063e+04,-5.740008277905538125e+04
3.786102346818436271e-01,2.849981258740137855e+04,-5.699962517480275710e+04
3.799192316208392928e-01,2.829729983558871754e+04,-5.659459967117743508e+04
3.812282285598350695e-01,2.809886091895583741e+04,-5.619772183791167481e+04
3.825372254988308462e-01,2.790548992596116295e+04,-5.581097985192232591e+04
3.838462224378265120e-01,2.771075758501429300e+04,-5.542151517002858600e+04
3.851552193768223997e-01,2.751367199875448568e+04,-5.502734399750897137e+04
3.864642163158180654e-01,2.732075347507047263e+04,-5.464150695014094526e+04
3.877732132548138422e-01,2.713327507041962235e+04,-5.426655014083924470e+04
3.890822101938096189e-01,2.694497985825096112e+04,-5.388995971650192223e+04
3.903912071328052846e-01,2.675443103053251980e+04,-5.350886206106503960e+04
3.917002040718010614e-01,2.656733025741439633e+04,-5.313466051482879266e+04
3.930092010107968381e-01,2.638480086671939716e+04,-5.276960173343879433e+04
3.943181979497925038e-01,2.620151652399599698e+04,-5.240303304799199395e+04
3.956271948887883916e-01,2.601665674079177916e+04,-5.203331348158355831e+04
3.969361918277840573e-01,2.583580417680809114e+04,-5.167160835361618228e+04
3.982451887667798340e-01,2.565936779037776068e+04,-5.131873558075552137e+04
3.995541857057756108e-01,2.548109075623119497e+04,-5.096218151246238995e+04
4.008631826447712765e-01,2.530062800324246928e+04,-5.060125600648493855e+04
4.021721795837670532e-01,2.512502174438096699e+04,-5.025004348876193399e+04
4.034811765227628300e-01,2.495490383913923142e+04,-4.990980767827846284e+04
4.047901734617584957e-01,2.478251816378048170e+04,-4.956503632756096340e+04
4.060991704007543834e-01,2.460685155523190770e+04,-4.921370311046381539e+04
4.074081673397500492e-01,2.443559962682523110e+04,-4.887119925365046220e+04
4.087171642787458259e-01,2.427025983497789275e+04,-4.854051966995578550e+04
4.100261612177416026e-01,2.410361172545395675e+04,-4.820722345090791350e+04
4.113351581567372683e-01,2.393391184445201725e+04,-4.786782368890403450e+04
4.126441550957330451e-01,2.376744478964760492e+04,-4.753488957929520984e+04
4.139531520347288218e-01,2.360593714165647543e+04,-4.721187428331295087e+04
4.152621489737244875e-01,2.344421721412949410e+04,-4.688843442825898819e+04
4.165711459127203753e-01,2.328058866917325577e+04,-4.656117733834651153e+04
4.178801428517160410e-01,2.311923012448236477e+04,-4.623846024896472954e+04
4.191891397907118177e-01,2.296142192867907215e+04,-4.592284385735814431e+04
4.204981367297075945e-01,2.280389316093533853e+04,-4.560778632187067706e+04
4.218071336687032602e-01,2.264569761644532628e+04,-4.529139523289065255e+04
4.231161306076990369e-01,2.248992106386478554e+04,-4.497984212772957108e+04
4.244251275466948137e-01,2.233688462105656799e+04,-4.467376924211313599e+04
4.257341244856904794e-01,2.218320076862480710e+04,-4.436640153724961419e+04
4.270431214246863671e-01,2.202876267177599948e+04,-4.405752534355199896e+04
4.283521183636820329e-01,2.187770178608854258e+04,-4.375540357217708515e+04
4.296611153026778096e-01,2.173022103167322348e+04,-4.346044206334644696e+04
4.309701122416735863e-01,2.158142221645330937e+04,-4.316284443290661875e+04
4.322791091806692521e-01,2.143082271428524837e+04,-4.286164542857049673e+04
4.335881061196650288e-01,2.128352964768095990e+04,-4.256705929536191979e+04
4.348971030586608055e-01,2.114039872680193002e+04,-4.228079745360386005e+04
4.362060999976564712e-01,2.099638609182187065e+04,-4.199277218364374130e+04
4.375150969366523590e-01,2.085047222625992072e+04,-4.170094445251984143e+04
4.388240938756480247e-01,2.070733279334858526e+04,-4.141466558669717051e+04
4.401330908146438015e-01,2.056794774257318204e+04,-4.113589548514636408e+04
4.414420877536395782e-01,2.042802096940888441e+04,-4.085604193881776882e+04
4.427510846926352439e-01,2.028662646969235357e+04,-4.057325293938470713e+04
4.440600816316310206e-01,2.014781904470050722e+04,-4.029563808940101444e+04
4.453690785706267974e-01,2.001232869310235037e+04,-4.002465738620470074e+04
4.466780755096224631e-01,1.987623609096372093e+04,-3.975247218192744185e+04
4.479870724486183509e-01,1.973889367954443151e+04,-3.947778735908886301e+04
4.492960693876140166e-01,1.960427343191078035e+04,-3.920854686382156069e+04
4.506050663266097933e-01,1.947288566409131454e+04,-3.894577132818262908e+04
4.519140632656055701e-01,1.934059257154828083e+04,-3.868118514309656166e+04
4.532230602046012358e-01,1.920689859405430980e+04,-3.841379718810861959e+04
4.545320571435970125e-01,1.907615018638666152e+04,-3.815230037277332303e+04
4.558410540825927892e-01,1.894886749952517130e+04,-3.789773499905034259e+04
4.571500510215884550e-01,1.882048246337627279e+04,-3.764096492675254558e+04
4.584590479605843427e-01,1.869038246146576057e+04,-3.738076492293152114e+04
4.597680448995800084e-01,1.856318281937770007e+04,-3.712636563875540014e+04
4.610770418385757852e-01,1.843962747984463203e+04,-3.687925495968926407e+04
4.623860387775715619e-01,1.831515159997292358e+04,-3.663030319994584715e+04
4.636950357165672276e-01,1.818888646313124264e+04,-3.637777292626248527e+04
4.650040326555630044e-01,1.806511514527965846e+04,-3.613023029055931693e+04
4.663130295945587811e-01,1.794477010286911536e+04,-3.588954020573823072e+04
4.676220265335544468e-01,1.782395421644237285e+04,-3.564790843288474571e+04
4.689310234725503346e-01,1.770171079050491244e+04,-3.540342158100982488e+04
4.702400204115460003e-01,1.758153111128635646e+04,-3.516306222257271293e+04
4.715490173505417770e-01,1.746421854244798669e+04,-3.492843708489597338e+04
4.728580142895375538e-01,1.734663056876698465e+04,-3.469326113753396930e+04
4.741670112285332195e-01,1.722806395619797331e+04,-3.445612791239594662e+04
4.754760081675289962e-01,1.711154135417521684e+04,-3.422308270835043368e+04
4.767850051065247730e-01,1.699758071382985872e+04,-3.399516142765971745e+04
4.780940020455204387e-01,1.688315697241831367e+04,-3.376631394483662734e+04
4.794029989845163264e-01,1.676778771973128460e+04,-3.353557543946256919e+04
4.807119959235119921e-01,1.665459250842176334e+04,-3.330918501684352668e+04
4.820209928625077689e-01,1.654404912615296416e+04,-3.308809825230592833e+04
4.833299898015035456e-01,1.643293876525995074e+04,-3.286587753051990148e+04
4.846389867404992113e-01,1.632070908351884464e+04,-3.264141816703768927e+04
4.859479836794949881e-01,1.621054801603510532e+04,-3.242109603207021064e+04
4.872569806184907648e-01,1.610310254205792444e+04,-3.220620508411584888e+04
4.885659775574864305e-01,1.599530745870782630e+04,-3.199061491741565260e+04
4.898749744964823183e-01,1.588643364983451283e+04,-3.177286729966902567e+04
4.911839714354779840e-01,1.577928413187487058e+04,-3.155856826374974116e+04
4.924929683744737607e-01,1.567452914800464350e+04,-3.134905829600928701e+04
4.938019653134695375e-01,1.556963833864621301e+04,-3.113927667729242603e+04
4.951109622524652032e-01,1.546406684627927098e+04,-3.092813369255854195e+04
4.964199591914609799e-01,1.536034862000632165e+04,-3.072069724001264331e+04
4.977289561304567567e-01,1.525867398254246291e+04,-3.051734796508492582e+04
4.990379530694524224e-01,1.515619781966185110e+04,-3.031239563932370220e+04
5.003469500084483101e-01,1.505290537263927399e+04,-3.010581074527854798e+04
5.016559469474439759e-01,1.495231145992561687e+04,-2.990462291985123375e+04
5.029649438864397526e-01,1.485449617711738028e+04,-2.970899235423476057e+04
5.042739408254355293e-01,1.475523080040601235e+04,-2.951046160081202470e+04
5.055829377644311950e-01,1.465413032178335743e+04,-2.930826064356671486e+04
5.068919347034269718e-01,1.455552690967291346e+04,-2.911105381934582692e+04
5.082009316424227485e-01,1.446034734583086902e+04,-2.892069469166173803e+04
5.095099285814184142e-01,1.436462066389224310e+04,-2.872924132778448620e+04
5.108189255204143020e-01,1.426718024267248802e+04,-2.853436048534497604e+04
5.121279224594099677e-01,1.417117800755343887e+04,-2.834235601510687775e+04
5.134369193984057445e-01,1.407764602065115105e+04,-2.815529204130230210e+04
5.147459163374015212e-01,1.398420398219332310e+04,-2.796840796438664620e+04
5.160549132763971869e-01,1.389003025831063133e+04,-2.778006051662126265e+04
5.173639102153929636e-01,1.379718572635128839e+04,-2.759437145270257679e+04
5.186729071543887404e-01,1.370616940282196265e+04,-2.741233880564392530e+04
5.199819040933844061e-01,1.361505694106022747e+04,-2.723011388212045495e+04
5.212909010323802939e-01,1.352348557463292127e+04,-2.704697114926584254e+04
5.225998979713759596e-01,1.343353744161927716e+04,-2.686707488323855432e+04
5.239088949103717363e-01,1.334523332903409755e+04,-2.669046665806819510e+04
5.252178918493675130e-01,1.325606481236312356e+04,-2.651212962472624713e+04
5.265268887883631788e-01,1.316629752071596158e+04,-2.633259504143192316e+04
5.278358857273589555e-01,1.307944092627052487e+04,-2.615888185254104974e+04
5.291448826663546212e-01,1.299507201412111681e+04,-2.599014402824223362e+04
5.304538796053503980e-01,1.290839257533579257e+04,-2.581678515067158514e+04
5.317628765443461747e-01,1.281961979284640620e+04,-2.563923958569281240e+04
5.330718734833419514e-01,1.273440797021172511e+04,-2.546881594042345023e+04
5.343808704223376171e-01,1.265324230846999490e+04,-2.530648461693998979e+04
5.356898673613333939e-01,1.257010763321928607e+04,-2.514021526643857214e+04
5.369988643003291706e-01,1.248404163730438449e+04,-2.496808327460876899e+04
5.383078612393249474e-01,1.240045632425173608e+04,-2.480091264850347216e+04
5.396168581783206131e-01,1.232078691239084401e+04,-2.464157382478168802e+04
5.409258551173163898e-01,1.224075169691848168e+04,-2.448150339383696337e+04
5.422348520563121665e-01,1.215905057144143029e+04,-2.431810114288286059e+04
5.435438489953079433e-01,1.207912309506228303e+04,-2.415824619012456606e+04
5.448528459343036090e-01,1.200252909860455111e+04,-2.400505819720910222e+04
5.461618428732993857e-01,1.192770660000602948e+04,-2.385541320001205895e+04
5.474708398122951625e-01,1.185439960320720274e+04,-2.370879920641440549e+04
5.487798367512909392e-01,1.178492421874100728e+04,-2.356984843748201456e+04
5.500888336902866049e-01,8.855972961047105855e+03,-2.344470746725565186e+04
5.513978306292823817e-01,7.260039851334883679e+03,-2.333751142348598296e+04
5.527068275682781584e-01,6.069022274199139247e+03,-2.324726597631579352e+04
5.540158245072739351e-01,4.470723393932565159e+03,-2.317139112012308760e+04
5.553248214462696009e-01,2.218767994809189531e+03,-2.310938498495789099e+04
5.566338183852653776e-01,2.472524954120731309e+03,-2.306139628345259189e+04
5.579428153242611543e-01,2.587144936665620662e+03,-2.302479045547051282e+04
5.592518122632569311e-01,1.962597255346578322e+03,-2.299578943273763070e+04
5.605608092022525968e-01,1.042260291084197661e+02,-2.297207036073414929e+04
5.618698061412483735e-01,9.937166233178218135e+02,-2.295254143586258579e+04
5.631788030802441503e-01,1.131486252885403246e+03,-2.293633154103697598e+04
5.644878000192399270e-01,9.286119128241238059e+02,-2.292303611495149744e+04
5.657967969582355927e-01,-4.843801318722161682e+02,-2.291372625088628411e+04
5.671057938972313694e-01,5.518316935853847554e+02,-2.290862348466067851e+04
5.684147908362271462e-01,7.513850740872270535e+02,-2.290500482185246437e+04
5.697237877752229229e-01,6.085446666959137474e+02,-2.289954499096415748e+04
5.710327847142185886e-01,-7.129712428074434456e+02,-2.289234872710998752e+04
5.723417816532143654e-01,2.908415489448566973e+02,-2.288642012150244409e+04
5.736507785922101421e-01,6.065316678549917242e+02,-2.288255470043907189e+04
5.749597755312059189e-01,3.200584218560033491e+02,-2.287988594303519130e+04
5.762687724702015846e-01,-1.197112175246530342e+03,-2.287901195415204347e+04
5.775777694091973613e-01,-1.002607447729978389e+02,-2.288048638878765632e+04
5.788867663481931380e-01,5.878985824238241094e+02,-2.288318236231774063e+04
5.801957632871889148e-01,3.330715088213439685e+02,-2.288582554921488190e+04
5.815047602261845805e-01,-9.928599454616742150e+02,-2.288527186736365547e+04
5.828137571651803572e-01,1.435805963152274671e+02,-2.287855363272164323e+04
5.841227541041761340e-01,7.653340504796099140e+02,-2.286975080918613094e+04
5.854317510431719107e-01,3.477410584748593578e+02,-2.286793748123399928e+04
5.867407479821675764e-01,-9.288701872773000332e+02,-2.287336184581198540e+04
5.880497449211633532e-01,1.695934854337159550e+02,-2.287488546911330923e+04
5.893587418601591299e-01,7.868958807671994009e+02,-2.286854882004010506e+04
5.906677387991549066e-01,3.960722436250716214e+02,-2.286005571100258385e+04
5.919767357381505724e-01,-8.678545993825333653e+02,-2.285541814530484044e+04
5.932857326771463491e-01,1.251486914397558223e+02,-2.285582767016256184e+04
5.945947296161421258e-01,7.404144778468212280e+02,-2.285654580475766488e+04
5.959037265551379026e-01,1.011323127213789235e+03,-2.285205972403812848e+04
5.972127234941335683e-01,-3.803448341275797588e+02,-2.284078283967981406e+04
5.985217204331293450e-01,9.888237258453302729e+02,-2.282613459343620343e+04
5.998307173721251218e-01,1.495802489793336008e+03,-2.281132104037858153e+04
6.011397143111208985e-01,1.811215970280794636e+03,-2.279826383290905505e+04
6.024487112501165642e-01,1.017322297517837455e+03,-2.278485431776607948e+04
6.037577081891123409e-01,2.597662077262973071e+03,-2.276318666169389689e+04
6.050667051281081177e-01,3.610696308738919015e+03,-2.272891867136750079e+04
6.063757020671038944e-01,4.745295178499131907e+03,-2.268306037801009370e+04
6.076846990060995601e-01,3.996657811049627981e+03,-2.262409322695228911e+04
6.089936959450953369e-01,6.407762913518268761e+03,-2.254301897517402176e+04
6.103026928840911136e-01,8.414005974903431706e+03,-2.242812505548717309e+04
6.116116898230868903e-01,9.629681958096491144e+03,-2.227011432489325307e+04
6.129206867620825561e-01,1.041924146678084435e+04,-2.206567853633934283e+04
6.142296837010783328e-01,1.087279598275385797e+04,-2.174559196550771594e+04
6.155386806400741095e-01,1.056616084475224125e+04,-2.113232168950448249e+04
6.168476775790698863e-01,1.001420043841197366e+04,-2.002840087682394733e+04
6.181566745180655520e-01,-7.236305380870188856e+03,-1.823700321450977935e+04
6.194656714570613287e-01,-7.692014476819045740e+03,-1.539755169486452542e+04
6.207746683960571055e-01,-5.052352858621072301e+03,-1.028843716856776700e+04
6.220836653350528822e-01,0.000000000000000000e+00,0.000000000000000000e+00
6.233926622740485479e-01,0.000000000000000000e+00,0.000000000000000000e+00
6.247016592130443247e-01,0.000000000000000000e+00,0.000000000000000000e+00
6.260106561520401014e-01,0.000000000000000000e+00,0.000000000000000000e+00
6.273196530910358781e-01,0.000000000000000000e+00,0.000000000000000000e+00
6.286286500300315438e-01,0.000000000000000000e+00,0.000000000000000000e+00
6.299376469690273206e-01,0.000000000000000000e+00,0.000000000000000000e+00
6.312466439080230973e-01,0.000000000000000000e+00,0.000000000000000000e+00
6.325556408470188741e-01,0.000000000000000000e+00,0.000000000000000000e+00
6.338646377860145398e-01,0.000000000000000000e+00,0.000000000000000000e+00
6.351736347250103165e-01,0.000000000000000000e+00,0.000000000000000000e+00
6.364826316640060933e-01,0.000000000000000000e+00,0.000000000000000000e+00
6.377916286030018700e-01,0.000000000000000000e+00,0.000000000000000000e+00
6.391006255419975357e-01,0.000000000000000000e+00,0.000000000000000000e+00
6.404096224809933124e-01,0.000000000000000000e+00,0.000000000000000000e+00
6.417186194199890892e-01,0.000000000000000000e+00,0.000000000000000000e+00
6.430276163589848659e-01,0.000000000000000000e+00,0.000000000000000000e+00
6.443366132979805316e-01,0.000000000000000000e+00,0.000000000000000000e+00
6.456456102369763084e-01,0.000000000000000000e+00,0.000000000000000000e+00
6.469546071759720851e-01,0.000000000000000000e+00,0.000000000000000000e+00
6.482636041149678618e-01,0.000000000000000000e+00,0.000000000000000000e+00
6.495726010539635276e-01,0.000000000000000000e+00,0.000000000000000000e+00
6.508815979929593043e-01,0.000000000000000000e+00,0.000000000000000000e+00
6.521905949319550810e-01,0.000000000000000000e+00,0.000000000000000000e+00
6.534995918709508578e-01,0.000000000000000000e+00,0.000000000000000000e+00
6.548085888099465235e-01,0.000000000000000000e+00,0.000000000000000000e+00
6.561175857489423002e-01,0.000000000000000000e+00,0.000000000000000000e+00
6.574265826879380770e-01,0.000000000000000000e+00,0.000000000000000000e+00
6.587355796269338537e-01,0.000000000000000000e+00,0.000000000000000000e+00
6.600445765659295194e-01,0.000000000000000000e+00,0.000000000000000000e+00
6.613535735049252962e-01,0.000000000000000000e+00,0.000000000000000000e+00
6.626625704439210729e-01,0.000000000000000000e+00,0.000000000000000000e+00
6.639715673829168496e-01,0.000000000000000000e+00,0.000000000000000000e+00
6.652805643219125153e-01,0.000000000000000000e+00,0.000000000000000000e+00
6.665895612609082921e-01,0.000000000000000000e+00,0.000000000000000000e+00
6.678985581999040688e-01,0.000000000000000000e+00,0.000000000000000000e+00
6.692075551388998456e-01,0.000000000000000000e+00,0.000000000000000000e+00
6.705165520778955113e-01,0.000000000000000000e+00,0.000000000000000000e+00
6.718255490168912880e-01,0.000000000000000000e+00,0.000000000000000000e+00
6.731345459558870647e-01,0.000000000000000000e+00,0.000000000000000000e+00
6.744435428948828415e-01,0.000000000000000000e+00,0.000000000000000000e+00
6.757525398338785072e-01,0.000000000000000000e+00,0.000000000000000000e+00
6.770615367728742839e-01,0.000000000000000000e+00,0.000000000000000000e+00
6.783705337118700607e-01,0.000000000000000000e+00,0.000000000000000000e+00
6.796795306508658374e-01,0.000000000000000000e+00,0.000000000000000000e+00
6.809885275898615031e-01,0.000000000000000000e+00,0.000000000000000000e+00
6.822975245288572799e-01,0.000000000000000000e+00,0.000000000000000000e+00
6.836065214678530566e-01,0.000000000000000000e+00,0.000000000000000000e+00
6.849155184068488333e-01,0.000000000000000000e+00,0.000000000000000000e+00
6.862245153458444991e-01,0.000000000000000000e+00,0.000000000000000000e+00
6.875335122848402758e-01,0.000000000000000000e+00,0.000000000000000000e+00
6.888425092238360525e-01,0.000000000000000000e+00,0.000000000000000000e+00
6.901515061628318293e-01,0.000000000000000000e+00,0.000000000000000000e+00
6.914605031018274950e-01,0.000000000000000000e+00,0.000000000000000000e+00
6.927695000408232717e-01,0.000000000000000000e+00,0.000000000000000000e+00
6.940784969798190485e-01,0.000000000000000000e+00,0.000000000000000000e+00
6.953874939188148252e-01,0.000000000000000000e+00,0.000000000000000000e+00
6.966964908578104909e-01,0.000000000000000000e+00,0.000000000000000000e+00
6.980054877968062677e-01,0.000000000000000000e+00,0.000000000000000000e+00
6.993144847358020444e-01,0.000000000000000000e+00,0.000000000000000000e+00
7.006234816747978211e-01,0.000000000000000000e+00,0.000000000000000000e+00
7.019324786137934868e-01,0.000000000000000000e+00,0.000000000000000000e+00
7.032414755527892636e-01,0.000000000000000000e+00,0.000000000000000000e+00
7.045504724917850403e-01,0.000000000000000000e+00,0.000000000000000000e+00
7.058594694307808171e-01,0.000000000000000000e+00,0.000000000000000000e+00
7.071684663697764828e-01,0.000000000000000000e+00,0.000000000000000000e+00
7.084774633087722595e-01,0.000000000000000000e+00,0.000000000000000000e+00
7.097864602477680362e-01,0.000000000000000000e+00,0.000000000000000000e+00
7.110954571867638130e-01,0.000000000000000000e+00,0.000000000000000000e+00
7.124044541257594787e-01,0.000000000000000000e+00,0.000000000000000000e+00
7.137134510647552554e-01,0.000000000000000000e+00,0.000000000000000000e+00
7.150224480037510322e-01,0.000000000000000000e+00,0.000000000000000000e+00
7.163314449427468089e-01,0.000000000000000000e+00,0.000000000000000000e+00
7.176404418817424746e-01,0.000000000000000000e+00,0.000000000000000000e+00
7.189494388207382514e-01,0.000000000000000000e+00,0.000000000000000000e+00
7.202584357597340281e-01,0.000000000000000000e+00,0.000000000000000000e+00
7.215674326987298048e-01,0.000000000000000000e+00,0.000000000000000000e+00
7.228764296377254706e-01,0.000000000000000000e+00,0.000000000000000000e+00
7.241854265767212473e-01,0.000000000000000000e+00,0.000000000000000000e+00
7.254944235157170240e-01,0.000000000000000000e+00,0.000000000000000000e+00
7.268034204547128008e-01,0.000000000000000000e+00,0.000000000000000000e+00
7.281124173937084665e-01,0.000000000000000000e+00,0.000000000000000000e+00
7.294214143327042432e-01,0.000000000000000000e+00,0.000000000000000000e+00
7.307304112717000200e-01,0.000000000000000000e+00,0.000000000000000000e+00
7.320394082106957967e-01,0.000000000000000000e+00,0.000000000000000000e+00
7.333484051496914624e-01,0.000000000000000000e+00,0.000000000000000000e+00
7.346574020886872392e-01,0.000000000000000000e+00,0.000000000000000000e+00
7.359663990276830159e-01,0.000000000000000000e+00,0.000000000000000000e+00
7.372753959666787926e-01,0.000000000000000000e+00,0.000000000000000000e+00
7.385843929056744583e-01,0.000000000000000000e+00,0.000000000000000000e+00
7.398933898446702351e-01,0.000000000000000000e+00,0.000000000000000000e+00
7.412023867836660118e-01,0.000000000000000000e+00,0.000000000000000000e+00
7.425113837226617886e-01,0.000000000000000000e+00,0.000000000000000000e+00
7.438203806616574543e-01,0.000000000000000000e+00,0.000000000000000000e+00
7.451293776006532310e-01,0.000000000000000000e+00,0.000000000000000000e+00
7.464383745396490077e-01,0.000000000000000000e+00,0.000000000000000000e+00
7.477473714786447845e-01,0.000000000000000000e+00,0.000000000000000000e+00
7.490563684176404502e-01,0.000000000000000000e+00,0.000000000000000000e+00
7.503653653566362269e-01,0.000000000000000000e+00,0.000000000000000000e+00
7.516743622956320037e-01,0.000000000000000000e+00,0.000000000000000000e+00
7.529833592346277804e-01,0.000000000000000000e+00,0.000000000000000000e+00
7.542923561736234461e-01,0.000000000000000000e+00,0.000000000000000000e+00
7.556013531126192229e-01,0.000000000000000000e+00,0.000000000000000000e+00
7.569103500516149996e-01,0.000000000000000000e+00,0.000000000000000000e+00
7.582193469906107763e-01,0.000000000000000000e+00,0.000000000000000000e+00
7.595283439296064421e-01,0.000000000000000000e+00,0.000000000000000000e+00
7.608373408686022188e-01,0.000000000000000000e+00,0.000000000000000000e+00
7.621463378075979955e-01,0.000000000000000000e+00,0.000000000000000000e+00
7.634553347465937723e-01,0.000000000000000000e+00,0.000000000000000000e+00
7.647643316855894380e-01,0.000000000000000000e+00,0.000000000000000000e+00
7.660733286245852147e-01,0.000000000000000000e+00,0.000000000000000000e+00
7.673823255635809915e-01,0.000000000000000000e+00,0.000000000000000000e+00
7.686913225025767682e-01,0.000000000000000000e+00,0.000000000000000000e+00
7.700003194415724339e-01,0.000000000000000000e+00,0.000000000000000000e+00
7.713093163805682106e-01,0.000000000000000000e+00,0.000000000000000000e+00
7.726183133195639874e-01,0.000000000000000000e+00,0.000000000000000000e+00
7.739273102585597641e-01,0.000000000000000000e+00,0.000000000000000000e+00
7.752363071975554298e-01,0.000000000000000000e+00,0.000000000000000000e+00
7.765453041365512066e-01,0.000000000000000000e+00,0.000000000000000000e+00
7.778543010755469833e-01,0.000000000000000000e+00,0.000000000000000000e+00
7.791632980145427601e-01,0.000000000000000000e+00,0.000000000000000000e+00
7.804722949535384258e-01,0.000000000000000000e+00,0.000000000000000000e+00
7.817812918925342025e-01,0.000000000000000000e+00,0.000000000000000000e+00
7.830902888315299792e-01,0.000000000000000000e+00,0.000000000000000000e+00
7.843992857705257560e-01,0.000000000000000000e+00,0.000000000000000000e+00
7.857082827095214217e-01,0.000000000000000000e+00,0.000000000000000000e+00
7.870172796485171984e-01,0.000000000000000000e+00,0.000000000000000000e+00
7.883262765875129752e-01,0.000000000000000000e+00,0.000000000000000000e+00
7.896352735265087519e-01,0.000000000000000000e+00,0.000000000000000000e+00
7.909442704655044176e-01,0.000000000000000000e+00,0.000000000000000000e+00
7.922532674045001944e-01,0.000000000000000000e+00,0.000000000000000000e+00
7.935622643434959711e-01,0.000000000000000000e+00,0.000000000000000000e+00
7.948712612824917478e-01,0.000000000000000000e+00,0.000000000000000000e+00
7.961802582214874136e-01,0.000000000000000000e+00,0.000000000000000000e+00
7.974892551604831903e-01,0.000000000000000000e+00,0.000000000000000000e+00
7.987982520994789670e-01,0.000000000000000000e+00,0.000000000000000000e+00
8.001072490384747438e-01,0.000000000000000000e+00,0.000000000000000000e+00
8.014162459774704095e-01,0.000000000000000000e+00,0.000000000000000000e+00
8.027252429164661862e-01,0.000000000000000000e+00,0.000000000000000000e+00
8.040342398554619630e-01,0.000000000000000000e+00,0.000000000000000000e+00
8.053432367944577397e-01,0.000000000000000000e+00,0.000000000000000000e+00
8.066522337334534054e-01,0.000000000000000000e+00,0.000000000000000000e+00
8.079612306724491821e-01,0.000000000000000000e+00,0.000000000000000000e+00
8.092702276114449589e-01,0.000000000000000000e+00,0.000000000000000000e+00
8.105792245504407356e-01,0.000000000000000000e+00,0.000000000000000000e+00
8.118882214894364013e-01,0.000000000000000000e+00,0.000000000000000000e+00
8.131972184284321781e-01,0.000000000000000000e+00,0.000000000000000000e+00
8.145062153674279548e-01,0.000000000000000000e+00,0.000000000000000000e+00
8.158152123064237315e-01,0.000000000000000000e+00,0.000000000000000000e+00
8.171242092454193973e-01,0.000000000000000000e+00,0.000000000000000000e+00
8.184332061844151740e-01,0.000000000000000000e+00,0.000000000000000000e+00
8.197422031234109507e-01,0.000000000000000000e+00,0.000000000000000000e+00
8.210512000624067275e-01,0.000000000000000000e+00,0.000000000000000000e+00
8.223601970014023932e-01,0.000000000000000000e+00,0.000000000000000000e+00
8.236691939403981699e-01,0.000000000000000000e+00,0.000000000000000000e+00
8.249781908793939467e-01,0.000000000000000000e+00,0.000000000000000000e+00
8.262871878183897234e-01,0.000000000000000000e+00,0.000000000000000000e+00
8.275961847573853891e-01,0.000000000000000000e+00,0.000000000000000000e+00
8.289051816963811659e-01,0.000000000000000000e+00,0.000000000000000000e+00
8.302141786353769426e-01,0.000000000000000000e+00,0.000000000000000000e+00
8.315231755743727193e-01,0.000000000000000000e+00,0.000000000000000000e+00
8.328321725133683850e-01,0.000000000000000000e+00,0.000000000000000000e+00
8.341411694523641618e-01,0.000000000000000000e+00,0.000000000000000000e+00
8.354501663913599385e-01,0.000000000000000000e+00,0.000000000000000000e+00
8.367591633303557153e-01,0.000000000000000000e+00,0.000000000000000000e+00
8.380681602693513810e-01,0.000000000000000000e+00,0.000000000000000000e+00
8.393771572083471577e-01,0.000000000000000000e+00,0.000000000000000000e+00
8.406861541473429345e-01,0.000000000000000000e+00,0.000000000000000000e+00
8.419951510863387112e-01,0.000000000000000000e+00,0.000000000000000000e+00
8.433041480253343769e-01,0.000000000000000000e+00,0.000000000000000000e+00
8.446131449643301536e-01,0.000000000000000000e+00,0.000000000000000000e+00
8.459221419033259304e-01,0.000000000000000000e+00,0.000000000000000000e+00
8.472311388423217071e-01,0.000000000000000000e+00,0.000000000000000000e+00
8.485401357813173728e-01,0.000000000000000000e+00,0.000000000000000000e+00
8.498491327203131496e-01,0.000000000000000000e+00,0.000000000000000000e+00
8.511581296593089263e-01,0.000000000000000000e+00,0.000000000000000000e+00
8.524671265983047030e-01,0.000000000000000000e+00,0.000000000000000000e+00
8.537761235373003688e-01,0.000000000000000000e+00,0.000000000000000000e+00
8.550851204762961455e-01,0.000000000000000000e+00,0.000000000000000000e+00
8.563941174152919222e-01,0.000000000000000000e+00,0.000000000000000000e+00
8.577031143542876990e-01,0.000000000000000000e+00,0.000000000000000000e+00
8.590121112932833647e-01,0.000000000000000000e+00,0.000000000000000000e+00
8.603211082322791414e-01,0.000000000000000000e+00,0.000000000000000000e+00
8.616301051712749182e-01,0.000000000000000000e+00,0.000000000000000000e+00
8.629391021102706949e-01,0.000000000000000000e+00,0.000000000000000000e+00
8.642480990492663606e-01,0.000000000000000000e+00,0.000000000000000000e+00
8.655570959882621374e-01,0.000000000000000000e+00,0.000000000000000000e+00
8.668660929272579141e-01,0.000000000000000000e+00,0.000000000000000000e+00
8.681750898662536908e-01,0.000000000000000000e+00,0.000000000000000000e+00
8.694840868052493565e-01,0.000000000000000000e+00,0.000000000000000000e+00
8.707930837442451333e-01,0.000000000000000000e+00,0.000000000000000000e+00
8.721020806832409100e-01,0.000000000000000000e+00,0.000000000000000000e+00
8.734110776222366868e-01,0.000000000000000000e+00,0.000000000000000000e+00
8.747200745612323525e-01,0.000000000000000000e+00,0.000000000000000000e+00
8.760290715002281292e-01,0.000000000000000000e+00,0.000000000000000000e+00
8.773380684392239059e-01,0.000000000000000000e+00,0.000000000000000000e+00
8.786470653782196827e-01,0.000000000000000000e+00,0.000000000000000000e+00
8.799560623172153484e-01,0.000000000000000000e+00,0.000000000000000000e+00
8.812650592562111251e-01,0.000000000000000000e+00,0.000000000000000000e+00
8.825740561952069019e-01,0.000000000000000000e+00,0.000000000000000000e+00
8.838830531342026786e-01,0.000000000000000000e+00,0.000000000000000000e+00
8.851920500731983443e-01,0.000000000000000000e+00,0.000000000000000000e+00
8.865010470121941211e-01,0.000000000000000000e+00,0.000000000000000000e+00
8.878100439511898978e-01,0.000000000000000000e+00,0.000000000000000000e+00
8.891190408901856745e-01,0.000000000000000000e+00,0.000000000000000000e+00
8.904280378291813403e-01,0.000000000000000000e+00,0.000000000000000000e+00
8.917370347681771170e-01,0.000000000000000000e+00,0.000000000000000000e+00
8.930460317071728937e-01,0.000000000000000000e+00,0.000000000000000000e+00
8.943550286461686705e-01,0.000000000000000000e+00,0.000000000000000000e+00
8.956640255851643362e-01,0.000000000000000000e+00,0.000000000000000000e+00
8.969730225241601129e-01,0.000000000000000000e+00,0.000000000000000000e+00
8.982820194631558897e-01,0.000000000000000000e+00,0.000000000000000000e+00
8.995910164021516664e-01,0.000000000000000000e+00,0.000000000000000000e+00
9.009000133411473321e-01,0.000000000000000000e+00,0.000000000000000000e+00
9.022090102801431089e-01,0.000000000000000000e+00,0.000000000000000000e+00
9.035180072191388856e-01,0.000000000000000000e+00,0.000000000000000000e+00
9.048270041581346623e-01,0.000000000000000000e+00,0.000000000000000000e+00
9.061360010971303280e-01,0.000000000000000000e+00,0.000000000000000000e+00
9.074449980361261048e-01,0.000000000000000000e+00,0.000000000000000000e+00
9.087539949751218815e-01,0.000000000000000000e+00,0.000000000000000000e+00
9.100629919141176583e-01,0.000000000000000000e+00,0.000000000000000000e+00
9.113719888531133240e-01,0.000000000000000000e+00,0.000000000000000000e+00
9.126809857921091007e-01,0.000000000000000000e+00,0.000000000000000000e+00
9.139899827311048774e-01,0.000000000000000000e+00,0.000000000000000000e+00
9.152989796701006542e-01,0.000000000000000000e+00,0.000000000000000000e+00
9.166079766090963199e-01,0.000000000000000000e+00,0.000000000000000000e+00
9.179169735480920966e-01,0.000000000000000000e+00,0.000000000000000000e+00
9.192259704870878734e-01,0.000000000000000000e+00,0.000000000000000000e+00
9.205349674260836501e-01,0.000000000000000000e+00,0.000000000000000000e+00
9.218439643650793158e-01,0.000000000000000000e+00,0.000000000000000000e+00
9.231529613040750926e-01,0.000000000000000000e+00,0.000000000000000000e+00
9.244619582430708693e-01,0.000000000000000000e+00,0.000000000000000000e+00
9.257709551820666460e-01,0.000000000000000000e+00,0.000000000000000000e+00
9.270799521210623118e-01,0.000000000000000000e+00,0.000000000000000000e+00
9.283889490600580885e-01,0.000000000000000000e+00,0.000000000000000000e+00
9.296979459990538652e-01,0.000000000000000000e+00,0.000000000000000000e+00
9.310069429380496420e-01,0.000000000000000000e+00,0.000000000000000000e+00
9.323159398770453077e-01,0.000000000000000000e+00,0.000000000000000000e+00
9.336249368160410844e-01,0.000000000000000000e+00,0.000000000000000000e+00
9.349339337550368612e-01,0.000000000000000000e+00,0.000000000000000000e+00
9.362429306940326379e-01,0.000000000000000000e+00,0.000000000000000000e+00
9.375519276330283036e-01,0.000000000000000000e+00,0.000000000000000000e+00
9.388609245720240803e-01,0.000000000000000000e+00,0.000000000000000000e+00
9.401699215110198571e-01,0.000000000000000000e+00,0.000000000000000000e+00
9.414789184500156338e-01,0.000000000000000000e+00,0.000000000000000000e+00
9.427879153890112995e-01,-1.250116262747166274e+03,-2.500232525494332549e+03
9.440969123280070763e-01,-5.537085473113567787e+03,-1.107417094622713557e+04
9.454059092670028530e-01,-8.165823198698373744e+03,-1.633164639739674749e+04
9.467149062059986298e-01,-9.615359739060413631e+03,-1.923071947812082726e+04
9.480239031449942955e-01,-1.051120794859946545e+04,-2.102241589719893091e+04
9.493329000839900722e-01,-1.105374409011337048e+04,-2.210748818022674095e+04
9.506418970229858489e-01,-1.134503818764260177e+04,-2.269007637528520354e+04
9.519508939619816257e-01,-1.149091410467699279e+04,-2.298182820935398559e+04
9.532598909009772914e-01,-1.158392601529125386e+04,-2.316785203058250772e+04
9.545688878399730681e-01,-1.165752818565922098e+04,-2.331505637131844196e+04
9.558778847789688449e-01,-1.171631439133626554e+04,-2.343262878267253109e+04
9.571868817179646216e-01,-1.177259631772551074e+04,-2.354519263545102149e+04
9.584958786569602873e-01,-1.183459266888870116e+04,-2.366918533777740231e+04
9.598048755959560641e-01,-1.190148740903833459e+04,-2.380297481807666918e+04
9.611138725349518408e-01,-1.197026054201255283e+04,-2.394052108402510567e+04
9.624228694739476175e-01,-1.204033055059665276e+04,-2.408066110119330551e+04
9.637318664129432833e-01,-1.211305721793253724e+04,-2.422611443586507448e+04
9.650408633519390600e-01,-1.219005064606578344e+04,-2.438010129213156688e+04
9.663498602909348367e-01,-1.226970209761737351e+04,-2.453940419523474702e+04
9.676588572299306135e-01,-1.234884317980417109e+04,-2.469768635960834217e+04
9.689678541689262792e-01,-1.242750018203537547e+04,-2.485500036407075095e+04
9.702768511079220559e-01,-1.250863711374135164e+04,-2.501727422748270328e+04
9.715858480469178327e-01,-1.259297787233976669e+04,-2.518595574467953338e+04
9.728948449859136094e-01,-1.267927319482483654e+04,-2.535854638964967307e+04
9.742038419249092751e-01,-1.276567120514135240e+04,-2.553134241028270480e+04
9.755128388639050518e-01,-1.285018049322240222e+04,-2.570036098644480444e+04
9.768218358029008286e-01,-1.293295055204027813e+04,-2.586590110408055625e+04
9.781308327418966053e-01,-1.301579692375363993e+04,-2.603159384750727986e+04
9.794398296808922710e-01,-1.310158213091159087e+04,-2.620316426182318173e+04
9.807488266198880478e-01,-1.319132252975879237e+04,-2.638264505951758474e+04
9.820578235588838245e-01,-1.328193516544874365e+04,-2.656387033089748729e+04
9.833668204978796012e-01,-1.336903788339166022e+04,-2.673807576678332043e+04
9.846758174368752670e-01,-1.345438443181673938e+04,-2.690876886363347876e+04
9.859848143758710437e-01,-1.354416542942837077e+04,-2.708833085885674154e+04
9.872938113148668204e-01,-1.363777567876494504e+04,-2.727555135752989008e+04
9.886028082538625972e-01,-1.372951009393281856e+04,-2.745902018786563713e+04
9.899118051928582629e-01,-1.381878539490011826e+04,-2.763757078980023653e+04
9.912208021318540396e-01,-1.390993948427439136e+04,-2.781987896854878272e+04
9.925297990708498164e-01,-1.400355968177381874e+04,-2.800711936354763748e+04
9.938387960098455931e-01,-1.409670585191647478e+04,-2.819341170383294957e+04
9.951477929488412588e-01,-1.419005427004333433e+04,-2.838010854008666865e+04
9.964567898878370356e-01,-1.428634464921612016e+04,-2.857268929843224032e+04
9.977657868268328123e-01,-1.438395715262996782e+04,-2.876791430525993565e+04
9.990747837658285890e-01,-1.447843446662174938e+04,-2.895686893324349876e+04
1.000383780704824144e+00,-1.457170637870833707e+04,-2.914341275741667414e+04
1.001692777643820031e+00,-1.467002803256301922e+04,-2.934005606512603845e+04
1.003001774582815919e+00,-1.477220843250317921e+04,-2.954441686500635842e+04
1.004310771521811585e+00,-1.487165891087082309e+04,-2.974331782174164618e+04
1.005619768460807251e+00,-1.496817364650208037e+04,-2.993634729300416075e+04
1.006928765399802916e+00,-1.506755484825774329e+04,-3.013510969651548658e+04
1.008237762338798804e+00,-1.517058538256707106e+04,-3.034117076513414213e+04
1.009546759277794692e+00,-1.527343737681073435e+04,-3.054687475362146870e+04
1.010855756216790358e+00,-1.537512875655018070e+04,-3.075025751310036139e+04
1.012164753155786023e+00,-1.547769384833970253e+04,-3.095538769667940505e+04
1.013473750094781689e+00,-1.558193877988774329e+04,-3.116387755977548659e+04
1.014782747033777577e+00,-1.568728281516473362e+04,-3.137456563032946724e+04
1.016091743972773243e+00,-1.579330832292617197e+04,-3.158661664585234394e+04
1.017400740911769130e+00,-1.589953638979983225e+04,-3.179907277959966450e+04
1.018709737850764796e+00,-1.600596380366138146e+04,-3.201192760732276292e+04
1.020018734789760462e+00,-1.611325833914436043e+04,-3.222651667828872087e+04
1.021327731728756127e+00,-1.622245810358212111e+04,-3.244491620716424222e+04
1.022636728667752015e+00,-1.633341448387589662e+04,-3.266682896775179324e+04
1.023945725606747903e+00,-1.644440492959251060e+04,-3.288880985918502120e+04
1.025254722545743569e+00,-1.655361644665621498e+04,-3.310723289331242995e+04
1.026563719484739234e+00,-1.666335177720891079e+04,-3.332670355441782158e+04
1.027872716423735122e+00,-1.677758881578550063e+04,-3.355517763157100126e+04
1.029181713362730788e+00,-1.689436994875606615e+04,-3.378873989751213230e+04
1.030490710301726454e+00,-1.700817929357243702e+04,-3.401635858714487404e+04
1.031799707240722119e+00,-1.712001443004686007e+04,-3.424002886009372014e+04
1.033108704179718007e+00,-1.723597923914698913e+04,-3.447195847829397826e+04
1.034417701118713673e+00,-1.735572580743033905e+04,-3.471145161486067809e+04
1.035726698057709338e+00,-1.747386486433522441e+04,-3.494772972867044882e+04
1.037035694996705004e+00,-1.759037763759461814e+04,-3.518075527518923627e+04
1.038344691935700892e+00,-1.770978507909486871e+04,-3.541957015818973741e+04
1.039653688874696558e+00,-1.783194862765863581e+04,-3.566389725531727163e+04
1.040962685813692223e+00,-1.795290924952107525e+04,-3.590581849904215051e+04
1.042271682752687889e+00,-1.807325704959465656e+04,-3.614651409918931313e+04
1.043580679691683777e+00,-1.819684378605861275e+04,-3.639368757211722550e+04
1.044889676630679443e+00,-1.832291805160849617e+04,-3.664583610321699234e+04
1.046198673569675108e+00,-1.844739434238938338e+04,-3.689478868477876676e+04
1.047507670508670774e+00,-1.857098328668793692e+04,-3.714196657337587385e+04
1.048816667447666662e+00,-1.869790843710784611e+04,-3.739581687421569222e+04
1.050125664386662327e+00,-1.882761393100555870e+04,-3.765522786201111740e+04
1.051434661325657993e+00,-1.895603168064076453e+04,-3.791206336128152907e+04
1.052743658264653659e+00,-1.908373797587586887e+04,-3.816747595175173774e+04
1.054052655203649547e+00,-1.921465350993177344e+04,-3.842930701986354688e+04
1.055361652142645212e+00,-1.934804834428146569e+04,-3.869609668856293138e+04
1.056670649081640878e+00,-1.947982201019308559e+04,-3.895964402038617118e+04
1.057979646020636544e+00,-1.961099150377285332e+04,-3.922198300754570664e+04
1.059288642959632432e+00,-1.974605068187997313e+04,-3.949210136375994625e+04
1.060597639898628097e+00,-1.988400900692501091e+04,-3.976801801385002182e+04
1.061906636837623763e+00,-2.002000477782528469e+04,-4.004000955565056938e+04
1.063215633776619429e+00,-2.015477644577170940e+04,-4.030955289154341881e+04
1.064524630715615316e+00,-2.029330692794927018e+04,-4.058661385589854035e+04
1.065833627654610982e+00,-2.043512880794365992e+04,-4.087025761588731984e+04
1.067142624593606648e+00,-2.057567073064833312e+04,-4.115134146129666624e+04
1.068451621532602314e+00,-2.071518764319253023e+04,-4.143037528638506046e+04
1.069760618471598201e+00,-2.085774292626415627e+04,-4.171548585252831253e+04
1.071069615410593867e+00,-2.100306733926206653e+04,-4.200613467852413305e+04
1.072378612349589533e+00,-2.114757057402334976e+04,-4.229514114804669953e+04
1.073687609288585199e+00,-2.129177500426179904e+04,-4.258355000852359808e+04
1.074996606227581086e+00,-2.143905059876395535e+04,-4.287810119752791070e+04
1.076305603166576752e+00,-2.158868500879354542e+04,-4.317737001758709084e+04
1.077614600105572418e+00,-2.173712043768839430e+04,-4.347424087537678861e+04
1.078923597044568083e+00,-2.188535175011095635e+04,-4.377070350022191269e+04
1.080232593983563971e+00,-2.203728769589392323e+04,-4.407457539178784646e+04
1.081541590922559637e+00,-2.219191532808662305e+04,-4.438383065617324610e+04
1.082850587861555303e+00,-2.234489893667050274e+04,-4.468979787334100547e+04
1.084159584800550968e+00,-2.249721526436200293e+04,-4.499443052872400585e+04
1.085468581739546856e+00,-2.265351196939500005e+04,-4.530702393879000010e+04
1.086777578678542522e+00,-2.281294379998235308e+04,-4.562588759996470617e+04
1.088086575617538188e+00,-2.297078517801673661e+04,-4.594157035603347322e+04
1.089395572556533853e+00,-2.312782437002641018e+04,-4.625564874005282036e+04
1.090704569495529741e+00,-2.328879857571590765e+04,-4.657759715143181529e+04
1.092013566434525407e+00,-2.345293472052792640e+04,-4.690586944105585280e+04
1.093322563373521072e+00,-2.361549182884157199e+04,-4.723098365768314397e+04
1.094631560312516738e+00,-2.377734083376125272e+04,-4.755468166752250545e+04
1.095940557251512626e+00,-2.394330604502716596e+04,-4.788661209005433193e+04
1.097249554190508292e+00,-2.411253085963923513e+04,-4.822506171927847026e+04
1.098558551129503957e+00,-2.428011053044362416e+04,-4.856022106088724831e+04
1.099867548068499623e+00,-2.444685935792235250e+04,-4.889371871584470500e+04
1.101176545007495511e+00,-2.461771544424032982e+04,-4.923543088848065963e+04
1.102485541946491177e+00,-2.479197363652299464e+04,-4.958394727304598928e+04
1.103794538885486842e+00,-2.496485969765785921e+04,-4.992971939531571843e+04
1.105103535824482508e+00,-2.513706294616544983e+04,-5.027412589233089966e+04
1.106412532763478396e+00,-2.531319296399408267e+04,-5.062638592798816535e+04
1.107721529702474061e+00,-2.549251927687048374e+04,-5.098503855374096747e+04
1.109030526641469727e+00,-2.567049119964071724e+04,-5.134098239928143448e+04
1.110339523580465393e+00,-2.584805730057651454e+04,-5.169611460115302907e+04
1.111648520519461281e+00,-2.602987834093976198e+04,-5.205975668187952397e+04
1.112957517458456946e+00,-2.621495193108962121e+04,-5.242990386217924242e+04
1.114266514397452612e+00,-2.639836352323036772e+04,-5.279672704646073544e+04
1.115575511336448278e+00,-2.658118988532713774e+04,-5.316237977065427549e+04
1.116884508275444166e+00,-2.676857508855515334e+04,-5.353715017711030669e+04
1.118193505214439831e+00,-2.695948276806652575e+04,-5.391896553613305150e+04
1.119502502153435497e+00,-2.714858467232989642e+04,-5.429716934465979284e+04
1.120811499092431163e+00,-2.733708864017656015e+04,-5.467417728035312030e+04
1.122120496031427050e+00,-2.753055516885560792e+04,-5.506111033771121583e+04
1.123429492970422716e+00,-2.772765451481788114e+04,-5.545530902963576227e+04
1.124738489909418382e+00,-2.792230952191110191e+04,-5.584461904382220382e+04
1.126047486848414048e+00,-2.811614273428518936e+04,-5.623228546857037873e+04
1.127356483787409935e+00,-2.831584935231640702e+04,-5.663169870463281404e+04
1.128665480726405601e+00,-2.851982388659286880e+04,-5.703964777318573761e+04
1.129974477665401267e+00,-2.872074405652354471e+04,-5.744148811304708943e+04
1.131283474604396933e+00,-2.892014394505295058e+04,-5.784028789010590117e+04
1.132592471543392820e+00,-2.912577982294420508e+04,-5.825155964588841016e+04
1.133901468482388486e+00,-2.933630689291324597e+04,-5.867261378582649195e+04
1.135210465421384152e+00,-2.954389374519031117e+04,-5.908778749038062233e+04
1.136519462360379817e+00,-2.974978624200857303e+04,-5.949957248401714605e+04
1.137828459299375705e+00,-2.996179765690659042e+04,-5.992359531381318084e+04
1.139137456238371371e+00,-3.017871300239347329e+04,-6.035742600478694658e+04
1.140446453177367037e+00,-3.039279323005513288e+04,-6.078558646011026576e+04
1.141755450116362702e+00,-3.060537937338992197e+04,-6.121075874677984393e+04
1.143064447055358590e+00,-3.082424445173057757e+04,-6.164848890346115513e+04
1.144373443994354256e+00,-3.104801336708572126e+04,-6.209602673417144251e+04
1.145682440933349922e+00,-3.126879803085614913e+04,-6.253759606171229825e+04
1.146991437872345587e+00,-3.148811466266495700e+04,-6.297622932532991399e+04
1.148300434811341475e+00,-3.171403083463095390e+04,-6.342806166926190781e+04
1.149609431750337141e+00,-3.194503061519721814e+04,-6.389006123039443628e+04
1.150918428689332806e+00,-3.217284940242545053e+04,-6.434569880485090107e+04
1.152227425628328472e+00,-3.239900572515664680e+04,-6.479801145031329361e+04
1.153536422567324360e+00,-3.263194132734070081e+04,-6.526388265468140162e+04
1.154845419506320026e+00,-3.287030623916751210e+04,-6.574061247833502421e+04
1.156154416445315691e+00,-3.310581105668896635e+04,-6.621162211337793269e+04
1.157463413384311357e+00,-3.333945852966044185e+04,-6.667891705932088371e+04
1.158772410323307245e+00,-3.357920897533541574e+04,-6.715841795067083149e+04
1.160081407262302911e+00,-3.382433759933138208e+04,-6.764867519866276416e+04
1.161390404201298576e+00,-3.406778948724501970e+04,-6.813557897449003940e+04
1.162699401140294242e+00,-3.431001719866042549e+04,-6.862003439732085099e+04
1.164008398079290130e+00,-3.455712168698379537e+04,-6.911424337396759074e+04
1.165317395018285795e+00,-3.480845662745531445e+04,-6.961691325491062889e+04
1.166626391957281461e+00,-3.505849663834975945e+04,-7.011699327669951890e+04
1.167935388896277127e+00,-3.530886646369241498e+04,-7.061773292738482996e+04
1.169244385835273015e+00,-3.556515557428334432e+04,-7.113031114856668864e+04
1.170553382774268680e+00,-3.582479143490739079e+04,-7.164958286981478159e+04
1.171862379713264346e+00,-3.608012063369899261e+04,-7.216024126739798521e+04
1.173171376652260012e+00,-3.633429674970734777e+04,-7.266859349941469554e+04
1.174480373591255900e+00,-3.659688185730228724e+04,-7.319376371460457449e+04
1.175789370530251565e+00,-3.686522982936186600e+04,-7.373045965872373199e+04
1.177098367469247231e+00,-3.712878569661374058e+04,-7.425757139322748117e+04
1.178407364408242897e+00,-3.738845925649728451e+04,-7.477691851299456903e+04
1.179716361347238784e+00,-3.765379399000107514e+04,-7.530758798000215029e+04
1.181025358286234450e+00,-3.792380621850054013e+04,-7.584761243700108025e+04
1.182334355225230116e+00,-3.818984414727427793e+04,-7.637968829454855586e+04
1.183643352164225782e+00,-3.845266352779119916e+04,-7.690532705558239832e+04
1.184952349103221669e+00,-3.871918991868481680e+04,-7.743837983736963361e+04
1.186261346042217335e+00,-3.898674541029668035e+04,-7.797349082059336070e+04
1.187570342981213001e+00,-3.924620080482192861e+04,-7.849240160964385723e+04
1.188879339920208666e+00,-3.949899244291712239e+04,-7.899798488583424478e+04
1.190188336859204554e+00,-3.975320419655463775e+04,-7.950640839310927549e+04
1.191497333798200220e+00,-4.000556332155274140e+04,-8.001112664310548280e+04
1.192806330737195886e+00,-4.024514278030540299e+04,-8.049028556061080599e+04
1.194115327676191551e+00,-4.046889721471505618e+04,-8.093779442943011236e+04
1.195424324615187439e+00,-3.721852772291539441e+04,-8.135980848232511198e+04
1.196733321554183105e+00,-2.747282403123670156e+04,-8.174940636351994181e+04
1.198042318493178771e+00,-1.978516436565910408e+04,-8.209034946750328527e+04
1.199351315432174436e+00,-1.447332098607408625e+04,-8.237731484777183505e+04
1.200660312371170324e+00,-1.007627543530167350e+04,-8.261922352885927830e+04
1.201969309310165990e+00,-7.413974416677623594e+03,-8.282479684441776772e+04
1.203278306249161655e+00,-5.076877908629513513e+03,-8.299868429656680382e+04
1.204587303188157321e+00,-3.709457116301433871e+03,-8.314335403134071385e+04
1.205896300127153209e+00,-2.097423579874093775e+03,-8.325916868625917414e+04
1.207205297066148875e+00,-1.695335526337240253e+03,-8.335088983703563281e+04
1.208514294005144540e+00,-1.120952611935260165e+03,-8.342753450958391477e+04
1.209823290944140206e+00,-5.646490172088315376e+02,-8.349285766244483239e+04
1.211132287883136094e+00,-1.750973916831336510e+02,-8.354358072888091556e+04
1.212441284822131760e+00,7.356841725202755811e+01,-8.358089623698532523e+04
1.213750281761127425e+00,-2.592222895519420263e+02,-8.361222327233396936e+04
1.215059278700123091e+00,-4.064904029145674258e+01,-8.364051320252157166e+04
1.216368275639118979e+00,9.383118262992186942e+01,-8.366195110711100278e+04
1.217677272578114644e+00,9.760299985614847174e+01,-8.367574818121924181e+04
1.218986269517110310e+00,-4.061482776673148010e+02,-8.368641151067595638e+04
1.220295266456105976e+00,-2.612285788775333231e+02,-8.369029446943645598e+04
1.221604263395101864e+00,-2.136250739023078893e+02,-8.368081685796660895e+04
1.222913260334097529e+00,-3.273417462491913739e+02,-8.366937747207414941e+04
1.224222257273093195e+00,-5.046279772726865644e+02,-8.368017678739799885e+04
1.225531254212088861e+00,-9.656886037931315059e+02,-8.370702508708057576e+04
1.226840251151084749e+00,-1.119119351828682738e+03,-8.371007554836437339e+04
1.228149248090080414e+00,-1.459793074861235937e+03,-8.367759986866869440e+04
1.229458245029076080e+00,-1.665217063716319217e+03,-8.362892762315628352e+04
1.230767241968071746e+00,-2.257136641702833003e+03,-8.358328765230593854e+04
1.232076238907067633e+00,-2.313271067893360396e+03,-8.354324942693281628e+04
1.233385235846063299e+00,-3.314438209794511295e+03,-8.348803656716148544e+04
1.234694232785058965e+00,-3.962083831361556349e+03,-8.339042391912822495e+04
1.236003229724054631e+00,-4.966358674851794603e+03,-8.324965273775618698e+04
1.237312226663050518e+00,-5.356090186927262039e+03,-8.309005402361262531e+04
1.238621223602046184e+00,-6.457247931819930272e+03,-8.290785281923296861e+04
1.239930220541041850e+00,-8.090506855551838271e+03,-8.267187252773174259e+04
1.241239217480037516e+00,-9.325921126256575008e+03,-8.236022824272808793e+04
1.242548214419033403e+00,-1.049004196249445704e+04,-8.195846707603633695e+04
1.243857211358029069e+00,-1.168336623131367196e+04,-8.144031283652578713e+04
1.245166208297024735e+00,-1.336026536154923633e+04,-8.076910314140684204e+04
1.246475205236020400e+00,-1.401306045490904762e+04,-7.991662513811641838e+04
1.247784202175016288e+00,-1.351815688958409737e+04,-7.885567222359476727e+04
1.249093199114011954e+00,-1.185142143929803933e+04,-7.753165960711336811e+04
1.250402196053007620e+00,-9.223030459464414889e+03,-7.587190609192622651e+04
1.251711192992003285e+00,-8.949939764184389333e+02,-7.379668249245664629e+04
1.253020189930999173e+00,1.964677254528542471e+04,-7.118508873248718737e+04
1.254329186869994839e+00,1.128602067082622852e+04,-6.774487308956455672e+04
1.255638183808990505e+00,4.488710911591115291e+03,-6.298778358589862182e+04
