# Exudyn: solution of belt drive, contact forces over belt length
# Exudyn output file
# Exudyn version=1.2.34.dev1
# endTime=1.25
# stepSize=5e-05
# nSegments=4
# nANCFnodes=240
# contactStiffnessPerArea=100000000.0
# frictionStiffnessPerArea=100000000.0
# contactStiffness=418879.02047863905
# frictionStiffness=523598.7755982988
# contactDamping=8.377580409572781
# frictionVelocityPenalty=33.70609928242229
# dryFriction=0.5
# 
8.251729974537713730e-04,7.127838644391704293e+03,-2.690828101001926188e+04
2.134169936449659133e-03,0.000000000000000000e+00,0.000000000000000000e+00
3.443166875445324848e-03,0.000000000000000000e+00,0.000000000000000000e+00
4.752163814440990564e-03,0.000000000000000000e+00,0.000000000000000000e+00
6.061160753436656279e-03,0.000000000000000000e+00,0.000000000000000000e+00
7.370157692432544039e-03,0.000000000000000000e+00,0.000000000000000000e+00
8.679154631428209754e-03,0.000000000000000000e+00,0.000000000000000000e+00
9.988151570423875469e-03,0.000000000000000000e+00,0.000000000000000000e+00
1.129714850941954118e-02,0.000000000000000000e+00,0.000000000000000000e+00
1.260614544841542894e-02,0.000000000000000000e+00,0.000000000000000000e+00
1.391514238741109466e-02,0.000000000000000000e+00,0.000000000000000000e+00
1.522413932640676038e-02,0.000000000000000000e+00,0.000000000000000000e+00
1.653313626540242609e-02,0.000000000000000000e+00,0.000000000000000000e+00
1.784213320439831385e-02,0.000000000000000000e+00,0.000000000000000000e+00
1.915113014339397957e-02,0.000000000000000000e+00,0.000000000000000000e+00
2.046012708238964528e-02,0.000000000000000000e+00,0.000000000000000000e+00
2.176912402138531100e-02,0.000000000000000000e+00,0.000000000000000000e+00
2.307812096038119876e-02,0.000000000000000000e+00,0.000000000000000000e+00
2.438711789937686447e-02,0.000000000000000000e+00,0.000000000000000000e+00
2.569611483837253019e-02,0.000000000000000000e+00,0.000000000000000000e+00
2.700511177736819590e-02,0.000000000000000000e+00,0.000000000000000000e+00
2.831410871636408366e-02,0.000000000000000000e+00,0.000000000000000000e+00
2.962310565535974938e-02,0.000000000000000000e+00,0.000000000000000000e+00
3.093210259435541509e-02,0.000000000000000000e+00,0.000000000000000000e+00
3.224109953335108081e-02,0.000000000000000000e+00,0.000000000000000000e+00
3.355009647234696857e-02,0.000000000000000000e+00,0.000000000000000000e+00
3.485909341134263428e-02,0.000000000000000000e+00,0.000000000000000000e+00
3.616809035033830000e-02,0.000000000000000000e+00,0.000000000000000000e+00
3.747708728933396571e-02,0.000000000000000000e+00,0.000000000000000000e+00
3.878608422832985347e-02,0.000000000000000000e+00,0.000000000000000000e+00
4.009508116732551919e-02,0.000000000000000000e+00,0.000000000000000000e+00
4.140407810632118490e-02,0.000000000000000000e+00,0.000000000000000000e+00
4.271307504531685062e-02,0.000000000000000000e+00,0.000000000000000000e+00
4.402207198431273838e-02,0.000000000000000000e+00,0.000000000000000000e+00
4.533106892330840409e-02,0.000000000000000000e+00,0.000000000000000000e+00
4.664006586230406981e-02,0.000000000000000000e+00,0.000000000000000000e+00
4.794906280129973553e-02,0.000000000000000000e+00,0.000000000000000000e+00
4.925805974029562329e-02,0.000000000000000000e+00,0.000000000000000000e+00
5.056705667929128900e-02,0.000000000000000000e+00,0.000000000000000000e+00
5.187605361828695472e-02,0.000000000000000000e+00,0.000000000000000000e+00
5.318505055728262043e-02,0.000000000000000000e+00,0.000000000000000000e+00
5.449404749627850819e-02,0.000000000000000000e+00,0.000000000000000000e+00
5.580304443527417391e-02,0.000000000000000000e+00,0.000000000000000000e+00
5.711204137426983962e-02,0.000000000000000000e+00,0.000000000000000000e+00
5.842103831326550534e-02,0.000000000000000000e+00,0.000000000000000000e+00
5.973003525226139310e-02,0.000000000000000000e+00,0.000000000000000000e+00
6.103903219125705881e-02,0.000000000000000000e+00,0.000000000000000000e+00
6.234802913025272453e-02,0.000000000000000000e+00,0.000000000000000000e+00
6.365702606924839024e-02,0.000000000000000000e+00,0.000000000000000000e+00
6.496602300824427800e-02,0.000000000000000000e+00,0.000000000000000000e+00
6.627501994723994372e-02,0.000000000000000000e+00,0.000000000000000000e+00
6.758401688623560943e-02,0.000000000000000000e+00,0.000000000000000000e+00
6.889301382523127515e-02,0.000000000000000000e+00,0.000000000000000000e+00
7.020201076422716291e-02,0.000000000000000000e+00,0.000000000000000000e+00
7.151100770322282862e-02,0.000000000000000000e+00,0.000000000000000000e+00
7.282000464221849434e-02,0.000000000000000000e+00,0.000000000000000000e+00
7.412900158121416005e-02,0.000000000000000000e+00,0.000000000000000000e+00
7.543799852021004781e-02,0.000000000000000000e+00,0.000000000000000000e+00
7.674699545920571353e-02,0.000000000000000000e+00,0.000000000000000000e+00
7.805599239820137925e-02,0.000000000000000000e+00,0.000000000000000000e+00
7.936498933719704496e-02,0.000000000000000000e+00,0.000000000000000000e+00
8.067398627619293272e-02,0.000000000000000000e+00,0.000000000000000000e+00
8.198298321518859844e-02,0.000000000000000000e+00,0.000000000000000000e+00
8.329198015418426415e-02,0.000000000000000000e+00,0.000000000000000000e+00
8.460097709317992987e-02,0.000000000000000000e+00,0.000000000000000000e+00
8.590997403217581763e-02,0.000000000000000000e+00,0.000000000000000000e+00
8.721897097117148334e-02,0.000000000000000000e+00,0.000000000000000000e+00
8.852796791016714906e-02,0.000000000000000000e+00,0.000000000000000000e+00
8.983696484916281477e-02,0.000000000000000000e+00,0.000000000000000000e+00
9.114596178815870253e-02,0.000000000000000000e+00,0.000000000000000000e+00
9.245495872715436825e-02,0.000000000000000000e+00,0.000000000000000000e+00
9.376395566615003396e-02,0.000000000000000000e+00,0.000000000000000000e+00
9.507295260514569968e-02,0.000000000000000000e+00,0.000000000000000000e+00
9.638194954414158744e-02,0.000000000000000000e+00,0.000000000000000000e+00
9.769094648313725315e-02,0.000000000000000000e+00,0.000000000000000000e+00
9.899994342213291887e-02,0.000000000000000000e+00,0.000000000000000000e+00
1.003089403611285846e-01,0.000000000000000000e+00,0.000000000000000000e+00
1.016179373001244723e-01,0.000000000000000000e+00,0.000000000000000000e+00
1.029269342391201381e-01,0.000000000000000000e+00,0.000000000000000000e+00
1.042359311781158038e-01,0.000000000000000000e+00,0.000000000000000000e+00
1.055449281171114695e-01,0.000000000000000000e+00,0.000000000000000000e+00
1.068539250561073572e-01,0.000000000000000000e+00,0.000000000000000000e+00
1.081629219951030230e-01,0.000000000000000000e+00,0.000000000000000000e+00
1.094719189340986887e-01,0.000000000000000000e+00,0.000000000000000000e+00
1.107809158730943544e-01,0.000000000000000000e+00,0.000000000000000000e+00
1.120899128120902422e-01,0.000000000000000000e+00,0.000000000000000000e+00
1.133989097510859079e-01,0.000000000000000000e+00,0.000000000000000000e+00
1.147079066900815736e-01,0.000000000000000000e+00,0.000000000000000000e+00
1.160169036290772393e-01,0.000000000000000000e+00,0.000000000000000000e+00
1.173259005680731271e-01,0.000000000000000000e+00,0.000000000000000000e+00
1.186348975070687928e-01,0.000000000000000000e+00,0.000000000000000000e+00
1.199438944460644585e-01,0.000000000000000000e+00,0.000000000000000000e+00
1.212528913850601242e-01,0.000000000000000000e+00,0.000000000000000000e+00
1.225618883240560120e-01,0.000000000000000000e+00,0.000000000000000000e+00
1.238708852630516777e-01,0.000000000000000000e+00,0.000000000000000000e+00
1.251798822020473434e-01,0.000000000000000000e+00,0.000000000000000000e+00
1.264888791410430091e-01,0.000000000000000000e+00,0.000000000000000000e+00
1.277978760800388969e-01,0.000000000000000000e+00,0.000000000000000000e+00
1.291068730190345626e-01,0.000000000000000000e+00,0.000000000000000000e+00
1.304158699580302283e-01,0.000000000000000000e+00,0.000000000000000000e+00
1.317248668970258940e-01,0.000000000000000000e+00,0.000000000000000000e+00
1.330338638360217818e-01,0.000000000000000000e+00,0.000000000000000000e+00
1.343428607750174475e-01,0.000000000000000000e+00,0.000000000000000000e+00
1.356518577140131132e-01,0.000000000000000000e+00,0.000000000000000000e+00
1.369608546530087789e-01,0.000000000000000000e+00,0.000000000000000000e+00
1.382698515920046667e-01,0.000000000000000000e+00,0.000000000000000000e+00
1.395788485310003324e-01,0.000000000000000000e+00,0.000000000000000000e+00
1.408878454699959981e-01,0.000000000000000000e+00,0.000000000000000000e+00
1.421968424089916638e-01,0.000000000000000000e+00,0.000000000000000000e+00
1.435058393479875516e-01,0.000000000000000000e+00,0.000000000000000000e+00
1.448148362869832173e-01,0.000000000000000000e+00,0.000000000000000000e+00
1.461238332259788830e-01,0.000000000000000000e+00,0.000000000000000000e+00
1.474328301649745487e-01,0.000000000000000000e+00,0.000000000000000000e+00
1.487418271039704365e-01,0.000000000000000000e+00,0.000000000000000000e+00
1.500508240429661022e-01,0.000000000000000000e+00,0.000000000000000000e+00
1.513598209819617679e-01,0.000000000000000000e+00,0.000000000000000000e+00
1.526688179209574336e-01,0.000000000000000000e+00,0.000000000000000000e+00
1.539778148599533214e-01,0.000000000000000000e+00,0.000000000000000000e+00
1.552868117989489871e-01,0.000000000000000000e+00,0.000000000000000000e+00
1.565958087379446528e-01,0.000000000000000000e+00,0.000000000000000000e+00
1.579048056769403185e-01,0.000000000000000000e+00,0.000000000000000000e+00
1.592138026159362063e-01,0.000000000000000000e+00,0.000000000000000000e+00
1.605227995549318720e-01,0.000000000000000000e+00,0.000000000000000000e+00
1.618317964939275377e-01,0.000000000000000000e+00,0.000000000000000000e+00
1.631407934329272003e-01,0.000000000000000000e+00,0.000000000000000000e+00
1.644497903719230880e-01,0.000000000000000000e+00,0.000000000000000000e+00
1.657587873109187537e-01,0.000000000000000000e+00,0.000000000000000000e+00
1.670677842499144194e-01,0.000000000000000000e+00,0.000000000000000000e+00
1.683767811889103072e-01,0.000000000000000000e+00,0.000000000000000000e+00
1.696857781279059729e-01,0.000000000000000000e+00,0.000000000000000000e+00
1.709947750669016386e-01,0.000000000000000000e+00,0.000000000000000000e+00
1.723037720058975264e-01,0.000000000000000000e+00,0.000000000000000000e+00
1.736127689448931921e-01,0.000000000000000000e+00,0.000000000000000000e+00
1.749217658838888578e-01,0.000000000000000000e+00,0.000000000000000000e+00
1.762307628228847456e-01,0.000000000000000000e+00,0.000000000000000000e+00
1.775397597618804113e-01,0.000000000000000000e+00,0.000000000000000000e+00
1.788487567008762991e-01,0.000000000000000000e+00,0.000000000000000000e+00
1.801577536398719648e-01,0.000000000000000000e+00,0.000000000000000000e+00
1.814667505788676305e-01,0.000000000000000000e+00,0.000000000000000000e+00
1.827757475178635183e-01,0.000000000000000000e+00,0.000000000000000000e+00
1.840847444568591840e-01,0.000000000000000000e+00,0.000000000000000000e+00
1.853937413958548497e-01,0.000000000000000000e+00,0.000000000000000000e+00
1.867027383348507374e-01,0.000000000000000000e+00,0.000000000000000000e+00
1.880117352738464032e-01,0.000000000000000000e+00,0.000000000000000000e+00
1.893207322128422909e-01,0.000000000000000000e+00,0.000000000000000000e+00
1.906297291518379566e-01,0.000000000000000000e+00,0.000000000000000000e+00
1.919387260908336224e-01,0.000000000000000000e+00,0.000000000000000000e+00
1.932477230298295101e-01,0.000000000000000000e+00,0.000000000000000000e+00
1.945567199688251758e-01,0.000000000000000000e+00,0.000000000000000000e+00
1.958657169078208415e-01,0.000000000000000000e+00,0.000000000000000000e+00
1.971747138468167293e-01,0.000000000000000000e+00,0.000000000000000000e+00
1.984837107858123950e-01,0.000000000000000000e+00,0.000000000000000000e+00
1.997927077248080607e-01,0.000000000000000000e+00,0.000000000000000000e+00
2.011017046638039485e-01,0.000000000000000000e+00,0.000000000000000000e+00
2.024107016027996142e-01,0.000000000000000000e+00,0.000000000000000000e+00
2.037196985417955020e-01,0.000000000000000000e+00,0.000000000000000000e+00
2.050286954807911677e-01,0.000000000000000000e+00,0.000000000000000000e+00
2.063376924197868334e-01,0.000000000000000000e+00,0.000000000000000000e+00
2.076466893587827212e-01,0.000000000000000000e+00,0.000000000000000000e+00
2.089556862977783869e-01,0.000000000000000000e+00,0.000000000000000000e+00
2.102646832367740526e-01,0.000000000000000000e+00,0.000000000000000000e+00
2.115736801757699403e-01,0.000000000000000000e+00,0.000000000000000000e+00
2.128826771147656061e-01,0.000000000000000000e+00,0.000000000000000000e+00
2.141916740537612718e-01,0.000000000000000000e+00,0.000000000000000000e+00
2.155006709927571595e-01,0.000000000000000000e+00,0.000000000000000000e+00
2.168096679317528253e-01,0.000000000000000000e+00,0.000000000000000000e+00
2.181186648707487130e-01,0.000000000000000000e+00,0.000000000000000000e+00
2.194276618097443787e-01,0.000000000000000000e+00,0.000000000000000000e+00
2.207366587487400444e-01,0.000000000000000000e+00,0.000000000000000000e+00
2.220456556877359322e-01,0.000000000000000000e+00,0.000000000000000000e+00
2.233546526267315979e-01,0.000000000000000000e+00,0.000000000000000000e+00
2.246636495657272636e-01,0.000000000000000000e+00,0.000000000000000000e+00
2.259726465047231514e-01,0.000000000000000000e+00,0.000000000000000000e+00
2.272816434437188171e-01,0.000000000000000000e+00,0.000000000000000000e+00
2.285906403827144828e-01,0.000000000000000000e+00,0.000000000000000000e+00
2.298996373217103706e-01,0.000000000000000000e+00,0.000000000000000000e+00
2.312086342607060363e-01,0.000000000000000000e+00,0.000000000000000000e+00
2.325176311997019241e-01,0.000000000000000000e+00,0.000000000000000000e+00
2.338266281386975898e-01,0.000000000000000000e+00,0.000000000000000000e+00
2.351356250776932555e-01,0.000000000000000000e+00,0.000000000000000000e+00
2.364446220166891433e-01,0.000000000000000000e+00,0.000000000000000000e+00
2.377536189556848090e-01,0.000000000000000000e+00,0.000000000000000000e+00
2.390626158946804747e-01,0.000000000000000000e+00,0.000000000000000000e+00
2.403716128336763624e-01,0.000000000000000000e+00,0.000000000000000000e+00
2.416806097726720282e-01,0.000000000000000000e+00,0.000000000000000000e+00
2.429896067116676939e-01,0.000000000000000000e+00,0.000000000000000000e+00
2.442986036506635816e-01,0.000000000000000000e+00,0.000000000000000000e+00
2.456076005896592473e-01,0.000000000000000000e+00,0.000000000000000000e+00
2.469165975286551351e-01,0.000000000000000000e+00,0.000000000000000000e+00
2.482255944676508008e-01,0.000000000000000000e+00,0.000000000000000000e+00
2.495345914066464665e-01,0.000000000000000000e+00,0.000000000000000000e+00
2.508435883456423543e-01,0.000000000000000000e+00,0.000000000000000000e+00
2.521525852846380200e-01,0.000000000000000000e+00,0.000000000000000000e+00
2.534615822236336857e-01,0.000000000000000000e+00,0.000000000000000000e+00
2.547705791626295735e-01,0.000000000000000000e+00,0.000000000000000000e+00
2.560795761016252392e-01,0.000000000000000000e+00,0.000000000000000000e+00
2.573885730406210159e-01,0.000000000000000000e+00,0.000000000000000000e+00
2.586975699796167927e-01,0.000000000000000000e+00,0.000000000000000000e+00
2.600065669186124584e-01,0.000000000000000000e+00,0.000000000000000000e+00
2.613155638576082351e-01,0.000000000000000000e+00,0.000000000000000000e+00
2.626245607966040119e-01,0.000000000000000000e+00,0.000000000000000000e+00
2.639335577355996776e-01,0.000000000000000000e+00,0.000000000000000000e+00
2.652425546745954543e-01,0.000000000000000000e+00,0.000000000000000000e+00
2.665515516135912311e-01,0.000000000000000000e+00,0.000000000000000000e+00
2.678605485525868968e-01,0.000000000000000000e+00,0.000000000000000000e+00
2.691695454915826735e-01,0.000000000000000000e+00,0.000000000000000000e+00
2.704785424305784503e-01,0.000000000000000000e+00,0.000000000000000000e+00
2.717875393695742270e-01,0.000000000000000000e+00,0.000000000000000000e+00
2.730965363085698927e-01,0.000000000000000000e+00,0.000000000000000000e+00
2.744055332475656694e-01,0.000000000000000000e+00,0.000000000000000000e+00
2.757145301865614462e-01,0.000000000000000000e+00,0.000000000000000000e+00
2.770235271255572229e-01,0.000000000000000000e+00,0.000000000000000000e+00
2.783325240645528886e-01,0.000000000000000000e+00,0.000000000000000000e+00
2.796415210035486654e-01,0.000000000000000000e+00,0.000000000000000000e+00
2.809505179425444421e-01,0.000000000000000000e+00,0.000000000000000000e+00
2.822595148815401078e-01,0.000000000000000000e+00,0.000000000000000000e+00
2.835685118205358846e-01,0.000000000000000000e+00,0.000000000000000000e+00
2.848775087595316613e-01,0.000000000000000000e+00,0.000000000000000000e+00
2.861865056985274380e-01,0.000000000000000000e+00,0.000000000000000000e+00
2.874955026375231038e-01,0.000000000000000000e+00,0.000000000000000000e+00
2.888044995765188805e-01,0.000000000000000000e+00,0.000000000000000000e+00
2.901134965155146572e-01,0.000000000000000000e+00,0.000000000000000000e+00
2.914224934545104340e-01,0.000000000000000000e+00,0.000000000000000000e+00
2.927314903935060997e-01,0.000000000000000000e+00,0.000000000000000000e+00
2.940404873325018764e-01,0.000000000000000000e+00,0.000000000000000000e+00
2.953494842714976532e-01,0.000000000000000000e+00,0.000000000000000000e+00
2.966584812104933189e-01,0.000000000000000000e+00,0.000000000000000000e+00
2.979674781494890956e-01,0.000000000000000000e+00,0.000000000000000000e+00
2.992764750884848723e-01,0.000000000000000000e+00,0.000000000000000000e+00
3.005854720274806491e-01,0.000000000000000000e+00,0.000000000000000000e+00
3.018944689664764258e-01,0.000000000000000000e+00,0.000000000000000000e+00
3.032034659054720915e-01,0.000000000000000000e+00,0.000000000000000000e+00
3.045124628444678683e-01,0.000000000000000000e+00,0.000000000000000000e+00
3.058214597834636450e-01,7.828764128800921753e+03,-1.565752825760184351e+04
3.071304567224593107e-01,2.604312864002358765e+04,-5.208625728004717530e+04
3.084394536614550875e-01,3.354269462790228135e+04,-6.708538925580456271e+04
3.097484506004508642e-01,3.617875820489532634e+04,-7.235751640979065269e+04
3.110574475394466409e-01,3.655524814162780240e+04,-7.311049628325560479e+04
3.123664444784424177e-01,3.638323180654794851e+04,-7.276646361309589702e+04
3.136754414174380834e-01,3.606694630260561826e+04,-7.213389260521123651e+04
3.149844383564338601e-01,3.583494695098257944e+04,-7.166989390196515888e+04
3.162934352954296369e-01,3.560863866778756346e+04,-7.121727733557512693e+04
3.176024322344253026e-01,3.532766692417184822e+04,-7.065533384834369645e+04
3.189114291734210793e-01,3.507139403412481624e+04,-7.014278806824963249e+04
3.202204261124168561e-01,3.485124453980229737e+04,-6.970248907960459474e+04
3.215294230514126328e-01,3.459932168983389420e+04,-6.919864337966778839e+04
3.228384199904084095e-01,3.431212258580344496e+04,-6.862424517160688993e+04
3.241474169294040752e-01,3.406153198611018161e+04,-6.812306397222036321e+04
3.254564138683998520e-01,3.385308116072462872e+04,-6.770616232144925743e+04
3.267654108073956287e-01,3.361584529633266357e+04,-6.723169059266532713e+04
3.280744077463912944e-01,3.334331024937068287e+04,-6.668662049874136574e+04
3.293834046853870712e-01,3.310305252972098970e+04,-6.620610505944197939e+04
3.306924016243828479e-01,3.290488762558957387e+04,-6.580977525117914774e+04
3.320013985633786247e-01,3.268664330175647410e+04,-6.537328660351294820e+04
3.333103955023744014e-01,3.243534455452093607e+04,-6.487068910904187214e+04
3.346193924413700671e-01,3.220091636287570509e+04,-6.440183272575141018e+04
3.359283893803658438e-01,3.199137113674643479e+04,-6.398274227349286957e+04
3.372373863193616206e-01,3.176440519825807132e+04,-6.352881039651614265e+04
3.385463832583572863e-01,3.151893619624382336e+04,-6.303787239248764672e+04
3.398553801973530630e-01,3.130334132251659685e+04,-6.260668264503319369e+04
3.411643771363488398e-01,3.111391805876949729e+04,-6.222783611753899459e+04
3.424733740753446165e-01,3.089264433733312399e+04,-6.178528867466624797e+04
3.437823710143403932e-01,3.064232656471390146e+04,-6.128465312942780292e+04
3.450913679533360590e-01,3.042873348571534007e+04,-6.085746697143068013e+04
3.464003648923318357e-01,3.025348816405832622e+04,-6.050697632811665244e+04
3.477093618313276124e-01,3.004621533720956359e+04,-6.009243067441912717e+04
3.490183587703232782e-01,2.980152462192091843e+04,-5.960304924384183687e+04
3.503273557093190549e-01,2.958653962649003006e+04,-5.917307925298006012e+04
3.516363526483148316e-01,2.941012617123870223e+04,-5.882025234247740445e+04
3.529453495873106084e-01,2.921105784349437090e+04,-5.842211568698874180e+04
3.542543465263063851e-01,2.898116949338203267e+04,-5.796233898676406534e+04
3.555633434653020508e-01,2.877675549582418898e+04,-5.755351099164837797e+04
3.568723404042978276e-01,2.860296750588854047e+04,-5.720593501177708094e+04
3.581813373432936043e-01,2.840542558917359565e+04,-5.681085117834719131e+04
3.594903342822892700e-01,2.818039118298099129e+04,-5.636078236596198258e+04
3.607993312212850467e-01,2.798288510971872529e+04,-5.596577021943745058e+04
3.621083281602808235e-01,2.781678046845275821e+04,-5.563356093690551643e+04
3.634173250992766002e-01,2.762661176758009606e+04,-5.525322353516019211e+04
3.647263220382723770e-01,2.740777165788707134e+04,-5.481554331577414268e+04
3.660353189772680427e-01,2.721442424535439568e+04,-5.442884849070879136e+04
3.673443159162638194e-01,2.705166990787014583e+04,-5.410333981574029167e+04
3.686533128552595961e-01,2.686694961846637307e+04,-5.373389923693274613e+04
3.699623097942552619e-01,2.665577853897260138e+04,-5.331155707794520276e+04
3.712713067332510386e-01,2.647006250119753167e+04,-5.294012500239506335e+04
3.725803036722468153e-01,2.631310787905872348e+04,-5.262621575811744697e+04
3.738893006112425921e-01,2.613234724433325391e+04,-5.226469448866650782e+04
3.751982975502383688e-01,2.592469428000242988e+04,-5.184938856000485976e+04
3.765072944892340345e-01,2.574357983472341584e+04,-5.148715966944683169e+04
3.778162914282298113e-01,2.559317804277349205e+04,-5.118635608554698410e+04
3.791252883672255880e-01,2.541996599986173533e+04,-5.083993199972347065e+04
3.804342853062212537e-01,2.521880387156852521e+04,-5.043760774313705042e+04
3.817432822452170305e-01,2.504109293449443794e+04,-5.008218586898887588e+04
3.830522791842128072e-01,2.489282358768843915e+04,-4.978564717537687829e+04
3.843612761232085839e-01,2.472520401127247169e+04,-4.945040802254494338e+04
3.856702730622043607e-01,2.453244069854062400e+04,-4.906488139708124800e+04
3.869792700012000264e-01,2.436082470269215264e+04,-4.872164940538430528e+04
3.882882669401958031e-01,2.421516244881149760e+04,-4.843032489762299519e+04
3.895972638791915799e-01,2.405072115028512053e+04,-4.810144230057024106e+04
3.909062608181872456e-01,2.386360491054361410e+04,-4.772720982108722819e+04
3.922152577571830223e-01,2.369858452005786239e+04,-4.739716904011572478e+04
3.935242546961787991e-01,2.355872071401949870e+04,-4.711744142803899740e+04
3.948332516351745758e-01,2.339838332252380496e+04,-4.679676664504760993e+04
3.961422485741703525e-01,2.321455124545805666e+04,-4.642910249091611331e+04
3.974512455131660182e-01,2.305358928684770945e+04,-4.610717857369541889e+04
3.987602424521617950e-01,2.291923035568009436e+04,-4.583846071136018872e+04
4.000692393911575717e-01,2.276484180489980645e+04,-4.552968360979961290e+04
4.013782363301532374e-01,2.258620101909210643e+04,-4.517240203818421287e+04
4.026872332691490142e-01,2.242899642123617014e+04,-4.485799284247234027e+04
4.039962302081447909e-01,2.229773830145503234e+04,-4.459547660291006468e+04
4.053052271471405676e-01,2.214773990053645321e+04,-4.429547980107290641e+04
4.066142240861363444e-01,2.197477666447964657e+04,-4.394955332895929314e+04
4.079232210251320101e-01,2.182287329085083911e+04,-4.364574658170167822e+04
4.092322179641277868e-01,2.169570825180356405e+04,-4.339141650360712811e+04
4.105412149031235636e-01,2.154928075587319472e+04,-4.309856151174638944e+04
4.118502118421192293e-01,2.138017069507865381e+04,-4.276034139015730761e+04
4.131592087811151170e-01,2.123266044243321812e+04,-4.246532088486643624e+04
4.144682057201107828e-01,2.111040250882785040e+04,-4.222080501765570079e+04
4.157772026591064485e-01,2.096886080503928315e+04,-4.193772161007856630e+04
4.170861995981023362e-01,2.080399839691869420e+04,-4.160799679383738840e+04
4.183951965370980020e-01,2.065961490233932273e+04,-4.131922980467864545e+04
4.197041934760937787e-01,2.054042142067179520e+04,-4.108084284134359041e+04
4.210131904150895554e-01,2.040374888837583057e+04,-4.080749777675166115e+04
4.223221873540852211e-01,2.024472700978503781e+04,-4.048945401957007562e+04
4.236311842930809979e-01,2.010434393069407815e+04,-4.020868786138815631e+04
4.249401812320767746e-01,1.998730691347231186e+04,-3.997461382694462372e+04
4.262491781710724403e-01,1.985402725655399627e+04,-3.970805451310799253e+04
4.275581751100683281e-01,1.970020383639708598e+04,-3.940040767279417196e+04
4.288671720490639938e-01,1.956463004766432277e+04,-3.912926009532864555e+04
4.301761689880597705e-01,1.945107035592421744e+04,-3.890214071184843488e+04
4.314851659270555473e-01,1.932097061663282511e+04,-3.864194123326565023e+04
4.327941628660512130e-01,1.917081714300993917e+04,-3.834163428601987835e+04
4.341031598050469897e-01,1.903923978163009087e+04,-3.807847956326018175e+04
4.354121567440427665e-01,1.892981596573376373e+04,-3.785963193146752747e+04
4.367211536830384322e-01,1.880375359957756154e+04,-3.760750719915512309e+04
4.380301506220343200e-01,1.865725416860187761e+04,-3.731450833720375522e+04
4.393391475610299857e-01,1.852864100235569276e+04,-3.705728200471138553e+04
4.406481445000257624e-01,1.842039605872498578e+04,-3.684079211744997156e+04
4.419571414390215391e-01,1.829291765748211765e+04,-3.658583531496423529e+04
4.432661383780172049e-01,1.814399649092465188e+04,-3.628799298184930376e+04
4.445751353170129816e-01,1.801490338711164804e+04,-3.602980677422329609e+04
4.458841322560087583e-01,1.347378157217778062e+04,-3.583894149214417121e+04
4.471931291950044240e-01,1.145491720746892133e+04,-3.566274564777607884e+04
4.485021261340003118e-01,1.162037852875357385e+04,-3.548743134258297505e+04
4.498111230729959775e-01,8.094540555311023127e+03,-3.536142884348455846e+04
4.511201200119917543e-01,4.706433959600813978e+03,-3.529339644277754269e+04
4.524291169509875310e-01,4.726776750118011478e+03,-3.523325726910495723e+04
4.537381138899831967e-01,6.408978011610865906e+03,-3.515940479879508348e+04
4.550471108289789735e-01,4.373906671694889155e+03,-3.509887343444347789e+04
4.563561077679747502e-01,1.896643766401260564e+03,-3.506072946334889275e+04
4.576651047069704159e-01,3.100074904017718382e+03,-3.501989928465431149e+04
4.589741016459663037e-01,4.882734874246003528e+03,-3.496660462571834069e+04
4.602830985849619694e-01,2.906915590320045339e+03,-3.492250605282009201e+04
4.615920955239577461e-01,1.188252972450895186e+03,-3.489403307228245103e+04
4.629010924629535229e-01,2.686427538335433383e+03,-3.485778988456320076e+04
4.642100894019491886e-01,4.814318024856705961e+03,-3.480561687206367060e+04
4.655190863409449653e-01,2.972860488633966725e+03,-3.475934300404819078e+04
4.668280832799407420e-01,1.558080238449022090e+03,-3.472725530949845415e+04
4.681370802189364078e-01,2.187185139576849906e+03,-3.468903327074262779e+04
4.694460771579322955e-01,4.765263694187739020e+03,-3.463804163277180487e+04
4.707550740969279612e-01,2.970728045036448748e+03,-3.459614177404961811e+04
4.720640710359237380e-01,8.258074494847114693e+02,-3.456968551361855498e+04
4.733730679749195147e-01,2.280923689608895529e+03,-3.453490245250403677e+04
4.746820649139151804e-01,4.939150077783713641e+03,-3.448400757693782361e+04
4.759910618529109572e-01,2.783346394932628755e+03,-3.443984553720661643e+04
4.773000587919067339e-01,1.129607833787410755e+03,-3.441123884071471548e+04
4.786090557309023996e-01,2.194044725022020430e+03,-3.437689294185205654e+04
4.799180526698982874e-01,4.767991130025759958e+03,-3.432826516298259230e+04
4.812270496088939531e-01,2.915918498975523562e+03,-3.428545614114344789e+04
4.825360465478897298e-01,8.048684824937552094e+02,-3.425658853794214519e+04
4.838450434868855066e-01,2.579819642560311877e+03,-3.422198138526679395e+04
4.851540404258811723e-01,4.853661143834388895e+03,-3.417280398150439578e+04
4.864630373648769490e-01,3.150865954316301668e+03,-3.412690078224796162e+04
4.877720343038727258e-01,1.384385866859930957e+03,-3.409074648629198782e+04
4.890810312428683915e-01,3.000761469077522179e+03,-3.404620172488569369e+04
4.903900281818642792e-01,5.169479707838783725e+03,-3.398932339858208434e+04
4.916990251208599449e-01,3.164455948407361120e+03,-3.394332610998228483e+04
4.930080220598557217e-01,8.200157686442715885e+02,-3.391466984109025361e+04
4.943170189988514984e-01,2.310380916676195284e+03,-3.387813182323271758e+04
4.956260159378471641e-01,5.234428606384788509e+03,-3.382544828992476687e+04
4.969350128768429409e-01,3.316361241656574293e+03,-3.378041616933352634e+04
4.982440098158387176e-01,1.027441195298672483e+03,-3.375051302397676045e+04
4.995530067548343833e-01,2.548856005312923116e+03,-3.371157661456679489e+04
5.008620036938302711e-01,5.026478080739838333e+03,-3.365628919491621491e+04
5.021710006328259368e-01,3.593701932420963203e+03,-3.360926235784634628e+04
5.034799975718217135e-01,1.054077543324649696e+03,-3.357728201396975055e+04
5.047889945108174903e-01,2.973822754375054956e+03,-3.353467413940375263e+04
5.060979914498131560e-01,5.295729710555571728e+03,-3.347468071485924156e+04
5.074069883888089327e-01,3.707211930780377770e+03,-3.342394280151346902e+04
5.087159853278047095e-01,8.742993858205072684e+02,-3.339240337927045039e+04
5.100249822668003752e-01,2.325605905765353782e+03,-3.335591891431998374e+04
5.113339792057962629e-01,5.316302216659057194e+03,-3.330419972823947319e+04
5.126429761447919287e-01,3.305923201351605258e+03,-3.325811057435624389e+04
5.139519730837877054e-01,1.171698271128229180e+03,-3.322497971880895057e+04
5.152609700227834821e-01,2.843887934601214511e+03,-3.318355434012463229e+04
5.165699669617791479e-01,5.364171445709504042e+03,-3.312667316813989601e+04
5.178789639007749246e-01,3.256389115293959549e+03,-3.307611835749777674e+04
5.191879608397707013e-01,1.303468656726540758e+03,-3.304209649684396572e+04
5.204969577787663670e-01,2.491120058834714200e+03,-3.300594185752001795e+04
5.218059547177622548e-01,4.926625638227512354e+03,-3.295751450769362418e+04
5.231149516567579205e-01,3.146463622402992769e+03,-3.291234289987673401e+04
5.244239485957536973e-01,1.421204069048646033e+03,-3.287722516755425750e+04
5.257329455347494740e-01,2.738326193999608677e+03,-3.283613570587964205e+04
5.270419424737451397e-01,5.047677700827956869e+03,-3.278319854948088323e+04
5.283509394127409164e-01,3.627353087522178157e+03,-3.273672722817098111e+04
5.296599363517366932e-01,1.197405270679022124e+03,-3.270212434710238449e+04
5.309689332907323589e-01,2.764781913541102313e+03,-3.265866074863786343e+04
5.322779302297282467e-01,5.163146585789382698e+03,-3.260151153050527864e+04
5.335869271687239124e-01,3.723440320305277965e+03,-3.255493950698141998e+04
5.348959241077196891e-01,1.198493425337998360e+03,-3.252494240795450241e+04
5.362049210467154658e-01,2.421670016344734904e+03,-3.248480516644875024e+04
5.375139179857111316e-01,5.278819155860411229e+03,-3.242758627316741331e+04
5.388229149247069083e-01,3.486636286933379324e+03,-3.238045049918388031e+04
5.401319118637026850e-01,1.650795035146353030e+03,-3.234963725082571545e+04
5.414409088026983508e-01,2.919428116900231544e+03,-3.230607019760273033e+04
5.427499057416942385e-01,5.411792951844027812e+03,-3.224303173852217515e+04
5.440589026806899042e-01,3.712125449873603429e+03,-3.219029301220888374e+04
5.453678996196856810e-01,1.388720541987567685e+03,-3.215732429192259951e+04
5.466768965586814577e-01,2.951223947754618621e+03,-3.211634174471114966e+04
5.479858934976771234e-01,5.392269263093417067e+03,-3.205728490358220006e+04
5.492948904366729002e-01,3.850448238288101948e+03,-3.200470941576780024e+04
5.506038873756686769e-01,1.380442350481586345e+03,-3.196850014920114336e+04
5.519128843146643426e-01,2.934652306988270084e+03,-3.192715732202066647e+04
5.532218812536602304e-01,4.908754661662665967e+03,-3.187188947612198535e+04
5.545308781926558961e-01,3.808580576583736729e+03,-3.182310696089954945e+04
5.558398751316516728e-01,1.086922994335251587e+03,-3.178961687880306272e+04
5.571488720706474496e-01,2.544299244775063471e+03,-3.175260080498573006e+04
5.584578690096431153e-01,4.859807003713750419e+03,-3.170355958562106753e+04
5.597668659486388920e-01,3.231922277920820761e+03,-3.166023789187310467e+04
5.610758628876346688e-01,1.420153624699269812e+03,-3.162867384240861793e+04
5.623848598266303345e-01,2.710743125765372952e+03,-3.158945795110701511e+04
5.636938567656262222e-01,4.573697383216284834e+03,-3.153680440927977907e+04
5.650028537046218879e-01,3.236244409839836408e+03,-3.149208908178343700e+04
5.663118506436176647e-01,1.388397437988299771e+03,-3.146302214470146646e+04
5.676208475826134414e-01,2.925909534811924914e+03,-3.142769042492795415e+04
5.689298445216091071e-01,4.589490292315439547e+03,-3.137615861921879332e+04
5.702388414606048839e-01,3.829752763392332326e+03,-3.132643558231466523e+04
5.715478383996006606e-01,1.613942144875437634e+03,-3.128711496641780104e+04
5.728568353385963263e-01,2.987220350366775165e+03,-3.124293463849058753e+04
5.741658322775922141e-01,4.965755069648844255e+03,-3.118891660943227907e+04
5.754748292165878798e-01,3.727912701498504248e+03,-3.114459439153609128e+04
5.767838261555836565e-01,1.383052521359949878e+03,-3.111292202724945309e+04
5.780928230945794333e-01,3.231811264877374015e+03,-3.106827070141087825e+04
5.794018200335750990e-01,5.169348268046205703e+03,-3.100595724855455774e+04
5.807108169725708757e-01,4.134863038990764835e+03,-3.095438133397553975e+04
5.820198139115666525e-01,1.943666542447513166e+03,-3.091937384054972790e+04
5.833288108505623182e-01,2.911419016946348620e+03,-3.087119078497542796e+04
5.846378077895582059e-01,5.011247110516846078e+03,-3.080635474038382381e+04
5.859468047285538717e-01,3.892137494123942361e+03,-3.076030115344342266e+04
5.872558016675496484e-01,1.710945173641139945e+03,-3.073867935959984970e+04
5.885647986065454251e-01,2.887507585397348066e+03,-3.070130738614943039e+04
5.898737955455410908e-01,4.930877329860755708e+03,-3.063625326031832446e+04
5.911827924845368676e-01,3.718100595008345863e+03,-3.057566423317487352e+04
5.924917894235326443e-01,1.606111289575673027e+03,-3.053849240788071984e+04
5.938007863625283100e-01,2.906085841997487023e+03,-3.050737694008015387e+04
5.951097833015241978e-01,4.797615146709329565e+03,-3.046594561617404543e+04
5.964187802405198635e-01,3.697945636147550886e+03,-3.042180838375076564e+04
5.977277771795156402e-01,1.750172603076253836e+03,-3.038273227223393769e+04
5.990367741185114170e-01,2.837629657751285322e+03,-3.034109467598076299e+04
6.003457710575070827e-01,4.893383397322296332e+03,-3.028812269440139789e+04
6.016547679965028594e-01,4.285710974135168726e+03,-3.022951064403923738e+04
6.029637649354986362e-01,1.858449612251298959e+03,-3.017841086929999801e+04
6.042727618744943019e-01,3.471213913139125452e+03,-3.013715766449343209e+04
6.055817588134901897e-01,5.294196497744848784e+03,-3.009574768341704475e+04
6.068907557524858554e-01,4.897916950371720304e+03,-3.005015196066580029e+04
6.081997526914816321e-01,2.475010774407468944e+03,-2.999282998012452299e+04
6.095087496304774088e-01,4.107660868586644938e+03,-2.991125332649377742e+04
6.108177465694730746e-01,6.094285878675573258e+03,-2.981685384783284826e+04
6.121267435084688513e-01,6.186194943919770594e+03,-2.974653494471110389e+04
6.134357404474646280e-01,4.662042770170644872e+03,-2.978112255761128108e+04
6.147447373864602937e-01,7.304503578904642382e+03,-3.004025046326604206e+04
6.160537343254561815e-01,1.113233394205287004e+04,-3.061536519367780056e+04
6.173627312644518472e-01,1.299389842967700497e+04,-3.157812082540497067e+04
6.186717282034476240e-01,1.572877407518965265e+04,-3.344851259400381241e+04
6.199807251424434007e-01,1.689108635432304800e+04,-3.378217270864609600e+04
6.212897220814390664e-01,1.343296264990876080e+04,-2.686592529981752159e+04
6.225987190204348432e-01,-1.619296656583050208e+03,-8.860149835131100190e+03
6.239077159594306199e-01,0.000000000000000000e+00,0.000000000000000000e+00
6.252167128984262856e-01,0.000000000000000000e+00,0.000000000000000000e+00
6.265257098374221734e-01,0.000000000000000000e+00,0.000000000000000000e+00
6.278347067764178391e-01,0.000000000000000000e+00,0.000000000000000000e+00
6.291437037154136158e-01,0.000000000000000000e+00,0.000000000000000000e+00
6.304527006544093926e-01,0.000000000000000000e+00,0.000000000000000000e+00
6.317616975934050583e-01,0.000000000000000000e+00,0.000000000000000000e+00
6.330706945324008350e-01,0.000000000000000000e+00,0.000000000000000000e+00
6.343796914713966117e-01,0.000000000000000000e+00,0.000000000000000000e+00
6.356886884103922775e-01,0.000000000000000000e+00,0.000000000000000000e+00
6.369976853493881652e-01,0.000000000000000000e+00,0.000000000000000000e+00
6.383066822883838309e-01,0.000000000000000000e+00,0.000000000000000000e+00
6.396156792273796077e-01,0.000000000000000000e+00,0.000000000000000000e+00
6.409246761663753844e-01,0.000000000000000000e+00,0.000000000000000000e+00
6.422336731053710501e-01,0.000000000000000000e+00,0.000000000000000000e+00
6.435426700443668269e-01,0.000000000000000000e+00,0.000000000000000000e+00
6.448516669833626036e-01,0.000000000000000000e+00,0.000000000000000000e+00
6.461606639223582693e-01,0.000000000000000000e+00,0.000000000000000000e+00
6.474696608613541571e-01,0.000000000000000000e+00,0.000000000000000000e+00
6.487786578003498228e-01,0.000000000000000000e+00,0.000000000000000000e+00
6.500876547393455995e-01,0.000000000000000000e+00,0.000000000000000000e+00
6.513966516783413763e-01,0.000000000000000000e+00,0.000000000000000000e+00
6.527056486173370420e-01,0.000000000000000000e+00,0.000000000000000000e+00
6.540146455563328187e-01,0.000000000000000000e+00,0.000000000000000000e+00
6.553236424953285955e-01,0.000000000000000000e+00,0.000000000000000000e+00
6.566326394343242612e-01,0.000000000000000000e+00,0.000000000000000000e+00
6.579416363733201489e-01,0.000000000000000000e+00,0.000000000000000000e+00
6.592506333123158146e-01,0.000000000000000000e+00,0.000000000000000000e+00
6.605596302513115914e-01,0.000000000000000000e+00,0.000000000000000000e+00
6.618686271903073681e-01,0.000000000000000000e+00,0.000000000000000000e+00
6.631776241293030338e-01,0.000000000000000000e+00,0.000000000000000000e+00
6.644866210682988106e-01,0.000000000000000000e+00,0.000000000000000000e+00
6.657956180072944763e-01,0.000000000000000000e+00,0.000000000000000000e+00
6.671046149462902530e-01,0.000000000000000000e+00,0.000000000000000000e+00
6.684136118852860298e-01,0.000000000000000000e+00,0.000000000000000000e+00
6.697226088242818065e-01,0.000000000000000000e+00,0.000000000000000000e+00
6.710316057632774722e-01,0.000000000000000000e+00,0.000000000000000000e+00
6.723406027022732490e-01,0.000000000000000000e+00,0.000000000000000000e+00
6.736495996412690257e-01,0.000000000000000000e+00,0.000000000000000000e+00
6.749585965802648024e-01,0.000000000000000000e+00,0.000000000000000000e+00
6.762675935192604681e-01,0.000000000000000000e+00,0.000000000000000000e+00
6.775765904582562449e-01,0.000000000000000000e+00,0.000000000000000000e+00
6.788855873972520216e-01,0.000000000000000000e+00,0.000000000000000000e+00
6.801945843362477984e-01,0.000000000000000000e+00,0.000000000000000000e+00
6.815035812752434641e-01,0.000000000000000000e+00,0.000000000000000000e+00
6.828125782142392408e-01,0.000000000000000000e+00,0.000000000000000000e+00
6.841215751532350176e-01,0.000000000000000000e+00,0.000000000000000000e+00
6.854305720922307943e-01,0.000000000000000000e+00,0.000000000000000000e+00
6.867395690312264600e-01,0.000000000000000000e+00,0.000000000000000000e+00
6.880485659702222367e-01,0.000000000000000000e+00,0.000000000000000000e+00
6.893575629092180135e-01,0.000000000000000000e+00,0.000000000000000000e+00
6.906665598482137902e-01,0.000000000000000000e+00,0.000000000000000000e+00
6.919755567872094559e-01,0.000000000000000000e+00,0.000000000000000000e+00
6.932845537262052327e-01,0.000000000000000000e+00,0.000000000000000000e+00
6.945935506652010094e-01,0.000000000000000000e+00,0.000000000000000000e+00
6.959025476041967861e-01,0.000000000000000000e+00,0.000000000000000000e+00
6.972115445431924519e-01,0.000000000000000000e+00,0.000000000000000000e+00
6.985205414821882286e-01,0.000000000000000000e+00,0.000000000000000000e+00
6.998295384211840053e-01,0.000000000000000000e+00,0.000000000000000000e+00
7.011385353601797821e-01,0.000000000000000000e+00,0.000000000000000000e+00
7.024475322991754478e-01,0.000000000000000000e+00,0.000000000000000000e+00
7.037565292381712245e-01,0.000000000000000000e+00,0.000000000000000000e+00
7.050655261771670013e-01,0.000000000000000000e+00,0.000000000000000000e+00
7.063745231161627780e-01,0.000000000000000000e+00,0.000000000000000000e+00
7.076835200551584437e-01,0.000000000000000000e+00,0.000000000000000000e+00
7.089925169941542205e-01,0.000000000000000000e+00,0.000000000000000000e+00
7.103015139331499972e-01,0.000000000000000000e+00,0.000000000000000000e+00
7.116105108721457739e-01,0.000000000000000000e+00,0.000000000000000000e+00
7.129195078111414396e-01,0.000000000000000000e+00,0.000000000000000000e+00
7.142285047501372164e-01,0.000000000000000000e+00,0.000000000000000000e+00
7.155375016891329931e-01,0.000000000000000000e+00,0.000000000000000000e+00
7.168464986281287699e-01,0.000000000000000000e+00,0.000000000000000000e+00
7.181554955671244356e-01,0.000000000000000000e+00,0.000000000000000000e+00
7.194644925061202123e-01,0.000000000000000000e+00,0.000000000000000000e+00
7.207734894451159890e-01,0.000000000000000000e+00,0.000000000000000000e+00
7.220824863841117658e-01,0.000000000000000000e+00,0.000000000000000000e+00
7.233914833231074315e-01,0.000000000000000000e+00,0.000000000000000000e+00
7.247004802621032082e-01,0.000000000000000000e+00,0.000000000000000000e+00
7.260094772010989850e-01,0.000000000000000000e+00,0.000000000000000000e+00
7.273184741400947617e-01,0.000000000000000000e+00,0.000000000000000000e+00
7.286274710790904274e-01,0.000000000000000000e+00,0.000000000000000000e+00
7.299364680180862042e-01,0.000000000000000000e+00,0.000000000000000000e+00
7.312454649570819809e-01,0.000000000000000000e+00,0.000000000000000000e+00
7.325544618960777576e-01,0.000000000000000000e+00,0.000000000000000000e+00
7.338634588350734234e-01,0.000000000000000000e+00,0.000000000000000000e+00
7.351724557740692001e-01,0.000000000000000000e+00,0.000000000000000000e+00
7.364814527130649768e-01,0.000000000000000000e+00,0.000000000000000000e+00
7.377904496520607536e-01,0.000000000000000000e+00,0.000000000000000000e+00
7.390994465910564193e-01,0.000000000000000000e+00,0.000000000000000000e+00
7.404084435300521960e-01,0.000000000000000000e+00,0.000000000000000000e+00
7.417174404690479728e-01,0.000000000000000000e+00,0.000000000000000000e+00
7.430264374080437495e-01,0.000000000000000000e+00,0.000000000000000000e+00
7.443354343470394152e-01,0.000000000000000000e+00,0.000000000000000000e+00
7.456444312860351920e-01,0.000000000000000000e+00,0.000000000000000000e+00
7.469534282250309687e-01,0.000000000000000000e+00,0.000000000000000000e+00
7.482624251640267454e-01,0.000000000000000000e+00,0.000000000000000000e+00
7.495714221030224111e-01,0.000000000000000000e+00,0.000000000000000000e+00
7.508804190420181879e-01,0.000000000000000000e+00,0.000000000000000000e+00
7.521894159810139646e-01,0.000000000000000000e+00,0.000000000000000000e+00
7.534984129200097414e-01,0.000000000000000000e+00,0.000000000000000000e+00
7.548074098590054071e-01,0.000000000000000000e+00,0.000000000000000000e+00
7.561164067980011838e-01,0.000000000000000000e+00,0.000000000000000000e+00
7.574254037369969605e-01,0.000000000000000000e+00,0.000000000000000000e+00
7.587344006759927373e-01,0.000000000000000000e+00,0.000000000000000000e+00
7.600433976149884030e-01,0.000000000000000000e+00,0.000000000000000000e+00
7.613523945539841797e-01,0.000000000000000000e+00,0.000000000000000000e+00
7.626613914929799565e-01,0.000000000000000000e+00,0.000000000000000000e+00
7.639703884319757332e-01,0.000000000000000000e+00,0.000000000000000000e+00
7.652793853709713989e-01,0.000000000000000000e+00,0.000000000000000000e+00
7.665883823099671757e-01,0.000000000000000000e+00,0.000000000000000000e+00
7.678973792489629524e-01,0.000000000000000000e+00,0.000000000000000000e+00
7.692063761879587291e-01,0.000000000000000000e+00,0.000000000000000000e+00
7.705153731269543949e-01,0.000000000000000000e+00,0.000000000000000000e+00
7.718243700659501716e-01,0.000000000000000000e+00,0.000000000000000000e+00
7.731333670049459483e-01,0.000000000000000000e+00,0.000000000000000000e+00
7.744423639439417251e-01,0.000000000000000000e+00,0.000000000000000000e+00
7.757513608829373908e-01,0.000000000000000000e+00,0.000000000000000000e+00
7.770603578219331675e-01,0.000000000000000000e+00,0.000000000000000000e+00
7.783693547609289443e-01,0.000000000000000000e+00,0.000000000000000000e+00
7.796783516999247210e-01,0.000000000000000000e+00,0.000000000000000000e+00
7.809873486389203867e-01,0.000000000000000000e+00,0.000000000000000000e+00
7.822963455779161634e-01,0.000000000000000000e+00,0.000000000000000000e+00
7.836053425169119402e-01,0.000000000000000000e+00,0.000000000000000000e+00
7.849143394559077169e-01,0.000000000000000000e+00,0.000000000000000000e+00
7.862233363949033826e-01,0.000000000000000000e+00,0.000000000000000000e+00
7.875323333338991594e-01,0.000000000000000000e+00,0.000000000000000000e+00
7.888413302728949361e-01,0.000000000000000000e+00,0.000000000000000000e+00
7.901503272118907129e-01,0.000000000000000000e+00,0.000000000000000000e+00
7.914593241508863786e-01,0.000000000000000000e+00,0.000000000000000000e+00
7.927683210898821553e-01,0.000000000000000000e+00,0.000000000000000000e+00
7.940773180288779320e-01,0.000000000000000000e+00,0.000000000000000000e+00
7.953863149678737088e-01,0.000000000000000000e+00,0.000000000000000000e+00
7.966953119068693745e-01,0.000000000000000000e+00,0.000000000000000000e+00
7.980043088458651512e-01,0.000000000000000000e+00,0.000000000000000000e+00
7.993133057848609280e-01,0.000000000000000000e+00,0.000000000000000000e+00
8.006223027238567047e-01,0.000000000000000000e+00,0.000000000000000000e+00
8.019312996628523704e-01,0.000000000000000000e+00,0.000000000000000000e+00
8.032402966018481472e-01,0.000000000000000000e+00,0.000000000000000000e+00
8.045492935408439239e-01,0.000000000000000000e+00,0.000000000000000000e+00
8.058582904798397006e-01,0.000000000000000000e+00,0.000000000000000000e+00
8.071672874188353664e-01,0.000000000000000000e+00,0.000000000000000000e+00
8.084762843578311431e-01,0.000000000000000000e+00,0.000000000000000000e+00
8.097852812968269198e-01,0.000000000000000000e+00,0.000000000000000000e+00
8.110942782358226966e-01,0.000000000000000000e+00,0.000000000000000000e+00
8.124032751748183623e-01,0.000000000000000000e+00,0.000000000000000000e+00
8.137122721138141390e-01,0.000000000000000000e+00,0.000000000000000000e+00
8.150212690528099158e-01,0.000000000000000000e+00,0.000000000000000000e+00
8.163302659918056925e-01,0.000000000000000000e+00,0.000000000000000000e+00
8.176392629308013582e-01,0.000000000000000000e+00,0.000000000000000000e+00
8.189482598697971349e-01,0.000000000000000000e+00,0.000000000000000000e+00
8.202572568087929117e-01,0.000000000000000000e+00,0.000000000000000000e+00
8.215662537477886884e-01,0.000000000000000000e+00,0.000000000000000000e+00
8.228752506867843541e-01,0.000000000000000000e+00,0.000000000000000000e+00
8.241842476257801309e-01,0.000000000000000000e+00,0.000000000000000000e+00
8.254932445647759076e-01,0.000000000000000000e+00,0.000000000000000000e+00
8.268022415037716843e-01,0.000000000000000000e+00,0.000000000000000000e+00
8.281112384427673501e-01,0.000000000000000000e+00,0.000000000000000000e+00
8.294202353817631268e-01,0.000000000000000000e+00,0.000000000000000000e+00
8.307292323207589035e-01,0.000000000000000000e+00,0.000000000000000000e+00
8.320382292597546803e-01,0.000000000000000000e+00,0.000000000000000000e+00
8.333472261987503460e-01,0.000000000000000000e+00,0.000000000000000000e+00
8.346562231377461227e-01,0.000000000000000000e+00,0.000000000000000000e+00
8.359652200767418995e-01,0.000000000000000000e+00,0.000000000000000000e+00
8.372742170157376762e-01,0.000000000000000000e+00,0.000000000000000000e+00
8.385832139547333419e-01,0.000000000000000000e+00,0.000000000000000000e+00
8.398922108937291187e-01,0.000000000000000000e+00,0.000000000000000000e+00
8.412012078327248954e-01,0.000000000000000000e+00,0.000000000000000000e+00
8.425102047717206721e-01,0.000000000000000000e+00,0.000000000000000000e+00
8.438192017107163378e-01,0.000000000000000000e+00,0.000000000000000000e+00
8.451281986497121146e-01,0.000000000000000000e+00,0.000000000000000000e+00
8.464371955887078913e-01,0.000000000000000000e+00,0.000000000000000000e+00
8.477461925277036681e-01,0.000000000000000000e+00,0.000000000000000000e+00
8.490551894666993338e-01,0.000000000000000000e+00,0.000000000000000000e+00
8.503641864056951105e-01,0.000000000000000000e+00,0.000000000000000000e+00
8.516731833446908873e-01,0.000000000000000000e+00,0.000000000000000000e+00
8.529821802836866640e-01,0.000000000000000000e+00,0.000000000000000000e+00
8.542911772226823297e-01,0.000000000000000000e+00,0.000000000000000000e+00
8.556001741616781064e-01,0.000000000000000000e+00,0.000000000000000000e+00
8.569091711006738832e-01,0.000000000000000000e+00,0.000000000000000000e+00
8.582181680396696599e-01,0.000000000000000000e+00,0.000000000000000000e+00
8.595271649786653256e-01,0.000000000000000000e+00,0.000000000000000000e+00
8.608361619176611024e-01,0.000000000000000000e+00,0.000000000000000000e+00
8.621451588566568791e-01,0.000000000000000000e+00,0.000000000000000000e+00
8.634541557956526558e-01,0.000000000000000000e+00,0.000000000000000000e+00
8.647631527346483216e-01,0.000000000000000000e+00,0.000000000000000000e+00
8.660721496736440983e-01,0.000000000000000000e+00,0.000000000000000000e+00
8.673811466126398750e-01,0.000000000000000000e+00,0.000000000000000000e+00
8.686901435516356518e-01,0.000000000000000000e+00,0.000000000000000000e+00
8.699991404906313175e-01,0.000000000000000000e+00,0.000000000000000000e+00
8.713081374296270942e-01,0.000000000000000000e+00,0.000000000000000000e+00
8.726171343686228710e-01,0.000000000000000000e+00,0.000000000000000000e+00
8.739261313076186477e-01,0.000000000000000000e+00,0.000000000000000000e+00
8.752351282466143134e-01,0.000000000000000000e+00,0.000000000000000000e+00
8.765441251856100902e-01,0.000000000000000000e+00,0.000000000000000000e+00
8.778531221246058669e-01,0.000000000000000000e+00,0.000000000000000000e+00
8.791621190636016436e-01,0.000000000000000000e+00,0.000000000000000000e+00
8.804711160025973093e-01,0.000000000000000000e+00,0.000000000000000000e+00
8.817801129415930861e-01,0.000000000000000000e+00,0.000000000000000000e+00
8.830891098805888628e-01,0.000000000000000000e+00,0.000000000000000000e+00
8.843981068195846396e-01,0.000000000000000000e+00,0.000000000000000000e+00
8.857071037585803053e-01,0.000000000000000000e+00,0.000000000000000000e+00
8.870161006975760820e-01,0.000000000000000000e+00,0.000000000000000000e+00
8.883250976365718588e-01,0.000000000000000000e+00,0.000000000000000000e+00
8.896340945755676355e-01,0.000000000000000000e+00,0.000000000000000000e+00
8.909430915145633012e-01,0.000000000000000000e+00,0.000000000000000000e+00
8.922520884535590779e-01,0.000000000000000000e+00,0.000000000000000000e+00
8.935610853925548547e-01,0.000000000000000000e+00,0.000000000000000000e+00
8.948700823315506314e-01,0.000000000000000000e+00,0.000000000000000000e+00
8.961790792705462971e-01,0.000000000000000000e+00,0.000000000000000000e+00
8.974880762095420739e-01,0.000000000000000000e+00,0.000000000000000000e+00
8.987970731485378506e-01,0.000000000000000000e+00,0.000000000000000000e+00
9.001060700875336273e-01,0.000000000000000000e+00,0.000000000000000000e+00
9.014150670265292931e-01,0.000000000000000000e+00,0.000000000000000000e+00
9.027240639655250698e-01,0.000000000000000000e+00,0.000000000000000000e+00
9.040330609045208465e-01,0.000000000000000000e+00,0.000000000000000000e+00
9.053420578435166233e-01,0.000000000000000000e+00,0.000000000000000000e+00
9.066510547825122890e-01,0.000000000000000000e+00,0.000000000000000000e+00
9.079600517215080657e-01,0.000000000000000000e+00,0.000000000000000000e+00
9.092690486605038425e-01,0.000000000000000000e+00,0.000000000000000000e+00
9.105780455994996192e-01,0.000000000000000000e+00,0.000000000000000000e+00
9.118870425384952849e-01,0.000000000000000000e+00,0.000000000000000000e+00
9.131960394774910617e-01,0.000000000000000000e+00,0.000000000000000000e+00
9.145050364164868384e-01,0.000000000000000000e+00,0.000000000000000000e+00
9.158140333554826151e-01,0.000000000000000000e+00,0.000000000000000000e+00
9.171230302944782808e-01,0.000000000000000000e+00,0.000000000000000000e+00
9.184320272334740576e-01,0.000000000000000000e+00,0.000000000000000000e+00
9.197410241724698343e-01,0.000000000000000000e+00,0.000000000000000000e+00
9.210500211114656111e-01,0.000000000000000000e+00,0.000000000000000000e+00
9.223590180504612768e-01,0.000000000000000000e+00,0.000000000000000000e+00
9.236680149894570535e-01,0.000000000000000000e+00,0.000000000000000000e+00
9.249770119284528302e-01,0.000000000000000000e+00,0.000000000000000000e+00
9.262860088674486070e-01,0.000000000000000000e+00,0.000000000000000000e+00
9.275950058064442727e-01,0.000000000000000000e+00,0.000000000000000000e+00
9.289040027454400494e-01,0.000000000000000000e+00,0.000000000000000000e+00
9.302129996844358262e-01,0.000000000000000000e+00,0.000000000000000000e+00
9.315219966234316029e-01,0.000000000000000000e+00,0.000000000000000000e+00
9.328309935624272686e-01,0.000000000000000000e+00,0.000000000000000000e+00
9.341399905014230454e-01,0.000000000000000000e+00,0.000000000000000000e+00
9.354489874404188221e-01,0.000000000000000000e+00,0.000000000000000000e+00
9.367579843794145988e-01,0.000000000000000000e+00,0.000000000000000000e+00
9.380669813184102646e-01,0.000000000000000000e+00,0.000000000000000000e+00
9.393759782574060413e-01,0.000000000000000000e+00,0.000000000000000000e+00
9.406849751964018180e-01,0.000000000000000000e+00,0.000000000000000000e+00
9.419939721353975948e-01,0.000000000000000000e+00,0.000000000000000000e+00
9.433029690743932605e-01,0.000000000000000000e+00,0.000000000000000000e+00
9.446119660133890372e-01,0.000000000000000000e+00,0.000000000000000000e+00
9.459209629523848140e-01,-1.041461135358973479e+04,-2.082922270717946958e+04
9.472299598913805907e-01,-1.605547407002573891e+04,-3.211094814005147782e+04
9.485389568303762564e-01,-1.721593279990910378e+04,-3.443186559981820756e+04
9.498479537693720332e-01,-1.658524126817510842e+04,-3.317048253635021683e+04
9.511569507083678099e-01,-1.574495851713777301e+04,-3.148991703427554603e+04
9.524659476473635866e-01,-1.511922493431857220e+04,-3.023844986863714439e+04
9.537749445863592523e-01,-1.493406169270936334e+04,-2.986812338541872668e+04
9.550839415253550291e-01,-1.501412865182501810e+04,-3.002825730365003619e+04
9.563929384643508058e-01,-1.515124049970570559e+04,-3.030248099941141118e+04
9.577019354033465826e-01,-1.527746655884956999e+04,-3.055493311769913998e+04
9.590109323423422483e-01,-1.537285971653495835e+04,-3.074571943306991670e+04
9.603199292813380250e-01,-1.547232248095168507e+04,-3.094464496190337013e+04
9.616289262203338017e-01,-1.558388424802606824e+04,-3.116776849605213647e+04
9.629379231593295785e-01,-1.568172241658482926e+04,-3.136344483316965852e+04
9.642469200983252442e-01,-1.577122991529124010e+04,-3.154245983058248021e+04
9.655559170373210209e-01,-1.588048836235312592e+04,-3.176097672470625184e+04
9.668649139763167977e-01,-1.600367367772608122e+04,-3.200734735545216245e+04
9.681739109153125744e-01,-1.610975073724311369e+04,-3.221950147448622738e+04
9.694829078543082401e-01,-1.620284251431757548e+04,-3.240568502863515096e+04
9.707919047933040169e-01,-1.631440614259830363e+04,-3.262881228519660726e+04
9.721009017322997936e-01,-1.643920553836086765e+04,-3.287841107672173530e+04
9.734098986712955703e-01,-1.654330013194666026e+04,-3.308660026389332052e+04
9.747188956102912361e-01,-1.663267112862224531e+04,-3.326534225724449061e+04
9.760278925492870128e-01,-1.674518669135736855e+04,-3.349037338271473709e+04
9.773368894882827895e-01,-1.687694243302693576e+04,-3.375388486605387152e+04
9.786458864272785663e-01,-1.699051236549548048e+04,-3.398102473099096096e+04
9.799548833662742320e-01,-1.708752336194429154e+04,-3.417504672388858307e+04
9.812638803052700087e-01,-1.720299306152065765e+04,-3.440598612304131530e+04
9.825728772442657855e-01,-1.733472456287305977e+04,-3.466944912574611953e+04
9.838818741832615622e-01,-1.744911065057907035e+04,-3.489822130115814070e+04
9.851908711222572279e-01,-1.754986320327215435e+04,-3.509972640654430870e+04
9.864998680612530046e-01,-1.767057856231467304e+04,-3.534115712462934607e+04
9.878088650002487814e-01,-1.780667166693334366e+04,-3.561334333386668732e+04
9.891178619392445581e-01,-1.792298353571930056e+04,-3.584596707143860112e+04
9.904268588782402238e-01,-1.802509003826935441e+04,-3.605018007653870882e+04
9.917358558172360006e-01,-1.815071053023440982e+04,-3.630142106046881963e+04
9.930448527562317773e-01,-1.829426408285400612e+04,-3.658852816570801224e+04
9.943538496952275541e-01,-1.841568416523376800e+04,-3.683136833046753600e+04
9.956628466342232198e-01,-1.851910204128197802e+04,-3.703820408256395604e+04
9.969718435732189965e-01,-1.864574420933415604e+04,-3.729148841866831208e+04
9.982808405122147732e-01,-1.879240764858427428e+04,-3.758481529716854857e+04
9.995898374512105500e-01,-1.891876737883436363e+04,-3.783753475766872725e+04
1.000898834390206105e+00,-1.902780099702877487e+04,-3.805560199405754975e+04
1.002207831329201992e+00,-1.915901262552326079e+04,-3.831802525104652159e+04
1.003516828268197880e+00,-1.930891361242213679e+04,-3.861782722484427359e+04
1.004825825207193546e+00,-1.943798651472933489e+04,-3.887597302945866977e+04
1.006134822146189212e+00,-1.955023452829320013e+04,-3.910046905658640026e+04
1.007443819085184877e+00,-1.968577357582044715e+04,-3.937154715164089430e+04
1.008752816024180765e+00,-1.984056970320938490e+04,-3.968113940641876979e+04
1.010061812963176653e+00,-1.997405202131271290e+04,-3.994810404262542579e+04
1.011370809902172319e+00,-2.008990453376204823e+04,-4.017980906752409646e+04
1.012679806841167984e+00,-2.022893724984600703e+04,-4.045787449969201407e+04
1.013988803780163650e+00,-2.038754622590442159e+04,-4.077509245180884318e+04
1.015297800719159538e+00,-2.052504108487656777e+04,-4.105008216975313553e+04
1.016606797658155203e+00,-2.064524257201670844e+04,-4.129048514403341687e+04
1.017915794597151091e+00,-2.078904941239678737e+04,-4.157809882479357475e+04
1.019224791536146757e+00,-2.095227043260658684e+04,-4.190454086521317367e+04
1.020533788475142423e+00,-2.109326364588814977e+04,-4.218652729177629953e+04
1.021842785414138088e+00,-2.121652967923968390e+04,-4.243305935847936780e+04
1.023151782353133976e+00,-2.136484957004935859e+04,-4.272969914009871718e+04
1.024460779292129864e+00,-2.153368392074599979e+04,-4.306736784149199957e+04
1.025769776231125530e+00,-2.167926108941623534e+04,-4.335852217883247067e+04
1.027078773170121195e+00,-2.180580776115434855e+04,-4.361161552230869711e+04
1.028387770109116861e+00,-2.195797068151551139e+04,-4.391594136303102277e+04
1.029696767048112749e+00,-2.213171992478749598e+04,-4.426343984957499197e+04
1.031005763987108637e+00,-2.228215412561645644e+04,-4.456430825123291288e+04
1.032314760926104302e+00,-2.241309658387347008e+04,-4.482619316774694016e+04
1.033623757865099968e+00,-2.256969960549841198e+04,-4.513939921099682397e+04
1.034932754804095634e+00,-2.274804863679771006e+04,-4.549609727359542012e+04
1.036241751743091521e+00,-2.290278108322283879e+04,-4.580556216644567758e+04
1.037550748682087187e+00,-2.303796745824691243e+04,-4.607593491649382486e+04
1.038859745621083075e+00,-2.319949148471443550e+04,-4.639898296942887100e+04
1.040168742560078741e+00,-2.338317108288731833e+04,-4.676634216577463667e+04
1.041477739499074406e+00,-2.354261016758601545e+04,-4.708522033517203090e+04
1.042786736438070072e+00,-2.368190904535970913e+04,-4.736381809071941825e+04
1.044095733377065960e+00,-2.384805774124972959e+04,-4.769611548249945918e+04
1.045404730316061848e+00,-2.403699669427892877e+04,-4.807399338855785754e+04
1.046713727255057513e+00,-2.420145857805239575e+04,-4.840291715610479150e+04
1.048022724194053179e+00,-2.434542901696865738e+04,-4.869085803393731476e+04
1.049331721133048845e+00,-2.451655669236835092e+04,-4.903311338473670185e+04
1.050640718072044733e+00,-2.471077020803030609e+04,-4.942154041606061219e+04
1.051949715011040620e+00,-2.488010422359850782e+04,-4.976020844719701563e+04
1.053258711950036286e+00,-2.502873958812795900e+04,-5.005747917625591799e+04
1.054567708889031952e+00,-2.520521335083252052e+04,-5.041042670166504104e+04
1.055876705828027617e+00,-2.540520690106644179e+04,-5.081041380213288357e+04
1.057185702767023505e+00,-2.557958071791058683e+04,-5.115916143582117365e+04
1.058494699706019171e+00,-2.573274700354510787e+04,-5.146549400709021575e+04
1.059803696645015059e+00,-2.591467474634450627e+04,-5.182934949268901255e+04
1.061112693584010724e+00,-2.612083477594688156e+04,-5.224166955189376313e+04
1.062421690523006390e+00,-2.630045103201088205e+04,-5.260090206402176409e+04
1.063730687462002056e+00,-2.645815615961220465e+04,-5.291631231922440929e+04
1.065039684400997944e+00,-2.664578355113196085e+04,-5.329156710226392170e+04
1.066348681339993831e+00,-2.685857629374005410e+04,-5.371715258748010820e+04
1.067657678278989497e+00,-2.704366635607233911e+04,-5.408733271214467823e+04
1.068966675217985163e+00,-2.720578591722351848e+04,-5.441157183444703696e+04
1.070275672156980828e+00,-2.739901443653113893e+04,-5.479802887306227785e+04
1.071584669095976716e+00,-2.761867947616791571e+04,-5.523735895233583142e+04
1.072893666034972604e+00,-2.780989312693021202e+04,-5.561978625386042404e+04
1.074202662973968270e+00,-2.797703381022336907e+04,-5.595406762044673815e+04
1.075511659912963935e+00,-2.817576036118236880e+04,-5.635152072236473759e+04
1.076820656851959601e+00,-2.840181701565853291e+04,-5.680363403131706582e+04
1.078129653790955489e+00,-2.859930046849758946e+04,-5.719860093699517893e+04
1.079438650729951155e+00,-2.877231680753628098e+04,-5.754463361507256195e+04
1.080747647668947042e+00,-2.897710216601244611e+04,-5.795420433202489221e+04
1.082056644607942708e+00,-2.920947834405955291e+04,-5.841895668811910582e+04
1.083365641546938374e+00,-2.941301032140242751e+04,-5.882602064280485502e+04
1.084674638485934040e+00,-2.959199124217768986e+04,-5.918398248435537971e+04
1.085983635424929927e+00,-2.980334990619882228e+04,-5.960669981239764456e+04
1.087292632363925815e+00,-3.004263443570795789e+04,-6.008526887141591578e+04
1.088601629302921481e+00,-3.025239073166948583e+04,-6.050478146333897166e+04
1.089910626241917146e+00,-3.043713432566487609e+04,-6.087426865132975217e+04
1.091219623180912812e+00,-3.065508463761311577e+04,-6.131016927522623155e+04
1.092528620119908700e+00,-3.090166578538925751e+04,-6.180333157077851502e+04
1.093837617058904588e+00,-3.111806782082257996e+04,-6.223613564164515992e+04
1.095146613997900253e+00,-3.130894914042749951e+04,-6.261789828085499903e+04
1.096455610936895919e+00,-3.153461063003008167e+04,-6.306922126006016333e+04
1.097764607875891585e+00,-3.179163318597765101e+04,-6.358326637195530202e+04
1.099073604814887473e+00,-3.202085633998308913e+04,-6.404171267996617826e+04
1.100382601753883138e+00,-3.222575730315086548e+04,-6.445151460630173096e+04
1.101691598692879026e+00,-3.246011981021977408e+04,-6.492023962043954816e+04
1.103000595631874692e+00,-2.947746339958569297e+04,-6.541875624990660435e+04
1.104309592570870358e+00,-2.295230633894682614e+04,-6.580980112913431367e+04
1.105618589509866023e+00,-1.779597725967646693e+04,-6.606541155243471439e+04
1.106927586448861911e+00,-1.379889542465083105e+04,-6.627788636229318217e+04
1.108236583387857799e+00,-1.154936462715036214e+04,-6.647794040542154107e+04
1.109545580326853464e+00,-9.519130718651529605e+03,-6.662174653975979891e+04
1.110854577265849130e+00,-7.284731859295926370e+03,-6.671483988533653610e+04
1.112163574204844796e+00,-5.649692879568617172e+03,-6.680355690938750922e+04
1.113472571143840684e+00,-6.061051599908403659e+03,-6.689721234187411028e+04
1.114781568082836571e+00,-5.768397785540915720e+03,-6.697492614960951323e+04
1.116090565021832237e+00,-5.076356831280385450e+03,-6.704022927312746469e+04
1.117399561960827903e+00,-3.759878650625522369e+03,-6.710944349257137219e+04
1.118708558899823569e+00,-4.276316748951585396e+03,-6.717732054938293004e+04
1.120017555838819456e+00,-3.933519240150801124e+03,-6.722902531140035717e+04
1.121326552777815122e+00,-2.992526209587586436e+03,-6.727280369213968515e+04
1.122635549716811010e+00,-3.376740233745244495e+03,-6.732668364815601672e+04
1.123944546655806676e+00,-3.806071137108341190e+03,-6.738659050584126089e+04
1.125253543594802341e+00,-4.229885632748863827e+03,-6.743905714442278259e+04
1.126562540533798007e+00,-3.631417931481931191e+03,-6.748935483758379996e+04
1.127871537472793895e+00,-3.094016248380215075e+03,-6.754846744466353266e+04
1.129180534411789782e+00,-4.049069350065318304e+03,-6.760829251200321596e+04
1.130489531350785448e+00,-3.470427001083515734e+03,-6.765515769475520938e+04
1.131798528289781114e+00,-2.874929546168764318e+03,-6.769773364044151094e+04
1.133107525228776780e+00,-3.404567120676655122e+03,-6.775283075756009202e+04
1.134416522167772667e+00,-4.085886448436503542e+03,-6.781395854785075062e+04
1.135725519106768555e+00,-3.817312764052056991e+03,-6.786522277102936641e+04
1.137034516045764221e+00,-3.415965813171347691e+03,-6.791258591942307248e+04
1.138343512984759887e+00,-3.390409111454503090e+03,-6.797055800822000310e+04
1.139652509923755552e+00,-3.701428007060458640e+03,-6.803114242056423973e+04
1.140961506862751440e+00,-3.377312875330596853e+03,-6.807755796427802125e+04
1.142270503801747106e+00,-3.346704428753712364e+03,-6.811870793809693714e+04
1.143579500740742994e+00,-3.353253115979642189e+03,-6.817494689756490698e+04
1.144888497679738659e+00,-4.041401652714143893e+03,-6.823986376221859246e+04
1.146197494618734325e+00,-4.062301222862642589e+03,-6.829429755867086351e+04
1.147506491557729991e+00,-3.460365466423249018e+03,-6.834078541244466032e+04
1.148815488496725878e+00,-2.703929800955861083e+03,-6.839341012408238021e+04
1.150124485435721766e+00,-3.617058238013448772e+03,-6.844849362859420944e+04
1.151433482374717432e+00,-3.645263445484396470e+03,-6.849499618929208373e+04
1.152742479313713098e+00,-3.530920451646340098e+03,-6.854063834249335923e+04
1.154051476252708763e+00,-3.014189359101338141e+03,-6.859803502630801813e+04
1.155360473191704651e+00,-4.248417564598456920e+03,-6.866011960066386382e+04
1.156669470130700539e+00,-4.192833559039832835e+03,-6.871386488191856188e+04
1.157978467069696205e+00,-3.430492826087960111e+03,-6.876238533266347076e+04
1.159287464008691870e+00,-2.402150923663316917e+03,-6.881459376500408689e+04
1.160596460947687536e+00,-3.459455885385454167e+03,-6.886669254805639503e+04
1.161905457886683424e+00,-4.037193088521880782e+03,-6.891262909329716058e+04
1.163214454825679089e+00,-3.805625329039864482e+03,-6.896252608157553186e+04
1.164523451764674977e+00,-3.632270995179620058e+03,-6.902619656091029174e+04
1.165832448703670643e+00,-4.090384187177004605e+03,-6.909244817315743421e+04
1.167141445642666309e+00,-4.165732743526802551e+03,-6.914582142702653073e+04
1.168450442581661974e+00,-3.223893916766088751e+03,-6.919147753005533013e+04
1.169759439520657862e+00,-2.708845693140533058e+03,-6.924439605486173241e+04
1.171068436459653528e+00,-3.942918352412304102e+03,-6.930246175446310372e+04
1.172377433398649194e+00,-4.671360148243760705e+03,-6.935685525264458556e+04
1.173686430337644859e+00,-3.651295615998461017e+03,-6.941135180199150636e+04
1.174995427276640747e+00,-3.082046351077402960e+03,-6.947026641210512025e+04
1.176304424215636413e+00,-3.865174732223732008e+03,-6.952607392553589307e+04
1.177613421154632078e+00,-3.626549136487522446e+03,-6.957203195636619057e+04
1.178922418093627744e+00,-3.265879086630802703e+03,-6.961788951824861579e+04
1.180231415032623632e+00,-2.803839616667123209e+03,-6.967460382997764100e+04
1.181540411971619298e+00,-4.107837903685338460e+03,-6.973397493019720423e+04
1.182849408910614963e+00,-4.391970256473159679e+03,-6.978346103712890181e+04
1.184158405849610629e+00,-3.572228899474782338e+03,-6.983100211962631147e+04
1.185467402788606517e+00,-3.145353502855232364e+03,-6.989061687975018867e+04
1.186776399727602183e+00,-3.785715881625711518e+03,-6.995317271250236081e+04
1.188085396666597848e+00,-3.672515037546304484e+03,-7.000137067813391332e+04
1.189394393605593514e+00,-3.101032598698965103e+03,-7.004215861869175569e+04
1.190703390544589402e+00,-3.154856162893409874e+03,-7.009470435962398187e+04
1.192012387483585067e+00,-4.409048597769137814e+03,-7.015611047842328844e+04
1.193321384422580733e+00,-4.496896543655996538e+03,-7.021294297146591998e+04
1.194630381361576399e+00,-4.014674405254119392e+03,-7.026915340380254202e+04
1.195939378300572287e+00,-3.563028641485681874e+03,-7.033367809890855278e+04
1.197248375239567952e+00,-4.089940462759699585e+03,-7.039823423271486536e+04
1.198557372178563618e+00,-3.906991116936129856e+03,-7.045033552387735108e+04
1.199866369117559284e+00,-3.958960043395640696e+03,-7.049960226100347063e+04
1.201175366056555172e+00,-3.909250660272036384e+03,-7.056275259623891907e+04
1.202484362995550837e+00,-4.838597982188413880e+03,-7.063257064090223867e+04
1.203793359934546503e+00,-4.320853224716689510e+03,-7.069274797202549234e+04
1.205102356873542169e+00,-3.582584638818316762e+03,-7.074653874544825521e+04
1.206411353812538056e+00,-3.593895503056342932e+03,-7.080590018720529042e+04
1.207720350751533722e+00,-3.994349209243207497e+03,-7.086648144375291304e+04
1.209029347690529388e+00,-4.280305648308848504e+03,-7.091853850370226428e+04
1.210338344629525054e+00,-3.908174673586313929e+03,-7.097230483846785501e+04
1.211647341568520941e+00,-3.984472635079899192e+03,-7.104123028081303346e+04
1.212956338507516607e+00,-4.797273942972991790e+03,-7.111349333669511543e+04
1.214265335446512273e+00,-4.835042524130621132e+03,-7.116880617056782648e+04
1.215574332385507939e+00,-3.239933452633027173e+03,-7.121539745630318066e+04
1.216883329324503826e+00,-3.945243991836685382e+03,-7.127711661766201723e+04
1.218192326263499492e+00,-4.244956992561162224e+03,-7.134928145577144460e+04
1.219501323202495158e+00,-4.570312268945276628e+03,-7.141161662376056483e+04
1.220810320141490823e+00,-3.927056969793659391e+03,-7.146648651910011540e+04
1.222119317080486711e+00,-3.903981591507046232e+03,-7.152783127699939359e+04
1.223428314019482377e+00,-4.463735199757707960e+03,-7.158996753784202156e+04
1.224737310958478043e+00,-4.258546503493752425e+03,-7.163897051096259383e+04
1.226046307897473708e+00,-3.174273188305634449e+03,-7.168910651415897883e+04
1.227355304836469596e+00,-3.037796819344403048e+03,-7.176170659761238494e+04
1.228664301775465262e+00,-4.824348639904437732e+03,-7.183794627200899413e+04
1.229973298714460928e+00,-4.510850762419191597e+03,-7.187963108627860493e+04
1.231282295653456593e+00,-3.828304264257155864e+03,-7.189736171477629978e+04
1.232591292592452481e+00,-3.274176252307917821e+03,-7.194235147009861248e+04
1.233900289531448147e+00,-4.615043818174339322e+03,-7.202292735178196745e+04
1.235209286470443812e+00,-5.176639688979987113e+03,-7.211307310477088322e+04
1.236518283409439478e+00,-4.313229355149892399e+03,-7.220008955062620225e+04
1.237827280348435366e+00,-4.027729689950275770e+03,-7.227968154870520812e+04
1.239136277287431032e+00,-5.936498012780677527e+03,-7.234568889484311512e+04
1.240445274226426697e+00,-6.709694645019234486e+03,-7.239459289159957552e+04
1.241754271165422363e+00,-7.130398893530781606e+03,-7.244985293835683842e+04
1.243063268104418251e+00,-6.379421017401316931e+03,-7.254183743810212763e+04
1.244372265043413917e+00,-8.898762809661890060e+03,-7.266181666593266709e+04
1.245681261982409582e+00,-9.726407632354450470e+03,-7.278252566909478628e+04
1.246990258921405248e+00,-1.124029819813010363e+04,-7.294802948809615918e+04
1.248299255860401136e+00,-1.407448303585137910e+04,-7.321757999742643733e+04
1.249608252799396801e+00,-1.802485748529529155e+04,-7.351168135570474260e+04
1.250917249738392467e+00,-2.137091997779387384e+04,-7.366641113368753577e+04
1.252226246677388133e+00,-2.886091673717974481e+04,-7.420048160243866732e+04
1.253535243616384021e+00,-3.167848052968722550e+04,-7.403206901488294534e+04
1.254844240555379686e+00,-2.316696417475494673e+04,-6.880685113585452200e+04
1.256153237494375352e+00,5.430224373726067597e+02,-5.429539154374470672e+04
