# Exudyn: solution of belt drive, contact forces over belt length
# Exudyn output file
# Exudyn version=1.2.34.dev1
# endTime=1.0
# stepSize=5e-05
# nSegments=4
# nANCFnodes=240
# contactStiffnessPerArea=100000000.0
# frictionStiffnessPerArea=100000000.0
# contactStiffness=418879.02047863905
# frictionStiffness=523598.7755982988
# contactDamping=8.377580409572781
# frictionVelocityPenalty=33.70609928242229
# dryFriction=0.5
# 
9.188064952436736377e-05,1.021524714847196992e+04,-4.480755019968947454e+04
1.400877588520144101e-03,1.359634370128627097e+03,-6.866389377588786374e+03
2.709874527515809817e-03,0.000000000000000000e+00,0.000000000000000000e+00
4.018871466511586554e-03,0.000000000000000000e+00,0.000000000000000000e+00
5.327868405507363292e-03,0.000000000000000000e+00,0.000000000000000000e+00
6.636865344503140030e-03,0.000000000000000000e+00,0.000000000000000000e+00
7.945862283498805745e-03,0.000000000000000000e+00,0.000000000000000000e+00
9.254859222494582482e-03,0.000000000000000000e+00,0.000000000000000000e+00
1.056385616149035922e-02,0.000000000000000000e+00,0.000000000000000000e+00
1.187285310048613596e-02,0.000000000000000000e+00,0.000000000000000000e+00
1.318185003948180167e-02,0.000000000000000000e+00,0.000000000000000000e+00
1.449084697847757841e-02,0.000000000000000000e+00,0.000000000000000000e+00
1.579984391747335515e-02,0.000000000000000000e+00,0.000000000000000000e+00
1.710884085646913189e-02,0.000000000000000000e+00,0.000000000000000000e+00
1.841783779546479760e-02,0.000000000000000000e+00,0.000000000000000000e+00
1.972683473446057434e-02,0.000000000000000000e+00,0.000000000000000000e+00
2.103583167345635108e-02,0.000000000000000000e+00,0.000000000000000000e+00
2.234482861245212781e-02,0.000000000000000000e+00,0.000000000000000000e+00
2.365382555144779353e-02,0.000000000000000000e+00,0.000000000000000000e+00
2.496282249044357027e-02,0.000000000000000000e+00,0.000000000000000000e+00
2.627181942943934700e-02,0.000000000000000000e+00,0.000000000000000000e+00
2.758081636843512374e-02,0.000000000000000000e+00,0.000000000000000000e+00
2.888981330743078946e-02,0.000000000000000000e+00,0.000000000000000000e+00
3.019881024642656620e-02,0.000000000000000000e+00,0.000000000000000000e+00
3.150780718542234293e-02,0.000000000000000000e+00,0.000000000000000000e+00
3.281680412441811967e-02,0.000000000000000000e+00,0.000000000000000000e+00
3.412580106341378539e-02,0.000000000000000000e+00,0.000000000000000000e+00
3.543479800240956212e-02,0.000000000000000000e+00,0.000000000000000000e+00
3.674379494140533886e-02,0.000000000000000000e+00,0.000000000000000000e+00
3.805279188040111560e-02,0.000000000000000000e+00,0.000000000000000000e+00
3.936178881939678131e-02,0.000000000000000000e+00,0.000000000000000000e+00
4.067078575839255805e-02,0.000000000000000000e+00,0.000000000000000000e+00
4.197978269738833479e-02,0.000000000000000000e+00,0.000000000000000000e+00
4.328877963638411153e-02,0.000000000000000000e+00,0.000000000000000000e+00
4.459777657537977724e-02,0.000000000000000000e+00,0.000000000000000000e+00
4.590677351437555398e-02,0.000000000000000000e+00,0.000000000000000000e+00
4.721577045337133072e-02,0.000000000000000000e+00,0.000000000000000000e+00
4.852476739236710745e-02,0.000000000000000000e+00,0.000000000000000000e+00
4.983376433136277317e-02,0.000000000000000000e+00,0.000000000000000000e+00
5.114276127035854991e-02,0.000000000000000000e+00,0.000000000000000000e+00
5.245175820935432665e-02,0.000000000000000000e+00,0.000000000000000000e+00
5.376075514835010338e-02,0.000000000000000000e+00,0.000000000000000000e+00
5.506975208734576910e-02,0.000000000000000000e+00,0.000000000000000000e+00
5.637874902634154584e-02,0.000000000000000000e+00,0.000000000000000000e+00
5.768774596533732257e-02,0.000000000000000000e+00,0.000000000000000000e+00
5.899674290433309931e-02,0.000000000000000000e+00,0.000000000000000000e+00
6.030573984332876503e-02,0.000000000000000000e+00,0.000000000000000000e+00
6.161473678232454176e-02,0.000000000000000000e+00,0.000000000000000000e+00
6.292373372132031850e-02,0.000000000000000000e+00,0.000000000000000000e+00
6.423273066031609524e-02,0.000000000000000000e+00,0.000000000000000000e+00
6.554172759931176095e-02,0.000000000000000000e+00,0.000000000000000000e+00
6.685072453830753769e-02,0.000000000000000000e+00,0.000000000000000000e+00
6.815972147730331443e-02,0.000000000000000000e+00,0.000000000000000000e+00
6.946871841629909117e-02,0.000000000000000000e+00,0.000000000000000000e+00
7.077771535529475688e-02,0.000000000000000000e+00,0.000000000000000000e+00
7.208671229429053362e-02,0.000000000000000000e+00,0.000000000000000000e+00
7.339570923328631036e-02,0.000000000000000000e+00,0.000000000000000000e+00
7.470470617228208710e-02,0.000000000000000000e+00,0.000000000000000000e+00
7.601370311127775281e-02,0.000000000000000000e+00,0.000000000000000000e+00
7.732270005027352955e-02,0.000000000000000000e+00,0.000000000000000000e+00
7.863169698926930629e-02,0.000000000000000000e+00,0.000000000000000000e+00
7.994069392826508302e-02,0.000000000000000000e+00,0.000000000000000000e+00
8.124969086726074874e-02,0.000000000000000000e+00,0.000000000000000000e+00
8.255868780625652548e-02,0.000000000000000000e+00,0.000000000000000000e+00
8.386768474525230221e-02,0.000000000000000000e+00,0.000000000000000000e+00
8.517668168424807895e-02,0.000000000000000000e+00,0.000000000000000000e+00
8.648567862324374467e-02,0.000000000000000000e+00,0.000000000000000000e+00
8.779467556223952140e-02,0.000000000000000000e+00,0.000000000000000000e+00
8.910367250123529814e-02,0.000000000000000000e+00,0.000000000000000000e+00
9.041266944023107488e-02,0.000000000000000000e+00,0.000000000000000000e+00
9.172166637922674060e-02,0.000000000000000000e+00,0.000000000000000000e+00
9.303066331822251733e-02,0.000000000000000000e+00,0.000000000000000000e+00
9.433966025721829407e-02,0.000000000000000000e+00,0.000000000000000000e+00
9.564865719621407081e-02,0.000000000000000000e+00,0.000000000000000000e+00
9.695765413520973652e-02,0.000000000000000000e+00,0.000000000000000000e+00
9.826665107420551326e-02,0.000000000000000000e+00,0.000000000000000000e+00
9.957564801320129000e-02,0.000000000000000000e+00,0.000000000000000000e+00
1.008846449521970667e-01,0.000000000000000000e+00,0.000000000000000000e+00
1.021936418911927325e-01,0.000000000000000000e+00,0.000000000000000000e+00
1.035026388301885092e-01,0.000000000000000000e+00,0.000000000000000000e+00
1.048116357691842859e-01,0.000000000000000000e+00,0.000000000000000000e+00
1.061206327081800627e-01,0.000000000000000000e+00,0.000000000000000000e+00
1.074296296471757284e-01,0.000000000000000000e+00,0.000000000000000000e+00
1.087386265861715051e-01,0.000000000000000000e+00,0.000000000000000000e+00
1.100476235251672819e-01,0.000000000000000000e+00,0.000000000000000000e+00
1.113566204641630586e-01,0.000000000000000000e+00,0.000000000000000000e+00
1.126656174031587243e-01,0.000000000000000000e+00,0.000000000000000000e+00
1.139746143421545010e-01,0.000000000000000000e+00,0.000000000000000000e+00
1.152836112811502778e-01,0.000000000000000000e+00,0.000000000000000000e+00
1.165926082201460545e-01,0.000000000000000000e+00,0.000000000000000000e+00
1.179016051591417202e-01,0.000000000000000000e+00,0.000000000000000000e+00
1.192106020981374970e-01,0.000000000000000000e+00,0.000000000000000000e+00
1.205195990371332737e-01,0.000000000000000000e+00,0.000000000000000000e+00
1.218285959761290504e-01,0.000000000000000000e+00,0.000000000000000000e+00
1.231375929151247162e-01,0.000000000000000000e+00,0.000000000000000000e+00
1.244465898541204929e-01,0.000000000000000000e+00,0.000000000000000000e+00
1.257555867931162696e-01,0.000000000000000000e+00,0.000000000000000000e+00
1.270645837321120464e-01,0.000000000000000000e+00,0.000000000000000000e+00
1.283735806711077121e-01,0.000000000000000000e+00,0.000000000000000000e+00
1.296825776101034888e-01,0.000000000000000000e+00,0.000000000000000000e+00
1.309915745490992656e-01,0.000000000000000000e+00,0.000000000000000000e+00
1.323005714880950423e-01,0.000000000000000000e+00,0.000000000000000000e+00
1.336095684270907080e-01,0.000000000000000000e+00,0.000000000000000000e+00
1.349185653660864848e-01,0.000000000000000000e+00,0.000000000000000000e+00
1.362275623050822615e-01,0.000000000000000000e+00,0.000000000000000000e+00
1.375365592440780382e-01,0.000000000000000000e+00,0.000000000000000000e+00
1.388455561830737039e-01,0.000000000000000000e+00,0.000000000000000000e+00
1.401545531220694807e-01,0.000000000000000000e+00,0.000000000000000000e+00
1.414635500610652574e-01,0.000000000000000000e+00,0.000000000000000000e+00
1.427725470000610342e-01,0.000000000000000000e+00,0.000000000000000000e+00
1.440815439390566999e-01,0.000000000000000000e+00,0.000000000000000000e+00
1.453905408780524766e-01,0.000000000000000000e+00,0.000000000000000000e+00
1.466995378170482534e-01,0.000000000000000000e+00,0.000000000000000000e+00
1.480085347560440301e-01,0.000000000000000000e+00,0.000000000000000000e+00
1.493175316950396958e-01,0.000000000000000000e+00,0.000000000000000000e+00
1.506265286340354725e-01,0.000000000000000000e+00,0.000000000000000000e+00
1.519355255730312493e-01,0.000000000000000000e+00,0.000000000000000000e+00
1.532445225120270260e-01,0.000000000000000000e+00,0.000000000000000000e+00
1.545535194510226917e-01,0.000000000000000000e+00,0.000000000000000000e+00
1.558625163900184685e-01,0.000000000000000000e+00,0.000000000000000000e+00
1.571715133290142452e-01,0.000000000000000000e+00,0.000000000000000000e+00
1.584805102680100219e-01,0.000000000000000000e+00,0.000000000000000000e+00
1.597895072070056877e-01,0.000000000000000000e+00,0.000000000000000000e+00
1.610985041460014644e-01,0.000000000000000000e+00,0.000000000000000000e+00
1.624075010849972411e-01,0.000000000000000000e+00,0.000000000000000000e+00
1.637164980239930179e-01,0.000000000000000000e+00,0.000000000000000000e+00
1.650254949629886836e-01,0.000000000000000000e+00,0.000000000000000000e+00
1.663344919019844603e-01,0.000000000000000000e+00,0.000000000000000000e+00
1.676434888409802371e-01,0.000000000000000000e+00,0.000000000000000000e+00
1.689524857799760138e-01,0.000000000000000000e+00,0.000000000000000000e+00
1.702614827189716795e-01,0.000000000000000000e+00,0.000000000000000000e+00
1.715704796579674563e-01,0.000000000000000000e+00,0.000000000000000000e+00
1.728794765969632330e-01,0.000000000000000000e+00,0.000000000000000000e+00
1.741884735359590097e-01,0.000000000000000000e+00,0.000000000000000000e+00
1.754974704749546754e-01,0.000000000000000000e+00,0.000000000000000000e+00
1.768064674139504522e-01,0.000000000000000000e+00,0.000000000000000000e+00
1.781154643529462289e-01,0.000000000000000000e+00,0.000000000000000000e+00
1.794244612919420057e-01,0.000000000000000000e+00,0.000000000000000000e+00
1.807334582309376714e-01,0.000000000000000000e+00,0.000000000000000000e+00
1.820424551699334481e-01,0.000000000000000000e+00,0.000000000000000000e+00
1.833514521089292248e-01,0.000000000000000000e+00,0.000000000000000000e+00
1.846604490479250016e-01,0.000000000000000000e+00,0.000000000000000000e+00
1.859694459869206673e-01,0.000000000000000000e+00,0.000000000000000000e+00
1.872784429259164440e-01,0.000000000000000000e+00,0.000000000000000000e+00
1.885874398649122208e-01,0.000000000000000000e+00,0.000000000000000000e+00
1.898964368039079975e-01,0.000000000000000000e+00,0.000000000000000000e+00
1.912054337429036632e-01,0.000000000000000000e+00,0.000000000000000000e+00
1.925144306818994400e-01,0.000000000000000000e+00,0.000000000000000000e+00
1.938234276208952167e-01,0.000000000000000000e+00,0.000000000000000000e+00
1.951324245598909934e-01,0.000000000000000000e+00,0.000000000000000000e+00
1.964414214988866592e-01,0.000000000000000000e+00,0.000000000000000000e+00
1.977504184378824359e-01,0.000000000000000000e+00,0.000000000000000000e+00
1.990594153768782126e-01,0.000000000000000000e+00,0.000000000000000000e+00
2.003684123158739894e-01,0.000000000000000000e+00,0.000000000000000000e+00
2.016774092548696551e-01,0.000000000000000000e+00,0.000000000000000000e+00
2.029864061938655428e-01,0.000000000000000000e+00,0.000000000000000000e+00
2.042954031328612086e-01,0.000000000000000000e+00,0.000000000000000000e+00
2.056044000718568743e-01,0.000000000000000000e+00,0.000000000000000000e+00
2.069133970108525400e-01,0.000000000000000000e+00,0.000000000000000000e+00
2.082223939498484278e-01,0.000000000000000000e+00,0.000000000000000000e+00
2.095313908888440935e-01,0.000000000000000000e+00,0.000000000000000000e+00
2.108403878278397592e-01,0.000000000000000000e+00,0.000000000000000000e+00
2.121493847668354249e-01,0.000000000000000000e+00,0.000000000000000000e+00
2.134583817058313127e-01,0.000000000000000000e+00,0.000000000000000000e+00
2.147673786448269784e-01,0.000000000000000000e+00,0.000000000000000000e+00
2.160763755838226441e-01,0.000000000000000000e+00,0.000000000000000000e+00
2.173853725228183098e-01,0.000000000000000000e+00,0.000000000000000000e+00
2.186943694618141976e-01,0.000000000000000000e+00,0.000000000000000000e+00
2.200033664008098633e-01,0.000000000000000000e+00,0.000000000000000000e+00
2.213123633398055290e-01,0.000000000000000000e+00,0.000000000000000000e+00
2.226213602788011947e-01,0.000000000000000000e+00,0.000000000000000000e+00
2.239303572177970825e-01,0.000000000000000000e+00,0.000000000000000000e+00
2.252393541567927482e-01,0.000000000000000000e+00,0.000000000000000000e+00
2.265483510957884139e-01,0.000000000000000000e+00,0.000000000000000000e+00
2.278573480347840796e-01,0.000000000000000000e+00,0.000000000000000000e+00
2.291663449737799674e-01,0.000000000000000000e+00,0.000000000000000000e+00
2.304753419127756331e-01,0.000000000000000000e+00,0.000000000000000000e+00
2.317843388517712988e-01,0.000000000000000000e+00,0.000000000000000000e+00
2.330933357907669645e-01,0.000000000000000000e+00,0.000000000000000000e+00
2.344023327297628523e-01,0.000000000000000000e+00,0.000000000000000000e+00
2.357113296687585180e-01,0.000000000000000000e+00,0.000000000000000000e+00
2.370203266077541837e-01,0.000000000000000000e+00,0.000000000000000000e+00
2.383293235467498494e-01,0.000000000000000000e+00,0.000000000000000000e+00
2.396383204857457372e-01,0.000000000000000000e+00,0.000000000000000000e+00
2.409473174247414029e-01,0.000000000000000000e+00,0.000000000000000000e+00
2.422563143637370686e-01,0.000000000000000000e+00,0.000000000000000000e+00
2.435653113027327343e-01,0.000000000000000000e+00,0.000000000000000000e+00
2.448743082417286221e-01,0.000000000000000000e+00,0.000000000000000000e+00
2.461833051807242878e-01,0.000000000000000000e+00,0.000000000000000000e+00
2.474923021197199535e-01,0.000000000000000000e+00,0.000000000000000000e+00
2.488012990587156192e-01,0.000000000000000000e+00,0.000000000000000000e+00
2.501102959977115070e-01,0.000000000000000000e+00,0.000000000000000000e+00
2.514192929367071727e-01,0.000000000000000000e+00,0.000000000000000000e+00
2.527282898757028384e-01,0.000000000000000000e+00,0.000000000000000000e+00
2.540372868146985041e-01,0.000000000000000000e+00,0.000000000000000000e+00
2.553462837536943919e-01,0.000000000000000000e+00,0.000000000000000000e+00
2.566552806926900576e-01,0.000000000000000000e+00,0.000000000000000000e+00
2.579642776316857233e-01,0.000000000000000000e+00,0.000000000000000000e+00
2.592732745706813891e-01,0.000000000000000000e+00,0.000000000000000000e+00
2.605822715096772768e-01,0.000000000000000000e+00,0.000000000000000000e+00
2.618912684486729425e-01,0.000000000000000000e+00,0.000000000000000000e+00
2.632002653876686082e-01,0.000000000000000000e+00,0.000000000000000000e+00
2.645092623266642740e-01,0.000000000000000000e+00,0.000000000000000000e+00
2.658182592656601617e-01,0.000000000000000000e+00,0.000000000000000000e+00
2.671272562046558274e-01,0.000000000000000000e+00,0.000000000000000000e+00
2.684362531436514931e-01,0.000000000000000000e+00,0.000000000000000000e+00
2.697452500826471589e-01,0.000000000000000000e+00,0.000000000000000000e+00
2.710542470216430466e-01,0.000000000000000000e+00,0.000000000000000000e+00
2.723632439606387123e-01,0.000000000000000000e+00,0.000000000000000000e+00
2.736722408996343781e-01,0.000000000000000000e+00,0.000000000000000000e+00
2.749812378386300438e-01,0.000000000000000000e+00,0.000000000000000000e+00
2.762902347776259315e-01,0.000000000000000000e+00,0.000000000000000000e+00
2.775992317166215972e-01,0.000000000000000000e+00,0.000000000000000000e+00
2.789082286556172630e-01,0.000000000000000000e+00,0.000000000000000000e+00
2.802172255946129287e-01,0.000000000000000000e+00,0.000000000000000000e+00
2.815262225336088164e-01,0.000000000000000000e+00,0.000000000000000000e+00
2.828352194726044821e-01,0.000000000000000000e+00,0.000000000000000000e+00
2.841442164116001479e-01,0.000000000000000000e+00,0.000000000000000000e+00
2.854532133505958136e-01,0.000000000000000000e+00,0.000000000000000000e+00
2.867622102895917013e-01,0.000000000000000000e+00,0.000000000000000000e+00
2.880712072285873671e-01,0.000000000000000000e+00,0.000000000000000000e+00
2.893802041675830328e-01,0.000000000000000000e+00,0.000000000000000000e+00
2.906892011065786985e-01,0.000000000000000000e+00,0.000000000000000000e+00
2.919981980455745862e-01,0.000000000000000000e+00,0.000000000000000000e+00
2.933071949845702520e-01,0.000000000000000000e+00,0.000000000000000000e+00
2.946161919235659177e-01,0.000000000000000000e+00,0.000000000000000000e+00
2.959251888625615834e-01,0.000000000000000000e+00,0.000000000000000000e+00
2.972341858015574712e-01,0.000000000000000000e+00,0.000000000000000000e+00
2.985431827405531369e-01,0.000000000000000000e+00,0.000000000000000000e+00
2.998521796795488026e-01,0.000000000000000000e+00,0.000000000000000000e+00
3.011611766185444683e-01,0.000000000000000000e+00,0.000000000000000000e+00
3.024701735575403561e-01,0.000000000000000000e+00,0.000000000000000000e+00
3.037791704965360218e-01,0.000000000000000000e+00,0.000000000000000000e+00
3.050881674355316875e-01,0.000000000000000000e+00,0.000000000000000000e+00
3.063971643745273532e-01,0.000000000000000000e+00,0.000000000000000000e+00
3.077061613135232410e-01,0.000000000000000000e+00,0.000000000000000000e+00
3.090151582525189067e-01,1.393903874684409493e+04,-2.787807749368818986e+04
3.103241551915145724e-01,2.568838960627142660e+04,-5.137677921254285320e+04
3.116331521305102381e-01,3.098874435196370905e+04,-6.197748870392741810e+04
3.129421490695061259e-01,3.256783808178983236e+04,-6.513567616357966472e+04
3.142511460085017916e-01,3.262712936305988114e+04,-6.525425872611976229e+04
3.155601429474974573e-01,3.213558235213924127e+04,-6.427116470427848253e+04
3.168691398864931230e-01,3.177911730201526370e+04,-6.355823460403052741e+04
3.181781368254890108e-01,3.154098316914367751e+04,-6.308196633828735503e+04
3.194871337644846765e-01,3.126738587968095817e+04,-6.253477175936191634e+04
3.207961307034803422e-01,3.102047663883832138e+04,-6.204095327767664276e+04
3.221051276424760079e-01,3.081049042802690747e+04,-6.162098085605381493e+04
3.234141245814718957e-01,3.058471471402920724e+04,-6.116942942805841449e+04
3.247231215204675614e-01,3.033857947079384394e+04,-6.067715894158768788e+04
3.260321184594632271e-01,3.012627716062486797e+04,-6.025255432124973595e+04
3.273411153984588928e-01,2.994961412307303544e+04,-5.989922824614607089e+04
3.286501123374547806e-01,2.974935431592566965e+04,-5.949870863185133931e+04
3.299591092764504463e-01,2.951779227969930071e+04,-5.903558455939860141e+04
3.312681062154461120e-01,2.930708271277587846e+04,-5.861416542555175693e+04
3.325771031544417777e-01,2.912286573455943653e+04,-5.824573146911887306e+04
3.338861000934376655e-01,2.891681077058079609e+04,-5.783362154116159218e+04
3.351950970324333312e-01,2.868786168324551909e+04,-5.737572336649103818e+04
3.365040939714289969e-01,2.848948883241758813e+04,-5.697897766483517626e+04
3.378130909104246626e-01,2.832321215238163859e+04,-5.664642430476327718e+04
3.391220878494205504e-01,2.813122868847921200e+04,-5.626245737695842399e+04
3.404310847884162161e-01,2.790861291351039836e+04,-5.581722582702079671e+04
3.417400817274118818e-01,2.771042370495216528e+04,-5.542084740990433056e+04
3.430490786664075475e-01,2.754256717391742495e+04,-5.508513434783484990e+04
3.443580756054034353e-01,2.735310369461996743e+04,-5.470620738923993486e+04
3.456670725443991010e-01,2.713816956314877825e+04,-5.427633912629755650e+04
3.469760694833947667e-01,2.695039309826683893e+04,-5.390078619653367787e+04
3.482850664223904325e-01,2.679189763335629686e+04,-5.358379526671259373e+04
3.495940633613863202e-01,2.660762181974018313e+04,-5.321524363948036626e+04
3.509030603003819859e-01,2.639485211566507132e+04,-5.278970423133014265e+04
3.522120572393776516e-01,2.620967262108937939e+04,-5.241934524217875878e+04
3.535210541783733174e-01,2.605721856744520119e+04,-5.211443713489040238e+04
3.548300511173692051e-01,2.588227491255666973e+04,-5.176454982511333947e+04
3.561390480563648708e-01,2.567837307639202481e+04,-5.135674615278404963e+04
3.574480449953605365e-01,2.549687096019145247e+04,-5.099374192038290494e+04
3.587570419343562023e-01,2.534418290884217640e+04,-5.068836581768435281e+04
3.600660388733520900e-01,2.517254496588331313e+04,-5.034508993176662625e+04
3.613750358123477557e-01,2.497695023874109393e+04,-4.995390047748218785e+04
3.626840327513434215e-01,2.480411026027343178e+04,-4.960822052054686355e+04
3.639930296903390872e-01,2.465728900854934545e+04,-4.931457801709869091e+04
3.653020266293349749e-01,2.448919482043612152e+04,-4.897838964087224304e+04
3.666110235683306406e-01,2.429681691904621039e+04,-4.859363383809242077e+04
3.679200205073263064e-01,2.412832148197031711e+04,-4.825664296394063422e+04
3.692290174463219721e-01,2.398721986632228072e+04,-4.797443973264456145e+04
3.705380143853178598e-01,2.382486754849274439e+04,-4.764973509698548878e+04
3.718470113243135255e-01,2.363753189842622669e+04,-4.727506379685245338e+04
3.731560082633091913e-01,2.347365821586878519e+04,-4.694731643173757038e+04
3.744650052023048570e-01,2.333718742030986323e+04,-4.667437484061972646e+04
3.757740021413007447e-01,2.317976986704696901e+04,-4.635953973409393802e+04
3.770829990802964105e-01,2.299735280932518799e+04,-4.599470561865037598e+04
3.783919960192920762e-01,2.283772441675252048e+04,-4.567544883350504097e+04
3.797009929582877419e-01,2.270526448778400299e+04,-4.541052897556800599e+04
3.810099898972836296e-01,2.255285174137577633e+04,-4.510570348275155266e+04
3.823189868362792954e-01,2.237604039661168645e+04,-4.475208079322337289e+04
3.836279837752749611e-01,2.222090656527309693e+04,-4.444181313054619386e+04
3.849369807142706268e-01,2.209189699617154110e+04,-4.418379399234308221e+04
3.862459776532665146e-01,2.194377279514315887e+04,-4.388754559028631775e+04
3.875549745922621803e-01,2.177215070486223340e+04,-4.354430140972446679e+04
3.888639715312578460e-01,2.162132374483722015e+04,-4.324264748967444029e+04
3.901729684702535117e-01,2.149586930392109934e+04,-4.299173860784219869e+04
3.914819654092493995e-01,2.135245436024782975e+04,-4.270490872049565951e+04
3.927909623482450652e-01,2.118638370031869999e+04,-4.237276740063739999e+04
3.940999592872407309e-01,2.103956473090948930e+04,-4.207912946181897860e+04
3.954089562262363966e-01,2.091664203200645716e+04,-4.183328406401291431e+04
3.967179531652322844e-01,2.077699137154992059e+04,-4.155398274309984117e+04
3.980269501042279501e-01,2.061634828442896469e+04,-4.123269656885792938e+04
3.993359470432236158e-01,2.047460264249813918e+04,-4.094920528499627835e+04
4.006449439822192815e-01,2.035538991214767520e+04,-4.071077982429535041e+04
4.019539409212151693e-01,2.021889164580267243e+04,-4.043778329160534486e+04
4.032629378602108350e-01,2.006177058135650077e+04,-4.012354116271300154e+04
4.045719347992065007e-01,1.992418150228351078e+04,-3.984836300456702156e+04
4.058809317382021664e-01,1.980967069975598133e+04,-3.961934139951196266e+04
4.071899286771980542e-01,1.967778155775765481e+04,-3.935556311551530962e+04
4.084989256161937199e-01,1.952458005598345699e+04,-3.904916011196691397e+04
4.098079225551893856e-01,1.938985143365420663e+04,-3.877970286730841326e+04
4.111169194941850513e-01,1.927687797039735233e+04,-3.855375594079470466e+04
4.124259164331809391e-01,1.914481419676452424e+04,-3.828962839352904848e+04
4.137349133721766048e-01,1.898902421665391375e+04,-3.797804843330782751e+04
4.150439103111722705e-01,1.884867848965907615e+04,-3.769735697931815230e+04
4.163529072501679362e-01,1.639476155527435913e+04,-3.747784430055662233e+04
4.176619041891638240e-01,1.216541132375863344e+04,-3.727871942102674802e+04
4.189709011281594897e-01,1.119056978898132365e+04,-3.709460390154916240e+04
4.202798980671551554e-01,6.472845522316419192e+03,-3.697511302056756540e+04
4.215888950061508211e-01,2.892746527081626482e+03,-3.692947775976336561e+04
4.228978919451467089e-01,2.181831160688383079e+03,-3.690619052629498765e+04
4.242068888841423746e-01,3.754833268441175733e+03,-3.687700039730916615e+04
4.255158858231380403e-01,9.731982038240943211e+02,-3.685935497868409584e+04
4.268248827621337060e-01,-1.043234343486136140e+03,-3.686138274565981555e+04
4.281338797011295938e-01,-6.264843785235756286e+02,-3.686578706060156401e+04
4.294428766401252595e-01,1.990690784025270432e+03,-3.686145893254565453e+04
4.307518735791209252e-01,-4.448629276479036321e+02,-3.685992963782045990e+04
4.320608705181165909e-01,-2.161238629801027855e+03,-3.687135219901165692e+04
4.333698674571124787e-01,-1.489102210469791771e+03,-3.688697077308387816e+04
4.346788643961081444e-01,1.062977369318182355e+03,-3.689551794658826839e+04
4.359878613351038101e-01,-6.644528298869850005e+02,-3.690081250458507566e+04
4.372968582740994758e-01,-1.897826193009093913e+03,-3.690958886305416672e+04
4.386058552130953636e-01,-1.057496440380310332e+03,-3.691740144036545826e+04
4.399148521520910293e-01,1.497042517797198798e+03,-3.691815679044769786e+04
4.412238490910866950e-01,-3.915141238194151470e+02,-3.691811304977235704e+04
4.425328460300823608e-01,-1.868683067439960951e+03,-3.692451456817550206e+04
4.438418429690782485e-01,-8.421345097524357470e+02,-3.693050784740651579e+04
4.451508399080739142e-01,1.797211721567227869e+03,-3.692802701972040086e+04
4.464598368470695799e-01,7.318855369067398442e+01,-3.692297753814829775e+04
4.477688337860652457e-01,-1.275336364597037345e+03,-3.692238147898932220e+04
4.490778307250611334e-01,-4.621130311568183515e+02,-3.692001028422194213e+04
4.503868276640567991e-01,2.291492310937483126e+03,-3.690973068961942045e+04
4.516958246030524649e-01,3.474640324636493460e+02,-3.689974846720269124e+04
4.530048215420481306e-01,-1.276498878092505493e+03,-3.689818552566780272e+04
4.543138184810440183e-01,-4.831669434673386263e+02,-3.689735646575469582e+04
4.556228154200396840e-01,2.188250262988804479e+03,-3.688875005140359281e+04
4.569318123590353498e-01,5.599629285533641223e+02,-3.687877475189974211e+04
4.582408092980350123e-01,-7.623082903652157256e+02,-3.687337970198207040e+04
4.595498062370307890e-01,9.894459973975750700e+01,-3.686463252685620682e+04
4.608588031760265658e-01,2.531462650106684578e+03,-3.684751852516199870e+04
4.621678001150223425e-01,5.863459233050318744e+02,-3.683315848996103159e+04
4.634767970540180082e-01,-4.984087564907169394e+02,-3.682702380643074139e+04
4.647857939930137849e-01,5.604687079974314656e+02,-3.681565794536935573e+04
4.660947909320095617e-01,2.719710211074421295e+03,-3.679335455513937632e+04
4.674037878710053384e-01,8.636426083247599763e+02,-3.677534052880141098e+04
4.687127848100010041e-01,-4.137958508795405237e+02,-3.676735052240075311e+04
4.700217817489967809e-01,8.823673295326792640e+02,-3.675193669432953175e+04
4.713307786879925576e-01,3.393567169229973388e+03,-3.672265514686660026e+04
4.726397756269882233e-01,1.184568233198882126e+03,-3.669776685715632630e+04
4.739487725659840001e-01,-4.363021726068485009e+02,-3.668628926512066391e+04
4.752577695049797768e-01,7.185959351734749134e+02,-3.667186896551224345e+04
4.765667664439755535e-01,3.331563875390352223e+03,-3.664582318710944674e+04
4.778757633829712193e-01,1.188493498598397764e+03,-3.662317923631877056e+04
4.791847603219669960e-01,-5.253389561828029173e+02,-3.661192199212615378e+04
4.804937572609627727e-01,7.832590067345674925e+02,-3.659771027763232996e+04
4.818027541999585495e-01,3.193274780459959402e+03,-3.657290080091543496e+04
4.831117511389542152e-01,1.073912865347158458e+03,-3.655170823190071678e+04
4.844207480779499919e-01,-4.393765060044366351e+02,-3.654124214869679417e+04
4.857297450169457687e-01,7.520931534049668699e+02,-3.652661714302688051e+04
4.870387419559414344e-01,3.348463265031350602e+03,-3.650018351618453016e+04
4.883477388949372111e-01,1.336432961384716691e+03,-3.647640579898583383e+04
4.896567358339329878e-01,-4.562469492999396721e+02,-3.646331032476722612e+04
4.909657327729287646e-01,8.798328582884645357e+02,-3.644721572128439584e+04
4.922747297119244303e-01,3.267421835849092986e+03,-3.642067718472650449e+04
4.935837266509202070e-01,1.372129363296146494e+03,-3.639763633746322739e+04
4.948927235899159838e-01,-5.718252210969022826e+02,-3.638547790357590566e+04
4.962017205289117605e-01,8.340997580260452651e+02,-3.637016320298187929e+04
4.975107174679074262e-01,3.137613639879911261e+03,-3.634449301735039626e+04
4.988197144069032030e-01,1.216718807323042938e+03,-3.632289518576476985e+04
5.001287113458989797e-01,-5.659631257526200443e+02,-3.631288552592643828e+04
5.014377082848947564e-01,4.985662978322498020e+02,-3.630012296484525723e+04
5.027467052238904222e-01,2.814225918164905579e+03,-3.627735096301476733e+04
5.040557021628861989e-01,1.273470264170957080e+03,-3.625923210760451184e+04
5.053646991018819756e-01,-1.177881958902323049e+03,-3.625411235215489432e+04
5.066736960408777524e-01,7.933408498256338248e+01,-3.624774450912206521e+04
5.079826929798734181e-01,2.912532597167421045e+03,-3.623044675874985114e+04
5.092916899188691948e-01,9.068301089746433945e+02,-3.621342150969539944e+04
5.106006868578649716e-01,-8.135720444090551382e+02,-3.620482783829523396e+04
5.119096837968606373e-01,4.654384153611458714e+02,-3.619461540663304913e+04
5.132186807358564140e-01,2.760286428914895168e+03,-3.617580561262411356e+04
5.145276776748521907e-01,7.846275744079144943e+02,-3.615942496787425625e+04
5.158366746138479675e-01,-9.083951669223692988e+02,-3.615223697977756092e+04
5.171456715528436332e-01,2.991680759925696407e+02,-3.614245889693418576e+04
5.184546684918394099e-01,2.866406482626753586e+03,-3.612340398522697797e+04
5.197636654308351867e-01,7.840681435162647404e+02,-3.610776297631808848e+04
5.210726623698309634e-01,-1.432523333773478953e+03,-3.610427742712524196e+04
5.223816593088266291e-01,7.548055348935283959e+00,-3.610149843953599338e+04
5.236906562478224059e-01,2.288096456385724196e+03,-3.609021812984021381e+04
5.249996531868181826e-01,4.884892253032760436e+02,-3.607966488742898946e+04
5.263086501258138483e-01,-1.350914342583738744e+03,-3.607727070070129412e+04
5.276176470648096251e-01,5.225789434348546791e+01,-3.607392583512760029e+04
5.289266440038054018e-01,2.181467257325959508e+03,-3.606267294773124740e+04
5.302356409428010675e-01,1.970812575470430090e+02,-3.605329378391261707e+04
5.315446378817968442e-01,-1.500749377611740329e+03,-3.605372266758779006e+04
5.328536348207926210e-01,-2.561029990098236908e+02,-3.605480194297907292e+04
5.341626317597883977e-01,2.001013061261393432e+03,-3.604850193123082136e+04
5.354716286987841745e-01,-4.171909712143735760e+01,-3.604311458298209618e+04
5.367806256377798402e-01,-1.580512496881616244e+03,-3.604530563432173949e+04
5.380896225767756169e-01,-3.083500639276120410e+02,-3.604573830023413029e+04
5.393986195157713937e-01,2.260390298724727472e+03,-3.603733758319837216e+04
5.407076164547670594e-01,1.292346218166606207e+02,-3.602971921291079343e+04
5.420166133937628361e-01,-1.623409359454008381e+03,-3.603016475249958603e+04
5.433256103327586128e-01,-2.228432430427554038e+02,-3.602931516534533876e+04
5.446346072717542786e-01,2.066767803807133077e+03,-3.602120201955489028e+04
5.459436042107500553e-01,-1.612208302068980004e+02,-3.601737719112782361e+04
5.472526011497458320e-01,-1.863272707532702725e+03,-3.602383909448632767e+04
5.485615980887416088e-01,-6.347720052583287043e+02,-3.602706008320103865e+04
5.498705950277372745e-01,2.153444769150824413e+03,-3.602031825105260941e+04
5.511795919667330512e-01,-3.977923264446388316e+02,-3.601766065471197362e+04
5.524885889057288280e-01,-2.212433050300277955e+03,-3.602802524283513776e+04
5.537975858447246047e-01,-5.774558186097002590e+02,-3.603805326076731581e+04
5.551065827837202704e-01,1.740805400892807484e+03,-3.603629326377245889e+04
5.564155797227160472e-01,-2.784322490923610758e+02,-3.603039157209236873e+04
5.577245766617118239e-01,-1.912742796246160651e+03,-3.603175441069417866e+04
5.590335736007074896e-01,-6.189108337739810395e+02,-3.603864058482608380e+04
5.603425705397032663e-01,1.637747110159139538e+03,-3.604278678720131575e+04
5.616515674786990431e-01,-3.464285099063636721e+02,-3.604612651827282389e+04
5.629605644176947088e-01,-2.417383550550916425e+03,-3.605304871022416046e+04
5.642695613566904855e-01,-1.184564027876562477e+03,-3.605825199275590421e+04
5.655785582956862623e-01,1.839928804603337085e+03,-3.605813556691483973e+04
5.668875552346820390e-01,-3.076839300168938962e+02,-3.606317385318654851e+04
5.681965521736777047e-01,-2.189587410642343002e+03,-3.607754355416822364e+04
5.695055491126734815e-01,-9.483786537003669537e+02,-3.608564665238254383e+04
5.708145460516692582e-01,1.475651405899275687e+03,-3.608114087339875550e+04
5.721235429906650349e-01,-2.941751185072700423e+02,-3.608020327652304695e+04
5.734325399296607007e-01,-2.020300350253810166e+03,-3.609132842238024750e+04
5.747415368686564774e-01,-1.138160171456798935e+03,-3.610006405077051022e+04
5.760505338076522541e-01,1.688323417002567567e+03,-3.609936825756807229e+04
5.773595307466479198e-01,-6.087262303383262179e+02,-3.610469027782962803e+04
5.786685276856436966e-01,-2.184731073802009178e+03,-3.612014099399953557e+04
5.799775246246394733e-01,-5.110153398039150261e+02,-3.612601580419003585e+04
5.812865215636352501e-01,1.400611839596467007e+03,-3.611752818474956439e+04
5.825955185026309158e-01,-5.288264941071608973e+02,-3.611721081903226150e+04
5.839045154416266925e-01,-1.831264867042709284e+03,-3.613415471171729587e+04
5.852135123806224692e-01,-9.330373521177265275e+02,-3.614698857389720069e+04
5.865225093196182460e-01,1.064419678350379172e+03,-3.614470231801874615e+04
5.878315062586139117e-01,-4.852202246309360589e+02,-3.614342264209771383e+04
5.891405031976096884e-01,-2.011516556754560497e+03,-3.615446820551370911e+04
5.904495001366054652e-01,-5.402057635740363821e+02,-3.616674069063227216e+04
5.917584970756011309e-01,1.391457402329602246e+03,-3.616941097882793110e+04
5.930674940145969076e-01,-6.947738022817762840e+02,-3.616942421531429136e+04
5.943764909535926844e-01,-1.927294935369825453e+03,-3.617770922251851152e+04
5.956854878925884611e-01,-1.363989709614607364e+03,-3.619193325334270776e+04
5.969944848315842378e-01,1.727633303282494808e+03,-3.620196039649803424e+04
5.983034817705799036e-01,-4.760144235662567667e+02,-3.620727240932184941e+04
5.996124787095756803e-01,-1.908436528256377869e+03,-3.620856382427136850e+04
6.009214756485714570e-01,-5.144887006808808110e+02,-3.619985623109630251e+04
6.022304725875671227e-01,1.714281174570121038e+03,-3.618466810613677808e+04
6.035394695265628995e-01,-1.483165970410420300e+02,-3.618378869396521623e+04
6.048484664655586762e-01,-1.645902110019803104e+03,-3.621442256012134021e+04
6.061574634045544530e-01,-6.627988062213300964e+02,-3.625863264514141338e+04
6.074664603435502297e-01,2.561311970781786840e+03,-3.627725754900890752e+04
6.087754572825458954e-01,9.265171200780447691e+01,-3.624147427767206682e+04
6.100844542215416721e-01,-1.004313869424519453e+03,-3.617085280518475338e+04
6.113934511605374489e-01,6.237416553751658057e+02,-3.612309515045207081e+04
6.127024480995331146e-01,3.622407390684162237e+03,-3.611441780081046454e+04
6.140114450385288913e-01,2.263595955335442795e+03,-3.613001006545545533e+04
6.153204419775246681e-01,1.347142149510385707e+03,-3.615544840217380261e+04
6.166294389165204448e-01,3.995921252857056970e+03,-3.620428865488604788e+04
6.179384358555162216e-01,8.141409847037081818e+03,-3.635509489096335892e+04
6.192474327945118873e-01,9.063413897030299267e+03,-3.672547566725736397e+04
6.205564297335076640e-01,1.232757025288578916e+04,-3.819382574126453255e+04
6.218654266725034407e-01,1.783250335959169388e+04,-4.034556768275798822e+04
6.231744236114991065e-01,1.909896903896291406e+04,-3.945547236980511661e+04
6.244834205504948832e-01,1.353866556122280417e+04,-3.146235740477168656e+04
6.257924174894906599e-01,-4.904676732546209678e+03,-1.368200622052982908e+04
6.271014144284864367e-01,0.000000000000000000e+00,0.000000000000000000e+00
6.284104113674822134e-01,0.000000000000000000e+00,0.000000000000000000e+00
6.297194083064778791e-01,0.000000000000000000e+00,0.000000000000000000e+00
6.310284052454736559e-01,0.000000000000000000e+00,0.000000000000000000e+00
6.323374021844694326e-01,0.000000000000000000e+00,0.000000000000000000e+00
6.336463991234650983e-01,0.000000000000000000e+00,0.000000000000000000e+00
6.349553960624608751e-01,0.000000000000000000e+00,0.000000000000000000e+00
6.362643930014566518e-01,0.000000000000000000e+00,0.000000000000000000e+00
6.375733899404524285e-01,0.000000000000000000e+00,0.000000000000000000e+00
6.388823868794482053e-01,0.000000000000000000e+00,0.000000000000000000e+00
6.401913838184438710e-01,0.000000000000000000e+00,0.000000000000000000e+00
6.415003807574396477e-01,0.000000000000000000e+00,0.000000000000000000e+00
6.428093776964354245e-01,0.000000000000000000e+00,0.000000000000000000e+00
6.441183746354310902e-01,0.000000000000000000e+00,0.000000000000000000e+00
6.454273715744268669e-01,0.000000000000000000e+00,0.000000000000000000e+00
6.467363685134226436e-01,0.000000000000000000e+00,0.000000000000000000e+00
6.480453654524184204e-01,0.000000000000000000e+00,0.000000000000000000e+00
6.493543623914141971e-01,0.000000000000000000e+00,0.000000000000000000e+00
6.506633593304098628e-01,0.000000000000000000e+00,0.000000000000000000e+00
6.519723562694056396e-01,0.000000000000000000e+00,0.000000000000000000e+00
6.532813532084014163e-01,0.000000000000000000e+00,0.000000000000000000e+00
6.545903501473970820e-01,0.000000000000000000e+00,0.000000000000000000e+00
6.558993470863928588e-01,0.000000000000000000e+00,0.000000000000000000e+00
6.572083440253886355e-01,0.000000000000000000e+00,0.000000000000000000e+00
6.585173409643844122e-01,0.000000000000000000e+00,0.000000000000000000e+00
6.598263379033801890e-01,0.000000000000000000e+00,0.000000000000000000e+00
6.611353348423758547e-01,0.000000000000000000e+00,0.000000000000000000e+00
6.624443317813716314e-01,0.000000000000000000e+00,0.000000000000000000e+00
6.637533287203674082e-01,0.000000000000000000e+00,0.000000000000000000e+00
6.650623256593630739e-01,0.000000000000000000e+00,0.000000000000000000e+00
6.663713225983588506e-01,0.000000000000000000e+00,0.000000000000000000e+00
6.676803195373546274e-01,0.000000000000000000e+00,0.000000000000000000e+00
6.689893164763504041e-01,0.000000000000000000e+00,0.000000000000000000e+00
6.702983134153461808e-01,0.000000000000000000e+00,0.000000000000000000e+00
6.716073103543418465e-01,0.000000000000000000e+00,0.000000000000000000e+00
6.729163072933376233e-01,0.000000000000000000e+00,0.000000000000000000e+00
6.742253042323334000e-01,0.000000000000000000e+00,0.000000000000000000e+00
6.755343011713290657e-01,0.000000000000000000e+00,0.000000000000000000e+00
6.768432981103248425e-01,0.000000000000000000e+00,0.000000000000000000e+00
6.781522950493206192e-01,0.000000000000000000e+00,0.000000000000000000e+00
6.794612919883163960e-01,0.000000000000000000e+00,0.000000000000000000e+00
6.807702889273121727e-01,0.000000000000000000e+00,0.000000000000000000e+00
6.820792858663078384e-01,0.000000000000000000e+00,0.000000000000000000e+00
6.833882828053036151e-01,0.000000000000000000e+00,0.000000000000000000e+00
6.846972797442993919e-01,0.000000000000000000e+00,0.000000000000000000e+00
6.860062766832950576e-01,0.000000000000000000e+00,0.000000000000000000e+00
6.873152736222908343e-01,0.000000000000000000e+00,0.000000000000000000e+00
6.886242705612866111e-01,0.000000000000000000e+00,0.000000000000000000e+00
6.899332675002823878e-01,0.000000000000000000e+00,0.000000000000000000e+00
6.912422644392781645e-01,0.000000000000000000e+00,0.000000000000000000e+00
6.925512613782738303e-01,0.000000000000000000e+00,0.000000000000000000e+00
6.938602583172696070e-01,0.000000000000000000e+00,0.000000000000000000e+00
6.951692552562653837e-01,0.000000000000000000e+00,0.000000000000000000e+00
6.964782521952610495e-01,0.000000000000000000e+00,0.000000000000000000e+00
6.977872491342568262e-01,0.000000000000000000e+00,0.000000000000000000e+00
6.990962460732526029e-01,0.000000000000000000e+00,0.000000000000000000e+00
7.004052430122483797e-01,0.000000000000000000e+00,0.000000000000000000e+00
7.017142399512441564e-01,0.000000000000000000e+00,0.000000000000000000e+00
7.030232368902398221e-01,0.000000000000000000e+00,0.000000000000000000e+00
7.043322338292355989e-01,0.000000000000000000e+00,0.000000000000000000e+00
7.056412307682313756e-01,0.000000000000000000e+00,0.000000000000000000e+00
7.069502277072270413e-01,0.000000000000000000e+00,0.000000000000000000e+00
7.082592246462229291e-01,0.000000000000000000e+00,0.000000000000000000e+00
7.095682215852185948e-01,0.000000000000000000e+00,0.000000000000000000e+00
7.108772185242142605e-01,0.000000000000000000e+00,0.000000000000000000e+00
7.121862154632101483e-01,0.000000000000000000e+00,0.000000000000000000e+00
7.134952124022058140e-01,0.000000000000000000e+00,0.000000000000000000e+00
7.148042093412015907e-01,0.000000000000000000e+00,0.000000000000000000e+00
7.161132062801973674e-01,0.000000000000000000e+00,0.000000000000000000e+00
7.174222032191930332e-01,0.000000000000000000e+00,0.000000000000000000e+00
7.187312001581888099e-01,0.000000000000000000e+00,0.000000000000000000e+00
7.200401970971845866e-01,0.000000000000000000e+00,0.000000000000000000e+00
7.213491940361802524e-01,0.000000000000000000e+00,0.000000000000000000e+00
7.226581909751761401e-01,0.000000000000000000e+00,0.000000000000000000e+00
7.239671879141718058e-01,0.000000000000000000e+00,0.000000000000000000e+00
7.252761848531675826e-01,0.000000000000000000e+00,0.000000000000000000e+00
7.265851817921633593e-01,0.000000000000000000e+00,0.000000000000000000e+00
7.278941787311590250e-01,0.000000000000000000e+00,0.000000000000000000e+00
7.292031756701548018e-01,0.000000000000000000e+00,0.000000000000000000e+00
7.305121726091505785e-01,0.000000000000000000e+00,0.000000000000000000e+00
7.318211695481462442e-01,0.000000000000000000e+00,0.000000000000000000e+00
7.331301664871421320e-01,0.000000000000000000e+00,0.000000000000000000e+00
7.344391634261377977e-01,0.000000000000000000e+00,0.000000000000000000e+00
7.357481603651335744e-01,0.000000000000000000e+00,0.000000000000000000e+00
7.370571573041293512e-01,0.000000000000000000e+00,0.000000000000000000e+00
7.383661542431250169e-01,0.000000000000000000e+00,0.000000000000000000e+00
7.396751511821207936e-01,0.000000000000000000e+00,0.000000000000000000e+00
7.409841481211165704e-01,0.000000000000000000e+00,0.000000000000000000e+00
7.422931450601122361e-01,0.000000000000000000e+00,0.000000000000000000e+00
7.436021419991081238e-01,0.000000000000000000e+00,0.000000000000000000e+00
7.449111389381037895e-01,0.000000000000000000e+00,0.000000000000000000e+00
7.462201358770995663e-01,0.000000000000000000e+00,0.000000000000000000e+00
7.475291328160953430e-01,0.000000000000000000e+00,0.000000000000000000e+00
7.488381297550910087e-01,0.000000000000000000e+00,0.000000000000000000e+00
7.501471266940867855e-01,0.000000000000000000e+00,0.000000000000000000e+00
7.514561236330825622e-01,0.000000000000000000e+00,0.000000000000000000e+00
7.527651205720782279e-01,0.000000000000000000e+00,0.000000000000000000e+00
7.540741175110741157e-01,0.000000000000000000e+00,0.000000000000000000e+00
7.553831144500697814e-01,0.000000000000000000e+00,0.000000000000000000e+00
7.566921113890655581e-01,0.000000000000000000e+00,0.000000000000000000e+00
7.580011083280613349e-01,0.000000000000000000e+00,0.000000000000000000e+00
7.593101052670570006e-01,0.000000000000000000e+00,0.000000000000000000e+00
7.606191022060527773e-01,0.000000000000000000e+00,0.000000000000000000e+00
7.619280991450485541e-01,0.000000000000000000e+00,0.000000000000000000e+00
7.632370960840442198e-01,0.000000000000000000e+00,0.000000000000000000e+00
7.645460930230401075e-01,0.000000000000000000e+00,0.000000000000000000e+00
7.658550899620357733e-01,0.000000000000000000e+00,0.000000000000000000e+00
7.671640869010315500e-01,0.000000000000000000e+00,0.000000000000000000e+00
7.684730838400273267e-01,0.000000000000000000e+00,0.000000000000000000e+00
7.697820807790229924e-01,0.000000000000000000e+00,0.000000000000000000e+00
7.710910777180187692e-01,0.000000000000000000e+00,0.000000000000000000e+00
7.724000746570145459e-01,0.000000000000000000e+00,0.000000000000000000e+00
7.737090715960102116e-01,0.000000000000000000e+00,0.000000000000000000e+00
7.750180685350060994e-01,0.000000000000000000e+00,0.000000000000000000e+00
7.763270654740017651e-01,0.000000000000000000e+00,0.000000000000000000e+00
7.776360624129975418e-01,0.000000000000000000e+00,0.000000000000000000e+00
7.789450593519933186e-01,0.000000000000000000e+00,0.000000000000000000e+00
7.802540562909889843e-01,0.000000000000000000e+00,0.000000000000000000e+00
7.815630532299847610e-01,0.000000000000000000e+00,0.000000000000000000e+00
7.828720501689805378e-01,0.000000000000000000e+00,0.000000000000000000e+00
7.841810471079762035e-01,0.000000000000000000e+00,0.000000000000000000e+00
7.854900440469720913e-01,0.000000000000000000e+00,0.000000000000000000e+00
7.867990409859677570e-01,0.000000000000000000e+00,0.000000000000000000e+00
7.881080379249635337e-01,0.000000000000000000e+00,0.000000000000000000e+00
7.894170348639593104e-01,0.000000000000000000e+00,0.000000000000000000e+00
7.907260318029549762e-01,0.000000000000000000e+00,0.000000000000000000e+00
7.920350287419507529e-01,0.000000000000000000e+00,0.000000000000000000e+00
7.933440256809465296e-01,0.000000000000000000e+00,0.000000000000000000e+00
7.946530226199421953e-01,0.000000000000000000e+00,0.000000000000000000e+00
7.959620195589380831e-01,0.000000000000000000e+00,0.000000000000000000e+00
7.972710164979337488e-01,0.000000000000000000e+00,0.000000000000000000e+00
7.985800134369295256e-01,0.000000000000000000e+00,0.000000000000000000e+00
7.998890103759253023e-01,0.000000000000000000e+00,0.000000000000000000e+00
8.011980073149209680e-01,0.000000000000000000e+00,0.000000000000000000e+00
8.025070042539167448e-01,0.000000000000000000e+00,0.000000000000000000e+00
8.038160011929125215e-01,0.000000000000000000e+00,0.000000000000000000e+00
8.051249981319081872e-01,0.000000000000000000e+00,0.000000000000000000e+00
8.064339950709040750e-01,0.000000000000000000e+00,0.000000000000000000e+00
8.077429920098997407e-01,0.000000000000000000e+00,0.000000000000000000e+00
8.090519889488955174e-01,0.000000000000000000e+00,0.000000000000000000e+00
8.103609858878912942e-01,0.000000000000000000e+00,0.000000000000000000e+00
8.116699828268869599e-01,0.000000000000000000e+00,0.000000000000000000e+00
8.129789797658827366e-01,0.000000000000000000e+00,0.000000000000000000e+00
8.142879767048785133e-01,0.000000000000000000e+00,0.000000000000000000e+00
8.155969736438741791e-01,0.000000000000000000e+00,0.000000000000000000e+00
8.169059705828700668e-01,0.000000000000000000e+00,0.000000000000000000e+00
8.182149675218657325e-01,0.000000000000000000e+00,0.000000000000000000e+00
8.195239644608615093e-01,0.000000000000000000e+00,0.000000000000000000e+00
8.208329613998572860e-01,0.000000000000000000e+00,0.000000000000000000e+00
8.221419583388529517e-01,0.000000000000000000e+00,0.000000000000000000e+00
8.234509552778487285e-01,0.000000000000000000e+00,0.000000000000000000e+00
8.247599522168445052e-01,0.000000000000000000e+00,0.000000000000000000e+00
8.260689491558401709e-01,0.000000000000000000e+00,0.000000000000000000e+00
8.273779460948360587e-01,0.000000000000000000e+00,0.000000000000000000e+00
8.286869430338317244e-01,0.000000000000000000e+00,0.000000000000000000e+00
8.299959399728275011e-01,0.000000000000000000e+00,0.000000000000000000e+00
8.313049369118232779e-01,0.000000000000000000e+00,0.000000000000000000e+00
8.326139338508189436e-01,0.000000000000000000e+00,0.000000000000000000e+00
8.339229307898147203e-01,0.000000000000000000e+00,0.000000000000000000e+00
8.352319277288104971e-01,0.000000000000000000e+00,0.000000000000000000e+00
8.365409246678061628e-01,0.000000000000000000e+00,0.000000000000000000e+00
8.378499216068020505e-01,0.000000000000000000e+00,0.000000000000000000e+00
8.391589185457977162e-01,0.000000000000000000e+00,0.000000000000000000e+00
8.404679154847934930e-01,0.000000000000000000e+00,0.000000000000000000e+00
8.417769124237892697e-01,0.000000000000000000e+00,0.000000000000000000e+00
8.430859093627849354e-01,0.000000000000000000e+00,0.000000000000000000e+00
8.443949063017807122e-01,0.000000000000000000e+00,0.000000000000000000e+00
8.457039032407764889e-01,0.000000000000000000e+00,0.000000000000000000e+00
8.470129001797721546e-01,0.000000000000000000e+00,0.000000000000000000e+00
8.483218971187680424e-01,0.000000000000000000e+00,0.000000000000000000e+00
8.496308940577637081e-01,0.000000000000000000e+00,0.000000000000000000e+00
8.509398909967594848e-01,0.000000000000000000e+00,0.000000000000000000e+00
8.522488879357552616e-01,0.000000000000000000e+00,0.000000000000000000e+00
8.535578848747509273e-01,0.000000000000000000e+00,0.000000000000000000e+00
8.548668818137467040e-01,0.000000000000000000e+00,0.000000000000000000e+00
8.561758787527424808e-01,0.000000000000000000e+00,0.000000000000000000e+00
8.574848756917381465e-01,0.000000000000000000e+00,0.000000000000000000e+00
8.587938726307340342e-01,0.000000000000000000e+00,0.000000000000000000e+00
8.601028695697297000e-01,0.000000000000000000e+00,0.000000000000000000e+00
8.614118665087254767e-01,0.000000000000000000e+00,0.000000000000000000e+00
8.627208634477212534e-01,0.000000000000000000e+00,0.000000000000000000e+00
8.640298603867169192e-01,0.000000000000000000e+00,0.000000000000000000e+00
8.653388573257126959e-01,0.000000000000000000e+00,0.000000000000000000e+00
8.666478542647084726e-01,0.000000000000000000e+00,0.000000000000000000e+00
8.679568512037041383e-01,0.000000000000000000e+00,0.000000000000000000e+00
8.692658481427000261e-01,0.000000000000000000e+00,0.000000000000000000e+00
8.705748450816956918e-01,0.000000000000000000e+00,0.000000000000000000e+00
8.718838420206914686e-01,0.000000000000000000e+00,0.000000000000000000e+00
8.731928389596872453e-01,0.000000000000000000e+00,0.000000000000000000e+00
8.745018358986829110e-01,0.000000000000000000e+00,0.000000000000000000e+00
8.758108328376786877e-01,0.000000000000000000e+00,0.000000000000000000e+00
8.771198297766744645e-01,0.000000000000000000e+00,0.000000000000000000e+00
8.784288267156701302e-01,0.000000000000000000e+00,0.000000000000000000e+00
8.797378236546660180e-01,0.000000000000000000e+00,0.000000000000000000e+00
8.810468205936616837e-01,0.000000000000000000e+00,0.000000000000000000e+00
8.823558175326574604e-01,0.000000000000000000e+00,0.000000000000000000e+00
8.836648144716532371e-01,0.000000000000000000e+00,0.000000000000000000e+00
8.849738114106489029e-01,0.000000000000000000e+00,0.000000000000000000e+00
8.862828083496446796e-01,0.000000000000000000e+00,0.000000000000000000e+00
8.875918052886404563e-01,0.000000000000000000e+00,0.000000000000000000e+00
8.889008022276361221e-01,0.000000000000000000e+00,0.000000000000000000e+00
8.902097991666320098e-01,0.000000000000000000e+00,0.000000000000000000e+00
8.915187961056276755e-01,0.000000000000000000e+00,0.000000000000000000e+00
8.928277930446234523e-01,0.000000000000000000e+00,0.000000000000000000e+00
8.941367899836192290e-01,0.000000000000000000e+00,0.000000000000000000e+00
8.954457869226148947e-01,0.000000000000000000e+00,0.000000000000000000e+00
8.967547838616106715e-01,0.000000000000000000e+00,0.000000000000000000e+00
8.980637808006064482e-01,0.000000000000000000e+00,0.000000000000000000e+00
8.993727777396021139e-01,0.000000000000000000e+00,0.000000000000000000e+00
9.006817746785980017e-01,0.000000000000000000e+00,0.000000000000000000e+00
9.019907716175936674e-01,0.000000000000000000e+00,0.000000000000000000e+00
9.032997685565894441e-01,0.000000000000000000e+00,0.000000000000000000e+00
9.046087654955852209e-01,0.000000000000000000e+00,0.000000000000000000e+00
9.059177624345808866e-01,0.000000000000000000e+00,0.000000000000000000e+00
9.072267593735766633e-01,0.000000000000000000e+00,0.000000000000000000e+00
9.085357563125724401e-01,0.000000000000000000e+00,0.000000000000000000e+00
9.098447532515681058e-01,0.000000000000000000e+00,0.000000000000000000e+00
9.111537501905639935e-01,0.000000000000000000e+00,0.000000000000000000e+00
9.124627471295596592e-01,0.000000000000000000e+00,0.000000000000000000e+00
9.137717440685554360e-01,0.000000000000000000e+00,0.000000000000000000e+00
9.150807410075512127e-01,0.000000000000000000e+00,0.000000000000000000e+00
9.163897379465468784e-01,0.000000000000000000e+00,0.000000000000000000e+00
9.176987348855426552e-01,0.000000000000000000e+00,0.000000000000000000e+00
9.190077318245384319e-01,0.000000000000000000e+00,0.000000000000000000e+00
9.203167287635340976e-01,0.000000000000000000e+00,0.000000000000000000e+00
9.216257257025299854e-01,0.000000000000000000e+00,0.000000000000000000e+00
9.229347226415256511e-01,0.000000000000000000e+00,0.000000000000000000e+00
9.242437195805214278e-01,0.000000000000000000e+00,0.000000000000000000e+00
9.255527165195172046e-01,0.000000000000000000e+00,0.000000000000000000e+00
9.268617134585128703e-01,0.000000000000000000e+00,0.000000000000000000e+00
9.281707103975086470e-01,0.000000000000000000e+00,0.000000000000000000e+00
9.294797073365044238e-01,0.000000000000000000e+00,0.000000000000000000e+00
9.307887042755000895e-01,0.000000000000000000e+00,0.000000000000000000e+00
9.320977012144959772e-01,0.000000000000000000e+00,0.000000000000000000e+00
9.334066981534916430e-01,0.000000000000000000e+00,0.000000000000000000e+00
9.347156950924874197e-01,0.000000000000000000e+00,0.000000000000000000e+00
9.360246920314831964e-01,0.000000000000000000e+00,0.000000000000000000e+00
9.373336889704788621e-01,0.000000000000000000e+00,0.000000000000000000e+00
9.386426859094746389e-01,0.000000000000000000e+00,0.000000000000000000e+00
9.399516828484704156e-01,0.000000000000000000e+00,0.000000000000000000e+00
9.412606797874660813e-01,0.000000000000000000e+00,0.000000000000000000e+00
9.425696767264619691e-01,0.000000000000000000e+00,0.000000000000000000e+00
9.438786736654576348e-01,0.000000000000000000e+00,0.000000000000000000e+00
9.451876706044534115e-01,0.000000000000000000e+00,0.000000000000000000e+00
9.464966675434491883e-01,-1.168124486888179308e+04,-2.336248973776358616e+04
9.478056644824448540e-01,-1.820692124005450751e+04,-3.641384248010901501e+04
9.491146614214406307e-01,-1.987061623543352471e+04,-3.974123247086704941e+04
9.504236583604364075e-01,-1.939746765985295860e+04,-3.879493531970591721e+04
9.517326552994320732e-01,-1.890932790646350259e+04,-3.781865581292700517e+04
9.530416522384279610e-01,-1.857564962665210987e+04,-3.715129925330421975e+04
9.543506491774236267e-01,-1.839346918739320972e+04,-3.678693837478641944e+04
9.556596461164194034e-01,-1.836578107088768229e+04,-3.673156214177536458e+04
9.569686430554151801e-01,-1.846909588890957821e+04,-3.693819177781915641e+04
9.582776399944108459e-01,-1.863690625015693877e+04,-3.727381250031387754e+04
9.595866369334066226e-01,-1.879227774481362940e+04,-3.758455548962725879e+04
9.608956338724022883e-01,-1.891697357904044839e+04,-3.783394715808089677e+04
9.622046308113980650e-01,-1.905522145657077272e+04,-3.811044291314154543e+04
9.635136277503938418e-01,-1.920968019534803170e+04,-3.841936039069606340e+04
9.648226246893896185e-01,-1.933758852255684178e+04,-3.867517704511368356e+04
9.661316216283852842e-01,-1.944135258765209437e+04,-3.888270517530418874e+04
9.674406185673810610e-01,-1.956468746047069726e+04,-3.912937492094139452e+04
9.687496155063768377e-01,-1.971089116054759870e+04,-3.942178232109519740e+04
9.700586124453726145e-01,-1.984679431314464455e+04,-3.969358862628928910e+04
9.713676093843682802e-01,-1.997219109578696953e+04,-3.994438219157393905e+04
9.726766063233640569e-01,-2.011421900864949566e+04,-4.022843801729899133e+04
9.739856032623598336e-01,-2.026903186849951089e+04,-4.053806373699902178e+04
9.752946002013556104e-01,-2.040754228214748582e+04,-4.081508456429497164e+04
9.766035971403512761e-01,-2.053381063416250981e+04,-4.106762126832501963e+04
9.779125940793470528e-01,-2.067690497249159671e+04,-4.135380994498319342e+04
9.792215910183428296e-01,-2.083092120989937030e+04,-4.166184241979874059e+04
9.805305879573386063e-01,-2.096327093364549728e+04,-4.192654186729099456e+04
9.818395848963342720e-01,-2.108524104607307163e+04,-4.217048209214614326e+04
9.831485818353300488e-01,-2.123921032646518870e+04,-4.247842065293037740e+04
9.844575787743258255e-01,-2.141493887573579195e+04,-4.282987775147158391e+04
9.857665757133216022e-01,-2.156270563484751983e+04,-4.312541126969503966e+04
9.870755726523172680e-01,-2.168468776518672166e+04,-4.336937553037344333e+04
9.883845695913130447e-01,-2.182993990806280635e+04,-4.365987981612561271e+04
9.896935665303088214e-01,-2.199889752272062105e+04,-4.399779504544124211e+04
9.910025634693045982e-01,-2.214855666383547214e+04,-4.429711332767094427e+04
9.923115604083002639e-01,-2.228232856155517584e+04,-4.456465712311035168e+04
9.936205573472960406e-01,-2.244164560403531868e+04,-4.488329120807063737e+04
9.949295542862918174e-01,-2.261966393022323973e+04,-4.523932786044647946e+04
9.962385512252875941e-01,-2.276989530502685739e+04,-4.553979061005371477e+04
9.975475481642832598e-01,-2.289906379775551977e+04,-4.579812759551103954e+04
9.988565451032790365e-01,-2.305847284109327666e+04,-4.611694568218655331e+04
1.000165542042274813e+00,-2.324403423056843167e+04,-4.648806846113686333e+04
1.001474538981270701e+00,-2.340519536464919656e+04,-4.681039072929839313e+04
1.002783535920266367e+00,-2.354312692606302880e+04,-4.708625385212605761e+04
1.004092532859262032e+00,-2.370522677223565915e+04,-4.741045354447131831e+04
1.005401529798257698e+00,-2.388988115615101196e+04,-4.777976231230202393e+04
1.006710526737253586e+00,-2.405213326445682833e+04,-4.810426652891365666e+04
1.008019523676249252e+00,-2.419622004416458731e+04,-4.839244008832917461e+04
1.009328520615245139e+00,-2.436731962647244291e+04,-4.873463925294488581e+04
1.010637517554240805e+00,-2.455989780298937694e+04,-4.911979560597875388e+04
1.011946514493236471e+00,-2.472620660585210135e+04,-4.945241321170420269e+04
1.013255511432232137e+00,-2.487172507207950184e+04,-4.974345014415900368e+04
1.014564508371228024e+00,-2.504661933687302371e+04,-5.009323867374604743e+04
1.015873505310223912e+00,-2.524596691070307133e+04,-5.049193382140614267e+04
1.017182502249219578e+00,-2.541857166965892611e+04,-5.083714333931785222e+04
1.018491499188215244e+00,-2.556852503511080431e+04,-5.113705007022160862e+04
1.019800496127210909e+00,-2.574767619454318992e+04,-5.149535238908637984e+04
1.021109493066206797e+00,-2.595236345939822058e+04,-5.190472691879644117e+04
1.022418490005202685e+00,-2.613119829145715994e+04,-5.226239658291431988e+04
1.023727486944198350e+00,-2.628757784053253272e+04,-5.257515568106506544e+04
1.025036483883194016e+00,-2.647233961543628175e+04,-5.294467923087256349e+04
1.026345480822189682e+00,-2.668165031304120930e+04,-5.336330062608241860e+04
1.027654477761185570e+00,-2.686459102219911438e+04,-5.372918204439822875e+04
1.028963474700181235e+00,-2.702572905329489367e+04,-5.405145810658978735e+04
1.030272471639177123e+00,-2.721700295402500342e+04,-5.443400590805000684e+04
1.031581468578172789e+00,-2.743385289487929549e+04,-5.486770578975859098e+04
1.032890465517168455e+00,-2.762360528761342721e+04,-5.524721057522685442e+04
1.034199462456164120e+00,-2.778995919088603478e+04,-5.557991838177206955e+04
1.035508459395160008e+00,-2.798563001311465632e+04,-5.597126002622931264e+04
1.036817456334155896e+00,-2.820718294781440272e+04,-5.641436589562880545e+04
1.038126453273151562e+00,-2.840263241392380951e+04,-5.680526482784761902e+04
1.039435450212147227e+00,-2.857629955615886502e+04,-5.715259911231773003e+04
1.040744447151142893e+00,-2.878035775062948596e+04,-5.756071550125897193e+04
1.042053444090138781e+00,-2.900929347669532217e+04,-5.801858695339064434e+04
1.043362441029134668e+00,-2.920863559493731736e+04,-5.841727118987463473e+04
1.044671437968130334e+00,-2.938489039008700274e+04,-5.876978078017400549e+04
1.045980434907126000e+00,-2.959586360385347507e+04,-5.919172720770695014e+04
1.047289431846121666e+00,-2.983527527264013770e+04,-5.967055054528027540e+04
1.048598428785117553e+00,-3.004278278955107817e+04,-6.008556557910215633e+04
1.049907425724113219e+00,-3.022319932027922550e+04,-6.044639864055845101e+04
1.051216422663109107e+00,-3.043949340351854698e+04,-6.087898680703709397e+04
1.052525419602104773e+00,-3.069025171797872827e+04,-6.138050343595745653e+04
1.053834416541100438e+00,-3.091670205894788160e+04,-6.183340411789576319e+04
1.055143413480096104e+00,-3.111666166958476606e+04,-6.223332333916953212e+04
1.056452410419091992e+00,-3.109629209077465566e+04,-6.266809906304813194e+04
1.057761407358087880e+00,-2.343216931828159068e+04,-6.310672627493555046e+04
1.059070404297083545e+00,-1.702008983993079892e+04,-6.342580924502420385e+04
1.060379401236079211e+00,-1.179133961092516074e+04,-6.360040388879595412e+04
1.061688398175074877e+00,-7.905239653652797642e+03,-6.371644827395129687e+04
1.062997395114070764e+00,-5.783894715267430911e+03,-6.381556297403522331e+04
1.064306392053066652e+00,-3.984336113954892880e+03,-6.387864412845663901e+04
1.065615388992062318e+00,-2.841808612159740733e+03,-6.391256108213511470e+04
1.066924385931057984e+00,-1.527067696251546977e+03,-6.393893419387147151e+04
1.068233382870053649e+00,-1.445915001175692169e+03,-6.396091693493221101e+04
1.069542379809049537e+00,-9.185275628147384168e+02,-6.397325718522544776e+04
1.070851376748045203e+00,-8.498130760889527835e+01,-6.397974022840906400e+04
1.072160373687041091e+00,3.115345616580273145e+02,-6.398218255713096733e+04
1.073469370626036756e+00,3.909575477737051870e+02,-6.397763619409052626e+04
1.074778367565032422e+00,1.969309819172185314e+02,-6.396927398271232232e+04
1.076087364504028088e+00,5.926971513994910765e+02,-6.396612265470462444e+04
1.077396361443023975e+00,4.228860611397096818e+02,-6.396820851951358782e+04
1.078705358382019863e+00,-2.938293675470690118e+02,-6.396799741287657525e+04
1.080014355321015529e+00,2.339412394255566596e+02,-6.396497129535232671e+04
1.081323352260011195e+00,1.814309543192647425e+02,-6.396468375699510943e+04
1.082632349199006860e+00,6.186751161366291853e+02,-6.396648099119828839e+04
1.083941346138002748e+00,2.258367966436670429e+02,-6.396474347899294662e+04
1.085250343076998636e+00,-2.192953802694622709e+02,-6.396120331456950225e+04
1.086559340015994302e+00,-2.201454058302367400e+02,-6.396467562963986711e+04
1.087868336954989967e+00,-9.206038323451329575e+01,-6.397603989862430899e+04
1.089177333893985633e+00,-6.485144527563998054e+02,-6.398650651766279771e+04
1.090486330832981521e+00,-7.505815575147911431e+02,-6.399265086384506867e+04
1.091795327771977187e+00,-3.539963140162776654e+02,-6.400041444424240763e+04
1.093104324710973074e+00,8.979279750451007658e+01,-6.401277950959128793e+04
1.094413321649968740e+00,-1.026277791322204394e+03,-6.402446269003279303e+04
1.095722318588964406e+00,-1.008613508388798436e+03,-6.403409574529477686e+04
1.097031315527960071e+00,-1.230662899383375134e+03,-6.404927843947893416e+04
1.098340312466955959e+00,-6.457204678699987426e+02,-6.407223555720013974e+04
1.099649309405951847e+00,-1.334133118011348643e+03,-6.409412358355200558e+04
1.100958306344947513e+00,-1.446936071491415760e+03,-6.410960334988834802e+04
1.102267303283943178e+00,-1.027856766375028428e+03,-6.412536619786825031e+04
1.103576300222938844e+00,-7.568521172720904815e+02,-6.414749224347691779e+04
1.104885297161934732e+00,-1.558923080476603673e+03,-6.417087320219551475e+04
1.106194294100930620e+00,-1.786757812993355401e+03,-6.419165269204768265e+04
1.107503291039926285e+00,-1.829521785167952430e+03,-6.421510816220117704e+04
1.108812287978921951e+00,-7.238678936292513981e+02,-6.424283293630973640e+04
1.110121284917917617e+00,-1.584999699191517720e+03,-6.426739133678373037e+04
1.111430281856913505e+00,-1.853580216594699095e+03,-6.428543088521826576e+04
1.112739278795909170e+00,-1.026453785814670255e+03,-6.430456979272011813e+04
1.114048275734905058e+00,-9.416345748687069772e+02,-6.432991521166235179e+04
1.115357272673900724e+00,-1.709118139678572561e+03,-6.435537608204021672e+04
1.116666269612896389e+00,-2.048990597745350897e+03,-6.437686968458975025e+04
1.117975266551892055e+00,-1.578371334868351369e+03,-6.440017946743954963e+04
1.119284263490887943e+00,-7.306152863659531249e+02,-6.442788690812674031e+04
1.120593260429883831e+00,-1.823685229277113649e+03,-6.445238466007705574e+04
1.121902257368879496e+00,-1.251437351650733490e+03,-6.446927998063693667e+04
1.123211254307875162e+00,-1.420660565996321793e+03,-6.448704649555590004e+04
1.124520251246870828e+00,-7.436991129412366490e+02,-6.451272141615350120e+04
1.125829248185866716e+00,-2.112975247053614567e+03,-6.453927642253110389e+04
1.127138245124862603e+00,-1.527310343710980760e+03,-6.455973070966079104e+04
1.128447242063858269e+00,-1.133146502677751414e+03,-6.457919802735499252e+04
1.129756239002853935e+00,-9.484972634756950356e+02,-6.460257774417590554e+04
1.131065235941849600e+00,-1.337779398262523500e+03,-6.462376677792084229e+04
1.132374232880845488e+00,-1.220511987126662461e+03,-6.463818117627281026e+04
1.133683229819841154e+00,-1.042520339515756405e+03,-6.465416726305217162e+04
1.134992226758837042e+00,-1.025569884848767288e+03,-6.467859678402734426e+04
1.136301223697832707e+00,-1.974938802763582999e+03,-6.470405754274486389e+04
1.137610220636828373e+00,-1.202225273760333494e+03,-6.472315181587756524e+04
1.138919217575824039e+00,-8.935478869002531610e+02,-6.473939503788397997e+04
1.140228214514819927e+00,-4.233872974140377323e+02,-6.475655926899726910e+04
1.141537211453815814e+00,-1.175832142587310500e+03,-6.477106002985453961e+04
1.142846208392811480e+00,-1.006663824770739438e+03,-6.478265351232291869e+04
1.144155205331807146e+00,-1.115430984541854514e+03,-6.479924352570505289e+04
1.145464202270802812e+00,-9.992978269154322106e+02,-6.482263461661108886e+04
1.146773199209798699e+00,-1.537906719922136972e+03,-6.484507561510449159e+04
1.148082196148794587e+00,-1.420943840615969521e+03,-6.486350386072789843e+04
1.149391193087790253e+00,-6.810942786919645187e+02,-6.488085470376224112e+04
1.150700190026785918e+00,-2.995878609636172882e+02,-6.489537840882758610e+04
1.152009186965781584e+00,-7.480363114306624084e+02,-6.490305000123925129e+04
1.153318183904777472e+00,-5.419413862461274221e+02,-6.490836921393397643e+04
1.154627180843773138e+00,-9.669370270256284812e+02,-6.492200744361161196e+04
1.155936177782769025e+00,-6.912378603328495501e+02,-6.494379615758579894e+04
1.157245174721764691e+00,-1.234605713518370749e+03,-6.496235216215417313e+04
1.158554171660760357e+00,-1.015991878144426209e+03,-6.497198510615925625e+04
1.159863168599756023e+00,-3.921010381045785493e+02,-6.497965900180195604e+04
1.161172165538751910e+00,8.454826544438617475e+01,-6.499188302383185510e+04
1.162481162477747798e+00,-2.932240912889581068e+02,-6.500252338683974813e+04
1.163790159416743464e+00,-6.116487899454865556e+02,-6.500593454494865000e+04
1.165099156355739130e+00,-6.061562814791981282e+02,-6.500932198051172600e+04
1.166408153294734795e+00,-2.342987824944807755e+02,-6.501956328613341611e+04
1.167717150233730683e+00,-3.778644800141595397e+02,-6.503099460250660923e+04
1.169026147172726571e+00,-4.883994815912107015e+02,-6.503874043606590567e+04
1.170335144111722236e+00,-3.312881957308101732e+02,-6.504431546356711624e+04
1.171644141050717902e+00,8.053402135827374195e+02,-6.504620570495053835e+04
1.172953137989713568e+00,1.107150065722235732e+00,-6.504256017267375137e+04
1.174262134928709456e+00,-3.850128030830842931e+02,-6.504048453378810518e+04
1.175571131867705121e+00,-2.834411465448059175e+02,-6.504823407495924766e+04
1.176880128806701009e+00,-6.187382610723177834e+01,-6.505974059370918258e+04
1.178189125745696675e+00,-3.573122033961290640e+02,-6.506482757952796237e+04
1.179498122684692341e+00,-3.374272765951200768e+02,-6.506478728334955667e+04
1.180807119623688006e+00,4.859073111448885243e+02,-6.506586325604240119e+04
1.182116116562683894e+00,9.662197923968340092e+02,-6.506650886792490201e+04
1.183425113501679782e+00,7.897277135171370333e+01,-6.506118235212819127e+04
1.184734110440675448e+00,-1.498239531262869377e+02,-6.505280836246739636e+04
1.186043107379671113e+00,2.027360849846374720e+02,-6.505080789547696622e+04
1.187352104318666779e+00,7.387546817489592286e+02,-6.505591926219619927e+04
1.188661101257662667e+00,-2.702406807919334142e+02,-6.505905194926327385e+04
1.189970098196658554e+00,-2.549525259026522974e+02,-6.505655620948392607e+04
1.191279095135654220e+00,6.265843974848634161e+02,-6.505256929985958413e+04
1.192588092074649886e+00,1.178270427982027513e+03,-6.504866358120518271e+04
1.193897089013645552e+00,1.420800461959801737e+02,-6.504247400851300335e+04
1.195206085952641439e+00,-1.607042937198618517e+02,-6.503791592111351201e+04
1.196515082891637105e+00,3.011514084485839362e+02,-6.503942202217819431e+04
1.197824079830632993e+00,1.018369318869977633e+03,-6.503893001979964174e+04
1.199133076769628659e+00,2.898059589186359517e+02,-6.502789309625994065e+04
1.200442073708624324e+00,8.235062607468930764e+02,-6.501070960932812886e+04
1.201751070647619990e+00,9.413699982280213590e+02,-6.500043597618988133e+04
1.203060067586615878e+00,1.006244043215488205e+03,-6.500089608803919691e+04
1.204369064525611766e+00,3.292619378768142013e+01,-6.500100371873113181e+04
1.205678061464607431e+00,1.076041498536064864e+02,-6.499214690250386047e+04
1.206987058403603097e+00,5.937895841301092332e+02,-6.497935215554391471e+04
1.208296055342598763e+00,1.172671518575919208e+03,-6.497052938204675593e+04
1.209605052281594650e+00,6.923162729471048351e+02,-6.496283248947824177e+04
1.210914049220590538e+00,7.531726453147582561e+02,-6.495390703424668754e+04
1.212223046159586204e+00,1.028456934789482830e+03,-6.494666441067186679e+04
1.213532043098581870e+00,9.855398326939316576e+02,-6.493838227640172408e+04
1.214841040037577535e+00,1.389365322696274347e+02,-6.492519558673189022e+04
1.216150036976573423e+00,2.403959979913394704e+02,-6.491258899001783720e+04
1.217459033915569089e+00,5.205296753487517663e+02,-6.490840829906121508e+04
1.218768030854564977e+00,7.896739237736070436e+02,-6.490825073457363033e+04
1.220077027793560642e+00,7.424871625268166326e+02,-6.490279827477672370e+04
1.221386024732556308e+00,5.550831522408924457e+02,-6.489280327705026866e+04
1.222695021671551974e+00,7.203013817776225096e+02,-6.488553457321752649e+04
1.224004018610547861e+00,7.179070856904342008e+02,-6.488125502373189374e+04
1.225313015549543749e+00,-5.573505903990164256e+01,-6.487403468950157549e+04
1.226622012488539415e+00,2.973634950757615911e+02,-6.486499236218709848e+04
1.227931009427535081e+00,5.618160918962585129e+02,-6.485841371962278936e+04
1.229240006366530746e+00,9.919623478206609661e+02,-6.485076950676552224e+04
1.230549003305526634e+00,4.903069922535014484e+02,-6.483844252935773693e+04
1.231858000244522522e+00,3.523451463724127279e+02,-6.482882520774340810e+04
1.233166997183518188e+00,3.304023857250174956e+02,-6.483033913702274003e+04
1.234475994122513853e+00,1.626305668108807083e+02,-6.483702340832878690e+04
1.235784991061509519e+00,-3.513790664103644872e+02,-6.483904619484002615e+04
1.237093988000505407e+00,-2.516208395125146922e+02,-6.483799142786373704e+04
1.238402984939501073e+00,-3.977608060538750578e+01,-6.484065975245786831e+04
1.239711981878496960e+00,2.844990888123731452e+02,-6.484576380480997614e+04
1.241020978817492626e+00,-7.419783853061488799e+02,-6.484630827148716344e+04
1.242329975756488292e+00,-1.443879801455867437e+03,-6.484262636684123572e+04
1.243638972695483957e+00,-2.011742515036909708e+03,-6.484533435030934197e+04
1.244947969634479845e+00,-1.824811986348257960e+03,-6.486667502573028469e+04
1.246256966573475733e+00,-3.461866363104319589e+03,-6.491468726562312804e+04
1.247565963512471399e+00,-4.944278089263126276e+03,-6.500182893746611808e+04
1.248874960451467064e+00,-6.152983650864765877e+03,-6.521997100635667448e+04
1.250183957390462730e+00,-8.256332799252453697e+03,-6.565249860757155693e+04
1.251492954329458618e+00,-1.269591085034390380e+04,-6.618548154924009577e+04
1.252801951268454506e+00,-1.736459978554941335e+04,-6.659409572891810967e+04
1.254110948207450171e+00,-2.143933650712210510e+04,-6.632047824120338191e+04
1.255419945146445837e+00,-1.270052118003424039e+04,-6.082773740547089983e+04
