# Exudyn: solution of belt drive, contact forces over belt length
# Exudyn output file
# Exudyn version=1.2.34.dev1
# endTime=2.45
# stepSize=5e-05
# nSegments=4
# nANCFnodes=120
# contactStiffnessPerArea=100000000.0
# frictionStiffnessPerArea=100000000.0
# contactStiffness=837758.0409572781
# frictionStiffness=1047197.5511965976
# contactDamping=16.755160819145562
# frictionVelocityPenalty=67.41219856484457
# dryFriction=0.5
# 
2.347896345201050394e-03,0.000000000000000000e+00,0.000000000000000000e+00
4.965890223192603870e-03,0.000000000000000000e+00,0.000000000000000000e+00
7.583884101184157345e-03,0.000000000000000000e+00,0.000000000000000000e+00
1.020187797917548878e-02,0.000000000000000000e+00,0.000000000000000000e+00
1.281987185716704225e-02,0.000000000000000000e+00,0.000000000000000000e+00
1.543786573515859573e-02,0.000000000000000000e+00,0.000000000000000000e+00
1.805585961315014920e-02,0.000000000000000000e+00,0.000000000000000000e+00
2.067385349114037041e-02,0.000000000000000000e+00,0.000000000000000000e+00
2.329184736913192388e-02,0.000000000000000000e+00,0.000000000000000000e+00
2.590984124712347736e-02,0.000000000000000000e+00,0.000000000000000000e+00
2.852783512511503083e-02,0.000000000000000000e+00,0.000000000000000000e+00
3.114582900310636226e-02,0.000000000000000000e+00,0.000000000000000000e+00
3.376382288109791574e-02,0.000000000000000000e+00,0.000000000000000000e+00
3.638181675908946922e-02,0.000000000000000000e+00,0.000000000000000000e+00
3.899981063708102269e-02,0.000000000000000000e+00,0.000000000000000000e+00
4.161780451507235412e-02,0.000000000000000000e+00,0.000000000000000000e+00
4.423579839306390760e-02,0.000000000000000000e+00,0.000000000000000000e+00
4.685379227105546107e-02,0.000000000000000000e+00,0.000000000000000000e+00
4.947178614904679250e-02,0.000000000000000000e+00,0.000000000000000000e+00
5.208978002703834598e-02,0.000000000000000000e+00,0.000000000000000000e+00
5.470777390502989945e-02,0.000000000000000000e+00,0.000000000000000000e+00
5.732576778302145293e-02,0.000000000000000000e+00,0.000000000000000000e+00
5.994376166101278436e-02,0.000000000000000000e+00,0.000000000000000000e+00
6.256175553900433783e-02,0.000000000000000000e+00,0.000000000000000000e+00
6.517974941699589131e-02,0.000000000000000000e+00,0.000000000000000000e+00
6.779774329498744478e-02,0.000000000000000000e+00,0.000000000000000000e+00
7.041573717297877621e-02,0.000000000000000000e+00,0.000000000000000000e+00
7.303373105097032969e-02,0.000000000000000000e+00,0.000000000000000000e+00
7.565172492896188317e-02,0.000000000000000000e+00,0.000000000000000000e+00
7.826971880695321460e-02,0.000000000000000000e+00,0.000000000000000000e+00
8.088771268494476807e-02,0.000000000000000000e+00,0.000000000000000000e+00
8.350570656293632155e-02,0.000000000000000000e+00,0.000000000000000000e+00
8.612370044092787502e-02,0.000000000000000000e+00,0.000000000000000000e+00
8.874169431891920645e-02,0.000000000000000000e+00,0.000000000000000000e+00
9.135968819691075993e-02,0.000000000000000000e+00,0.000000000000000000e+00
9.397768207490231340e-02,0.000000000000000000e+00,0.000000000000000000e+00
9.659567595289386688e-02,0.000000000000000000e+00,0.000000000000000000e+00
9.921366983088519831e-02,0.000000000000000000e+00,0.000000000000000000e+00
1.018316637088767518e-01,0.000000000000000000e+00,0.000000000000000000e+00
1.044496575868683053e-01,0.000000000000000000e+00,0.000000000000000000e+00
1.070676514648598587e-01,0.000000000000000000e+00,0.000000000000000000e+00
1.096856453428511902e-01,0.000000000000000000e+00,0.000000000000000000e+00
1.123036392208427436e-01,0.000000000000000000e+00,0.000000000000000000e+00
1.149216330988342971e-01,0.000000000000000000e+00,0.000000000000000000e+00
1.175396269768258506e-01,0.000000000000000000e+00,0.000000000000000000e+00
1.201576208548171820e-01,0.000000000000000000e+00,0.000000000000000000e+00
1.227756147328087355e-01,0.000000000000000000e+00,0.000000000000000000e+00
1.253936086108002890e-01,0.000000000000000000e+00,0.000000000000000000e+00
1.280116024887916204e-01,0.000000000000000000e+00,0.000000000000000000e+00
1.306295963667831739e-01,0.000000000000000000e+00,0.000000000000000000e+00
1.332475902447747274e-01,0.000000000000000000e+00,0.000000000000000000e+00
1.358655841227662808e-01,0.000000000000000000e+00,0.000000000000000000e+00
1.384835780007576123e-01,0.000000000000000000e+00,0.000000000000000000e+00
1.411015718787491657e-01,0.000000000000000000e+00,0.000000000000000000e+00
1.437195657567407192e-01,0.000000000000000000e+00,0.000000000000000000e+00
1.463375596347322727e-01,0.000000000000000000e+00,0.000000000000000000e+00
1.489555535127236041e-01,0.000000000000000000e+00,0.000000000000000000e+00
1.515735473907151576e-01,0.000000000000000000e+00,0.000000000000000000e+00
1.541915412687067111e-01,0.000000000000000000e+00,0.000000000000000000e+00
1.568095351466980425e-01,0.000000000000000000e+00,0.000000000000000000e+00
1.594275290246895960e-01,0.000000000000000000e+00,0.000000000000000000e+00
1.620455229026811494e-01,0.000000000000000000e+00,0.000000000000000000e+00
1.646635167806724809e-01,0.000000000000000000e+00,0.000000000000000000e+00
1.672815106586640344e-01,0.000000000000000000e+00,0.000000000000000000e+00
1.698995045366555878e-01,0.000000000000000000e+00,0.000000000000000000e+00
1.725174984146471413e-01,0.000000000000000000e+00,0.000000000000000000e+00
1.751354922926386948e-01,0.000000000000000000e+00,0.000000000000000000e+00
1.777534861706300262e-01,0.000000000000000000e+00,0.000000000000000000e+00
1.803714800486215797e-01,0.000000000000000000e+00,0.000000000000000000e+00
1.829894739266131332e-01,0.000000000000000000e+00,0.000000000000000000e+00
1.856074678046044646e-01,0.000000000000000000e+00,0.000000000000000000e+00
1.882254616825960181e-01,0.000000000000000000e+00,0.000000000000000000e+00
1.908434555605875715e-01,0.000000000000000000e+00,0.000000000000000000e+00
1.934614494385789030e-01,0.000000000000000000e+00,0.000000000000000000e+00
1.960794433165704564e-01,0.000000000000000000e+00,0.000000000000000000e+00
1.986974371945620099e-01,0.000000000000000000e+00,0.000000000000000000e+00
2.013154310725535634e-01,0.000000000000000000e+00,0.000000000000000000e+00
2.039334249505448948e-01,0.000000000000000000e+00,0.000000000000000000e+00
2.065514188285364483e-01,0.000000000000000000e+00,0.000000000000000000e+00
2.091694127065280018e-01,0.000000000000000000e+00,0.000000000000000000e+00
2.117874065845195553e-01,0.000000000000000000e+00,0.000000000000000000e+00
2.144054004625108867e-01,0.000000000000000000e+00,0.000000000000000000e+00
2.170233943405024402e-01,0.000000000000000000e+00,0.000000000000000000e+00
2.196413882184939936e-01,0.000000000000000000e+00,0.000000000000000000e+00
2.222593820964853251e-01,0.000000000000000000e+00,0.000000000000000000e+00
2.248773759744768785e-01,0.000000000000000000e+00,0.000000000000000000e+00
2.274953698524684320e-01,0.000000000000000000e+00,0.000000000000000000e+00
2.301133637304597634e-01,0.000000000000000000e+00,0.000000000000000000e+00
2.327313576084513169e-01,0.000000000000000000e+00,0.000000000000000000e+00
2.353493514864428704e-01,0.000000000000000000e+00,0.000000000000000000e+00
2.379673453644344239e-01,0.000000000000000000e+00,0.000000000000000000e+00
2.405853392424257553e-01,0.000000000000000000e+00,0.000000000000000000e+00
2.432033331204173088e-01,0.000000000000000000e+00,0.000000000000000000e+00
2.458213269984088623e-01,0.000000000000000000e+00,0.000000000000000000e+00
2.484393208764004157e-01,0.000000000000000000e+00,0.000000000000000000e+00
2.510573147543917472e-01,0.000000000000000000e+00,0.000000000000000000e+00
2.536753086323833006e-01,0.000000000000000000e+00,0.000000000000000000e+00
2.562933025103748541e-01,0.000000000000000000e+00,0.000000000000000000e+00
2.589112963883662966e-01,0.000000000000000000e+00,0.000000000000000000e+00
2.615292902663577390e-01,0.000000000000000000e+00,0.000000000000000000e+00
2.641472841443492925e-01,0.000000000000000000e+00,0.000000000000000000e+00
2.667652780223407349e-01,0.000000000000000000e+00,0.000000000000000000e+00
2.693832719003321774e-01,0.000000000000000000e+00,0.000000000000000000e+00
2.720012657783237309e-01,0.000000000000000000e+00,0.000000000000000000e+00
2.746192596563152843e-01,0.000000000000000000e+00,0.000000000000000000e+00
2.772372535343067268e-01,0.000000000000000000e+00,0.000000000000000000e+00
2.798552474122981693e-01,0.000000000000000000e+00,0.000000000000000000e+00
2.824732412902897227e-01,0.000000000000000000e+00,0.000000000000000000e+00
2.850912351682812762e-01,0.000000000000000000e+00,0.000000000000000000e+00
2.877092290462727187e-01,0.000000000000000000e+00,0.000000000000000000e+00
2.903272229242641611e-01,0.000000000000000000e+00,0.000000000000000000e+00
2.929452168022557146e-01,0.000000000000000000e+00,0.000000000000000000e+00
2.955632106802472681e-01,0.000000000000000000e+00,0.000000000000000000e+00
2.981812045582387105e-01,0.000000000000000000e+00,0.000000000000000000e+00
3.007991984362301530e-01,0.000000000000000000e+00,0.000000000000000000e+00
3.034171923142217064e-01,7.988123097883405535e+03,-1.597624619576681107e+04
3.060351861922132599e-01,3.913531454285872314e+04,-7.827062908571744629e+04
3.086531800702047024e-01,4.638154594268309302e+04,-9.276309188536618603e+04
3.112711739481961448e-01,4.153851322546017764e+04,-8.307702645092035527e+04
3.138891678261876983e-01,3.968484263802550413e+04,-7.936968527605100826e+04
3.165071617041792518e-01,4.022069025321119261e+04,-8.044138050642238522e+04
3.191251555821706942e-01,3.937138331550983276e+04,-7.874276663101966551e+04
3.217431494601621367e-01,3.871809945490112295e+04,-7.743619890980224591e+04
3.243611433381536902e-01,3.867699720259196329e+04,-7.735399440518392657e+04
3.269791372161452436e-01,3.817785102092321904e+04,-7.635570204184643808e+04
3.295971310941366861e-01,3.709473866006436583e+04,-7.418947732012873166e+04
3.322151249721281285e-01,3.652517607361955743e+04,-7.305035214723911486e+04
3.348331188501196820e-01,3.654344237314724887e+04,-7.308688474629449775e+04
3.374511127281112355e-01,3.606591609379367583e+04,-7.213183218758735165e+04
3.400691066061026779e-01,3.502376999722078472e+04,-7.004753999444156943e+04
3.426871004840941204e-01,3.448358898356061400e+04,-6.896717796712122799e+04
3.453050943620856739e-01,3.451865209036479791e+04,-6.903730418072959583e+04
3.479230882400772273e-01,3.407463866270822473e+04,-6.814927732541644946e+04
3.505410821180686698e-01,3.308074312809473486e+04,-6.616148625618946971e+04
3.531590759960601122e-01,3.257000933046524005e+04,-6.514001866093048011e+04
3.557770698740516657e-01,3.261676207628492557e+04,-6.523352415256985114e+04
3.583950637520432192e-01,3.220245835736283698e+04,-6.440491671472567396e+04
3.610130576300346616e-01,3.125588758413425239e+04,-6.251177516826850479e+04
3.636310515080261041e-01,3.077360918861455502e+04,-6.154721837722911005e+04
3.662490453860176576e-01,3.082945029729066664e+04,-6.165890059458133328e+04
3.688670392640092111e-01,3.044174456645640748e+04,-6.088348913291281497e+04
3.714850331420006535e-01,2.954021674708755745e+04,-5.908043349417511490e+04
3.741030270199920960e-01,2.908551777361195127e+04,-5.817103554722390254e+04
3.767210208979836494e-01,2.914973536877130755e+04,-5.829947073754261510e+04
3.793390147759752029e-01,2.878591171694700824e+04,-5.757182343389401649e+04
3.819570086539666454e-01,2.792563721450346202e+04,-5.585127442900692404e+04
3.845750025319580878e-01,2.749692339667718261e+04,-5.499384679335436522e+04
3.871929964099496413e-01,2.756993848298500234e+04,-5.513987696597000468e+04
3.898109902879411948e-01,2.722866628103080438e+04,-5.445733256206160877e+04
3.924289841659326372e-01,2.640621131460037213e+04,-5.281242262920074427e+04
3.950469780439240797e-01,2.600108142061343824e+04,-5.200216284122687648e+04
3.976649719219156331e-01,2.608240570999481497e+04,-5.216481141998962994e+04
4.002829657999071866e-01,2.576291058910972060e+04,-5.152582117821944121e+04
4.029009596778986291e-01,2.497631783699938023e+04,-4.995263567399876047e+04
4.055189535558900715e-01,2.459271248929355716e+04,-4.918542497858711431e+04
4.081369474338816250e-01,2.468085343806774472e+04,-4.936170687613548944e+04
4.107549413118731785e-01,2.438197274617684889e+04,-4.876394549235369777e+04
4.133729351898646209e-01,2.363001798165527362e+04,-4.726003596331054723e+04
4.159909290678560634e-01,2.326653407801869616e+04,-4.653306815603739233e+04
4.186089229458476169e-01,2.335995524174874299e+04,-4.671991048349748598e+04
4.212269168238391703e-01,2.308022551664398270e+04,-4.616045103328796540e+04
4.238449107018306128e-01,2.236161655899441030e+04,-4.472323311798882060e+04
4.264629045798220552e-01,2.201713988190596137e+04,-4.403427976381192275e+04
4.290808984578136087e-01,2.211470824715699564e+04,-4.422941649431399128e+04
4.316988923358051622e-01,2.185271754402004444e+04,-4.370543508804008889e+04
4.343168862137966046e-01,2.116595035924513286e+04,-4.233190071849026572e+04
4.369348800917880471e-01,2.083940434916153026e+04,-4.167880869832306053e+04
4.395528739697796006e-01,2.094032557722425918e+04,-4.188065115444851835e+04
4.421708678477711540e-01,2.069483060556208147e+04,-4.138966121112416295e+04
4.447888617257625965e-01,2.003831747544354221e+04,-4.007663495088708441e+04
4.474068556037540390e-01,1.972863977811307996e+04,-3.945727955622615991e+04
4.500248494817455924e-01,1.983232156657690211e+04,-3.966464313315380423e+04
4.526428433597371459e-01,1.960222547008482070e+04,-3.920445094016964140e+04
4.552608372377285884e-01,1.897439262249606691e+04,-3.794878524499213381e+04
4.578788311157200308e-01,1.868055062960300347e+04,-3.736110125920600694e+04
4.604968249937115843e-01,1.878651933281544189e+04,-3.757303866563088377e+04
4.631148188717031378e-01,1.857086810990604863e+04,-3.714173621981209726e+04
4.657328127496945802e-01,1.797023261346064828e+04,-3.594046522692129656e+04
4.683508066276860227e-01,1.769119774365787453e+04,-3.538239548731574905e+04
4.709688005056775761e-01,1.779898872272271183e+04,-3.559797744544542365e+04
4.735867943836691296e-01,1.759698549993351480e+04,-3.519397099986702960e+04
4.762047882616605721e-01,1.702227735385655978e+04,-3.404455470771311957e+04
4.788227821396520145e-01,1.675702922799109729e+04,-3.351405845598219457e+04
4.814407760176435680e-01,1.686605021256090913e+04,-3.373210042512181826e+04
4.840587698956351215e-01,1.667699543196893137e+04,-3.335399086393786274e+04
4.866767637736265639e-01,1.612723734007457278e+04,-3.225447468014914557e+04
4.892947576516180064e-01,1.587486162694620361e+04,-3.174972325389240723e+04
4.919127515296095599e-01,1.598438523891105069e+04,-3.196877047782210138e+04
4.945307454076011133e-01,1.580754853209134490e+04,-3.161509706418268979e+04
4.971487392855925558e-01,1.528194361206035683e+04,-3.056388722412071365e+04
4.997667331635839982e-01,1.504172750474296117e+04,-3.008345500948592235e+04
5.023847270415755517e-01,1.515108480294683250e+04,-3.030216960589366499e+04
5.050027209195671052e-01,1.498565252603838780e+04,-2.997130505207677561e+04
5.076207147975585476e-01,1.448334074497989604e+04,-2.896668148995979209e+04
5.102387086755499901e-01,1.425472757712810562e+04,-2.850945515425621124e+04
5.128567025535415436e-01,1.436352143333436470e+04,-2.872704286666872940e+04
5.154746964315330970e-01,1.420870812058561023e+04,-2.841741624117122046e+04
5.180926903095245395e-01,1.372862232492766634e+04,-2.745724464985533268e+04
5.207106841875160930e-01,1.351094178753211054e+04,-2.702188357506422108e+04
5.233286780655075354e-01,1.361907787127636220e+04,-2.723815574255272440e+04
5.259466719434989779e-01,1.347466819418662453e+04,-2.694933638837324906e+04
5.285646658214905313e-01,1.301576220777681920e+04,-2.603152441555363839e+04
5.311826596994819738e-01,1.280674562658641480e+04,-2.561349125317282960e+04
5.338006535774735273e-01,1.291348712539689404e+04,-2.582697425079378809e+04
5.364186474554649697e-01,1.278302146522423209e+04,-2.556604293044846418e+04
5.390366413334565232e-01,1.234864719521668485e+04,-2.469729439043336970e+04
5.416546352114479657e-01,1.214308770035064299e+04,-2.428617540070128598e+04
5.442726290894395191e-01,1.223327869552270386e+04,-2.446655739104540771e+04
5.468906229674309616e-01,1.210720944967247306e+04,-2.421441889934494611e+04
5.495086168454225151e-01,1.170699575568224282e+04,-2.341399151136448563e+04
5.521266107234139575e-01,3.996108850507468105e+03,-2.304954652463107413e+04
5.547446046014055110e-01,-1.676756694265314763e+03,-2.339094021444644386e+04
5.573625984793969534e-01,-3.008852920088786959e+03,-2.361808801139869684e+04
5.599805923573885069e-01,9.331115841880262451e+03,-2.337155023012493984e+04
5.625985862353799494e-01,5.051117169340801638e+02,-2.314352201632347351e+04
5.652165801133715028e-01,-2.568773415505683715e+03,-2.323101211054630767e+04
5.678345739913629453e-01,-4.494975862755682101e+03,-2.336292143100446265e+04
5.704525678693544988e-01,5.661978092008799649e+03,-2.331541322351416966e+04
5.730705617473459412e-01,-3.736074287198347861e+02,-2.327124229579397797e+04
5.756885556253374947e-01,-2.450101106633049312e+03,-2.334657703334075632e+04
5.783065495033289372e-01,-2.590154627883087869e+03,-2.336256463633991007e+04
5.809245433813204906e-01,7.358988972852744155e+03,-2.323198053286302820e+04
5.835425372593119331e-01,-1.238500519664306239e+03,-2.318222407669560198e+04
5.861605311373034866e-01,-3.763441602181154849e+03,-2.331654505359902032e+04
5.887785250152949290e-01,-3.237801878240371934e+03,-2.338152888194287152e+04
5.913965188932864825e-01,7.161426861939042283e+03,-2.326566207846932957e+04
5.940145127712779249e-01,-8.319701070884599403e+02,-2.323413769063277505e+04
5.966325066492694784e-01,-3.188194345693810192e+03,-2.334502921937269275e+04
5.992505005272609209e-01,-2.803322338593085078e+03,-2.330009390716304915e+04
6.018684944052524743e-01,7.594753938796113289e+03,-2.316059589033435259e+04
6.044864882832439168e-01,-1.840909678933695091e+02,-2.348835353543361271e+04
6.071044821612354703e-01,-8.856645151994869593e+03,-2.346572229980698830e+04
6.097224760392269127e-01,-6.228620921998278391e+03,-2.223211019080668120e+04
6.123404699172184662e-01,1.047997007572430084e+04,-2.274503802740518950e+04
6.149584637952099087e-01,1.527642799577928054e+04,-3.080684459077986321e+04
6.175764576732014621e-01,1.407815040469272026e+04,-2.815630080938544052e+04
6.201944515511929046e-01,0.000000000000000000e+00,0.000000000000000000e+00
6.228124454291844581e-01,0.000000000000000000e+00,0.000000000000000000e+00
6.254304393071759005e-01,0.000000000000000000e+00,0.000000000000000000e+00
6.280484331851674540e-01,0.000000000000000000e+00,0.000000000000000000e+00
6.306664270631588964e-01,0.000000000000000000e+00,0.000000000000000000e+00
6.332844209411504499e-01,0.000000000000000000e+00,0.000000000000000000e+00
6.359024148191418924e-01,0.000000000000000000e+00,0.000000000000000000e+00
6.385204086971334458e-01,0.000000000000000000e+00,0.000000000000000000e+00
6.411384025751248883e-01,0.000000000000000000e+00,0.000000000000000000e+00
6.437563964531164418e-01,0.000000000000000000e+00,0.000000000000000000e+00
6.463743903311078842e-01,0.000000000000000000e+00,0.000000000000000000e+00
6.489923842090994377e-01,0.000000000000000000e+00,0.000000000000000000e+00
6.516103780870908802e-01,0.000000000000000000e+00,0.000000000000000000e+00
6.542283719650824336e-01,0.000000000000000000e+00,0.000000000000000000e+00
6.568463658430738761e-01,0.000000000000000000e+00,0.000000000000000000e+00
6.594643597210654296e-01,0.000000000000000000e+00,0.000000000000000000e+00
6.620823535990568720e-01,0.000000000000000000e+00,0.000000000000000000e+00
6.647003474770484255e-01,0.000000000000000000e+00,0.000000000000000000e+00
6.673183413550398679e-01,0.000000000000000000e+00,0.000000000000000000e+00
6.699363352330314214e-01,0.000000000000000000e+00,0.000000000000000000e+00
6.725543291110228639e-01,0.000000000000000000e+00,0.000000000000000000e+00
6.751723229890144173e-01,0.000000000000000000e+00,0.000000000000000000e+00
6.777903168670058598e-01,0.000000000000000000e+00,0.000000000000000000e+00
6.804083107449974133e-01,0.000000000000000000e+00,0.000000000000000000e+00
6.830263046229888557e-01,0.000000000000000000e+00,0.000000000000000000e+00
6.856442985009804092e-01,0.000000000000000000e+00,0.000000000000000000e+00
6.882622923789718516e-01,0.000000000000000000e+00,0.000000000000000000e+00
6.908802862569634051e-01,0.000000000000000000e+00,0.000000000000000000e+00
6.934982801349548476e-01,0.000000000000000000e+00,0.000000000000000000e+00
6.961162740129464011e-01,0.000000000000000000e+00,0.000000000000000000e+00
6.987342678909378435e-01,0.000000000000000000e+00,0.000000000000000000e+00
7.013522617689293970e-01,0.000000000000000000e+00,0.000000000000000000e+00
7.039702556469208394e-01,0.000000000000000000e+00,0.000000000000000000e+00
7.065882495249123929e-01,0.000000000000000000e+00,0.000000000000000000e+00
7.092062434029038354e-01,0.000000000000000000e+00,0.000000000000000000e+00
7.118242372808953888e-01,0.000000000000000000e+00,0.000000000000000000e+00
7.144422311588868313e-01,0.000000000000000000e+00,0.000000000000000000e+00
7.170602250368783848e-01,0.000000000000000000e+00,0.000000000000000000e+00
7.196782189148698272e-01,0.000000000000000000e+00,0.000000000000000000e+00
7.222962127928613807e-01,0.000000000000000000e+00,0.000000000000000000e+00
7.249142066708528231e-01,0.000000000000000000e+00,0.000000000000000000e+00
7.275322005488443766e-01,0.000000000000000000e+00,0.000000000000000000e+00
7.301501944268358191e-01,0.000000000000000000e+00,0.000000000000000000e+00
7.327681883048273725e-01,0.000000000000000000e+00,0.000000000000000000e+00
7.353861821828188150e-01,0.000000000000000000e+00,0.000000000000000000e+00
7.380041760608103685e-01,0.000000000000000000e+00,0.000000000000000000e+00
7.406221699388018109e-01,0.000000000000000000e+00,0.000000000000000000e+00
7.432401638167933644e-01,0.000000000000000000e+00,0.000000000000000000e+00
7.458581576947848069e-01,0.000000000000000000e+00,0.000000000000000000e+00
7.484761515727763603e-01,0.000000000000000000e+00,0.000000000000000000e+00
7.510941454507678028e-01,0.000000000000000000e+00,0.000000000000000000e+00
7.537121393287593563e-01,0.000000000000000000e+00,0.000000000000000000e+00
7.563301332067507987e-01,0.000000000000000000e+00,0.000000000000000000e+00
7.589481270847423522e-01,0.000000000000000000e+00,0.000000000000000000e+00
7.615661209627337946e-01,0.000000000000000000e+00,0.000000000000000000e+00
7.641841148407253481e-01,0.000000000000000000e+00,0.000000000000000000e+00
7.668021087187167906e-01,0.000000000000000000e+00,0.000000000000000000e+00
7.694201025967083440e-01,0.000000000000000000e+00,0.000000000000000000e+00
7.720380964746997865e-01,0.000000000000000000e+00,0.000000000000000000e+00
7.746560903526913400e-01,0.000000000000000000e+00,0.000000000000000000e+00
7.772740842306827824e-01,0.000000000000000000e+00,0.000000000000000000e+00
7.798920781086743359e-01,0.000000000000000000e+00,0.000000000000000000e+00
7.825100719866657784e-01,0.000000000000000000e+00,0.000000000000000000e+00
7.851280658646573318e-01,0.000000000000000000e+00,0.000000000000000000e+00
7.877460597426487743e-01,0.000000000000000000e+00,0.000000000000000000e+00
7.903640536206403278e-01,0.000000000000000000e+00,0.000000000000000000e+00
7.929820474986317702e-01,0.000000000000000000e+00,0.000000000000000000e+00
7.956000413766233237e-01,0.000000000000000000e+00,0.000000000000000000e+00
7.982180352546147661e-01,0.000000000000000000e+00,0.000000000000000000e+00
8.008360291326063196e-01,0.000000000000000000e+00,0.000000000000000000e+00
8.034540230105977621e-01,0.000000000000000000e+00,0.000000000000000000e+00
8.060720168885893155e-01,0.000000000000000000e+00,0.000000000000000000e+00
8.086900107665807580e-01,0.000000000000000000e+00,0.000000000000000000e+00
8.113080046445723115e-01,0.000000000000000000e+00,0.000000000000000000e+00
8.139259985225637539e-01,0.000000000000000000e+00,0.000000000000000000e+00
8.165439924005553074e-01,0.000000000000000000e+00,0.000000000000000000e+00
8.191619862785467499e-01,0.000000000000000000e+00,0.000000000000000000e+00
8.217799801565383033e-01,0.000000000000000000e+00,0.000000000000000000e+00
8.243979740345297458e-01,0.000000000000000000e+00,0.000000000000000000e+00
8.270159679125212993e-01,0.000000000000000000e+00,0.000000000000000000e+00
8.296339617905127417e-01,0.000000000000000000e+00,0.000000000000000000e+00
8.322519556685042952e-01,0.000000000000000000e+00,0.000000000000000000e+00
8.348699495464957376e-01,0.000000000000000000e+00,0.000000000000000000e+00
8.374879434244872911e-01,0.000000000000000000e+00,0.000000000000000000e+00
8.401059373024787336e-01,0.000000000000000000e+00,0.000000000000000000e+00
8.427239311804702870e-01,0.000000000000000000e+00,0.000000000000000000e+00
8.453419250584617295e-01,0.000000000000000000e+00,0.000000000000000000e+00
8.479599189364532830e-01,0.000000000000000000e+00,0.000000000000000000e+00
8.505779128144447254e-01,0.000000000000000000e+00,0.000000000000000000e+00
8.531959066924362789e-01,0.000000000000000000e+00,0.000000000000000000e+00
8.558139005704277213e-01,0.000000000000000000e+00,0.000000000000000000e+00
8.584318944484192748e-01,0.000000000000000000e+00,0.000000000000000000e+00
8.610498883264107173e-01,0.000000000000000000e+00,0.000000000000000000e+00
8.636678822044022708e-01,0.000000000000000000e+00,0.000000000000000000e+00
8.662858760823937132e-01,0.000000000000000000e+00,0.000000000000000000e+00
8.689038699603852667e-01,0.000000000000000000e+00,0.000000000000000000e+00
8.715218638383767091e-01,0.000000000000000000e+00,0.000000000000000000e+00
8.741398577163682626e-01,0.000000000000000000e+00,0.000000000000000000e+00
8.767578515943597051e-01,0.000000000000000000e+00,0.000000000000000000e+00
8.793758454723512585e-01,0.000000000000000000e+00,0.000000000000000000e+00
8.819938393503427010e-01,0.000000000000000000e+00,0.000000000000000000e+00
8.846118332283342545e-01,0.000000000000000000e+00,0.000000000000000000e+00
8.872298271063256969e-01,0.000000000000000000e+00,0.000000000000000000e+00
8.898478209843172504e-01,0.000000000000000000e+00,0.000000000000000000e+00
8.924658148623086928e-01,0.000000000000000000e+00,0.000000000000000000e+00
8.950838087403002463e-01,0.000000000000000000e+00,0.000000000000000000e+00
8.977018026182916888e-01,0.000000000000000000e+00,0.000000000000000000e+00
9.003197964962832422e-01,0.000000000000000000e+00,0.000000000000000000e+00
9.029377903742746847e-01,0.000000000000000000e+00,0.000000000000000000e+00
9.055557842522662382e-01,0.000000000000000000e+00,0.000000000000000000e+00
9.081737781302576806e-01,0.000000000000000000e+00,0.000000000000000000e+00
9.107917720082492341e-01,0.000000000000000000e+00,0.000000000000000000e+00
9.134097658862406766e-01,0.000000000000000000e+00,0.000000000000000000e+00
9.160277597642322300e-01,0.000000000000000000e+00,0.000000000000000000e+00
9.186457536422236725e-01,0.000000000000000000e+00,0.000000000000000000e+00
9.212637475202152260e-01,0.000000000000000000e+00,0.000000000000000000e+00
9.238817413982066684e-01,0.000000000000000000e+00,0.000000000000000000e+00
9.264997352761982219e-01,0.000000000000000000e+00,0.000000000000000000e+00
9.291177291541896643e-01,0.000000000000000000e+00,0.000000000000000000e+00
9.317357230321812178e-01,0.000000000000000000e+00,0.000000000000000000e+00
9.343537169101726603e-01,0.000000000000000000e+00,0.000000000000000000e+00
9.369717107881642137e-01,0.000000000000000000e+00,0.000000000000000000e+00
9.395897046661556562e-01,0.000000000000000000e+00,0.000000000000000000e+00
9.422076985441472097e-01,0.000000000000000000e+00,0.000000000000000000e+00
9.448256924221386521e-01,-1.192781183432273195e+02,2.385562366864546391e+02
9.474436863001302056e-01,-1.706651374741058316e+04,-3.413302749482116633e+04
9.500616801781216481e-01,-1.544080915250865110e+04,-3.088161830501730219e+04
9.526796740561132015e-01,-1.100482160806081629e+04,-2.200964321612163258e+04
9.552976679341046440e-01,-1.097984488692232480e+04,-2.195968977384464961e+04
9.579156618120961975e-01,-1.200488464467427730e+04,-2.400976928934855459e+04
9.605336556900876399e-01,-1.255701357585052756e+04,-2.511402715170105512e+04
9.631516495680791934e-01,-1.232870716915173580e+04,-2.465741433830347160e+04
9.657696434460706358e-01,-1.233985164476590217e+04,-2.467970328953180433e+04
9.683876373240621893e-01,-1.281164896795478489e+04,-2.562329793590956979e+04
9.710056312020536318e-01,-1.300797205364686124e+04,-2.601594410729372248e+04
9.736236250800451852e-01,-1.289389271365267814e+04,-2.578778542730535628e+04
9.762416189580366277e-01,-1.307701155536501574e+04,-2.615402311073003148e+04
9.788596128360281812e-01,-1.353796562472759797e+04,-2.707593124945519594e+04
9.814776067140196236e-01,-1.369035444800605910e+04,-2.738070889601211820e+04
9.840956005920111771e-01,-1.358309836473197174e+04,-2.716619672946394348e+04
9.867135944700026196e-01,-1.379733702856422315e+04,-2.759467405712844629e+04
9.893315883479941730e-01,-1.427524197983751401e+04,-2.855048395967502802e+04
9.919495822259856155e-01,-1.442993646659697151e+04,-2.885987293319394303e+04
9.945675761039771690e-01,-1.432230997668686905e+04,-2.864461995337373810e+04
9.971855699819686114e-01,-1.455115554469059134e+04,-2.910231108938118268e+04
9.998035638599601649e-01,-1.505243819805972635e+04,-3.010487639611945269e+04
1.002421557737951607e+00,-1.521697510082961526e+04,-3.043395020165923052e+04
1.005039551615943161e+00,-1.510752056468874434e+04,-3.021504112937748869e+04
1.007657545493934492e+00,-1.534792266229599591e+04,-3.069584532459199181e+04
1.010275539371926268e+00,-1.587347125518640314e+04,-3.174694251037280628e+04
1.012893533249917599e+00,-1.604997007602116355e+04,-3.209994015204232710e+04
1.015511527127909153e+00,-1.594009309652153388e+04,-3.188018619304306776e+04
1.018129521005900706e+00,-1.619251710485967669e+04,-3.238503420971935338e+04
1.020747514883892038e+00,-1.674257431986945085e+04,-3.348514863973890169e+04
1.023365508761883591e+00,-1.693163845878812936e+04,-3.386327691757625871e+04
1.025983502639874922e+00,-1.682237138640807825e+04,-3.364474277281615650e+04
1.028601496517866476e+00,-1.708772744718509784e+04,-3.417545489437019569e+04
1.031219490395858029e+00,-1.766292741464970095e+04,-3.532585482929940190e+04
1.033837484273849583e+00,-1.786526321423521586e+04,-3.573052642847043171e+04
1.036455478151840914e+00,-1.775754836179817357e+04,-3.551509672359634715e+04
1.039073472029832468e+00,-1.803682810913546200e+04,-3.607365621827092400e+04
1.041691465907824021e+00,-1.863798705288416750e+04,-3.727597410576833499e+04
1.044309459785815575e+00,-1.885415120253143687e+04,-3.770830240506287373e+04
1.046927453663806906e+00,-1.874863953209161627e+04,-3.749727906418323255e+04
1.049545447541798460e+00,-1.904308035205464330e+04,-3.808616070410928660e+04
1.052163441419790013e+00,-1.967162123387670363e+04,-3.934324246775340725e+04
1.054781435297781567e+00,-1.990227298208660795e+04,-3.980454596417321591e+04
1.057399429175772898e+00,-1.979914254399145648e+04,-3.959828508798291296e+04
1.060017423053764452e+00,-2.010978822452269014e+04,-4.021957644904538029e+04
1.062635416931756005e+00,-2.076748328619843596e+04,-4.153496657239687192e+04
1.065253410809747558e+00,-2.101370891388128439e+04,-4.202741782776256878e+04
1.067871404687738890e+00,-2.091326025220081283e+04,-4.182652050440162566e+04
1.070489398565730443e+00,-2.124093668868074019e+04,-4.248187337736148038e+04
1.073107392443721997e+00,-2.192933565783086669e+04,-4.385867131566173339e+04
1.075725386321713550e+00,-2.219239656849363746e+04,-4.438479313698727492e+04
1.078343380199704882e+00,-2.209539815043640920e+04,-4.419079630087281839e+04
1.080961374077696435e+00,-2.244109059800345130e+04,-4.488218119600690261e+04
1.083579367955687989e+00,-2.316154085628769826e+04,-4.632308171257539652e+04
1.086197361833679542e+00,-2.344260654419356069e+04,-4.688521308838712139e+04
1.088815355711670874e+00,-2.335003914971965423e+04,-4.670007829943930847e+04
1.091433349589662427e+00,-2.371501299058243967e+04,-4.743002598116487934e+04
1.094051343467653981e+00,-2.446900167693809999e+04,-4.893800335387619998e+04
1.096669337345645534e+00,-2.476923291072202119e+04,-4.953846582144404238e+04
1.099287331223636865e+00,-2.468204254172846777e+04,-4.936408508345693554e+04
1.101905325101628419e+00,-2.506769301291630836e+04,-5.013538602583261672e+04
1.104523318979619972e+00,-2.585695360228891514e+04,-5.171390720457783027e+04
1.107141312857611526e+00,-2.617766203638006482e+04,-5.235532407276012964e+04
1.109759306735602857e+00,-2.609680993520158881e+04,-5.219361987040317763e+04
1.112377300613594411e+00,-2.650457949674857446e+04,-5.300915899349714891e+04
1.114995294491585964e+00,-2.733098648496113674e+04,-5.466197296992227348e+04
1.117613288369577518e+00,-2.767363400010188343e+04,-5.534726800020376686e+04
1.120231282247568849e+00,-2.760020733695260060e+04,-5.520041467390520120e+04
1.122849276125560403e+00,-2.803166157252495032e+04,-5.606332314504990063e+04
1.125467270003551956e+00,-2.889719848530996387e+04,-5.779439697061992774e+04
1.128085263881543510e+00,-2.926329226074909093e+04,-5.852658452149818186e+04
1.130703257759534841e+00,-2.919844616475460134e+04,-5.839689232950920268e+04
1.133321251637526395e+00,-2.965538320863262561e+04,-5.931076641726525122e+04
1.135939245515517948e+00,-3.056230720945481880e+04,-6.112461441890963761e+04
1.138557239393509501e+00,-3.095337679694520921e+04,-6.190675359389041841e+04
1.141175233271500833e+00,-3.089813703970780625e+04,-6.179627407941561250e+04
1.143793227149492386e+00,-3.138252525488688480e+04,-6.276505050977376959e+04
1.146411221027483940e+00,-3.233354917457219562e+04,-6.466709834914439125e+04
1.149029214905475493e+00,-3.275144146068996270e+04,-6.550288292137992539e+04
1.151647208783466825e+00,-3.270675032775282671e+04,-6.541350065550565341e+04
1.154265202661458378e+00,-3.322029056716537889e+04,-6.644058113433075778e+04
1.156883196539449932e+00,-3.421826142153314140e+04,-6.843652284306628280e+04
1.159501190417441485e+00,-3.466594004955678247e+04,-6.933188009911356494e+04
1.162119184295432817e+00,-3.463341826100124308e+04,-6.926683652200248616e+04
1.164737178173424370e+00,-3.517621954679246846e+04,-7.035243909358493693e+04
1.167355172051415924e+00,-3.622293516453538177e+04,-7.244587032907076355e+04
1.169973165929407477e+00,-3.670839018083827978e+04,-7.341678036167655955e+04
1.172591159807398808e+00,-3.669187523432558373e+04,-7.338375046865116747e+04
1.175209153685390362e+00,-3.725061786881501030e+04,-7.450123573763002059e+04
1.177827147563381915e+00,-3.833577460436541878e+04,-7.667154920873083756e+04
1.180445141441373469e+00,-3.888891847481055447e+04,-7.777783694962110894e+04
1.183063135319364800e+00,-3.894506858756583824e+04,-7.789013717513167649e+04
1.185681129197356354e+00,-3.951353972358127794e+04,-7.902707944716255588e+04
1.188299123075347907e+00,-4.052806521001921647e+04,-8.105613042003843293e+04
1.190917116953339461e+00,-1.065928557460208322e+04,-8.201929829761538713e+04
1.193535110831330792e+00,-7.378347175718058679e+03,-8.171976453607737494e+04
1.196153104709322346e+00,-9.909814443478460817e+03,-8.170203120522174868e+04
1.198771098587313899e+00,-1.356491977981729360e+04,-8.227798032902604609e+04
1.201389092465305453e+00,8.691151451235402419e+03,-8.246986742723741918e+04
1.204007086343296784e+00,2.614511246516380197e+03,-8.219939736827148590e+04
1.206625080221288338e+00,-4.483986452224110508e+03,-8.217954107286142244e+04
1.209243074099279891e+00,-1.040761628080635819e+04,-8.244184874696262705e+04
1.211861067977271444e+00,1.050763713568499588e+04,-8.243035802208293171e+04
1.214479061855262776e+00,3.709092082008955458e+03,-8.220819695756281726e+04
1.217097055733254329e+00,-4.646193916986674594e+03,-8.226146772401512135e+04
1.219715049611245883e+00,-1.023668343395918600e+04,-8.249493191106239101e+04
1.222333043489237436e+00,1.114031427216300472e+04,-8.243465528504354006e+04
1.224951037367228768e+00,4.118638826747790517e+03,-8.219404121417443093e+04
1.227569031245220321e+00,-4.174099984224742911e+03,-8.225138694683134963e+04
1.230187025123211875e+00,-1.029853639147556896e+04,-8.249564166687379475e+04
1.232805019001203428e+00,9.886188235967652872e+03,-8.245110116495646071e+04
1.235423012879194760e+00,3.319557597702520525e+03,-8.219776518132411002e+04
1.238041006757186313e+00,-4.205932122598468595e+03,-8.222729908413540397e+04
1.240659000635177867e+00,-1.260255284415813549e+04,-8.258515524775780796e+04
1.243276994513169420e+00,5.633851002681356476e+03,-8.301997059623559471e+04
1.245894988391160751e+00,5.104261608508120389e+02,-8.258822504974737240e+04
1.248512982269152305e+00,-9.250536935452744729e+03,-8.104344757931250206e+04
1.251130976147143858e+00,-3.095557999118846419e+04,-8.115016496470327547e+04
1.253748970025135412e+00,-4.305515202205623063e+04,-8.729288130476504739e+04
1.256366963903126743e+00,-3.274093456380507632e+04,-6.548186912761015265e+04
