# Exudyn: solution of belt drive, contact forces over belt length
# Exudyn output file
# Exudyn version=1.2.34.dev1
# endTime=2.45
# stepSize=5e-05
# nSegments=4
# nANCFnodes=240
# contactStiffnessPerArea=100000000.0
# frictionStiffnessPerArea=100000000.0
# contactStiffness=418879.02047863905
# frictionStiffness=523598.7755982988
# contactDamping=8.377580409572781
# frictionVelocityPenalty=33.70609928242229
# dryFriction=1
# 
9.142297271456101271e-04,1.428285948354808170e+04,-4.121249455924028007e+04
2.223226666141275842e-03,0.000000000000000000e+00,0.000000000000000000e+00
3.532223605136941558e-03,0.000000000000000000e+00,0.000000000000000000e+00
4.841220544132607273e-03,0.000000000000000000e+00,0.000000000000000000e+00
6.150217483128495033e-03,0.000000000000000000e+00,0.000000000000000000e+00
7.459214422124160748e-03,0.000000000000000000e+00,0.000000000000000000e+00
8.768211361119826464e-03,0.000000000000000000e+00,0.000000000000000000e+00
1.007720830011549218e-02,0.000000000000000000e+00,0.000000000000000000e+00
1.138620523911137994e-02,0.000000000000000000e+00,0.000000000000000000e+00
1.269520217810704565e-02,0.000000000000000000e+00,0.000000000000000000e+00
1.400419911710271137e-02,0.000000000000000000e+00,0.000000000000000000e+00
1.531319605609837708e-02,0.000000000000000000e+00,0.000000000000000000e+00
1.662219299509426484e-02,0.000000000000000000e+00,0.000000000000000000e+00
1.793118993408993056e-02,0.000000000000000000e+00,0.000000000000000000e+00
1.924018687308559628e-02,0.000000000000000000e+00,0.000000000000000000e+00
2.054918381208525879e-02,0.000000000000000000e+00,0.000000000000000000e+00
2.185818075108114655e-02,0.000000000000000000e+00,0.000000000000000000e+00
2.316717769007681227e-02,0.000000000000000000e+00,0.000000000000000000e+00
2.447617462907247798e-02,0.000000000000000000e+00,0.000000000000000000e+00
2.578517156806836574e-02,0.000000000000000000e+00,0.000000000000000000e+00
2.709416850706403146e-02,0.000000000000000000e+00,0.000000000000000000e+00
2.840316544605969717e-02,0.000000000000000000e+00,0.000000000000000000e+00
2.971216238505558493e-02,0.000000000000000000e+00,0.000000000000000000e+00
3.102115932405125065e-02,0.000000000000000000e+00,0.000000000000000000e+00
3.233015626304691637e-02,0.000000000000000000e+00,0.000000000000000000e+00
3.363915320204280412e-02,0.000000000000000000e+00,0.000000000000000000e+00
3.494815014103846984e-02,0.000000000000000000e+00,0.000000000000000000e+00
3.625714708003435760e-02,0.000000000000000000e+00,0.000000000000000000e+00
3.756614401903002332e-02,0.000000000000000000e+00,0.000000000000000000e+00
3.887514095802568903e-02,0.000000000000000000e+00,0.000000000000000000e+00
4.018413789702157679e-02,0.000000000000000000e+00,0.000000000000000000e+00
4.149313483601724251e-02,0.000000000000000000e+00,0.000000000000000000e+00
4.280213177501290822e-02,0.000000000000000000e+00,0.000000000000000000e+00
4.411112871400879598e-02,0.000000000000000000e+00,0.000000000000000000e+00
4.542012565300446170e-02,0.000000000000000000e+00,0.000000000000000000e+00
4.672912259200034946e-02,0.000000000000000000e+00,0.000000000000000000e+00
4.803811953099601517e-02,0.000000000000000000e+00,0.000000000000000000e+00
4.934711646999168089e-02,0.000000000000000000e+00,0.000000000000000000e+00
5.065611340898756865e-02,0.000000000000000000e+00,0.000000000000000000e+00
5.196511034798323436e-02,0.000000000000000000e+00,0.000000000000000000e+00
5.327410728697890008e-02,0.000000000000000000e+00,0.000000000000000000e+00
5.458310422597478784e-02,0.000000000000000000e+00,0.000000000000000000e+00
5.589210116497045355e-02,0.000000000000000000e+00,0.000000000000000000e+00
5.720109810396611927e-02,0.000000000000000000e+00,0.000000000000000000e+00
5.851009504296200703e-02,0.000000000000000000e+00,0.000000000000000000e+00
5.981909198195767274e-02,0.000000000000000000e+00,0.000000000000000000e+00
6.112808892095356050e-02,0.000000000000000000e+00,0.000000000000000000e+00
6.243708585994922622e-02,0.000000000000000000e+00,0.000000000000000000e+00
6.374608279894489193e-02,0.000000000000000000e+00,0.000000000000000000e+00
6.505507973794077969e-02,0.000000000000000000e+00,0.000000000000000000e+00
6.636407667693644541e-02,0.000000000000000000e+00,0.000000000000000000e+00
6.767307361593211112e-02,0.000000000000000000e+00,0.000000000000000000e+00
6.898207055492799888e-02,0.000000000000000000e+00,0.000000000000000000e+00
7.029106749392366460e-02,0.000000000000000000e+00,0.000000000000000000e+00
7.160006443291933032e-02,0.000000000000000000e+00,0.000000000000000000e+00
7.290906137191521807e-02,0.000000000000000000e+00,0.000000000000000000e+00
7.421805831091088379e-02,0.000000000000000000e+00,0.000000000000000000e+00
7.552705524990677155e-02,0.000000000000000000e+00,0.000000000000000000e+00
7.683605218890243727e-02,0.000000000000000000e+00,0.000000000000000000e+00
7.814504912789810298e-02,0.000000000000000000e+00,0.000000000000000000e+00
7.945404606689399074e-02,0.000000000000000000e+00,0.000000000000000000e+00
8.076304300588965646e-02,0.000000000000000000e+00,0.000000000000000000e+00
8.207203994488532217e-02,0.000000000000000000e+00,0.000000000000000000e+00
8.338103688388120993e-02,0.000000000000000000e+00,0.000000000000000000e+00
8.469003382287687565e-02,0.000000000000000000e+00,0.000000000000000000e+00
8.599903076187276341e-02,0.000000000000000000e+00,0.000000000000000000e+00
8.730802770086842912e-02,0.000000000000000000e+00,0.000000000000000000e+00
8.861702463986409484e-02,0.000000000000000000e+00,0.000000000000000000e+00
8.992602157885998260e-02,0.000000000000000000e+00,0.000000000000000000e+00
9.123501851785564831e-02,0.000000000000000000e+00,0.000000000000000000e+00
9.254401545685131403e-02,0.000000000000000000e+00,0.000000000000000000e+00
9.385301239584720179e-02,0.000000000000000000e+00,0.000000000000000000e+00
9.516200933484286750e-02,0.000000000000000000e+00,0.000000000000000000e+00
9.647100627383853322e-02,0.000000000000000000e+00,0.000000000000000000e+00
9.778000321283442098e-02,0.000000000000000000e+00,0.000000000000000000e+00
9.908900015183008669e-02,0.000000000000000000e+00,0.000000000000000000e+00
1.003979970908257524e-01,0.000000000000000000e+00,0.000000000000000000e+00
1.017069940298216402e-01,0.000000000000000000e+00,0.000000000000000000e+00
1.030159909688173059e-01,0.000000000000000000e+00,0.000000000000000000e+00
1.043249879078129716e-01,0.000000000000000000e+00,0.000000000000000000e+00
1.056339848468088594e-01,0.000000000000000000e+00,0.000000000000000000e+00
1.069429817858045251e-01,0.000000000000000000e+00,0.000000000000000000e+00
1.082519787248004128e-01,0.000000000000000000e+00,0.000000000000000000e+00
1.095609756637960785e-01,0.000000000000000000e+00,0.000000000000000000e+00
1.108699726027917443e-01,0.000000000000000000e+00,0.000000000000000000e+00
1.121789695417876320e-01,0.000000000000000000e+00,0.000000000000000000e+00
1.134879664807832977e-01,0.000000000000000000e+00,0.000000000000000000e+00
1.147969634197789635e-01,0.000000000000000000e+00,0.000000000000000000e+00
1.161059603587748512e-01,0.000000000000000000e+00,0.000000000000000000e+00
1.174149572977705169e-01,0.000000000000000000e+00,0.000000000000000000e+00
1.187239542367661826e-01,0.000000000000000000e+00,0.000000000000000000e+00
1.200329511757620704e-01,0.000000000000000000e+00,0.000000000000000000e+00
1.213419481147577361e-01,0.000000000000000000e+00,0.000000000000000000e+00
1.226509450537536239e-01,0.000000000000000000e+00,0.000000000000000000e+00
1.239599419927492896e-01,0.000000000000000000e+00,0.000000000000000000e+00
1.252689389317449553e-01,0.000000000000000000e+00,0.000000000000000000e+00
1.265779358707408431e-01,0.000000000000000000e+00,0.000000000000000000e+00
1.278869328097365088e-01,0.000000000000000000e+00,0.000000000000000000e+00
1.291959297487321745e-01,0.000000000000000000e+00,0.000000000000000000e+00
1.305049266877280623e-01,0.000000000000000000e+00,0.000000000000000000e+00
1.318139236267237280e-01,0.000000000000000000e+00,0.000000000000000000e+00
1.331229205657193937e-01,0.000000000000000000e+00,0.000000000000000000e+00
1.344319175047152815e-01,0.000000000000000000e+00,0.000000000000000000e+00
1.357409144437109472e-01,0.000000000000000000e+00,0.000000000000000000e+00
1.370499113827068349e-01,0.000000000000000000e+00,0.000000000000000000e+00
1.383589083217025006e-01,0.000000000000000000e+00,0.000000000000000000e+00
1.396679052606981664e-01,0.000000000000000000e+00,0.000000000000000000e+00
1.409769021996940541e-01,0.000000000000000000e+00,0.000000000000000000e+00
1.422858991386897198e-01,0.000000000000000000e+00,0.000000000000000000e+00
1.435948960776853855e-01,0.000000000000000000e+00,0.000000000000000000e+00
1.449038930166812733e-01,0.000000000000000000e+00,0.000000000000000000e+00
1.462128899556769390e-01,0.000000000000000000e+00,0.000000000000000000e+00
1.475218868946726047e-01,0.000000000000000000e+00,0.000000000000000000e+00
1.488308838336684925e-01,0.000000000000000000e+00,0.000000000000000000e+00
1.501398807726641582e-01,0.000000000000000000e+00,0.000000000000000000e+00
1.514488777116600460e-01,0.000000000000000000e+00,0.000000000000000000e+00
1.527578746506557117e-01,0.000000000000000000e+00,0.000000000000000000e+00
1.540668715896513774e-01,0.000000000000000000e+00,0.000000000000000000e+00
1.553758685286472652e-01,0.000000000000000000e+00,0.000000000000000000e+00
1.566848654676429309e-01,0.000000000000000000e+00,0.000000000000000000e+00
1.579938624066385966e-01,0.000000000000000000e+00,0.000000000000000000e+00
1.593028593456344844e-01,0.000000000000000000e+00,0.000000000000000000e+00
1.606118562846301501e-01,0.000000000000000000e+00,0.000000000000000000e+00
1.619208532236258158e-01,0.000000000000000000e+00,0.000000000000000000e+00
1.632298501626217035e-01,0.000000000000000000e+00,0.000000000000000000e+00
1.645388471016173693e-01,0.000000000000000000e+00,0.000000000000000000e+00
1.658478440406132570e-01,0.000000000000000000e+00,0.000000000000000000e+00
1.671568409796089227e-01,0.000000000000000000e+00,0.000000000000000000e+00
1.684658379186045885e-01,0.000000000000000000e+00,0.000000000000000000e+00
1.697748348576004762e-01,0.000000000000000000e+00,0.000000000000000000e+00
1.710838317965961419e-01,0.000000000000000000e+00,0.000000000000000000e+00
1.723928287355920297e-01,0.000000000000000000e+00,0.000000000000000000e+00
1.737018256745876954e-01,0.000000000000000000e+00,0.000000000000000000e+00
1.750108226135833611e-01,0.000000000000000000e+00,0.000000000000000000e+00
1.763198195525792489e-01,0.000000000000000000e+00,0.000000000000000000e+00
1.776288164915749146e-01,0.000000000000000000e+00,0.000000000000000000e+00
1.789378134305705803e-01,0.000000000000000000e+00,0.000000000000000000e+00
1.802468103695664681e-01,0.000000000000000000e+00,0.000000000000000000e+00
1.815558073085621338e-01,0.000000000000000000e+00,0.000000000000000000e+00
1.828648042475577995e-01,0.000000000000000000e+00,0.000000000000000000e+00
1.841738011865536873e-01,0.000000000000000000e+00,0.000000000000000000e+00
1.854827981255493530e-01,0.000000000000000000e+00,0.000000000000000000e+00
1.867917950645452407e-01,0.000000000000000000e+00,0.000000000000000000e+00
1.881007920035409064e-01,0.000000000000000000e+00,0.000000000000000000e+00
1.894097889425365722e-01,0.000000000000000000e+00,0.000000000000000000e+00
1.907187858815324599e-01,0.000000000000000000e+00,0.000000000000000000e+00
1.920277828205281256e-01,0.000000000000000000e+00,0.000000000000000000e+00
1.933367797595240134e-01,0.000000000000000000e+00,0.000000000000000000e+00
1.946457766985196791e-01,0.000000000000000000e+00,0.000000000000000000e+00
1.959547736375153448e-01,0.000000000000000000e+00,0.000000000000000000e+00
1.972637705765112326e-01,0.000000000000000000e+00,0.000000000000000000e+00
1.985727675155068983e-01,0.000000000000000000e+00,0.000000000000000000e+00
1.998817644545025640e-01,0.000000000000000000e+00,0.000000000000000000e+00
2.011907613934984518e-01,0.000000000000000000e+00,0.000000000000000000e+00
2.024997583324941175e-01,0.000000000000000000e+00,0.000000000000000000e+00
2.038087552714897832e-01,0.000000000000000000e+00,0.000000000000000000e+00
2.051177522104856710e-01,0.000000000000000000e+00,0.000000000000000000e+00
2.064267491494813367e-01,0.000000000000000000e+00,0.000000000000000000e+00
2.077357460884772244e-01,0.000000000000000000e+00,0.000000000000000000e+00
2.090447430274728902e-01,0.000000000000000000e+00,0.000000000000000000e+00
2.103537399664685559e-01,0.000000000000000000e+00,0.000000000000000000e+00
2.116627369054644436e-01,0.000000000000000000e+00,0.000000000000000000e+00
2.129717338444601094e-01,0.000000000000000000e+00,0.000000000000000000e+00
2.142807307834559971e-01,0.000000000000000000e+00,0.000000000000000000e+00
2.155897277224516628e-01,0.000000000000000000e+00,0.000000000000000000e+00
2.168987246614473285e-01,0.000000000000000000e+00,0.000000000000000000e+00
2.182077216004432163e-01,0.000000000000000000e+00,0.000000000000000000e+00
2.195167185394388820e-01,0.000000000000000000e+00,0.000000000000000000e+00
2.208257154784345477e-01,0.000000000000000000e+00,0.000000000000000000e+00
2.221347124174304355e-01,0.000000000000000000e+00,0.000000000000000000e+00
2.234437093564261012e-01,0.000000000000000000e+00,0.000000000000000000e+00
2.247527062954217669e-01,0.000000000000000000e+00,0.000000000000000000e+00
2.260617032344176547e-01,0.000000000000000000e+00,0.000000000000000000e+00
2.273707001734133204e-01,0.000000000000000000e+00,0.000000000000000000e+00
2.286796971124092082e-01,0.000000000000000000e+00,0.000000000000000000e+00
2.299886940514048739e-01,0.000000000000000000e+00,0.000000000000000000e+00
2.312976909904005396e-01,0.000000000000000000e+00,0.000000000000000000e+00
2.326066879293964274e-01,0.000000000000000000e+00,0.000000000000000000e+00
2.339156848683920931e-01,0.000000000000000000e+00,0.000000000000000000e+00
2.352246818073879808e-01,0.000000000000000000e+00,0.000000000000000000e+00
2.365336787463836465e-01,0.000000000000000000e+00,0.000000000000000000e+00
2.378426756853793123e-01,0.000000000000000000e+00,0.000000000000000000e+00
2.391516726243752000e-01,0.000000000000000000e+00,0.000000000000000000e+00
2.404606695633708657e-01,0.000000000000000000e+00,0.000000000000000000e+00
2.417696665023665314e-01,0.000000000000000000e+00,0.000000000000000000e+00
2.430786634413624192e-01,0.000000000000000000e+00,0.000000000000000000e+00
2.443876603803580849e-01,0.000000000000000000e+00,0.000000000000000000e+00
2.456966573193537506e-01,0.000000000000000000e+00,0.000000000000000000e+00
2.470056542583496384e-01,0.000000000000000000e+00,0.000000000000000000e+00
2.483146511973453041e-01,0.000000000000000000e+00,0.000000000000000000e+00
2.496236481363411919e-01,0.000000000000000000e+00,0.000000000000000000e+00
2.509326450753368576e-01,0.000000000000000000e+00,0.000000000000000000e+00
2.522416420143325233e-01,0.000000000000000000e+00,0.000000000000000000e+00
2.535506389533284111e-01,0.000000000000000000e+00,0.000000000000000000e+00
2.548596358923240768e-01,0.000000000000000000e+00,0.000000000000000000e+00
2.561686328313199645e-01,0.000000000000000000e+00,0.000000000000000000e+00
2.574776297703156303e-01,0.000000000000000000e+00,0.000000000000000000e+00
2.587866267093112960e-01,0.000000000000000000e+00,0.000000000000000000e+00
2.600956236483070727e-01,0.000000000000000000e+00,0.000000000000000000e+00
2.614046205873028494e-01,0.000000000000000000e+00,0.000000000000000000e+00
2.627136175262986262e-01,0.000000000000000000e+00,0.000000000000000000e+00
2.640226144652944029e-01,0.000000000000000000e+00,0.000000000000000000e+00
2.653316114042900686e-01,0.000000000000000000e+00,0.000000000000000000e+00
2.666406083432858454e-01,0.000000000000000000e+00,0.000000000000000000e+00
2.679496052822816221e-01,0.000000000000000000e+00,0.000000000000000000e+00
2.692586022212772878e-01,0.000000000000000000e+00,0.000000000000000000e+00
2.705675991602731756e-01,0.000000000000000000e+00,0.000000000000000000e+00
2.718765960992688413e-01,0.000000000000000000e+00,0.000000000000000000e+00
2.731855930382645070e-01,0.000000000000000000e+00,0.000000000000000000e+00
2.744945899772603948e-01,0.000000000000000000e+00,0.000000000000000000e+00
2.758035869162560605e-01,0.000000000000000000e+00,0.000000000000000000e+00
2.771125838552518372e-01,0.000000000000000000e+00,0.000000000000000000e+00
2.784215807942476140e-01,0.000000000000000000e+00,0.000000000000000000e+00
2.797305777332432797e-01,0.000000000000000000e+00,0.000000000000000000e+00
2.810395746722390564e-01,0.000000000000000000e+00,0.000000000000000000e+00
2.823485716112348332e-01,0.000000000000000000e+00,0.000000000000000000e+00
2.836575685502304989e-01,0.000000000000000000e+00,0.000000000000000000e+00
2.849665654892263866e-01,0.000000000000000000e+00,0.000000000000000000e+00
2.862755624282220523e-01,0.000000000000000000e+00,0.000000000000000000e+00
2.875845593672178291e-01,0.000000000000000000e+00,0.000000000000000000e+00
2.888935563062136058e-01,0.000000000000000000e+00,0.000000000000000000e+00
2.902025532452092715e-01,0.000000000000000000e+00,0.000000000000000000e+00
2.915115501842050483e-01,0.000000000000000000e+00,0.000000000000000000e+00
2.928205471232008250e-01,0.000000000000000000e+00,0.000000000000000000e+00
2.941295440621964907e-01,0.000000000000000000e+00,0.000000000000000000e+00
2.954385410011923785e-01,0.000000000000000000e+00,0.000000000000000000e+00
2.967475379401880442e-01,0.000000000000000000e+00,0.000000000000000000e+00
2.980565348791838209e-01,0.000000000000000000e+00,0.000000000000000000e+00
2.993655318181795977e-01,0.000000000000000000e+00,0.000000000000000000e+00
3.006745287571752634e-01,0.000000000000000000e+00,0.000000000000000000e+00
3.019835256961710401e-01,0.000000000000000000e+00,0.000000000000000000e+00
3.032925226351668169e-01,7.703156693177184025e+03,-7.703156693177184025e+03
3.046015195741624826e-01,5.231976375976220879e+04,-5.231976375976220879e+04
3.059105165131583703e-01,7.125742433474044083e+04,-7.125742433474044083e+04
3.072195134521540361e-01,7.878228938214293157e+04,-7.878228938214293157e+04
3.085285103911498128e-01,7.994382789733094978e+04,-7.994382789733094978e+04
3.098375073301455895e-01,7.949058322257753753e+04,-7.949058322257753753e+04
3.111465042691412553e-01,7.845273968795883411e+04,-7.845273968795883411e+04
3.124555012081370320e-01,7.736647127926458779e+04,-7.736647127926458779e+04
3.137644981471328087e-01,7.642195846766966861e+04,-7.642195846766966861e+04
3.150734950861284744e-01,7.535136263320689613e+04,-7.535136263320689613e+04
3.163824920251243622e-01,7.412135545303065737e+04,-7.412135545303065737e+04
3.176914889641200279e-01,7.304075913743353158e+04,-7.304075913743353158e+04
3.190004859031158047e-01,7.214321721291293215e+04,-7.214321721291293215e+04
3.203094828421115814e-01,7.114297319946787320e+04,-7.114297319946787320e+04
3.216184797811072471e-01,7.000842946144667803e+04,-7.000842946144667803e+04
3.229274767201030238e-01,6.900348456303136481e+04,-6.900348456303136481e+04
3.242364736590988006e-01,6.814709432510950137e+04,-6.814709432510950137e+04
3.255454705980944663e-01,6.718424120922977454e+04,-6.718424120922977454e+04
3.268544675370903541e-01,6.610174545587244211e+04,-6.610174545587244211e+04
3.281634644760860198e-01,6.515574337449842278e+04,-6.515574337449842278e+04
3.294724614150817965e-01,6.436381878968523961e+04,-6.436381878968523961e+04
3.307814583540775732e-01,6.347425404245567915e+04,-6.347425404245567915e+04
3.320904552930732390e-01,6.246662017189662583e+04,-6.246662017189662583e+04
3.333994522320690157e-01,6.158066562484775932e+04,-6.158066562484775932e+04
3.347084491710647924e-01,6.083327785104804207e+04,-6.083327785104804207e+04
3.360174461100604582e-01,5.999133755884353741e+04,-5.999133755884353741e+04
3.373264430490563459e-01,5.904047035715643869e+04,-5.904047035715643869e+04
3.386354399880520116e-01,5.821068083640251280e+04,-5.821068083640251280e+04
3.399444369270477884e-01,5.751461426451294392e+04,-5.751461426451294392e+04
3.412534338660435651e-01,5.672333134338574018e+04,-5.672333134338574018e+04
3.425624308050392308e-01,5.582408488342005876e+04,-5.582408488342005876e+04
3.438714277440350076e-01,5.504317800354801875e+04,-5.504317800354801875e+04
3.451804246830307843e-01,5.439448332230081724e+04,-5.439448332230081724e+04
3.464894216220264500e-01,5.365413561336735438e+04,-5.365413561336735438e+04
3.477984185610223378e-01,5.280684934790820262e+04,-5.280684934790820262e+04
3.491074155000180035e-01,5.206978090567189793e+04,-5.206978090567189793e+04
3.504164124390137802e-01,5.145931703357153310e+04,-5.145931703357153310e+04
3.517254093780095570e-01,5.076477139810715016e+04,-5.076477139810715016e+04
3.530344063170052227e-01,4.996951667139701749e+04,-4.996951667139701749e+04
3.543434032560009994e-01,4.927582201327148505e+04,-4.927582201327148505e+04
3.556524001949967762e-01,4.869895455235983536e+04,-4.869895455235983536e+04
3.569613971339924419e-01,4.804324791893864312e+04,-4.804324791893864312e+04
3.582703940729883296e-01,4.729534134242809523e+04,-4.729534134242809523e+04
3.595793910119839953e-01,4.664683042868945631e+04,-4.664683042868945631e+04
3.608883879509797721e-01,4.610813807484211429e+04,-4.610813807484211429e+04
3.621973848899755488e-01,4.548813514257970382e+04,-4.548813514257970382e+04
3.635063818289712145e-01,4.477635864802286960e+04,-4.477635864802286960e+04
3.648153787679669913e-01,4.416232009240374464e+04,-4.416232009240374464e+04
3.661243757069627680e-01,4.365952278797043982e+04,-4.365952278797043982e+04
3.674333726459584337e-01,4.308184757988819911e+04,-4.308184757988819911e+04
3.687423695849543215e-01,4.241314818450687744e+04,-4.241314818450687744e+04
3.700513665239499872e-01,4.182961429848534317e+04,-4.182961429848534317e+04
3.713603634629457639e-01,4.134857386024930020e+04,-4.134857386024930020e+04
3.726693604019415407e-01,4.080391011900857848e+04,-4.080391011900857848e+04
3.739783573409372064e-01,4.017964039591712208e+04,-4.017964039591712208e+04
3.752873542799329831e-01,3.963330035729696829e+04,-3.963330035729696829e+04
3.765963512189287599e-01,3.917729271618367784e+04,-3.917729271618367784e+04
3.779053481579244256e-01,3.865897231928011752e+04,-3.865897231928011752e+04
3.792143450969203133e-01,3.806776712520582078e+04,-3.806776712520582078e+04
3.805233420359159791e-01,3.755419154001181596e+04,-3.755419154001181596e+04
3.818323389749117558e-01,3.712782268856214068e+04,-3.712782268856214068e+04
3.831413359139075325e-01,3.663897794761066325e+04,-3.663897794761066325e+04
3.844503328529031982e-01,3.607760001063967502e+04,-3.607760001063967502e+04
3.857593297918989750e-01,3.559074404969476018e+04,-3.559074404969476018e+04
3.870683267308947517e-01,3.518931860219935334e+04,-3.518931860219935334e+04
3.883773236698904174e-01,3.472898358274520433e+04,-3.472898358274520433e+04
3.896863206088863052e-01,3.419859190556587419e+04,-3.419859190556587419e+04
3.909953175478819709e-01,3.373843468714498158e+04,-3.373843468714498158e+04
3.923043144868777476e-01,3.335917911634011398e+04,-3.335917911634011398e+04
3.936133114258735244e-01,3.292346531528861669e+04,-3.292346531528861669e+04
3.949223083648691901e-01,3.242107153496650426e+04,-3.242107153496650426e+04
3.962313053038649668e-01,3.198651989827815487e+04,-3.198651989827815487e+04
3.975403022428607436e-01,3.162973688418009624e+04,-3.162973688418009624e+04
3.988492991818564093e-01,3.121815394613904937e+04,-3.121815394613904937e+04
4.001582961208522971e-01,3.074157209197470729e+04,-3.074157209197470729e+04
4.014672930598479628e-01,3.032930194262297300e+04,-3.032930194262297300e+04
4.027762899988437395e-01,2.999218745088455398e+04,-2.999218745088455398e+04
4.040852869378395162e-01,2.960413967525478802e+04,-2.960413967525478802e+04
4.053942838768351820e-01,2.915400613196542690e+04,-2.915400613196542690e+04
4.067032808158309587e-01,2.876328224136413337e+04,-2.876328224136413337e+04
4.080122777548267354e-01,2.844304807109043031e+04,-2.844304807109043031e+04
4.093212746938224011e-01,2.807578379614207734e+04,-2.807578379614207734e+04
4.106302716328182889e-01,2.765075276116697569e+04,-2.765075276116697569e+04
4.119392685718139546e-01,2.728148550846232320e+04,-2.728148550846232320e+04
4.132482655108097314e-01,2.697820233920550891e+04,-2.697820233920550891e+04
4.145572624498055081e-01,2.663045800498803146e+04,-2.663045800498803146e+04
4.158662593888011738e-01,2.622824896876394996e+04,-2.622824896876394996e+04
4.171752563277969506e-01,2.587873801811562589e+04,-2.587873801811562589e+04
4.184842532667927273e-01,2.558608437021757345e+04,-2.558608437021757345e+04
4.197932502057883930e-01,2.523853097698987403e+04,-2.523853097698987403e+04
4.211022471447842808e-01,2.483098495090608412e+04,-2.483098495090608412e+04
4.224112440837799465e-01,2.447764235532255043e+04,-2.447764235532255043e+04
4.237202410227757232e-01,1.872301659759072209e+04,-2.421851998071914204e+04
4.250292379617715000e-01,1.484330332607398668e+04,-2.398804250927082467e+04
4.263382349007671657e-01,1.409914527031202670e+04,-2.377097497142653083e+04
4.276472318397629424e-01,9.008959627349509901e+03,-2.363010118344064540e+04
4.289562287787587191e-01,4.215961452439209097e+03,-2.357254600838010447e+04
4.302652257177543849e-01,4.290906305787532801e+03,-2.352950765794367180e+04
4.315742226567502726e-01,6.314475266691057186e+03,-2.347122458504047972e+04
4.328832195957459383e-01,3.141652207290841943e+03,-2.342925805113171009e+04
4.341922165347417151e-01,-4.199186922998443947e+02,-2.341428166924458128e+04
4.355012134737374918e-01,1.366053978488472922e+03,-2.339830331733590720e+04
4.368102104127331575e-01,3.786870603586936340e+03,-2.336921288457059927e+04
4.381192073517289343e-01,1.297161401192127641e+03,-2.334876885843375567e+04
4.394282042907247110e-01,-1.973348446647122501e+03,-2.334794986401926508e+04
4.407372012297203767e-01,-3.373383591291355401e+02,-2.334867359544702413e+04
4.420461981687162645e-01,2.748614202600440876e+03,-2.333909437580265876e+04
4.433551951077119302e-01,5.929699005885735232e+02,-2.333193960796235842e+04
4.446641920467077069e-01,-2.466189605483333708e+03,-2.333545890980417244e+04
4.459731889857034837e-01,-6.366472396695791076e+02,-2.333759792677600490e+04
4.472821859246991494e-01,2.702987240184618713e+03,-2.333026376658305890e+04
4.485911828636949261e-01,2.013304614742993977e+02,-2.332508952828723341e+04
4.499001798026907029e-01,-2.449516881278914298e+03,-2.332869759946811246e+04
4.512091767416863686e-01,-3.332443242838332935e+02,-2.332855275713490119e+04
4.525181736806822563e-01,2.511196310515340883e+03,-2.331899144598744169e+04
4.538271706196779220e-01,1.378703359370650503e+02,-2.331520412260189914e+04
4.551361675586736988e-01,-2.694043381153767768e+03,-2.332350309002818540e+04
4.564451644976694755e-01,-5.543714428818967690e+02,-2.332633434145359206e+04
4.577541614366651412e-01,2.699114506324570357e+03,-2.331558637794962124e+04
4.590631583756609180e-01,4.791056980160302032e+02,-2.330769510314301806e+04
4.603721553146566947e-01,-2.554877181593249588e+03,-2.331214579859444348e+04
4.616811522536523604e-01,-6.493951353482862032e+02,-2.331460045530920615e+04
4.629901491926482482e-01,2.604450872344433719e+03,-2.330612155203142538e+04
4.642991461316439139e-01,2.114926718234439704e+02,-2.329983410999742046e+04
4.656081430706396906e-01,-2.424732858740625034e+03,-2.330409488795569632e+04
4.669171400096354674e-01,-6.384424473752818585e+02,-2.330679811015932501e+04
4.682261369486311331e-01,2.479800239639042047e+03,-2.330025622344431031e+04
4.695351338876269098e-01,1.863470926550932631e+02,-2.329673033110921824e+04
4.708441308266226866e-01,-2.856419661703477686e+03,-2.330319141653794213e+04
4.721531277656183523e-01,-5.024501052495876934e+02,-2.330615263215267987e+04
4.734621247046142400e-01,2.633880490748542798e+03,-2.329773378152424993e+04
4.747711216436099058e-01,4.427932814545062001e+02,-2.329093344813481235e+04
4.760801185826056825e-01,-2.754382845052672565e+03,-2.329501201948940070e+04
4.773891155216014592e-01,-8.670946581398670787e+02,-2.329895261346529514e+04
4.786981124605971250e-01,2.440246170702874679e+03,-2.329444726091649500e+04
4.800071093995929017e-01,3.920839357361764428e+02,-2.329230917240448252e+04
4.813161063385886784e-01,-2.805309004157121308e+03,-2.329940966758684226e+04
4.826251032775843441e-01,-8.962626922405910364e+02,-2.330319201630842872e+04
4.839341002165802319e-01,2.638485239252153860e+03,-2.329549018455941768e+04
4.852430971555758976e-01,7.473644476326122685e+02,-2.328809050192319773e+04
4.865520940945716744e-01,-2.377758218028566262e+03,-2.328907063882654256e+04
4.878610910335674511e-01,-7.401467038453255327e+02,-2.328757004843401228e+04
4.891700879725631168e-01,2.683696625657985805e+03,-2.327753542750440101e+04
4.904790849115588935e-01,3.462559580132455608e+02,-2.327263005176505976e+04
4.917880818505546703e-01,-2.723658679246777410e+03,-2.328069790323171037e+04
4.930970787895503360e-01,-1.077810130997083206e+03,-2.328738144983942766e+04
4.944060757285462238e-01,2.459769303752224914e+03,-2.328292613668526246e+04
4.957150726675418895e-01,5.191568810303142527e+02,-2.327866965071306549e+04
4.970240696065376662e-01,-2.399851128719044027e+03,-2.328230071483721986e+04
4.983330665455334429e-01,-8.485617314840105792e+02,-2.328258852083014426e+04
4.996420634845291087e-01,2.738187399328859101e+03,-2.327282403294693722e+04
5.009510604235248854e-01,5.455657043790452008e+02,-2.326589235299776919e+04
5.022600573625206621e-01,-2.789057384790547530e+03,-2.327040196616744652e+04
5.035690543015163279e-01,-6.389802441083429585e+02,-2.327438440889452977e+04
5.048780512405122156e-01,2.467495497448757760e+03,-2.326909940469601133e+04
5.061870481795078813e-01,1.630096048182259949e+02,-2.326524267390816749e+04
5.074960451185036581e-01,-2.478944609977009804e+03,-2.327020295898641416e+04
5.088050420574994348e-01,-7.008728242586419128e+02,-2.327292926377928234e+04
5.101140389964951005e-01,2.500436615799353149e+03,-2.326624128406152522e+04
5.114230359354908773e-01,3.951615201084067053e+02,-2.326189484713083584e+04
5.127320328744866540e-01,-2.676225819912502175e+03,-2.326715613647313512e+04
5.140410298134823197e-01,-7.277001486638375809e+02,-2.326949841786804609e+04
5.153500267524782075e-01,2.706974140043131683e+03,-2.326132636172340062e+04
5.166590236914738732e-01,4.409931093989061424e+02,-2.325529277839012138e+04
5.179680206304696499e-01,-2.500316833680731179e+03,-2.326002277564091128e+04
5.192770175694654267e-01,-9.555477307030976135e+02,-2.326362883767320091e+04
5.205860145084610924e-01,2.577399193903120249e+03,-2.325729466984252576e+04
5.218950114474568691e-01,6.175818585785026471e+02,-2.325168091844407172e+04
5.232040083864525348e-01,-2.577840131629146981e+03,-2.325481300297062990e+04
5.245130053254483116e-01,-6.322970109162226890e+02,-2.325643672283435080e+04
5.258220022644440883e-01,2.569473712045999491e+03,-2.324906256308303637e+04
5.271309992034398650e-01,3.377018629022390996e+02,-2.324345362227270016e+04
5.284399961424355308e-01,-2.440740796594950552e+03,-2.324744706496160870e+04
5.297489930814313075e-01,-7.201951068821176705e+02,-2.325061014832905494e+04
5.310579900204270842e-01,2.427640707662726527e+03,-2.324562474010983715e+04
5.323669869594228610e-01,1.768450356212660211e+02,-2.324349083968740888e+04
5.336759838984185267e-01,-2.638452302493237767e+03,-2.325032677843360216e+04
5.349849808374143034e-01,-4.444832716438956481e+02,-2.325268406385158960e+04
5.362939777764100802e-01,2.610189825133271370e+03,-2.324302607181541680e+04
5.376029747154058569e-01,5.919933241373954615e+02,-2.323451064150386082e+04
5.389119716544015226e-01,-2.471238861824382639e+03,-2.323677670928579755e+04
5.402209685933972994e-01,-7.220536588433560610e+02,-2.323948161859896936e+04
5.415299655323930761e-01,2.361852788784674431e+03,-2.323473450935872825e+04
5.428389624713888528e-01,3.159560941039655972e+02,-2.323331659664858307e+04
5.441479594103845185e-01,-2.782160877014217931e+03,-2.324078854616846729e+04
5.454569563493802953e-01,-5.347543851225725575e+02,-2.324360637585408767e+04
5.467659532883760720e-01,2.593067808498830800e+03,-2.323563338281518008e+04
5.480749502273718488e-01,2.774172927403334370e+02,-2.323203671563360695e+04
5.493839471663675145e-01,-2.658949193200327045e+03,-2.323957182163224206e+04
5.506929441053632912e-01,-4.437289208632226973e+02,-2.324161971626390005e+04
5.520019410443590679e-01,2.532531563998101774e+03,-2.323094820832681216e+04
5.533109379833548447e-01,5.670849786278339479e+02,-2.322461259613757284e+04
5.546199349223505104e-01,-2.623003219866524432e+03,-2.323180881976603632e+04
5.559289318613462871e-01,-6.066672232345074463e+02,-2.323645376174692501e+04
5.572379288003420639e-01,2.604144152195236074e+03,-2.322784611977773602e+04
5.585469257393378406e-01,6.574056075403149180e+02,-2.321802681930162726e+04
5.598559226783335063e-01,-2.456822910736788344e+03,-2.321894870947085656e+04
5.611649196173292831e-01,-7.117587946738639175e+02,-2.322419574686030683e+04
5.624739165563250598e-01,2.433312720405786877e+03,-2.322361540708167013e+04
5.637829134953208365e-01,3.192996661348586827e+02,-2.322137405449626749e+04
5.650919104343165023e-01,-2.588672831562464125e+03,-2.322222193521033478e+04
5.664009073733122790e-01,-2.980027304326403481e+01,-2.321945614241869407e+04
5.677099043123080557e-01,2.596755750120750236e+03,-2.321045406351635756e+04
5.690189012513038325e-01,9.504560078116311672e+01,-2.320859716048793052e+04
5.703278981902994982e-01,-2.825953874124450522e+03,-2.321911333422409007e+04
5.716368951292952749e-01,-8.382409400738332579e+02,-2.322457647246861961e+04
5.729458920682910517e-01,2.799398830206138427e+03,-2.321701603611628161e+04
5.742548890072868284e-01,5.283547231693477215e+02,-2.321266608927686684e+04
5.755638859462824941e-01,-2.727372792402961750e+03,-2.321974747255361217e+04
5.768728828852782708e-01,-7.493120451509704480e+02,-2.322251977913871815e+04
5.781818798242740476e-01,2.675643666791129817e+03,-2.321346968095040938e+04
5.794908767632698243e-01,3.813689535444439684e+02,-2.320901205132142786e+04
5.807998737022654900e-01,-2.709646482164712779e+03,-2.321798955200866840e+04
5.821088706412612668e-01,-8.771086696245707799e+02,-2.322498980992458019e+04
5.834178675802570435e-01,2.679984863449831209e+03,-2.322079752645916597e+04
5.847268645192528203e-01,3.260916747976560259e+02,-2.321901052410205011e+04
5.860358614582484860e-01,-2.332531588641150847e+03,-2.322457805628705319e+04
5.873448583972442627e-01,-5.808600894824865009e+02,-2.322119291128257828e+04
5.886538553362400394e-01,2.792582105425726240e+03,-2.320587561195591479e+04
5.899628522752358162e-01,5.323514448893116651e+02,-2.320142928616573045e+04
5.912718492142314819e-01,-2.434490412838391876e+03,-2.321458500803236166e+04
5.925808461532272586e-01,-5.149276789182081302e+02,-2.321995819989771917e+04
5.938898430922230354e-01,2.654412296709456314e+03,-2.320766546148743873e+04
5.951988400312188121e-01,5.790859188919138205e+02,-2.319920218126346663e+04
5.965078369702144778e-01,-2.488546084879400041e+03,-2.320512985445183949e+04
5.978168339092102546e-01,-6.864540568262436864e+02,-2.320779313081811779e+04
5.991258308482060313e-01,3.033192693016471821e+03,-2.319811827857739263e+04
6.004348277872018080e-01,8.490752876345799223e+02,-2.319290225225497852e+04
6.017438247261974738e-01,-2.041260571816161246e+03,-2.319958769222131014e+04
6.030528216651932505e-01,1.073402909093521771e+02,-2.319968346750734418e+04
6.043618186041890272e-01,3.391380784291567579e+03,-2.318294641389500248e+04
6.056708155431848040e-01,1.344822053376399026e+03,-2.316374496223508686e+04
6.069798124821804697e-01,-1.453481149590544874e+03,-2.315134837543279718e+04
6.082888094211762464e-01,8.157181316331314065e+02,-2.313354221508983392e+04
6.095978063601720232e-01,5.125235363661900010e+03,-2.310219207752087823e+04
6.109068032991677999e-01,3.586702766127647919e+03,-2.306989823440832333e+04
6.122158002381634656e-01,1.668704895647288822e+03,-2.302544145284182014e+04
6.135247971771592423e-01,4.727129866967483395e+03,-2.297786555814486564e+04
6.148337941161550191e-01,1.111757657624030253e+04,-2.305283333448877238e+04
6.161427910551507958e-01,1.283033728366174728e+04,-2.345130454179080334e+04
6.174517879941464615e-01,1.932853651668153907e+04,-2.512421710408015861e+04
6.187607849331422383e-01,2.719532802413138052e+04,-2.778464291536882229e+04
6.200697818721380150e-01,2.788764421388309711e+04,-2.788764421388309711e+04
6.213787788111337917e-01,2.148769813973076816e+04,-2.148769813973076816e+04
6.226877757501294575e-01,-1.068955627984322518e+03,-5.755180155665040729e+03
6.239967726891252342e-01,0.000000000000000000e+00,0.000000000000000000e+00
6.253057696281210109e-01,0.000000000000000000e+00,0.000000000000000000e+00
6.266147665671167877e-01,0.000000000000000000e+00,0.000000000000000000e+00
6.279237635061124534e-01,0.000000000000000000e+00,0.000000000000000000e+00
6.292327604451082301e-01,0.000000000000000000e+00,0.000000000000000000e+00
6.305417573841040069e-01,0.000000000000000000e+00,0.000000000000000000e+00
6.318507543230997836e-01,0.000000000000000000e+00,0.000000000000000000e+00
6.331597512620954493e-01,0.000000000000000000e+00,0.000000000000000000e+00
6.344687482010912261e-01,0.000000000000000000e+00,0.000000000000000000e+00
6.357777451400870028e-01,0.000000000000000000e+00,0.000000000000000000e+00
6.370867420790827795e-01,0.000000000000000000e+00,0.000000000000000000e+00
6.383957390180784452e-01,0.000000000000000000e+00,0.000000000000000000e+00
6.397047359570742220e-01,0.000000000000000000e+00,0.000000000000000000e+00
6.410137328960699987e-01,0.000000000000000000e+00,0.000000000000000000e+00
6.423227298350657755e-01,0.000000000000000000e+00,0.000000000000000000e+00
6.436317267740614412e-01,0.000000000000000000e+00,0.000000000000000000e+00
6.449407237130572179e-01,0.000000000000000000e+00,0.000000000000000000e+00
6.462497206520529947e-01,0.000000000000000000e+00,0.000000000000000000e+00
6.475587175910487714e-01,0.000000000000000000e+00,0.000000000000000000e+00
6.488677145300444371e-01,0.000000000000000000e+00,0.000000000000000000e+00
6.501767114690402138e-01,0.000000000000000000e+00,0.000000000000000000e+00
6.514857084080359906e-01,0.000000000000000000e+00,0.000000000000000000e+00
6.527947053470317673e-01,0.000000000000000000e+00,0.000000000000000000e+00
6.541037022860274330e-01,0.000000000000000000e+00,0.000000000000000000e+00
6.554126992250232098e-01,0.000000000000000000e+00,0.000000000000000000e+00
6.567216961640189865e-01,0.000000000000000000e+00,0.000000000000000000e+00
6.580306931030147632e-01,0.000000000000000000e+00,0.000000000000000000e+00
6.593396900420104290e-01,0.000000000000000000e+00,0.000000000000000000e+00
6.606486869810062057e-01,0.000000000000000000e+00,0.000000000000000000e+00
6.619576839200019824e-01,0.000000000000000000e+00,0.000000000000000000e+00
6.632666808589977592e-01,0.000000000000000000e+00,0.000000000000000000e+00
6.645756777979934249e-01,0.000000000000000000e+00,0.000000000000000000e+00
6.658846747369892016e-01,0.000000000000000000e+00,0.000000000000000000e+00
6.671936716759849784e-01,0.000000000000000000e+00,0.000000000000000000e+00
6.685026686149807551e-01,0.000000000000000000e+00,0.000000000000000000e+00
6.698116655539764208e-01,0.000000000000000000e+00,0.000000000000000000e+00
6.711206624929721976e-01,0.000000000000000000e+00,0.000000000000000000e+00
6.724296594319679743e-01,0.000000000000000000e+00,0.000000000000000000e+00
6.737386563709637510e-01,0.000000000000000000e+00,0.000000000000000000e+00
6.750476533099594167e-01,0.000000000000000000e+00,0.000000000000000000e+00
6.763566502489551935e-01,0.000000000000000000e+00,0.000000000000000000e+00
6.776656471879509702e-01,0.000000000000000000e+00,0.000000000000000000e+00
6.789746441269467470e-01,0.000000000000000000e+00,0.000000000000000000e+00
6.802836410659424127e-01,0.000000000000000000e+00,0.000000000000000000e+00
6.815926380049381894e-01,0.000000000000000000e+00,0.000000000000000000e+00
6.829016349439339661e-01,0.000000000000000000e+00,0.000000000000000000e+00
6.842106318829297429e-01,0.000000000000000000e+00,0.000000000000000000e+00
6.855196288219254086e-01,0.000000000000000000e+00,0.000000000000000000e+00
6.868286257609211853e-01,0.000000000000000000e+00,0.000000000000000000e+00
6.881376226999169621e-01,0.000000000000000000e+00,0.000000000000000000e+00
6.894466196389127388e-01,0.000000000000000000e+00,0.000000000000000000e+00
6.907556165779084045e-01,0.000000000000000000e+00,0.000000000000000000e+00
6.920646135169041813e-01,0.000000000000000000e+00,0.000000000000000000e+00
6.933736104558999580e-01,0.000000000000000000e+00,0.000000000000000000e+00
6.946826073948957347e-01,0.000000000000000000e+00,0.000000000000000000e+00
6.959916043338914005e-01,0.000000000000000000e+00,0.000000000000000000e+00
6.973006012728871772e-01,0.000000000000000000e+00,0.000000000000000000e+00
6.986095982118829539e-01,0.000000000000000000e+00,0.000000000000000000e+00
6.999185951508787307e-01,0.000000000000000000e+00,0.000000000000000000e+00
7.012275920898743964e-01,0.000000000000000000e+00,0.000000000000000000e+00
7.025365890288701731e-01,0.000000000000000000e+00,0.000000000000000000e+00
7.038455859678659499e-01,0.000000000000000000e+00,0.000000000000000000e+00
7.051545829068617266e-01,0.000000000000000000e+00,0.000000000000000000e+00
7.064635798458573923e-01,0.000000000000000000e+00,0.000000000000000000e+00
7.077725767848531691e-01,0.000000000000000000e+00,0.000000000000000000e+00
7.090815737238489458e-01,0.000000000000000000e+00,0.000000000000000000e+00
7.103905706628447225e-01,0.000000000000000000e+00,0.000000000000000000e+00
7.116995676018403882e-01,0.000000000000000000e+00,0.000000000000000000e+00
7.130085645408361650e-01,0.000000000000000000e+00,0.000000000000000000e+00
7.143175614798319417e-01,0.000000000000000000e+00,0.000000000000000000e+00
7.156265584188277185e-01,0.000000000000000000e+00,0.000000000000000000e+00
7.169355553578233842e-01,0.000000000000000000e+00,0.000000000000000000e+00
7.182445522968191609e-01,0.000000000000000000e+00,0.000000000000000000e+00
7.195535492358149376e-01,0.000000000000000000e+00,0.000000000000000000e+00
7.208625461748107144e-01,0.000000000000000000e+00,0.000000000000000000e+00
7.221715431138063801e-01,0.000000000000000000e+00,0.000000000000000000e+00
7.234805400528021568e-01,0.000000000000000000e+00,0.000000000000000000e+00
7.247895369917979336e-01,0.000000000000000000e+00,0.000000000000000000e+00
7.260985339307937103e-01,0.000000000000000000e+00,0.000000000000000000e+00
7.274075308697893760e-01,0.000000000000000000e+00,0.000000000000000000e+00
7.287165278087851528e-01,0.000000000000000000e+00,0.000000000000000000e+00
7.300255247477809295e-01,0.000000000000000000e+00,0.000000000000000000e+00
7.313345216867767062e-01,0.000000000000000000e+00,0.000000000000000000e+00
7.326435186257723720e-01,0.000000000000000000e+00,0.000000000000000000e+00
7.339525155647681487e-01,0.000000000000000000e+00,0.000000000000000000e+00
7.352615125037639254e-01,0.000000000000000000e+00,0.000000000000000000e+00
7.365705094427597022e-01,0.000000000000000000e+00,0.000000000000000000e+00
7.378795063817553679e-01,0.000000000000000000e+00,0.000000000000000000e+00
7.391885033207511446e-01,0.000000000000000000e+00,0.000000000000000000e+00
7.404975002597469214e-01,0.000000000000000000e+00,0.000000000000000000e+00
7.418064971987426981e-01,0.000000000000000000e+00,0.000000000000000000e+00
7.431154941377383638e-01,0.000000000000000000e+00,0.000000000000000000e+00
7.444244910767341405e-01,0.000000000000000000e+00,0.000000000000000000e+00
7.457334880157299173e-01,0.000000000000000000e+00,0.000000000000000000e+00
7.470424849547256940e-01,0.000000000000000000e+00,0.000000000000000000e+00
7.483514818937213597e-01,0.000000000000000000e+00,0.000000000000000000e+00
7.496604788327171365e-01,0.000000000000000000e+00,0.000000000000000000e+00
7.509694757717129132e-01,0.000000000000000000e+00,0.000000000000000000e+00
7.522784727107086900e-01,0.000000000000000000e+00,0.000000000000000000e+00
7.535874696497043557e-01,0.000000000000000000e+00,0.000000000000000000e+00
7.548964665887001324e-01,0.000000000000000000e+00,0.000000000000000000e+00
7.562054635276959091e-01,0.000000000000000000e+00,0.000000000000000000e+00
7.575144604666916859e-01,0.000000000000000000e+00,0.000000000000000000e+00
7.588234574056873516e-01,0.000000000000000000e+00,0.000000000000000000e+00
7.601324543446831283e-01,0.000000000000000000e+00,0.000000000000000000e+00
7.614414512836789051e-01,0.000000000000000000e+00,0.000000000000000000e+00
7.627504482226746818e-01,0.000000000000000000e+00,0.000000000000000000e+00
7.640594451616703475e-01,0.000000000000000000e+00,0.000000000000000000e+00
7.653684421006661243e-01,0.000000000000000000e+00,0.000000000000000000e+00
7.666774390396619010e-01,0.000000000000000000e+00,0.000000000000000000e+00
7.679864359786576777e-01,0.000000000000000000e+00,0.000000000000000000e+00
7.692954329176533435e-01,0.000000000000000000e+00,0.000000000000000000e+00
7.706044298566491202e-01,0.000000000000000000e+00,0.000000000000000000e+00
7.719134267956448969e-01,0.000000000000000000e+00,0.000000000000000000e+00
7.732224237346406737e-01,0.000000000000000000e+00,0.000000000000000000e+00
7.745314206736363394e-01,0.000000000000000000e+00,0.000000000000000000e+00
7.758404176126321161e-01,0.000000000000000000e+00,0.000000000000000000e+00
7.771494145516278929e-01,0.000000000000000000e+00,0.000000000000000000e+00
7.784584114906236696e-01,0.000000000000000000e+00,0.000000000000000000e+00
7.797674084296193353e-01,0.000000000000000000e+00,0.000000000000000000e+00
7.810764053686151120e-01,0.000000000000000000e+00,0.000000000000000000e+00
7.823854023076108888e-01,0.000000000000000000e+00,0.000000000000000000e+00
7.836943992466066655e-01,0.000000000000000000e+00,0.000000000000000000e+00
7.850033961856023312e-01,0.000000000000000000e+00,0.000000000000000000e+00
7.863123931245981080e-01,0.000000000000000000e+00,0.000000000000000000e+00
7.876213900635938847e-01,0.000000000000000000e+00,0.000000000000000000e+00
7.889303870025896614e-01,0.000000000000000000e+00,0.000000000000000000e+00
7.902393839415853272e-01,0.000000000000000000e+00,0.000000000000000000e+00
7.915483808805811039e-01,0.000000000000000000e+00,0.000000000000000000e+00
7.928573778195768806e-01,0.000000000000000000e+00,0.000000000000000000e+00
7.941663747585726574e-01,0.000000000000000000e+00,0.000000000000000000e+00
7.954753716975683231e-01,0.000000000000000000e+00,0.000000000000000000e+00
7.967843686365640998e-01,0.000000000000000000e+00,0.000000000000000000e+00
7.980933655755598766e-01,0.000000000000000000e+00,0.000000000000000000e+00
7.994023625145556533e-01,0.000000000000000000e+00,0.000000000000000000e+00
8.007113594535513190e-01,0.000000000000000000e+00,0.000000000000000000e+00
8.020203563925470958e-01,0.000000000000000000e+00,0.000000000000000000e+00
8.033293533315428725e-01,0.000000000000000000e+00,0.000000000000000000e+00
8.046383502705386492e-01,0.000000000000000000e+00,0.000000000000000000e+00
8.059473472095343149e-01,0.000000000000000000e+00,0.000000000000000000e+00
8.072563441485300917e-01,0.000000000000000000e+00,0.000000000000000000e+00
8.085653410875258684e-01,0.000000000000000000e+00,0.000000000000000000e+00
8.098743380265216452e-01,0.000000000000000000e+00,0.000000000000000000e+00
8.111833349655173109e-01,0.000000000000000000e+00,0.000000000000000000e+00
8.124923319045130876e-01,0.000000000000000000e+00,0.000000000000000000e+00
8.138013288435088644e-01,0.000000000000000000e+00,0.000000000000000000e+00
8.151103257825046411e-01,0.000000000000000000e+00,0.000000000000000000e+00
8.164193227215003068e-01,0.000000000000000000e+00,0.000000000000000000e+00
8.177283196604960835e-01,0.000000000000000000e+00,0.000000000000000000e+00
8.190373165994918603e-01,0.000000000000000000e+00,0.000000000000000000e+00
8.203463135384876370e-01,0.000000000000000000e+00,0.000000000000000000e+00
8.216553104774833027e-01,0.000000000000000000e+00,0.000000000000000000e+00
8.229643074164790795e-01,0.000000000000000000e+00,0.000000000000000000e+00
8.242733043554748562e-01,0.000000000000000000e+00,0.000000000000000000e+00
8.255823012944706329e-01,0.000000000000000000e+00,0.000000000000000000e+00
8.268912982334662987e-01,0.000000000000000000e+00,0.000000000000000000e+00
8.282002951724620754e-01,0.000000000000000000e+00,0.000000000000000000e+00
8.295092921114578521e-01,0.000000000000000000e+00,0.000000000000000000e+00
8.308182890504536289e-01,0.000000000000000000e+00,0.000000000000000000e+00
8.321272859894492946e-01,0.000000000000000000e+00,0.000000000000000000e+00
8.334362829284450713e-01,0.000000000000000000e+00,0.000000000000000000e+00
8.347452798674408481e-01,0.000000000000000000e+00,0.000000000000000000e+00
8.360542768064366248e-01,0.000000000000000000e+00,0.000000000000000000e+00
8.373632737454322905e-01,0.000000000000000000e+00,0.000000000000000000e+00
8.386722706844280673e-01,0.000000000000000000e+00,0.000000000000000000e+00
8.399812676234238440e-01,0.000000000000000000e+00,0.000000000000000000e+00
8.412902645624196207e-01,0.000000000000000000e+00,0.000000000000000000e+00
8.425992615014152864e-01,0.000000000000000000e+00,0.000000000000000000e+00
8.439082584404110632e-01,0.000000000000000000e+00,0.000000000000000000e+00
8.452172553794068399e-01,0.000000000000000000e+00,0.000000000000000000e+00
8.465262523184026167e-01,0.000000000000000000e+00,0.000000000000000000e+00
8.478352492573982824e-01,0.000000000000000000e+00,0.000000000000000000e+00
8.491442461963940591e-01,0.000000000000000000e+00,0.000000000000000000e+00
8.504532431353898358e-01,0.000000000000000000e+00,0.000000000000000000e+00
8.517622400743856126e-01,0.000000000000000000e+00,0.000000000000000000e+00
8.530712370133812783e-01,0.000000000000000000e+00,0.000000000000000000e+00
8.543802339523770550e-01,0.000000000000000000e+00,0.000000000000000000e+00
8.556892308913728318e-01,0.000000000000000000e+00,0.000000000000000000e+00
8.569982278303686085e-01,0.000000000000000000e+00,0.000000000000000000e+00
8.583072247693642742e-01,0.000000000000000000e+00,0.000000000000000000e+00
8.596162217083600510e-01,0.000000000000000000e+00,0.000000000000000000e+00
8.609252186473558277e-01,0.000000000000000000e+00,0.000000000000000000e+00
8.622342155863516044e-01,0.000000000000000000e+00,0.000000000000000000e+00
8.635432125253472702e-01,0.000000000000000000e+00,0.000000000000000000e+00
8.648522094643430469e-01,0.000000000000000000e+00,0.000000000000000000e+00
8.661612064033388236e-01,0.000000000000000000e+00,0.000000000000000000e+00
8.674702033423346004e-01,0.000000000000000000e+00,0.000000000000000000e+00
8.687792002813302661e-01,0.000000000000000000e+00,0.000000000000000000e+00
8.700881972203260428e-01,0.000000000000000000e+00,0.000000000000000000e+00
8.713971941593218196e-01,0.000000000000000000e+00,0.000000000000000000e+00
8.727061910983175963e-01,0.000000000000000000e+00,0.000000000000000000e+00
8.740151880373132620e-01,0.000000000000000000e+00,0.000000000000000000e+00
8.753241849763090388e-01,0.000000000000000000e+00,0.000000000000000000e+00
8.766331819153048155e-01,0.000000000000000000e+00,0.000000000000000000e+00
8.779421788543005922e-01,0.000000000000000000e+00,0.000000000000000000e+00
8.792511757932962579e-01,0.000000000000000000e+00,0.000000000000000000e+00
8.805601727322920347e-01,0.000000000000000000e+00,0.000000000000000000e+00
8.818691696712878114e-01,0.000000000000000000e+00,0.000000000000000000e+00
8.831781666102835882e-01,0.000000000000000000e+00,0.000000000000000000e+00
8.844871635492792539e-01,0.000000000000000000e+00,0.000000000000000000e+00
8.857961604882750306e-01,0.000000000000000000e+00,0.000000000000000000e+00
8.871051574272708073e-01,0.000000000000000000e+00,0.000000000000000000e+00
8.884141543662665841e-01,0.000000000000000000e+00,0.000000000000000000e+00
8.897231513052622498e-01,0.000000000000000000e+00,0.000000000000000000e+00
8.910321482442580265e-01,0.000000000000000000e+00,0.000000000000000000e+00
8.923411451832538033e-01,0.000000000000000000e+00,0.000000000000000000e+00
8.936501421222495800e-01,0.000000000000000000e+00,0.000000000000000000e+00
8.949591390612452457e-01,0.000000000000000000e+00,0.000000000000000000e+00
8.962681360002410225e-01,0.000000000000000000e+00,0.000000000000000000e+00
8.975771329392367992e-01,0.000000000000000000e+00,0.000000000000000000e+00
8.988861298782325759e-01,0.000000000000000000e+00,0.000000000000000000e+00
9.001951268172282417e-01,0.000000000000000000e+00,0.000000000000000000e+00
9.015041237562240184e-01,0.000000000000000000e+00,0.000000000000000000e+00
9.028131206952197951e-01,0.000000000000000000e+00,0.000000000000000000e+00
9.041221176342155719e-01,0.000000000000000000e+00,0.000000000000000000e+00
9.054311145732112376e-01,0.000000000000000000e+00,0.000000000000000000e+00
9.067401115122070143e-01,0.000000000000000000e+00,0.000000000000000000e+00
9.080491084512027911e-01,0.000000000000000000e+00,0.000000000000000000e+00
9.093581053901985678e-01,0.000000000000000000e+00,0.000000000000000000e+00
9.106671023291942335e-01,0.000000000000000000e+00,0.000000000000000000e+00
9.119760992681900102e-01,0.000000000000000000e+00,0.000000000000000000e+00
9.132850962071857870e-01,0.000000000000000000e+00,0.000000000000000000e+00
9.145940931461815637e-01,0.000000000000000000e+00,0.000000000000000000e+00
9.159030900851772294e-01,0.000000000000000000e+00,0.000000000000000000e+00
9.172120870241730062e-01,0.000000000000000000e+00,0.000000000000000000e+00
9.185210839631687829e-01,0.000000000000000000e+00,0.000000000000000000e+00
9.198300809021645597e-01,0.000000000000000000e+00,0.000000000000000000e+00
9.211390778411602254e-01,0.000000000000000000e+00,0.000000000000000000e+00
9.224480747801560021e-01,0.000000000000000000e+00,0.000000000000000000e+00
9.237570717191517788e-01,0.000000000000000000e+00,0.000000000000000000e+00
9.250660686581475556e-01,0.000000000000000000e+00,0.000000000000000000e+00
9.263750655971432213e-01,0.000000000000000000e+00,0.000000000000000000e+00
9.276840625361389980e-01,0.000000000000000000e+00,0.000000000000000000e+00
9.289930594751347748e-01,0.000000000000000000e+00,0.000000000000000000e+00
9.303020564141305515e-01,0.000000000000000000e+00,0.000000000000000000e+00
9.316110533531262172e-01,0.000000000000000000e+00,0.000000000000000000e+00
9.329200502921219940e-01,0.000000000000000000e+00,0.000000000000000000e+00
9.342290472311177707e-01,0.000000000000000000e+00,0.000000000000000000e+00
9.355380441701135474e-01,0.000000000000000000e+00,0.000000000000000000e+00
9.368470411091092132e-01,0.000000000000000000e+00,0.000000000000000000e+00
9.381560380481049899e-01,0.000000000000000000e+00,0.000000000000000000e+00
9.394650349871007666e-01,0.000000000000000000e+00,0.000000000000000000e+00
9.407740319260965434e-01,0.000000000000000000e+00,0.000000000000000000e+00
9.420830288650922091e-01,0.000000000000000000e+00,0.000000000000000000e+00
9.433920258040879858e-01,0.000000000000000000e+00,0.000000000000000000e+00
9.447010227430837626e-01,0.000000000000000000e+00,0.000000000000000000e+00
9.460100196820795393e-01,0.000000000000000000e+00,0.000000000000000000e+00
9.473190166210752050e-01,0.000000000000000000e+00,0.000000000000000000e+00
9.486280135600709817e-01,-3.747978113138225126e+03,-3.747978113138225126e+03
9.499370104990667585e-01,-2.133887968789285151e+04,-2.133887968789285151e+04
9.512460074380625352e-01,-2.777249398472854591e+04,-2.777249398472854591e+04
9.525550043770582009e-01,-2.740553501255326410e+04,-2.740553501255326410e+04
9.538640013160539777e-01,-2.561195417206026832e+04,-2.561195417206026832e+04
9.551729982550497544e-01,-2.417850807252852246e+04,-2.417850807252852246e+04
9.564819951940455312e-01,-2.338772208145323748e+04,-2.338772208145323748e+04
9.577909921330411969e-01,-2.331625393896989044e+04,-2.331625393896989044e+04
9.590999890720369736e-01,-2.365538265854051133e+04,-2.365538265854051133e+04
9.604089860110327503e-01,-2.409257457386568421e+04,-2.409257457386568421e+04
9.617179829500285271e-01,-2.446900202552042538e+04,-2.446900202552042538e+04
9.630269798890241928e-01,-2.476500672671842040e+04,-2.476500672671842040e+04
9.643359768280199695e-01,-2.510191447434793736e+04,-2.510191447434793736e+04
9.656449737670157463e-01,-2.548720495087581003e+04,-2.548720495087581003e+04
9.669539707060115230e-01,-2.581277627845108145e+04,-2.581277627845108145e+04
9.682629676450071887e-01,-2.609143342712003869e+04,-2.609143342712003869e+04
9.695719645840029655e-01,-2.643985741295991102e+04,-2.643985741295991102e+04
9.708809615229987422e-01,-2.684966974895977182e+04,-2.684966974895977182e+04
9.721899584619945189e-01,-2.720514759390312247e+04,-2.720514759390312247e+04
9.734989554009901846e-01,-2.751321355547489657e+04,-2.751321355547489657e+04
9.748079523399859614e-01,-2.788746385507002924e+04,-2.788746385507002924e+04
9.761169492789817381e-01,-2.831674953443755658e+04,-2.831674953443755658e+04
9.774259462179775149e-01,-2.868177841483677912e+04,-2.868177841483677912e+04
9.787349431569731806e-01,-2.899679311367194532e+04,-2.899679311367194532e+04
9.800439400959689573e-01,-2.939064102793459097e+04,-2.939064102793459097e+04
9.813529370349647341e-01,-2.985221029015923341e+04,-2.985221029015923341e+04
9.826619339739605108e-01,-3.025020486385190816e+04,-3.025020486385190816e+04
9.839709309129561765e-01,-3.059003853580099894e+04,-3.059003853580099894e+04
9.852799278519519532e-01,-3.100070655391402761e+04,-3.100070655391402761e+04
9.865889247909477300e-01,-3.147743481555198741e+04,-3.147743481555198741e+04
9.878979217299435067e-01,-3.189537948884234720e+04,-3.189537948884234720e+04
9.892069186689391724e-01,-3.226228481706693128e+04,-3.226228481706693128e+04
9.905159156079349492e-01,-3.270228188469501765e+04,-3.270228188469501765e+04
9.918249125469307259e-01,-3.320526128717671236e+04,-3.320526128717671236e+04
9.931339094859265026e-01,-3.364375385263437056e+04,-3.364375385263437056e+04
9.944429064249221684e-01,-3.403071206379281648e+04,-3.403071206379281648e+04
9.957519033639179451e-01,-3.449952302020769275e+04,-3.449952302020769275e+04
9.970609003029137218e-01,-3.503611660166283400e+04,-3.503611660166283400e+04
9.983698972419094986e-01,-3.549982424085024832e+04,-3.549982424085024832e+04
9.996788941809051643e-01,-3.590425012056066043e+04,-3.590425012056066043e+04
1.000987891119900830e+00,-3.639758180258061475e+04,-3.639758180258061475e+04
1.002296888058896718e+00,-3.696779587290754716e+04,-3.696779587290754716e+04
1.003605884997892606e+00,-3.746328727119074756e+04,-3.746328727119074756e+04
1.004914881936888271e+00,-3.789443274876265787e+04,-3.789443274876265787e+04
1.006223878875883937e+00,-3.841553578875702806e+04,-3.841553578875702806e+04
1.007532875814879603e+00,-3.901614749005292833e+04,-3.901614749005292833e+04
1.008841872753875490e+00,-3.954000535744660738e+04,-3.954000535744660738e+04
1.010150869692871156e+00,-3.999857452961136005e+04,-3.999857452961136005e+04
1.011459866631867044e+00,-4.055178216268415417e+04,-4.055178216268415417e+04
1.012768863570862710e+00,-4.118773879931675037e+04,-4.118773879931675037e+04
1.014077860509858375e+00,-4.174296853031522915e+04,-4.174296853031522915e+04
1.015386857448854041e+00,-4.222988965791392548e+04,-4.222988965791392548e+04
1.016695854387849929e+00,-4.281659966528391669e+04,-4.281659966528391669e+04
1.018004851326845817e+00,-4.349044125060136139e+04,-4.349044125060136139e+04
1.019313848265841482e+00,-4.407925729914834665e+04,-4.407925729914834665e+04
1.020622845204837148e+00,-4.459600809820007271e+04,-4.459600809820007271e+04
1.021931842143833036e+00,-4.521788484311202774e+04,-4.521788484311202774e+04
1.023240839082828701e+00,-4.593186307019285596e+04,-4.593186307019285596e+04
1.024549836021824367e+00,-4.655669617672196182e+04,-4.655669617672196182e+04
1.025858832960820033e+00,-4.710609914349345490e+04,-4.710609914349345490e+04
1.027167829899815921e+00,-4.776675172914370341e+04,-4.776675172914370341e+04
1.028476826838811586e+00,-4.852447623923657375e+04,-4.852447623923657375e+04
1.029785823777807252e+00,-4.918743688776831550e+04,-4.918743688776831550e+04
1.031094820716802918e+00,-4.977002622186389635e+04,-4.977002622186389635e+04
1.032403817655798806e+00,-5.047032012990704970e+04,-5.047032012990704970e+04
1.033712814594794471e+00,-5.127444368704874796e+04,-5.127444368704874796e+04
1.035021811533790137e+00,-5.198039100234115176e+04,-5.198039100234115176e+04
1.036330808472785803e+00,-5.260167321008568979e+04,-5.260167321008568979e+04
1.037639805411781690e+00,-5.334476674210576311e+04,-5.334476674210576311e+04
1.038948802350777356e+00,-5.419599527284248325e+04,-5.419599527284248325e+04
1.040257799289773022e+00,-5.494536940226650040e+04,-5.494536940226650040e+04
1.041566796228768688e+00,-5.560777095374929195e+04,-5.560777095374929195e+04
1.042875793167764575e+00,-5.639872797408189945e+04,-5.639872797408189945e+04
1.044184790106760241e+00,-5.730281834202627942e+04,-5.730281834202627942e+04
1.045493787045755907e+00,-5.809930820166211925e+04,-5.809930820166211925e+04
1.046802783984751573e+00,-5.880418386007881782e+04,-5.880418386007881782e+04
1.048111780923747460e+00,-5.964476850564634515e+04,-5.964476850564634515e+04
1.049420777862743126e+00,-6.060516365158033295e+04,-6.060516365158033295e+04
1.050729774801738792e+00,-6.145314400305585150e+04,-6.145314400305585150e+04
1.052038771740734457e+00,-6.220512354348142981e+04,-6.220512354348142981e+04
1.053347768679730345e+00,-6.309968806707642943e+04,-6.309968806707642943e+04
1.054656765618726011e+00,-6.412014837441601412e+04,-6.412014837441601412e+04
1.055965762557721677e+00,-6.502260852897175209e+04,-6.502260852897175209e+04
1.057274759496717342e+00,-6.582462890943132516e+04,-6.582462890943132516e+04
1.058583756435713230e+00,-6.677722590726258932e+04,-6.677722590726258932e+04
1.059892753374708896e+00,-6.786265944251316250e+04,-6.786265944251316250e+04
1.061201750313704562e+00,-6.882415734390968282e+04,-6.882415734390968282e+04
1.062510747252700227e+00,-6.968022858167553204e+04,-6.968022858167553204e+04
1.063819744191696115e+00,-7.069538398855975538e+04,-7.069538398855975538e+04
1.065128741130691781e+00,-7.185149506656333688e+04,-7.185149506656333688e+04
1.066437738069687446e+00,-7.287891243769016000e+04,-7.287891243769016000e+04
1.067746735008683112e+00,-7.379731284987209074e+04,-7.379731284987209074e+04
1.069055731947679000e+00,-7.489024719701398863e+04,-7.489024719701398863e+04
1.070364728886674666e+00,-7.614922400763796759e+04,-7.614922400763796759e+04
1.071673725825670331e+00,-7.729867186737751763e+04,-7.729867186737751763e+04
1.072982722764665997e+00,-7.500294871341432736e+04,-7.826102167954845936e+04
1.074291719703661885e+00,-5.415083312344976002e+04,-7.916326039872567344e+04
1.075600716642657551e+00,-4.191245969488913397e+04,-7.998104222312127240e+04
1.076909713581653216e+00,-3.081279120971032171e+04,-8.054532718818832655e+04
1.078218710520648882e+00,-2.234492503161432978e+04,-8.086011552249616943e+04
1.079527707459644770e+00,-1.619637373801066315e+04,-8.110063065002043732e+04
1.080836704398640435e+00,-1.336104248972265304e+04,-8.133240287958270346e+04
1.082145701337636101e+00,-1.090822315775158859e+04,-8.149956593772517226e+04
1.083454698276631767e+00,-6.487306790390112837e+03,-8.159695672960147203e+04
1.084763695215627655e+00,-3.022308683992621354e+03,-8.166937006435565127e+04
1.086072692154623320e+00,-4.470834170287257621e+03,-8.173399364959093509e+04
1.087381689093618986e+00,-3.875940824183683617e+03,-8.177958735646768764e+04
1.088690686032614652e+00,-1.393659482563054553e+03,-8.180997133545516408e+04
1.089999682971610540e+00,-8.159886738608533108e+01,-8.183381486231164308e+04
1.091308679910606205e+00,-1.445618920825756504e+03,-8.184978723442868795e+04
1.092617676849601871e+00,-1.227296390977040573e+03,-8.185660862933492172e+04
1.093926673788597537e+00,1.566810435086266864e+02,-8.186367618956176739e+04
1.095235670727593424e+00,6.322140425064861802e+02,-8.187673111219522252e+04
1.096544667666589090e+00,-1.592271124256055373e+03,-8.188918975909166329e+04
1.097853664605584756e+00,-1.735417718709314158e+03,-8.189591873843688518e+04
1.099162661544580422e+00,1.015997846613328079e+03,-8.190033371587214060e+04
1.100471658483576309e+00,1.741894106315634644e+03,-8.190479513117158785e+04
1.101780655422571975e+00,-1.070611097583973788e+03,-8.190609245905060379e+04
1.103089652361567641e+00,-1.310239983200794995e+03,-8.190493581288093992e+04
1.104398649300563306e+00,5.276691294569783395e+02,-8.190836143099986657e+04
1.105707646239559194e+00,1.828595330832378295e+03,-8.191651201345332083e+04
1.107016643178554860e+00,-1.674208000987135847e+03,-8.192093890815126360e+04
1.108325640117550526e+00,-5.433675157787869239e+02,-8.191812026909508859e+04
1.109634637056546191e+00,1.023658514615166609e+03,-8.191550179028593993e+04
1.110943633995542079e+00,1.796506453857979068e+03,-8.191929442993030534e+04
1.112252630934537745e+00,-1.629293139257276607e+03,-8.192450876030737709e+04
1.113561627873533411e+00,-1.431260967436841383e+03,-8.192675974497797142e+04
1.114870624812529076e+00,1.302703091921862324e+03,-8.192921272358679562e+04
1.116179621751524964e+00,1.541799228089620328e+03,-8.193212962335556222e+04
1.117488618690520630e+00,-8.968759158416153241e+02,-8.192959575857208984e+04
1.118797615629516295e+00,-2.044863910145033401e+02,-8.192054318855839665e+04
1.120106612568511961e+00,1.676079535452835898e+03,-8.191451892356385360e+04
1.121415609507507849e+00,1.214408790323005405e+03,-8.191761829458008287e+04
1.122724606446503515e+00,-2.055335631354811539e+03,-8.192304451620062173e+04
1.124033603385499180e+00,-1.046836488168799406e+03,-8.192471625217926339e+04
1.125342600324494846e+00,2.324119618793727113e+03,-8.192316949510968698e+04
1.126651597263490734e+00,2.001710952290071418e+03,-8.191882688153849449e+04
1.127960594202486400e+00,-1.459190722966287922e+03,-8.191181494606997876e+04
1.129269591141482065e+00,-9.791533343047173048e+02,-8.190851216643286170e+04
1.130578588080477731e+00,1.347780475221225970e+03,-8.191570245855143003e+04
1.131887585019473619e+00,2.111139274618266199e+02,-8.192676946507841058e+04
1.133196581958469285e+00,-1.402926257981589288e+03,-8.193106767712287547e+04
1.134505578897464950e+00,-2.306592423079556795e+02,-8.192842251310931169e+04
1.135814575836460616e+00,1.242443508209843230e+03,-8.192936025311675621e+04
1.137123572775456504e+00,3.604298149206282460e+02,-8.193993407614198804e+04
1.138432569714452169e+00,-2.277550653603942465e+03,-8.195185897006581945e+04
1.139741566653447835e+00,-7.992880541990517713e+02,-8.195728969369399420e+04
1.141050563592443501e+00,1.601930096560718994e+03,-8.195970134574003168e+04
1.142359560531439389e+00,3.846519459852841578e+02,-8.196395280650426866e+04
1.143668557470435054e+00,-8.104097590754473686e+02,-8.196613699134823401e+04
1.144977554409430720e+00,-5.015191520798205147e+02,-8.196372134059864038e+04
1.146286551348426386e+00,1.025471334974733963e+03,-8.196405434257876186e+04
1.147595548287422274e+00,7.671773179971409036e+02,-8.197087307905635680e+04
1.148904545226417939e+00,-1.711272503018097950e+03,-8.197634042239980772e+04
1.150213542165413605e+00,-1.996571862575915759e+02,-8.197468187785382906e+04
1.151522539104409271e+00,2.060082385194312337e+03,-8.196928081000113161e+04
1.152831536043405158e+00,1.330202561236911151e+03,-8.196392280787230993e+04
1.154140532982400824e+00,-9.435006460526337833e+02,-8.195822526090595056e+04
1.155449529921396490e+00,-4.760433062442809273e+02,-8.195589860513102030e+04
1.156758526860392156e+00,4.034815707609892570e+02,-8.196203446536458796e+04
1.158067523799388043e+00,4.441251970625754666e+02,-8.197042443635851669e+04
1.159376520738383709e+00,-5.177928077517883594e+02,-8.197204719393455889e+04
1.160685517677379375e+00,-1.935405790415041167e+02,-8.196851441384413920e+04
1.161994514616375040e+00,6.301934118270531826e+02,-8.196971822089783382e+04
1.163303511555370928e+00,3.647825301458274794e+02,-8.197835623757223948e+04
1.164612508494366594e+00,-1.711168025531668945e+03,-8.198587547524120600e+04
1.165921505433362260e+00,-1.599655547044264665e+02,-8.198774607846072468e+04
1.167230502372357925e+00,1.607319425742758540e+03,-8.198665587714541471e+04
1.168539499311353813e+00,1.173555273438378663e+03,-8.198321318114407768e+04
1.169848496250349479e+00,-1.028630968810088007e+03,-8.197567100402487267e+04
1.171157493189345145e+00,6.198736303436719197e+01,-8.196899724323635746e+04
1.172466490128340810e+00,1.450299922723792406e+03,-8.197084548192536749e+04
1.173775487067336698e+00,-1.853541172721631654e+02,-8.197689489289303310e+04
1.175084484006332364e+00,-1.035104651056968123e+03,-8.197697684288247547e+04
1.176393480945328029e+00,9.900306368677967157e+02,-8.197009603979751409e+04
1.177702477884323695e+00,5.308704819315579471e+02,-8.196635087574539648e+04
1.179011474823319583e+00,2.964568484937526591e+02,-8.197194530504620343e+04
1.180320471762315249e+00,-1.101577569072910364e+03,-8.197923480469807691e+04
1.181629468701310914e+00,-2.477331502536970049e+02,-8.198140150178311160e+04
1.182938465640306580e+00,2.422891169497720512e+02,-8.198418953907022660e+04
1.184247462579302468e+00,2.514973778611402366e+01,-8.199258182372432202e+04
1.185556459518298134e+00,-7.904673995501034369e+02,-8.199807574594728067e+04
1.186865456457293799e+00,9.359146711125235925e+02,-8.199263783984715701e+04
1.188174453396289465e+00,4.967955018605777013e+02,-8.198627014518977376e+04
1.189483450335285353e+00,-4.047944394140173472e+02,-8.199127841562310641e+04
1.190792447274281018e+00,-3.787758619193433560e+02,-8.199939535095079918e+04
1.192101444213276684e+00,2.099376711216100375e+02,-8.199738783450504707e+04
1.193410441152272350e+00,1.126428981060274737e+03,-8.198988326299870096e+04
1.194719438091268238e+00,-2.398497422657168343e+01,-8.198830355238675838e+04
1.196028435030263903e+00,-2.301854407716857054e+02,-8.198956591498646594e+04
1.197337431969259569e+00,1.859582234754743979e+02,-8.198697200776656973e+04
1.198646428908255235e+00,-8.793298529728025414e+01,-8.198860715316317510e+04
1.199955425847251123e+00,-9.090422757485825969e+02,-8.200129897623448051e+04
1.201264422786246788e+00,-1.146054227312805978e+02,-8.201305827807856258e+04
1.202573419725242454e+00,8.528572207860041772e+02,-8.200976055763331533e+04
1.203882416664238120e+00,4.443855585121043106e+01,-8.199801030860867468e+04
1.205191413603234007e+00,7.959890990608013226e+02,-8.199318394863812136e+04
1.206500410542229673e+00,-2.326057866997784913e+02,-8.199335726811770292e+04
1.207809407481225339e+00,8.763703693996517359e+02,-8.199091034081816906e+04
1.209118404420221005e+00,-5.310880546057775291e+02,-8.198882416596690018e+04
1.210427401359216892e+00,3.662418111041507700e+02,-8.199009877442802826e+04
1.211736398298212558e+00,2.902290669258194100e+01,-8.199134200530305679e+04
1.213045395237208224e+00,-5.246420251213593247e+02,-8.199329961722154985e+04
1.214354392176203890e+00,-7.180556347572063487e+02,-8.200082085070596077e+04
1.215663389115199777e+00,4.300284568538908161e+02,-8.200961760174564552e+04
1.216972386054195443e+00,1.465473427245238156e+02,-8.201136987214388500e+04
1.218281382993191109e+00,-6.568301636265904335e+02,-8.200712313102769258e+04
1.219590379932186774e+00,-5.050955954290648720e+02,-8.200762343776065973e+04
1.220899376871182662e+00,6.504499698605369531e+02,-8.201738195011008065e+04
1.222208373810178328e+00,-2.886095753390770824e+02,-8.202776716527326789e+04
1.223517370749173994e+00,-3.015839994134862536e+02,-8.203291214264063456e+04
1.224826367688169659e+00,-4.304968505788427251e+02,-8.203445998781420349e+04
1.226135364627165547e+00,3.670320510591708398e+02,-8.203147225830657408e+04
1.227444361566161213e+00,5.269615906569493973e+02,-8.202101223078308976e+04
1.228753358505156879e+00,2.545610510096100541e+02,-8.200857896972427261e+04
1.230062355444152544e+00,1.494091866478016755e+02,-8.200501767340762308e+04
1.231371352383148432e+00,5.794057078260492517e+02,-8.201125386651635927e+04
1.232680349322144098e+00,-7.054497280755422253e+02,-8.202113961593329441e+04
1.233989346261139763e+00,-1.545305948233930849e+03,-8.203589195469666447e+04
1.235298343200135429e+00,-3.729978837587538010e+02,-8.205029090847638145e+04
1.236607340139131317e+00,5.364604954055547523e+02,-8.205022277132836462e+04
1.237916337078126983e+00,-1.312769885778674507e+03,-8.204249818564040470e+04
1.239225334017122648e+00,-2.267824991217785737e+03,-8.205732306125138712e+04
1.240534330956118314e+00,-2.242338125653194766e+03,-8.210676266619833768e+04
1.241843327895114202e+00,-2.557625190615636711e+03,-8.216277240945131052e+04
1.243152324834109868e+00,-3.621448183143625556e+03,-8.220186926476990629e+04
1.244461321773105533e+00,-5.368202471423966017e+03,-8.222688587030013150e+04
1.245770318712101199e+00,-6.641511413602484026e+03,-8.227527718798615388e+04
1.247079315651097087e+00,-9.305249851672566365e+03,-8.238409264242772770e+04
1.248388312590092752e+00,-1.283980474831445281e+04,-8.252074988744755683e+04
1.249697309529088418e+00,-1.904442409188181409e+04,-8.261584855293155124e+04
1.251006306468084084e+00,-2.512211035782948238e+04,-8.283381320292905730e+04
1.252315303407079972e+00,-3.114723216607687573e+04,-8.297124614288986777e+04
1.253624300346075637e+00,-3.530627492363095371e+04,-8.175484914819615369e+04
1.254933297285071303e+00,-3.911337774952907785e+04,-7.752795076222320495e+04
1.256242294224066969e+00,-4.202175654097766710e+03,-6.596488845164043596e+04
