# Exudyn: solution of belt drive, slip and gap over belt length
# Exudyn output file
# Exudyn version=1.2.34.dev1
# endTime=2.45
# stepSize=5e-05
# nSegments=4
# nANCFnodes=240
# contactStiffnessPerArea=100000000.0
# frictionStiffnessPerArea=100000000.0
# contactStiffness=418879.02047863905
# frictionStiffness=523598.7755982988
# contactDamping=8.377580409572781
# frictionVelocityPenalty=33.70609928242229
# dryFriction=1
# 
9.142297271456101271e-04,2.333650447203239331e-06,-9.875975124598590504e-06
2.223226666141275842e-03,0.000000000000000000e+00,0.000000000000000000e+00
3.532223605136941558e-03,0.000000000000000000e+00,0.000000000000000000e+00
4.841220544132607273e-03,0.000000000000000000e+00,0.000000000000000000e+00
6.150217483128495033e-03,0.000000000000000000e+00,0.000000000000000000e+00
7.459214422124160748e-03,0.000000000000000000e+00,0.000000000000000000e+00
8.768211361119826464e-03,0.000000000000000000e+00,0.000000000000000000e+00
1.007720830011549218e-02,0.000000000000000000e+00,0.000000000000000000e+00
1.138620523911137994e-02,0.000000000000000000e+00,0.000000000000000000e+00
1.269520217810704565e-02,0.000000000000000000e+00,0.000000000000000000e+00
1.400419911710271137e-02,0.000000000000000000e+00,0.000000000000000000e+00
1.531319605609837708e-02,0.000000000000000000e+00,0.000000000000000000e+00
1.662219299509426484e-02,0.000000000000000000e+00,0.000000000000000000e+00
1.793118993408993056e-02,0.000000000000000000e+00,0.000000000000000000e+00
1.924018687308559628e-02,0.000000000000000000e+00,0.000000000000000000e+00
2.054918381208525879e-02,0.000000000000000000e+00,0.000000000000000000e+00
2.185818075108114655e-02,0.000000000000000000e+00,0.000000000000000000e+00
2.316717769007681227e-02,0.000000000000000000e+00,0.000000000000000000e+00
2.447617462907247798e-02,0.000000000000000000e+00,0.000000000000000000e+00
2.578517156806836574e-02,0.000000000000000000e+00,0.000000000000000000e+00
2.709416850706403146e-02,0.000000000000000000e+00,0.000000000000000000e+00
2.840316544605969717e-02,0.000000000000000000e+00,0.000000000000000000e+00
2.971216238505558493e-02,0.000000000000000000e+00,0.000000000000000000e+00
3.102115932405125065e-02,0.000000000000000000e+00,0.000000000000000000e+00
3.233015626304691637e-02,0.000000000000000000e+00,0.000000000000000000e+00
3.363915320204280412e-02,0.000000000000000000e+00,0.000000000000000000e+00
3.494815014103846984e-02,0.000000000000000000e+00,0.000000000000000000e+00
3.625714708003435760e-02,0.000000000000000000e+00,0.000000000000000000e+00
3.756614401903002332e-02,0.000000000000000000e+00,0.000000000000000000e+00
3.887514095802568903e-02,0.000000000000000000e+00,0.000000000000000000e+00
4.018413789702157679e-02,0.000000000000000000e+00,0.000000000000000000e+00
4.149313483601724251e-02,0.000000000000000000e+00,0.000000000000000000e+00
4.280213177501290822e-02,0.000000000000000000e+00,0.000000000000000000e+00
4.411112871400879598e-02,0.000000000000000000e+00,0.000000000000000000e+00
4.542012565300446170e-02,0.000000000000000000e+00,0.000000000000000000e+00
4.672912259200034946e-02,0.000000000000000000e+00,0.000000000000000000e+00
4.803811953099601517e-02,0.000000000000000000e+00,0.000000000000000000e+00
4.934711646999168089e-02,0.000000000000000000e+00,0.000000000000000000e+00
5.065611340898756865e-02,0.000000000000000000e+00,0.000000000000000000e+00
5.196511034798323436e-02,0.000000000000000000e+00,0.000000000000000000e+00
5.327410728697890008e-02,0.000000000000000000e+00,0.000000000000000000e+00
5.458310422597478784e-02,0.000000000000000000e+00,0.000000000000000000e+00
5.589210116497045355e-02,0.000000000000000000e+00,0.000000000000000000e+00
5.720109810396611927e-02,0.000000000000000000e+00,0.000000000000000000e+00
5.851009504296200703e-02,0.000000000000000000e+00,0.000000000000000000e+00
5.981909198195767274e-02,0.000000000000000000e+00,0.000000000000000000e+00
6.112808892095356050e-02,0.000000000000000000e+00,0.000000000000000000e+00
6.243708585994922622e-02,0.000000000000000000e+00,0.000000000000000000e+00
6.374608279894489193e-02,0.000000000000000000e+00,0.000000000000000000e+00
6.505507973794077969e-02,0.000000000000000000e+00,0.000000000000000000e+00
6.636407667693644541e-02,0.000000000000000000e+00,0.000000000000000000e+00
6.767307361593211112e-02,0.000000000000000000e+00,0.000000000000000000e+00
6.898207055492799888e-02,0.000000000000000000e+00,0.000000000000000000e+00
7.029106749392366460e-02,0.000000000000000000e+00,0.000000000000000000e+00
7.160006443291933032e-02,0.000000000000000000e+00,0.000000000000000000e+00
7.290906137191521807e-02,0.000000000000000000e+00,0.000000000000000000e+00
7.421805831091088379e-02,0.000000000000000000e+00,0.000000000000000000e+00
7.552705524990677155e-02,0.000000000000000000e+00,0.000000000000000000e+00
7.683605218890243727e-02,0.000000000000000000e+00,0.000000000000000000e+00
7.814504912789810298e-02,0.000000000000000000e+00,0.000000000000000000e+00
7.945404606689399074e-02,0.000000000000000000e+00,0.000000000000000000e+00
8.076304300588965646e-02,0.000000000000000000e+00,0.000000000000000000e+00
8.207203994488532217e-02,0.000000000000000000e+00,0.000000000000000000e+00
8.338103688388120993e-02,0.000000000000000000e+00,0.000000000000000000e+00
8.469003382287687565e-02,0.000000000000000000e+00,0.000000000000000000e+00
8.599903076187276341e-02,0.000000000000000000e+00,0.000000000000000000e+00
8.730802770086842912e-02,0.000000000000000000e+00,0.000000000000000000e+00
8.861702463986409484e-02,0.000000000000000000e+00,0.000000000000000000e+00
8.992602157885998260e-02,0.000000000000000000e+00,0.000000000000000000e+00
9.123501851785564831e-02,0.000000000000000000e+00,0.000000000000000000e+00
9.254401545685131403e-02,0.000000000000000000e+00,0.000000000000000000e+00
9.385301239584720179e-02,0.000000000000000000e+00,0.000000000000000000e+00
9.516200933484286750e-02,0.000000000000000000e+00,0.000000000000000000e+00
9.647100627383853322e-02,0.000000000000000000e+00,0.000000000000000000e+00
9.778000321283442098e-02,0.000000000000000000e+00,0.000000000000000000e+00
9.908900015183008669e-02,0.000000000000000000e+00,0.000000000000000000e+00
1.003979970908257524e-01,0.000000000000000000e+00,0.000000000000000000e+00
1.017069940298216402e-01,0.000000000000000000e+00,0.000000000000000000e+00
1.030159909688173059e-01,0.000000000000000000e+00,0.000000000000000000e+00
1.043249879078129716e-01,0.000000000000000000e+00,0.000000000000000000e+00
1.056339848468088594e-01,0.000000000000000000e+00,0.000000000000000000e+00
1.069429817858045251e-01,0.000000000000000000e+00,0.000000000000000000e+00
1.082519787248004128e-01,0.000000000000000000e+00,0.000000000000000000e+00
1.095609756637960785e-01,0.000000000000000000e+00,0.000000000000000000e+00
1.108699726027917443e-01,0.000000000000000000e+00,0.000000000000000000e+00
1.121789695417876320e-01,0.000000000000000000e+00,0.000000000000000000e+00
1.134879664807832977e-01,0.000000000000000000e+00,0.000000000000000000e+00
1.147969634197789635e-01,0.000000000000000000e+00,0.000000000000000000e+00
1.161059603587748512e-01,0.000000000000000000e+00,0.000000000000000000e+00
1.174149572977705169e-01,0.000000000000000000e+00,0.000000000000000000e+00
1.187239542367661826e-01,0.000000000000000000e+00,0.000000000000000000e+00
1.200329511757620704e-01,0.000000000000000000e+00,0.000000000000000000e+00
1.213419481147577361e-01,0.000000000000000000e+00,0.000000000000000000e+00
1.226509450537536239e-01,0.000000000000000000e+00,0.000000000000000000e+00
1.239599419927492896e-01,0.000000000000000000e+00,0.000000000000000000e+00
1.252689389317449553e-01,0.000000000000000000e+00,0.000000000000000000e+00
1.265779358707408431e-01,0.000000000000000000e+00,0.000000000000000000e+00
1.278869328097365088e-01,0.000000000000000000e+00,0.000000000000000000e+00
1.291959297487321745e-01,0.000000000000000000e+00,0.000000000000000000e+00
1.305049266877280623e-01,0.000000000000000000e+00,0.000000000000000000e+00
1.318139236267237280e-01,0.000000000000000000e+00,0.000000000000000000e+00
1.331229205657193937e-01,0.000000000000000000e+00,0.000000000000000000e+00
1.344319175047152815e-01,0.000000000000000000e+00,0.000000000000000000e+00
1.357409144437109472e-01,0.000000000000000000e+00,0.000000000000000000e+00
1.370499113827068349e-01,0.000000000000000000e+00,0.000000000000000000e+00
1.383589083217025006e-01,0.000000000000000000e+00,0.000000000000000000e+00
1.396679052606981664e-01,0.000000000000000000e+00,0.000000000000000000e+00
1.409769021996940541e-01,0.000000000000000000e+00,0.000000000000000000e+00
1.422858991386897198e-01,0.000000000000000000e+00,0.000000000000000000e+00
1.435948960776853855e-01,0.000000000000000000e+00,0.000000000000000000e+00
1.449038930166812733e-01,0.000000000000000000e+00,0.000000000000000000e+00
1.462128899556769390e-01,0.000000000000000000e+00,0.000000000000000000e+00
1.475218868946726047e-01,0.000000000000000000e+00,0.000000000000000000e+00
1.488308838336684925e-01,0.000000000000000000e+00,0.000000000000000000e+00
1.501398807726641582e-01,0.000000000000000000e+00,0.000000000000000000e+00
1.514488777116600460e-01,0.000000000000000000e+00,0.000000000000000000e+00
1.527578746506557117e-01,0.000000000000000000e+00,0.000000000000000000e+00
1.540668715896513774e-01,0.000000000000000000e+00,0.000000000000000000e+00
1.553758685286472652e-01,0.000000000000000000e+00,0.000000000000000000e+00
1.566848654676429309e-01,0.000000000000000000e+00,0.000000000000000000e+00
1.579938624066385966e-01,0.000000000000000000e+00,0.000000000000000000e+00
1.593028593456344844e-01,0.000000000000000000e+00,0.000000000000000000e+00
1.606118562846301501e-01,0.000000000000000000e+00,0.000000000000000000e+00
1.619208532236258158e-01,0.000000000000000000e+00,0.000000000000000000e+00
1.632298501626217035e-01,0.000000000000000000e+00,0.000000000000000000e+00
1.645388471016173693e-01,0.000000000000000000e+00,0.000000000000000000e+00
1.658478440406132570e-01,0.000000000000000000e+00,0.000000000000000000e+00
1.671568409796089227e-01,0.000000000000000000e+00,0.000000000000000000e+00
1.684658379186045885e-01,0.000000000000000000e+00,0.000000000000000000e+00
1.697748348576004762e-01,0.000000000000000000e+00,0.000000000000000000e+00
1.710838317965961419e-01,0.000000000000000000e+00,0.000000000000000000e+00
1.723928287355920297e-01,0.000000000000000000e+00,0.000000000000000000e+00
1.737018256745876954e-01,0.000000000000000000e+00,0.000000000000000000e+00
1.750108226135833611e-01,0.000000000000000000e+00,0.000000000000000000e+00
1.763198195525792489e-01,0.000000000000000000e+00,0.000000000000000000e+00
1.776288164915749146e-01,0.000000000000000000e+00,0.000000000000000000e+00
1.789378134305705803e-01,0.000000000000000000e+00,0.000000000000000000e+00
1.802468103695664681e-01,0.000000000000000000e+00,0.000000000000000000e+00
1.815558073085621338e-01,0.000000000000000000e+00,0.000000000000000000e+00
1.828648042475577995e-01,0.000000000000000000e+00,0.000000000000000000e+00
1.841738011865536873e-01,0.000000000000000000e+00,0.000000000000000000e+00
1.854827981255493530e-01,0.000000000000000000e+00,0.000000000000000000e+00
1.867917950645452407e-01,0.000000000000000000e+00,0.000000000000000000e+00
1.881007920035409064e-01,0.000000000000000000e+00,0.000000000000000000e+00
1.894097889425365722e-01,0.000000000000000000e+00,0.000000000000000000e+00
1.907187858815324599e-01,0.000000000000000000e+00,0.000000000000000000e+00
1.920277828205281256e-01,0.000000000000000000e+00,0.000000000000000000e+00
1.933367797595240134e-01,0.000000000000000000e+00,0.000000000000000000e+00
1.946457766985196791e-01,0.000000000000000000e+00,0.000000000000000000e+00
1.959547736375153448e-01,0.000000000000000000e+00,0.000000000000000000e+00
1.972637705765112326e-01,0.000000000000000000e+00,0.000000000000000000e+00
1.985727675155068983e-01,0.000000000000000000e+00,0.000000000000000000e+00
1.998817644545025640e-01,0.000000000000000000e+00,0.000000000000000000e+00
2.011907613934984518e-01,0.000000000000000000e+00,0.000000000000000000e+00
2.024997583324941175e-01,0.000000000000000000e+00,0.000000000000000000e+00
2.038087552714897832e-01,0.000000000000000000e+00,0.000000000000000000e+00
2.051177522104856710e-01,0.000000000000000000e+00,0.000000000000000000e+00
2.064267491494813367e-01,0.000000000000000000e+00,0.000000000000000000e+00
2.077357460884772244e-01,0.000000000000000000e+00,0.000000000000000000e+00
2.090447430274728902e-01,0.000000000000000000e+00,0.000000000000000000e+00
2.103537399664685559e-01,0.000000000000000000e+00,0.000000000000000000e+00
2.116627369054644436e-01,0.000000000000000000e+00,0.000000000000000000e+00
2.129717338444601094e-01,0.000000000000000000e+00,0.000000000000000000e+00
2.142807307834559971e-01,0.000000000000000000e+00,0.000000000000000000e+00
2.155897277224516628e-01,0.000000000000000000e+00,0.000000000000000000e+00
2.168987246614473285e-01,0.000000000000000000e+00,0.000000000000000000e+00
2.182077216004432163e-01,0.000000000000000000e+00,0.000000000000000000e+00
2.195167185394388820e-01,0.000000000000000000e+00,0.000000000000000000e+00
2.208257154784345477e-01,0.000000000000000000e+00,0.000000000000000000e+00
2.221347124174304355e-01,0.000000000000000000e+00,0.000000000000000000e+00
2.234437093564261012e-01,0.000000000000000000e+00,0.000000000000000000e+00
2.247527062954217669e-01,0.000000000000000000e+00,0.000000000000000000e+00
2.260617032344176547e-01,0.000000000000000000e+00,0.000000000000000000e+00
2.273707001734133204e-01,0.000000000000000000e+00,0.000000000000000000e+00
2.286796971124092082e-01,0.000000000000000000e+00,0.000000000000000000e+00
2.299886940514048739e-01,0.000000000000000000e+00,0.000000000000000000e+00
2.312976909904005396e-01,0.000000000000000000e+00,0.000000000000000000e+00
2.326066879293964274e-01,0.000000000000000000e+00,0.000000000000000000e+00
2.339156848683920931e-01,0.000000000000000000e+00,0.000000000000000000e+00
2.352246818073879808e-01,0.000000000000000000e+00,0.000000000000000000e+00
2.365336787463836465e-01,0.000000000000000000e+00,0.000000000000000000e+00
2.378426756853793123e-01,0.000000000000000000e+00,0.000000000000000000e+00
2.391516726243752000e-01,0.000000000000000000e+00,0.000000000000000000e+00
2.404606695633708657e-01,0.000000000000000000e+00,0.000000000000000000e+00
2.417696665023665314e-01,0.000000000000000000e+00,0.000000000000000000e+00
2.430786634413624192e-01,0.000000000000000000e+00,0.000000000000000000e+00
2.443876603803580849e-01,0.000000000000000000e+00,0.000000000000000000e+00
2.456966573193537506e-01,0.000000000000000000e+00,0.000000000000000000e+00
2.470056542583496384e-01,0.000000000000000000e+00,0.000000000000000000e+00
2.483146511973453041e-01,0.000000000000000000e+00,0.000000000000000000e+00
2.496236481363411919e-01,0.000000000000000000e+00,0.000000000000000000e+00
2.509326450753368576e-01,0.000000000000000000e+00,0.000000000000000000e+00
2.522416420143325233e-01,0.000000000000000000e+00,0.000000000000000000e+00
2.535506389533284111e-01,0.000000000000000000e+00,0.000000000000000000e+00
2.548596358923240768e-01,0.000000000000000000e+00,0.000000000000000000e+00
2.561686328313199645e-01,0.000000000000000000e+00,0.000000000000000000e+00
2.574776297703156303e-01,0.000000000000000000e+00,0.000000000000000000e+00
2.587866267093112960e-01,0.000000000000000000e+00,0.000000000000000000e+00
2.600956236483070727e-01,0.000000000000000000e+00,0.000000000000000000e+00
2.614046205873028494e-01,0.000000000000000000e+00,0.000000000000000000e+00
2.627136175262986262e-01,0.000000000000000000e+00,0.000000000000000000e+00
2.640226144652944029e-01,0.000000000000000000e+00,0.000000000000000000e+00
2.653316114042900686e-01,0.000000000000000000e+00,0.000000000000000000e+00
2.666406083432858454e-01,0.000000000000000000e+00,0.000000000000000000e+00
2.679496052822816221e-01,0.000000000000000000e+00,0.000000000000000000e+00
2.692586022212772878e-01,0.000000000000000000e+00,0.000000000000000000e+00
2.705675991602731756e-01,0.000000000000000000e+00,0.000000000000000000e+00
2.718765960992688413e-01,0.000000000000000000e+00,0.000000000000000000e+00
2.731855930382645070e-01,0.000000000000000000e+00,0.000000000000000000e+00
2.744945899772603948e-01,0.000000000000000000e+00,0.000000000000000000e+00
2.758035869162560605e-01,0.000000000000000000e+00,0.000000000000000000e+00
2.771125838552518372e-01,0.000000000000000000e+00,0.000000000000000000e+00
2.784215807942476140e-01,0.000000000000000000e+00,0.000000000000000000e+00
2.797305777332432797e-01,0.000000000000000000e+00,0.000000000000000000e+00
2.810395746722390564e-01,0.000000000000000000e+00,0.000000000000000000e+00
2.823485716112348332e-01,0.000000000000000000e+00,0.000000000000000000e+00
2.836575685502304989e-01,0.000000000000000000e+00,0.000000000000000000e+00
2.849665654892263866e-01,0.000000000000000000e+00,0.000000000000000000e+00
2.862755624282220523e-01,0.000000000000000000e+00,0.000000000000000000e+00
2.875845593672178291e-01,0.000000000000000000e+00,0.000000000000000000e+00
2.888935563062136058e-01,0.000000000000000000e+00,0.000000000000000000e+00
2.902025532452092715e-01,0.000000000000000000e+00,0.000000000000000000e+00
2.915115501842050483e-01,0.000000000000000000e+00,0.000000000000000000e+00
2.928205471232008250e-01,0.000000000000000000e+00,0.000000000000000000e+00
2.941295440621964907e-01,0.000000000000000000e+00,0.000000000000000000e+00
2.954385410011923785e-01,0.000000000000000000e+00,0.000000000000000000e+00
2.967475379401880442e-01,0.000000000000000000e+00,0.000000000000000000e+00
2.980565348791838209e-01,0.000000000000000000e+00,0.000000000000000000e+00
2.993655318181795977e-01,0.000000000000000000e+00,0.000000000000000000e+00
3.006745287571752634e-01,0.000000000000000000e+00,0.000000000000000000e+00
3.019835256961710401e-01,0.000000000000000000e+00,0.000000000000000000e+00
3.032925226351668169e-01,0.000000000000000000e+00,-2.266366488284932146e-06
3.046015195741624826e-01,0.000000000000000000e+00,-1.323118566665115736e-05
3.059105165131583703e-01,0.000000000000000000e+00,-1.788907237641745862e-05
3.072195134521540361e-01,0.000000000000000000e+00,-1.971661072265595838e-05
3.085285103911498128e-01,0.000000000000000000e+00,-1.998122283569658819e-05
3.098375073301455895e-01,0.000000000000000000e+00,-1.986275146159677263e-05
3.111465042691412553e-01,0.000000000000000000e+00,-1.960506639304970822e-05
3.124555012081370320e-01,0.000000000000000000e+00,-1.933458096249618396e-05
3.137644981471328087e-01,0.000000000000000000e+00,-1.909623743433230825e-05
3.150734950861284744e-01,0.000000000000000000e+00,-1.882762858222697400e-05
3.163824920251243622e-01,0.000000000000000000e+00,-1.852234053603685204e-05
3.176914889641200279e-01,0.000000000000000000e+00,-1.825495277901767466e-05
3.190004859031158047e-01,0.000000000000000000e+00,-1.803169967380668925e-05
3.203094828421115814e-01,0.000000000000000000e+00,-1.778080727946051987e-05
3.216184797811072471e-01,0.000000000000000000e+00,-1.749545850972256122e-05
3.229274767201030238e-01,0.000000000000000000e+00,-1.724284798367003990e-05
3.242364736590988006e-01,0.000000000000000000e+00,-1.702852984312996920e-05
3.255454705980944663e-01,0.000000000000000000e+00,-1.678854628864301368e-05
3.268544675370903541e-01,0.000000000000000000e+00,-1.651898682501762305e-05
3.281634644760860198e-01,0.000000000000000000e+00,-1.628341814872980020e-05
3.294724614150817965e-01,0.000000000000000000e+00,-1.608588062847193800e-05
3.307814583540775732e-01,0.000000000000000000e+00,-1.586345057330573738e-05
3.320904552930732390e-01,0.000000000000000000e+00,-1.561124307665473498e-05
3.333994522320690157e-01,0.000000000000000000e+00,-1.538940683111500451e-05
3.347084491710647924e-01,0.000000000000000000e+00,-1.520262217047374520e-05
3.360174461100604582e-01,0.000000000000000000e+00,-1.499287509254543238e-05
3.373264430490563459e-01,0.000000000000000000e+00,-1.475593002095432205e-05
3.386354399880520116e-01,0.000000000000000000e+00,-1.454815050949687105e-05
3.399444369270477884e-01,0.000000000000000000e+00,-1.437322660693962639e-05
3.412534338660435651e-01,0.000000000000000000e+00,-1.417583374165032328e-05
3.425624308050392308e-01,0.000000000000000000e+00,-1.395249488350680522e-05
3.438714277440350076e-01,0.000000000000000000e+00,-1.375757222214779585e-05
3.451804246830307843e-01,0.000000000000000000e+00,-1.359436080602960395e-05
3.464894216220264500e-01,0.000000000000000000e+00,-1.340905311103535169e-05
3.477984185610223378e-01,0.000000000000000000e+00,-1.319822220925692680e-05
3.491074155000180035e-01,0.000000000000000000e+00,-1.301452482239950914e-05
3.504164124390137802e-01,0.000000000000000000e+00,-1.286157273069910012e-05
3.517254093780095570e-01,0.000000000000000000e+00,-1.268773611733109430e-05
3.530344063170052227e-01,0.000000000000000000e+00,-1.248921307944739212e-05
3.543434032560009994e-01,0.000000000000000000e+00,-1.231588825370555362e-05
3.556524001949967762e-01,0.000000000000000000e+00,-1.217165334520264874e-05
3.569613971339924419e-01,0.000000000000000000e+00,-1.200826604139115794e-05
3.582703940729883296e-01,0.000000000000000000e+00,-1.182201131297300201e-05
3.595793910119839953e-01,0.000000000000000000e+00,-1.165951762858996599e-05
3.608883879509797721e-01,0.000000000000000000e+00,-1.152375516749737372e-05
3.621973848899755488e-01,0.000000000000000000e+00,-1.136884061157805714e-05
3.635063818289712145e-01,0.000000000000000000e+00,-1.119218696911394861e-05
3.648153787679669913e-01,0.000000000000000000e+00,-1.103943423595710183e-05
3.661243757069627680e-01,0.000000000000000000e+00,-1.091320984999977206e-05
3.674333726459584337e-01,0.000000000000000000e+00,-1.076794229318278617e-05
3.687423695849543215e-01,0.000000000000000000e+00,-1.060054879142846573e-05
3.700513665239499872e-01,0.000000000000000000e+00,-1.045535297457267365e-05
3.713603634629457639e-01,0.000000000000000000e+00,-1.033602975603065133e-05
3.726693604019415407e-01,0.000000000000000000e+00,-1.019979759063482927e-05
3.739783573409372064e-01,0.000000000000000000e+00,-1.004287418059079950e-05
3.752873542799329831e-01,0.000000000000000000e+00,-9.905993039432958724e-06
3.765963512189287599e-01,0.000000000000000000e+00,-9.792587330720303740e-06
3.779053481579244256e-01,0.000000000000000000e+00,-9.663470475554380990e-06
3.792143450969203133e-01,0.000000000000000000e+00,-9.515550281127826970e-06
3.805233420359159791e-01,0.000000000000000000e+00,-9.386900028870992507e-06
3.818323389749117558e-01,0.000000000000000000e+00,-9.280230148858703565e-06
3.831413359139075325e-01,0.000000000000000000e+00,-9.158114847182541318e-06
3.844503328529031982e-01,0.000000000000000000e+00,-9.017892836638008447e-06
3.857593297918989750e-01,0.000000000000000000e+00,-8.896223638532596567e-06
3.870683267308947517e-01,0.000000000000000000e+00,-8.795833556687893129e-06
3.883773236698904174e-01,0.000000000000000000e+00,-8.680742582242717553e-06
3.896863206088863052e-01,0.000000000000000000e+00,-8.548163262386831995e-06
3.909953175478819709e-01,0.000000000000000000e+00,-8.433060706511397164e-06
3.923043144868777476e-01,0.000000000000000000e+00,-8.338170888425033844e-06
3.936133114258735244e-01,0.000000000000000000e+00,-8.229339289858583761e-06
3.949223083648691901e-01,0.000000000000000000e+00,-8.103921767532717979e-06
3.962313053038649668e-01,0.000000000000000000e+00,-7.995245083880497816e-06
3.975403022428607436e-01,0.000000000000000000e+00,-7.905807810057452478e-06
3.988492991818564093e-01,0.000000000000000000e+00,-7.802836148221303780e-06
4.001582961208522971e-01,0.000000000000000000e+00,-7.683860469676062621e-06
4.014672930598479628e-01,0.000000000000000000e+00,-7.580972883558523279e-06
4.027762899988437395e-01,0.000000000000000000e+00,-7.496683028879180810e-06
4.040852869378395162e-01,0.000000000000000000e+00,-7.399471271540836170e-06
4.053942838768351820e-01,0.000000000000000000e+00,-7.286764976216497658e-06
4.067032808158309587e-01,0.000000000000000000e+00,-7.189203167459745636e-06
4.080122777548267354e-01,0.000000000000000000e+00,-7.109427765203402139e-06
4.093212746938224011e-01,0.000000000000000000e+00,-7.017598772168787136e-06
4.106302716328182889e-01,0.000000000000000000e+00,-6.911069993134622003e-06
4.119392685718139546e-01,0.000000000000000000e+00,-6.818697930413564201e-06
4.132482655108097314e-01,0.000000000000000000e+00,-6.743111353776920502e-06
4.145572624498055081e-01,0.000000000000000000e+00,-6.656287629011603535e-06
4.158662593888011738e-01,0.000000000000000000e+00,-6.555605464989011644e-06
4.171752563277969506e-01,0.000000000000000000e+00,-6.468105367085641433e-06
4.184842532667927273e-01,0.000000000000000000e+00,-6.394945463658596729e-06
4.197932502057883930e-01,0.000000000000000000e+00,-6.308095108514821803e-06
4.211022471447842808e-01,0.000000000000000000e+00,-6.206210060435979337e-06
4.224112440837799465e-01,0.000000000000000000e+00,-6.117861948873315470e-06
4.237202410227757232e-01,3.669505248229953942e-06,-6.053194659086380547e-06
4.250292379617715000e-01,2.913638384172134721e-06,-5.995949962006585920e-06
4.263382349007671657e-01,2.780153325013245968e-06,-5.942156700897149868e-06
4.276472318397629424e-01,1.773337730173740745e-06,-5.907176849936912610e-06
4.289562287787587191e-01,8.228913461610920521e-07,-5.892771993282197585e-06
4.302652257177543849e-01,8.441227078714863552e-07,-5.882066785228845518e-06
4.315742226567502726e-01,1.253633891210026441e-06,-5.867682045260225188e-06
4.328832195957459383e-01,6.225554117639253704e-07,-5.857276699827718147e-06
4.341922165347417151e-01,-8.724554359518243984e-08,-5.853467770502995826e-06
4.355012134737374918e-01,2.718748579738639037e-07,-5.849435631921640066e-06
4.368102104127331575e-01,7.575162549594560701e-07,-5.842225665977918148e-06
4.381192073517289343e-01,2.606466747295810293e-07,-5.837196362282193185e-06
4.394282042907247110e-01,-3.926996693798256999e-07,-5.837017289039847512e-06
4.407372012297203767e-01,-6.493348753133787454e-08,-5.837151747983826411e-06
4.420461981687162645e-01,5.527018039491737866e-07,-5.834695929421429561e-06
4.433551951077119302e-01,1.219169940974706989e-07,-5.832910226821752531e-06
4.446641920467077069e-01,-4.896719666552806771e-07,-5.833864728771454011e-06
4.459731889857034837e-01,-1.235995720910709750e-07,-5.834456475214966353e-06
4.472821859246991494e-01,5.444458212044978040e-07,-5.832605486727482358e-06
4.485911828636949261e-01,4.419705527947126456e-08,-5.831221377025630481e-06
4.499001798026907029e-01,-4.858810770530519463e-07,-5.832062870858578663e-06
4.512091767416863686e-01,-6.253660711497133207e-08,-5.832118886051063100e-06
4.525181736806822563e-01,5.063811554933961290e-07,-5.829870677986903615e-06
4.538271706196779220e-01,3.168589178537128959e-08,-5.828869855298290936e-06
4.551361675586736988e-01,-5.346714228721127782e-07,-5.830749488081043985e-06
4.564451644976694755e-01,-1.066560249007864059e-07,-5.831455504992644201e-06
4.577541614366651412e-01,5.440600227418768142e-07,-5.828958835982223086e-06
4.590631583756609180e-01,1.000138107470904814e-07,-5.827055045357076857e-06
4.603721553146566947e-01,-5.067976009548447180e-07,-5.828032398458304897e-06
4.616811522536523604e-01,-1.256669782678798697e-07,-5.828536549526419641e-06
4.629901491926482482e-01,5.251218465063267615e-07,-5.826454849047757456e-06
4.642991461316439139e-01,4.653739196780470877e-08,-5.825000965298254840e-06
4.656081430706396906e-01,-4.807290959613075287e-07,-5.826129907529620233e-06
4.669171400096354674e-01,-1.235015029132924269e-07,-5.826712837025960212e-06
4.682261369486311331e-01,5.001569012008655335e-07,-5.824939980136889517e-06
4.695351338876269098e-01,4.151992261114401117e-08,-5.824104757523596021e-06
4.708441308266226866e-01,-5.670380809480457529e-07,-5.825895086630783481e-06
4.721531277656183523e-01,-9.630339332933335328e-08,-5.826628809255107733e-06
4.734621247046142400e-01,5.309605486947255315e-07,-5.824351534747251868e-06
4.747711216436099058e-01,9.280016939616775318e-08,-5.822625603585374066e-06
4.760801185826056825e-01,-5.466260367265052267e-07,-5.823797204179692599e-06
4.773891155216014592e-01,-1.692165312594529070e-07,-5.824827117334452353e-06
4.786981124605971250e-01,4.922426711587157833e-07,-5.823585741346337663e-06
4.800071093995929017e-01,8.264232365107204714e-08,-5.822988581968835398e-06
4.813161063385886784e-01,-5.568181759771362316e-07,-5.824831690093290604e-06
4.826251032775843441e-01,-1.750231348046638047e-07,-5.825852473342885141e-06
4.839341002165802319e-01,5.319118112981358060e-07,-5.823919663486276654e-06
4.852430971555758976e-01,1.536762428283600102e-07,-5.821990304799573579e-06
4.865520940945716744e-01,-4.713297178937647658e-07,-5.822176965403214055e-06
4.878610910335674511e-01,-1.437790405206529343e-07,-5.821870583955224276e-06
4.891700879725631168e-01,5.409772452780181595e-07,-5.819476019922054100e-06
4.904790849115588935e-01,7.344074141879541884e-08,-5.818209476010638426e-06
4.917880818505546703e-01,-5.405344491241081961e-07,-5.820077099233378348e-06
4.930970787895503360e-01,-2.113107935505786905e-07,-5.821756304258407511e-06
4.944060757285462238e-01,4.962045935807957164e-07,-5.820793912716948348e-06
4.957150726675418895e-01,1.080301668607286381e-07,-5.819753234936886344e-06
4.970240696065376662e-01,-4.757788364256887448e-07,-5.820528265379487642e-06
4.983330665455334429e-01,-1.654791041139080932e-07,-5.820557767849399156e-06
4.996420634845291087e-01,5.518769248397115135e-07,-5.818213726208054659e-06
5.009510604235248854e-01,1.133256604321508654e-07,-5.816539280362187370e-06
5.022600573625206621e-01,-5.536126524430251550e-07,-5.817613590641812493e-06
5.035690543015163279e-01,-1.235855379422279299e-07,-5.818539524860000256e-06
5.048780512405122156e-01,4.977210914802743247e-07,-5.817215002437703397e-06
5.061870481795078813e-01,3.683573546880980487e-08,-5.816323063928541259e-06
5.074960451185036581e-01,-4.915694352784771848e-07,-5.817629778442912070e-06
5.088050420574994348e-01,-1.359815216643578406e-07,-5.818257585124553266e-06
5.101140389964951005e-01,5.042879280270362585e-07,-5.816472148784113116e-06
5.114230359354908773e-01,8.327241527578133073e-08,-5.815391763613897425e-06
5.127320328744866540e-01,-5.310020286045102900e-07,-5.816829911825527333e-06
5.140410298134823197e-01,-1.413321618314034023e-07,-5.817455702952778474e-06
5.153500267524782075e-01,5.455944092937203838e-07,-5.815334227526891553e-06
5.166590236914738732e-01,9.241946969176795257e-08,-5.813768248041917275e-06
5.179680206304696499e-01,-4.958288371444130593e-07,-5.814968521422603231e-06
5.192770175694654267e-01,-1.868825025806708506e-07,-5.815898176705913691e-06
5.205860145084610924e-01,5.197020775844773954e-07,-5.814322506153546399e-06
5.218950114474568691e-01,1.277422323371635304e-07,-5.812944174690692911e-06
5.232040083864525348e-01,-5.113491399130754012e-07,-5.813744977906099010e-06
5.245130053254483116e-01,-1.222547868391654635e-07,-5.814102299855905542e-06
5.258220022644440883e-01,5.181060431531242516e-07,-5.812188600962109319e-06
5.271309992034398650e-01,7.177918360037893741e-08,-5.810815543280667406e-06
5.284399961424355308e-01,-4.839146452318560110e-07,-5.811912715578126942e-06
5.297489930814313075e-01,-1.398390511754554755e-07,-5.812706039054482687e-06
5.310579900204270842e-01,4.897267814555489318e-07,-5.811373419525867057e-06
5.323669869594228610e-01,3.959997458679448412e-08,-5.810830280908452217e-06
5.336759838984185267e-01,-5.234562786577551252e-07,-5.812608615041181537e-06
5.349849808374143034e-01,-8.469153532295048414e-08,-5.813187903255800926e-06
5.362939777764100802e-01,5.262435647497912261e-07,-5.810693094202012965e-06
5.376029747154058569e-01,1.226368868936702355e-07,-5.808587114769503401e-06
5.389119716544015226e-01,-4.900127603525792491e-07,-5.809263744438464272e-06
5.402209685933972994e-01,-1.402138922646130326e-07,-5.809936369574608683e-06
5.415299655323930761e-01,4.765646788359306774e-07,-5.808629001402554337e-06
5.428389624713888528e-01,6.741758893464774860e-08,-5.808225611761419493e-06
5.441479594103845185e-01,-5.521863781672575744e-07,-5.810187235527619620e-06
5.454569563493802953e-01,-1.027177738777487748e-07,-5.811000229088980618e-06
5.467659532883760720e-01,5.228225069655104140e-07,-5.809000398329655646e-06
5.480749502273718488e-01,5.965987554153173722e-08,-5.807926754863856900e-06
5.493839471663675145e-01,-5.275689747893247405e-07,-5.809674562387567853e-06
5.506929441053632912e-01,-8.444802255397343416e-08,-5.810386870266914805e-06
5.520019410443590679e-01,5.107725680585789574e-07,-5.808041237079231145e-06
5.533109379833548447e-01,1.175558405428628328e-07,-5.806343586753359709e-06
5.546199349223505104e-01,-5.204530155785563883e-07,-5.807668535404153509e-06
5.559289318613462871e-01,-1.170528757879485404e-07,-5.808728188519407531e-06
5.572379288003420639e-01,5.251375945515557309e-07,-5.806977083605557866e-06
5.585469257393378406e-01,1.357256556519526036e-07,-5.804933441266868499e-06
5.598559226783335063e-01,-4.872283410513322810e-07,-5.805112560069991545e-06
5.611649196173292831e-01,-1.382696752684486885e-07,-5.805874857808812628e-06
5.624739165563250598e-01,4.908353934268694374e-07,-5.805254599811071614e-06
5.637829134953208365e-01,6.824372236410858328e-08,-5.805056204219449789e-06
5.650919104343165023e-01,-5.134138887641359617e-07,-5.806115891390795092e-06
5.664009073733122790e-01,-1.908899954772280694e-09,-5.805444136697257562e-06
5.677099043123080557e-01,5.233867755062571181e-07,-5.802419099712463613e-06
5.690189012513038325e-01,2.327144202687869701e-08,-5.801610646616328637e-06
5.703278981902994982e-01,-5.608290526912251828e-07,-5.804677612158970490e-06
5.716368951292952749e-01,-1.633986342480797660e-07,-5.806426739793368874e-06
5.729458920682910517e-01,5.640585318752999733e-07,-5.804435682571496002e-06
5.742548890072868284e-01,1.098396457122063907e-07,-5.803048578598146712e-06
5.755638859462824941e-01,-5.412455417463934992e-07,-5.804686450436302714e-06
5.768728828852782708e-01,-1.455758828899922364e-07,-5.805607564676740218e-06
5.781818798242740476e-01,5.393775712597692618e-07,-5.803668693210584095e-06
5.794908767632698243e-01,8.040791599217556040e-08,-5.802502592369696011e-06
5.807998737022654900e-01,-5.377935837491687465e-07,-5.804356729838255902e-06
5.821088706412612668e-01,-1.711845185950466863e-07,-5.805943624412335247e-06
5.834178675802570435e-01,5.402343226587613678e-07,-5.805044756848620757e-06
5.847268645192528203e-01,6.934802532915229634e-08,-5.804647200124968265e-06
5.860358614582484860e-01,-4.623795376093586817e-07,-5.806098010333049508e-06
5.873448583972442627e-01,-1.119694885420852160e-07,-5.805719328677572122e-06
5.886538553362400394e-01,5.626073381198581913e-07,-5.802290071701965424e-06
5.899628522752358162e-01,1.102661782090286202e-07,-5.800393543087256631e-06
5.912718492142314819e-01,-4.829724921176503649e-07,-5.802406235586032857e-06
5.925808461532272586e-01,-9.866373002626049882e-08,-5.804072074580557405e-06
5.938898430922230354e-01,5.350808348417168681e-07,-5.802563995710441347e-06
5.951988400312188121e-01,1.194206801641284343e-07,-5.800880310283251795e-06
5.965078369702144778e-01,-4.943194522183391726e-07,-5.801361184970543761e-06
5.978168339092102546e-01,-1.336756924943949265e-07,-5.801624279599959522e-06
5.991258308482060313e-01,6.101559393081879001e-07,-5.799723828081582155e-06
6.004348277872018080e-01,1.728709743478717975e-07,-5.798230237150092670e-06
6.017438247261974738e-01,-4.054536854591894723e-07,-5.798994628464226864e-06
6.030528216651932505e-01,2.420574408967812730e-08,-5.799097981318279693e-06
6.043618186041890272e-01,6.805892558275905557e-07,-5.796192439788683259e-06
6.056708155431848040e-01,2.705374316791520073e-07,-5.792509526703071288e-06
6.069798124821804697e-01,-2.899651623949894841e-07,-5.789275198703203174e-06
6.082888094211762464e-01,1.630782296563326739e-07,-5.783449741753043938e-06
6.095978063601720232e-01,1.024190480730657882e-06,-5.773994227159517934e-06
6.109068032991677999e-01,7.155136138720097350e-07,-5.765200941601489326e-06
6.122158002381634656e-01,3.304455123975813535e-07,-5.754809915256564601e-06
6.135247971771592423e-01,9.404459778983298435e-07,-5.744729072207355181e-06
6.148337941161550191e-01,2.217435391554944957e-06,-5.766177774174652271e-06
6.161427910551507958e-01,2.560128606499123549e-06,-5.869657797086258455e-06
6.174517879941464615e-01,3.863316593397114751e-06,-6.294885503868585808e-06
6.187607849331422383e-01,5.442484056178420460e-06,-6.965200219172240637e-06
6.200697818721380150e-01,0.000000000000000000e+00,-6.979845669094486560e-06
6.213787788111337917e-01,0.000000000000000000e+00,-5.343075166766575457e-06
6.226877757501294575e-01,-2.060155138428054755e-07,-1.356665149873648168e-06
6.239967726891252342e-01,0.000000000000000000e+00,0.000000000000000000e+00
6.253057696281210109e-01,0.000000000000000000e+00,0.000000000000000000e+00
6.266147665671167877e-01,0.000000000000000000e+00,0.000000000000000000e+00
6.279237635061124534e-01,0.000000000000000000e+00,0.000000000000000000e+00
6.292327604451082301e-01,0.000000000000000000e+00,0.000000000000000000e+00
6.305417573841040069e-01,0.000000000000000000e+00,0.000000000000000000e+00
6.318507543230997836e-01,0.000000000000000000e+00,0.000000000000000000e+00
6.331597512620954493e-01,0.000000000000000000e+00,0.000000000000000000e+00
6.344687482010912261e-01,0.000000000000000000e+00,0.000000000000000000e+00
6.357777451400870028e-01,0.000000000000000000e+00,0.000000000000000000e+00
6.370867420790827795e-01,0.000000000000000000e+00,0.000000000000000000e+00
6.383957390180784452e-01,0.000000000000000000e+00,0.000000000000000000e+00
6.397047359570742220e-01,0.000000000000000000e+00,0.000000000000000000e+00
6.410137328960699987e-01,0.000000000000000000e+00,0.000000000000000000e+00
6.423227298350657755e-01,0.000000000000000000e+00,0.000000000000000000e+00
6.436317267740614412e-01,0.000000000000000000e+00,0.000000000000000000e+00
6.449407237130572179e-01,0.000000000000000000e+00,0.000000000000000000e+00
6.462497206520529947e-01,0.000000000000000000e+00,0.000000000000000000e+00
6.475587175910487714e-01,0.000000000000000000e+00,0.000000000000000000e+00
6.488677145300444371e-01,0.000000000000000000e+00,0.000000000000000000e+00
6.501767114690402138e-01,0.000000000000000000e+00,0.000000000000000000e+00
6.514857084080359906e-01,0.000000000000000000e+00,0.000000000000000000e+00
6.527947053470317673e-01,0.000000000000000000e+00,0.000000000000000000e+00
6.541037022860274330e-01,0.000000000000000000e+00,0.000000000000000000e+00
6.554126992250232098e-01,0.000000000000000000e+00,0.000000000000000000e+00
6.567216961640189865e-01,0.000000000000000000e+00,0.000000000000000000e+00
6.580306931030147632e-01,0.000000000000000000e+00,0.000000000000000000e+00
6.593396900420104290e-01,0.000000000000000000e+00,0.000000000000000000e+00
6.606486869810062057e-01,0.000000000000000000e+00,0.000000000000000000e+00
6.619576839200019824e-01,0.000000000000000000e+00,0.000000000000000000e+00
6.632666808589977592e-01,0.000000000000000000e+00,0.000000000000000000e+00
6.645756777979934249e-01,0.000000000000000000e+00,0.000000000000000000e+00
6.658846747369892016e-01,0.000000000000000000e+00,0.000000000000000000e+00
6.671936716759849784e-01,0.000000000000000000e+00,0.000000000000000000e+00
6.685026686149807551e-01,0.000000000000000000e+00,0.000000000000000000e+00
6.698116655539764208e-01,0.000000000000000000e+00,0.000000000000000000e+00
6.711206624929721976e-01,0.000000000000000000e+00,0.000000000000000000e+00
6.724296594319679743e-01,0.000000000000000000e+00,0.000000000000000000e+00
6.737386563709637510e-01,0.000000000000000000e+00,0.000000000000000000e+00
6.750476533099594167e-01,0.000000000000000000e+00,0.000000000000000000e+00
6.763566502489551935e-01,0.000000000000000000e+00,0.000000000000000000e+00
6.776656471879509702e-01,0.000000000000000000e+00,0.000000000000000000e+00
6.789746441269467470e-01,0.000000000000000000e+00,0.000000000000000000e+00
6.802836410659424127e-01,0.000000000000000000e+00,0.000000000000000000e+00
6.815926380049381894e-01,0.000000000000000000e+00,0.000000000000000000e+00
6.829016349439339661e-01,0.000000000000000000e+00,0.000000000000000000e+00
6.842106318829297429e-01,0.000000000000000000e+00,0.000000000000000000e+00
6.855196288219254086e-01,0.000000000000000000e+00,0.000000000000000000e+00
6.868286257609211853e-01,0.000000000000000000e+00,0.000000000000000000e+00
6.881376226999169621e-01,0.000000000000000000e+00,0.000000000000000000e+00
6.894466196389127388e-01,0.000000000000000000e+00,0.000000000000000000e+00
6.907556165779084045e-01,0.000000000000000000e+00,0.000000000000000000e+00
6.920646135169041813e-01,0.000000000000000000e+00,0.000000000000000000e+00
6.933736104558999580e-01,0.000000000000000000e+00,0.000000000000000000e+00
6.946826073948957347e-01,0.000000000000000000e+00,0.000000000000000000e+00
6.959916043338914005e-01,0.000000000000000000e+00,0.000000000000000000e+00
6.973006012728871772e-01,0.000000000000000000e+00,0.000000000000000000e+00
6.986095982118829539e-01,0.000000000000000000e+00,0.000000000000000000e+00
6.999185951508787307e-01,0.000000000000000000e+00,0.000000000000000000e+00
7.012275920898743964e-01,0.000000000000000000e+00,0.000000000000000000e+00
7.025365890288701731e-01,0.000000000000000000e+00,0.000000000000000000e+00
7.038455859678659499e-01,0.000000000000000000e+00,0.000000000000000000e+00
7.051545829068617266e-01,0.000000000000000000e+00,0.000000000000000000e+00
7.064635798458573923e-01,0.000000000000000000e+00,0.000000000000000000e+00
7.077725767848531691e-01,0.000000000000000000e+00,0.000000000000000000e+00
7.090815737238489458e-01,0.000000000000000000e+00,0.000000000000000000e+00
7.103905706628447225e-01,0.000000000000000000e+00,0.000000000000000000e+00
7.116995676018403882e-01,0.000000000000000000e+00,0.000000000000000000e+00
7.130085645408361650e-01,0.000000000000000000e+00,0.000000000000000000e+00
7.143175614798319417e-01,0.000000000000000000e+00,0.000000000000000000e+00
7.156265584188277185e-01,0.000000000000000000e+00,0.000000000000000000e+00
7.169355553578233842e-01,0.000000000000000000e+00,0.000000000000000000e+00
7.182445522968191609e-01,0.000000000000000000e+00,0.000000000000000000e+00
7.195535492358149376e-01,0.000000000000000000e+00,0.000000000000000000e+00
7.208625461748107144e-01,0.000000000000000000e+00,0.000000000000000000e+00
7.221715431138063801e-01,0.000000000000000000e+00,0.000000000000000000e+00
7.234805400528021568e-01,0.000000000000000000e+00,0.000000000000000000e+00
7.247895369917979336e-01,0.000000000000000000e+00,0.000000000000000000e+00
7.260985339307937103e-01,0.000000000000000000e+00,0.000000000000000000e+00
7.274075308697893760e-01,0.000000000000000000e+00,0.000000000000000000e+00
7.287165278087851528e-01,0.000000000000000000e+00,0.000000000000000000e+00
7.300255247477809295e-01,0.000000000000000000e+00,0.000000000000000000e+00
7.313345216867767062e-01,0.000000000000000000e+00,0.000000000000000000e+00
7.326435186257723720e-01,0.000000000000000000e+00,0.000000000000000000e+00
7.339525155647681487e-01,0.000000000000000000e+00,0.000000000000000000e+00
7.352615125037639254e-01,0.000000000000000000e+00,0.000000000000000000e+00
7.365705094427597022e-01,0.000000000000000000e+00,0.000000000000000000e+00
7.378795063817553679e-01,0.000000000000000000e+00,0.000000000000000000e+00
7.391885033207511446e-01,0.000000000000000000e+00,0.000000000000000000e+00
7.404975002597469214e-01,0.000000000000000000e+00,0.000000000000000000e+00
7.418064971987426981e-01,0.000000000000000000e+00,0.000000000000000000e+00
7.431154941377383638e-01,0.000000000000000000e+00,0.000000000000000000e+00
7.444244910767341405e-01,0.000000000000000000e+00,0.000000000000000000e+00
7.457334880157299173e-01,0.000000000000000000e+00,0.000000000000000000e+00
7.470424849547256940e-01,0.000000000000000000e+00,0.000000000000000000e+00
7.483514818937213597e-01,0.000000000000000000e+00,0.000000000000000000e+00
7.496604788327171365e-01,0.000000000000000000e+00,0.000000000000000000e+00
7.509694757717129132e-01,0.000000000000000000e+00,0.000000000000000000e+00
7.522784727107086900e-01,0.000000000000000000e+00,0.000000000000000000e+00
7.535874696497043557e-01,0.000000000000000000e+00,0.000000000000000000e+00
7.548964665887001324e-01,0.000000000000000000e+00,0.000000000000000000e+00
7.562054635276959091e-01,0.000000000000000000e+00,0.000000000000000000e+00
7.575144604666916859e-01,0.000000000000000000e+00,0.000000000000000000e+00
7.588234574056873516e-01,0.000000000000000000e+00,0.000000000000000000e+00
7.601324543446831283e-01,0.000000000000000000e+00,0.000000000000000000e+00
7.614414512836789051e-01,0.000000000000000000e+00,0.000000000000000000e+00
7.627504482226746818e-01,0.000000000000000000e+00,0.000000000000000000e+00
7.640594451616703475e-01,0.000000000000000000e+00,0.000000000000000000e+00
7.653684421006661243e-01,0.000000000000000000e+00,0.000000000000000000e+00
7.666774390396619010e-01,0.000000000000000000e+00,0.000000000000000000e+00
7.679864359786576777e-01,0.000000000000000000e+00,0.000000000000000000e+00
7.692954329176533435e-01,0.000000000000000000e+00,0.000000000000000000e+00
7.706044298566491202e-01,0.000000000000000000e+00,0.000000000000000000e+00
7.719134267956448969e-01,0.000000000000000000e+00,0.000000000000000000e+00
7.732224237346406737e-01,0.000000000000000000e+00,0.000000000000000000e+00
7.745314206736363394e-01,0.000000000000000000e+00,0.000000000000000000e+00
7.758404176126321161e-01,0.000000000000000000e+00,0.000000000000000000e+00
7.771494145516278929e-01,0.000000000000000000e+00,0.000000000000000000e+00
7.784584114906236696e-01,0.000000000000000000e+00,0.000000000000000000e+00
7.797674084296193353e-01,0.000000000000000000e+00,0.000000000000000000e+00
7.810764053686151120e-01,0.000000000000000000e+00,0.000000000000000000e+00
7.823854023076108888e-01,0.000000000000000000e+00,0.000000000000000000e+00
7.836943992466066655e-01,0.000000000000000000e+00,0.000000000000000000e+00
7.850033961856023312e-01,0.000000000000000000e+00,0.000000000000000000e+00
7.863123931245981080e-01,0.000000000000000000e+00,0.000000000000000000e+00
7.876213900635938847e-01,0.000000000000000000e+00,0.000000000000000000e+00
7.889303870025896614e-01,0.000000000000000000e+00,0.000000000000000000e+00
7.902393839415853272e-01,0.000000000000000000e+00,0.000000000000000000e+00
7.915483808805811039e-01,0.000000000000000000e+00,0.000000000000000000e+00
7.928573778195768806e-01,0.000000000000000000e+00,0.000000000000000000e+00
7.941663747585726574e-01,0.000000000000000000e+00,0.000000000000000000e+00
7.954753716975683231e-01,0.000000000000000000e+00,0.000000000000000000e+00
7.967843686365640998e-01,0.000000000000000000e+00,0.000000000000000000e+00
7.980933655755598766e-01,0.000000000000000000e+00,0.000000000000000000e+00
7.994023625145556533e-01,0.000000000000000000e+00,0.000000000000000000e+00
8.007113594535513190e-01,0.000000000000000000e+00,0.000000000000000000e+00
8.020203563925470958e-01,0.000000000000000000e+00,0.000000000000000000e+00
8.033293533315428725e-01,0.000000000000000000e+00,0.000000000000000000e+00
8.046383502705386492e-01,0.000000000000000000e+00,0.000000000000000000e+00
8.059473472095343149e-01,0.000000000000000000e+00,0.000000000000000000e+00
8.072563441485300917e-01,0.000000000000000000e+00,0.000000000000000000e+00
8.085653410875258684e-01,0.000000000000000000e+00,0.000000000000000000e+00
8.098743380265216452e-01,0.000000000000000000e+00,0.000000000000000000e+00
8.111833349655173109e-01,0.000000000000000000e+00,0.000000000000000000e+00
8.124923319045130876e-01,0.000000000000000000e+00,0.000000000000000000e+00
8.138013288435088644e-01,0.000000000000000000e+00,0.000000000000000000e+00
8.151103257825046411e-01,0.000000000000000000e+00,0.000000000000000000e+00
8.164193227215003068e-01,0.000000000000000000e+00,0.000000000000000000e+00
8.177283196604960835e-01,0.000000000000000000e+00,0.000000000000000000e+00
8.190373165994918603e-01,0.000000000000000000e+00,0.000000000000000000e+00
8.203463135384876370e-01,0.000000000000000000e+00,0.000000000000000000e+00
8.216553104774833027e-01,0.000000000000000000e+00,0.000000000000000000e+00
8.229643074164790795e-01,0.000000000000000000e+00,0.000000000000000000e+00
8.242733043554748562e-01,0.000000000000000000e+00,0.000000000000000000e+00
8.255823012944706329e-01,0.000000000000000000e+00,0.000000000000000000e+00
8.268912982334662987e-01,0.000000000000000000e+00,0.000000000000000000e+00
8.282002951724620754e-01,0.000000000000000000e+00,0.000000000000000000e+00
8.295092921114578521e-01,0.000000000000000000e+00,0.000000000000000000e+00
8.308182890504536289e-01,0.000000000000000000e+00,0.000000000000000000e+00
8.321272859894492946e-01,0.000000000000000000e+00,0.000000000000000000e+00
8.334362829284450713e-01,0.000000000000000000e+00,0.000000000000000000e+00
8.347452798674408481e-01,0.000000000000000000e+00,0.000000000000000000e+00
8.360542768064366248e-01,0.000000000000000000e+00,0.000000000000000000e+00
8.373632737454322905e-01,0.000000000000000000e+00,0.000000000000000000e+00
8.386722706844280673e-01,0.000000000000000000e+00,0.000000000000000000e+00
8.399812676234238440e-01,0.000000000000000000e+00,0.000000000000000000e+00
8.412902645624196207e-01,0.000000000000000000e+00,0.000000000000000000e+00
8.425992615014152864e-01,0.000000000000000000e+00,0.000000000000000000e+00
8.439082584404110632e-01,0.000000000000000000e+00,0.000000000000000000e+00
8.452172553794068399e-01,0.000000000000000000e+00,0.000000000000000000e+00
8.465262523184026167e-01,0.000000000000000000e+00,0.000000000000000000e+00
8.478352492573982824e-01,0.000000000000000000e+00,0.000000000000000000e+00
8.491442461963940591e-01,0.000000000000000000e+00,0.000000000000000000e+00
8.504532431353898358e-01,0.000000000000000000e+00,0.000000000000000000e+00
8.517622400743856126e-01,0.000000000000000000e+00,0.000000000000000000e+00
8.530712370133812783e-01,0.000000000000000000e+00,0.000000000000000000e+00
8.543802339523770550e-01,0.000000000000000000e+00,0.000000000000000000e+00
8.556892308913728318e-01,0.000000000000000000e+00,0.000000000000000000e+00
8.569982278303686085e-01,0.000000000000000000e+00,0.000000000000000000e+00
8.583072247693642742e-01,0.000000000000000000e+00,0.000000000000000000e+00
8.596162217083600510e-01,0.000000000000000000e+00,0.000000000000000000e+00
8.609252186473558277e-01,0.000000000000000000e+00,0.000000000000000000e+00
8.622342155863516044e-01,0.000000000000000000e+00,0.000000000000000000e+00
8.635432125253472702e-01,0.000000000000000000e+00,0.000000000000000000e+00
8.648522094643430469e-01,0.000000000000000000e+00,0.000000000000000000e+00
8.661612064033388236e-01,0.000000000000000000e+00,0.000000000000000000e+00
8.674702033423346004e-01,0.000000000000000000e+00,0.000000000000000000e+00
8.687792002813302661e-01,0.000000000000000000e+00,0.000000000000000000e+00
8.700881972203260428e-01,0.000000000000000000e+00,0.000000000000000000e+00
8.713971941593218196e-01,0.000000000000000000e+00,0.000000000000000000e+00
8.727061910983175963e-01,0.000000000000000000e+00,0.000000000000000000e+00
8.740151880373132620e-01,0.000000000000000000e+00,0.000000000000000000e+00
8.753241849763090388e-01,0.000000000000000000e+00,0.000000000000000000e+00
8.766331819153048155e-01,0.000000000000000000e+00,0.000000000000000000e+00
8.779421788543005922e-01,0.000000000000000000e+00,0.000000000000000000e+00
8.792511757932962579e-01,0.000000000000000000e+00,0.000000000000000000e+00
8.805601727322920347e-01,0.000000000000000000e+00,0.000000000000000000e+00
8.818691696712878114e-01,0.000000000000000000e+00,0.000000000000000000e+00
8.831781666102835882e-01,0.000000000000000000e+00,0.000000000000000000e+00
8.844871635492792539e-01,0.000000000000000000e+00,0.000000000000000000e+00
8.857961604882750306e-01,0.000000000000000000e+00,0.000000000000000000e+00
8.871051574272708073e-01,0.000000000000000000e+00,0.000000000000000000e+00
8.884141543662665841e-01,0.000000000000000000e+00,0.000000000000000000e+00
8.897231513052622498e-01,0.000000000000000000e+00,0.000000000000000000e+00
8.910321482442580265e-01,0.000000000000000000e+00,0.000000000000000000e+00
8.923411451832538033e-01,0.000000000000000000e+00,0.000000000000000000e+00
8.936501421222495800e-01,0.000000000000000000e+00,0.000000000000000000e+00
8.949591390612452457e-01,0.000000000000000000e+00,0.000000000000000000e+00
8.962681360002410225e-01,0.000000000000000000e+00,0.000000000000000000e+00
8.975771329392367992e-01,0.000000000000000000e+00,0.000000000000000000e+00
8.988861298782325759e-01,0.000000000000000000e+00,0.000000000000000000e+00
9.001951268172282417e-01,0.000000000000000000e+00,0.000000000000000000e+00
9.015041237562240184e-01,0.000000000000000000e+00,0.000000000000000000e+00
9.028131206952197951e-01,0.000000000000000000e+00,0.000000000000000000e+00
9.041221176342155719e-01,0.000000000000000000e+00,0.000000000000000000e+00
9.054311145732112376e-01,0.000000000000000000e+00,0.000000000000000000e+00
9.067401115122070143e-01,0.000000000000000000e+00,0.000000000000000000e+00
9.080491084512027911e-01,0.000000000000000000e+00,0.000000000000000000e+00
9.093581053901985678e-01,0.000000000000000000e+00,0.000000000000000000e+00
9.106671023291942335e-01,0.000000000000000000e+00,0.000000000000000000e+00
9.119760992681900102e-01,0.000000000000000000e+00,0.000000000000000000e+00
9.132850962071857870e-01,0.000000000000000000e+00,0.000000000000000000e+00
9.145940931461815637e-01,0.000000000000000000e+00,0.000000000000000000e+00
9.159030900851772294e-01,0.000000000000000000e+00,0.000000000000000000e+00
9.172120870241730062e-01,0.000000000000000000e+00,0.000000000000000000e+00
9.185210839631687829e-01,0.000000000000000000e+00,0.000000000000000000e+00
9.198300809021645597e-01,0.000000000000000000e+00,0.000000000000000000e+00
9.211390778411602254e-01,0.000000000000000000e+00,0.000000000000000000e+00
9.224480747801560021e-01,0.000000000000000000e+00,0.000000000000000000e+00
9.237570717191517788e-01,0.000000000000000000e+00,0.000000000000000000e+00
9.250660686581475556e-01,0.000000000000000000e+00,0.000000000000000000e+00
9.263750655971432213e-01,0.000000000000000000e+00,0.000000000000000000e+00
9.276840625361389980e-01,0.000000000000000000e+00,0.000000000000000000e+00
9.289930594751347748e-01,0.000000000000000000e+00,0.000000000000000000e+00
9.303020564141305515e-01,0.000000000000000000e+00,0.000000000000000000e+00
9.316110533531262172e-01,0.000000000000000000e+00,0.000000000000000000e+00
9.329200502921219940e-01,0.000000000000000000e+00,0.000000000000000000e+00
9.342290472311177707e-01,0.000000000000000000e+00,0.000000000000000000e+00
9.355380441701135474e-01,0.000000000000000000e+00,0.000000000000000000e+00
9.368470411091092132e-01,0.000000000000000000e+00,0.000000000000000000e+00
9.381560380481049899e-01,0.000000000000000000e+00,0.000000000000000000e+00
9.394650349871007666e-01,0.000000000000000000e+00,0.000000000000000000e+00
9.407740319260965434e-01,0.000000000000000000e+00,0.000000000000000000e+00
9.420830288650922091e-01,0.000000000000000000e+00,0.000000000000000000e+00
9.433920258040879858e-01,0.000000000000000000e+00,0.000000000000000000e+00
9.447010227430837626e-01,0.000000000000000000e+00,0.000000000000000000e+00
9.460100196820795393e-01,0.000000000000000000e+00,0.000000000000000000e+00
9.473190166210752050e-01,0.000000000000000000e+00,0.000000000000000000e+00
9.486280135600709817e-01,0.000000000000000000e+00,-1.006931902525209921e-06
9.499370104990667585e-01,0.000000000000000000e+00,-5.352501322775093939e-06
9.512460074380625352e-01,0.000000000000000000e+00,-6.932492878572449335e-06
9.525550043770582009e-01,0.000000000000000000e+00,-6.835455228199061040e-06
9.538640013160539777e-01,0.000000000000000000e+00,-6.394365922035571970e-06
9.551729982550497544e-01,0.000000000000000000e+00,-6.042480658233206903e-06
9.564819951940455312e-01,0.000000000000000000e+00,-5.848918832887517461e-06
9.577909921330411969e-01,0.000000000000000000e+00,-5.832129312113853992e-06
9.590999890720369736e-01,0.000000000000000000e+00,-5.916076748019305498e-06
9.604089860110327503e-01,0.000000000000000000e+00,-6.024271214558063470e-06
9.617179829500285271e-01,0.000000000000000000e+00,-6.118235331253885079e-06
9.630269798890241928e-01,0.000000000000000000e+00,-6.192850343450517769e-06
9.643359768280199695e-01,0.000000000000000000e+00,-6.276917013381400068e-06
9.656449737670157463e-01,0.000000000000000000e+00,-6.372325223560904028e-06
9.669539707060115230e-01,0.000000000000000000e+00,-6.453512297957542110e-06
9.682629676450071887e-01,0.000000000000000000e+00,-6.524024759937963047e-06
9.695719645840029655e-01,0.000000000000000000e+00,-6.611930720532011030e-06
9.708809615229987422e-01,0.000000000000000000e+00,-6.714625277154384619e-06
9.721899584619945189e-01,0.000000000000000000e+00,-6.803594483767438916e-06
9.734989554009901846e-01,0.000000000000000000e+00,-6.880462693301114818e-06
9.748079523399859614e-01,0.000000000000000000e+00,-6.973260291642802144e-06
9.761169492789817381e-01,0.000000000000000000e+00,-7.079733987419567498e-06
9.774259462179775149e-01,0.000000000000000000e+00,-7.171222249691133754e-06
9.787349431569731806e-01,0.000000000000000000e+00,-7.251246385814313911e-06
9.800439400959689573e-01,0.000000000000000000e+00,-7.350535565373017555e-06
9.813529370349647341e-01,0.000000000000000000e+00,-7.465646509691170607e-06
9.826619339739605108e-01,0.000000000000000000e+00,-7.564149693037314215e-06
9.839709309129561765e-01,0.000000000000000000e+00,-7.648407688451430708e-06
9.852799278519519532e-01,0.000000000000000000e+00,-7.751628865987347794e-06
9.865889247909477300e-01,0.000000000000000000e+00,-7.871945654019940619e-06
9.878979217299435067e-01,0.000000000000000000e+00,-7.976537178586151633e-06
9.892069186689391724e-01,0.000000000000000000e+00,-8.067289631596974431e-06
9.905159156079349492e-01,0.000000000000000000e+00,-8.176912236798616895e-06
9.918249125469307259e-01,0.000000000000000000e+00,-8.303289981845263235e-06
9.931339094859265026e-01,0.000000000000000000e+00,-8.413539249782497897e-06
9.944429064249221684e-01,0.000000000000000000e+00,-8.510249803667102597e-06
9.957519033639179451e-01,0.000000000000000000e+00,-8.626957754928610278e-06
9.970609003029137218e-01,0.000000000000000000e+00,-8.760706280364072285e-06
9.983698972419094986e-01,0.000000000000000000e+00,-8.876771992696874669e-06
9.996788941809051643e-01,0.000000000000000000e+00,-8.978431026845923313e-06
1.000987891119900830e+00,0.000000000000000000e+00,-9.102027540133783567e-06
1.002296888058896718e+00,0.000000000000000000e+00,-9.244396554045075654e-06
1.003605884997892606e+00,0.000000000000000000e+00,-9.368027245507115630e-06
1.004914881936888271e+00,0.000000000000000000e+00,-9.475781113044146053e-06
1.006223878875883937e+00,0.000000000000000000e+00,-9.606207148141199248e-06
1.007532875814879603e+00,0.000000000000000000e+00,-9.756517169473566398e-06
1.008841872753875490e+00,0.000000000000000000e+00,-9.887499361899143580e-06
1.010150869692871156e+00,0.000000000000000000e+00,-1.000205958213984392e-05
1.011459866631867044e+00,0.000000000000000000e+00,-1.014038935114036644e-05
1.012768863570862710e+00,0.000000000000000000e+00,-1.029952246990595288e-05
1.014077860509858375e+00,0.000000000000000000e+00,-1.043841000757106396e-05
1.015386857448854041e+00,0.000000000000000000e+00,-1.056011151599756115e-05
1.016695854387849929e+00,0.000000000000000000e+00,-1.070677624205595979e-05
1.018004851326845817e+00,0.000000000000000000e+00,-1.087528996994435726e-05
1.019313848265841482e+00,0.000000000000000000e+00,-1.102255267133867012e-05
1.020622845204837148e+00,0.000000000000000000e+00,-1.115176643984305827e-05
1.021931842143833036e+00,0.000000000000000000e+00,-1.130724812480055075e-05
1.023240839082828701e+00,0.000000000000000000e+00,-1.148579186889542303e-05
1.024549836021824367e+00,0.000000000000000000e+00,-1.164213176689521401e-05
1.025858832960820033e+00,0.000000000000000000e+00,-1.177960913816000765e-05
1.027167829899815921e+00,0.000000000000000000e+00,-1.194473462587386514e-05
1.028476826838811586e+00,0.000000000000000000e+00,-1.213402857860867989e-05
1.029785823777807252e+00,0.000000000000000000e+00,-1.229975475187938816e-05
1.031094820716802918e+00,0.000000000000000000e+00,-1.244558883393975801e-05
1.032403817655798806e+00,0.000000000000000000e+00,-1.262088802662930664e-05
1.033712814594794471e+00,0.000000000000000000e+00,-1.282201681560013462e-05
1.035021811533790137e+00,0.000000000000000000e+00,-1.299840101379179380e-05
1.036330808472785803e+00,0.000000000000000000e+00,-1.315355682723895470e-05
1.037639805411781690e+00,0.000000000000000000e+00,-1.333938360745245966e-05
1.038948802350777356e+00,0.000000000000000000e+00,-1.355243063155819883e-05
1.040257799289773022e+00,0.000000000000000000e+00,-1.373993215203483942e-05
1.041566796228768688e+00,0.000000000000000000e+00,-1.390551422496277834e-05
1.042875793167764575e+00,0.000000000000000000e+00,-1.410320950809285101e-05
1.044184790106760241e+00,0.000000000000000000e+00,-1.432926122797717472e-05
1.045493787045755907e+00,0.000000000000000000e+00,-1.452845763576238181e-05
1.046802783984751573e+00,0.000000000000000000e+00,-1.470476592603520150e-05
1.048111780923747460e+00,0.000000000000000000e+00,-1.491499085887193488e-05
1.049420777862743126e+00,0.000000000000000000e+00,-1.515514211795909727e-05
1.050729774801738792e+00,0.000000000000000000e+00,-1.536715332636773290e-05
1.052038771740734457e+00,0.000000000000000000e+00,-1.555516928425371148e-05
1.053347768679730345e+00,0.000000000000000000e+00,-1.577889730880466246e-05
1.054656765618726011e+00,0.000000000000000000e+00,-1.603412853469488031e-05
1.055965762557721677e+00,0.000000000000000000e+00,-1.625978926597659857e-05
1.057274759496717342e+00,0.000000000000000000e+00,-1.646029542357041464e-05
1.058583756435713230e+00,0.000000000000000000e+00,-1.669853007579824578e-05
1.059892753374708896e+00,0.000000000000000000e+00,-1.697003589290480008e-05
1.061201750313704562e+00,0.000000000000000000e+00,-1.721047086787608205e-05
1.062510747252700227e+00,0.000000000000000000e+00,-1.742447628678978067e-05
1.063819744191696115e+00,0.000000000000000000e+00,-1.767834194912887291e-05
1.065128741130691781e+00,0.000000000000000000e+00,-1.796752426043435324e-05
1.066437738069687446e+00,0.000000000000000000e+00,-1.822444264988620777e-05
1.067746735008683112e+00,0.000000000000000000e+00,-1.845406723173514951e-05
1.069055731947679000e+00,0.000000000000000000e+00,-1.872747522284334831e-05
1.070364728886674666e+00,0.000000000000000000e+00,-1.904241591632604980e-05
1.071673725825670331e+00,0.000000000000000000e+00,-1.932964266333769832e-05
1.072982722764665997e+00,-1.475997244215765392e-05,-1.956958537485675720e-05
1.074291719703661885e+00,-1.064805437794857923e-05,-1.979418649819542075e-05
1.075600716642657551e+00,-8.244759793163414230e-06,-1.999767591771839381e-05
1.076909713581653216e+00,-6.056897236594860345e-06,-2.013800197571413708e-05
1.078218710520648882e+00,-4.386154881574899633e-06,-2.021623926506954660e-05
1.079527707459644770e+00,-3.173633401853948044e-06,-2.027607845440926315e-05
1.080836704398640435e+00,-2.619807111803318378e-06,-2.033378281696140988e-05
1.082145701337636101e+00,-2.138919925398496957e-06,-2.037533491194842838e-05
1.083454698276631767e+00,-1.261586285328242241e-06,-2.039950802347478831e-05
1.084763695215627655e+00,-5.736946315226809645e-07,-2.041761377080675288e-05
1.086072692154623320e+00,-8.673765766742391747e-07,-2.043384024513761332e-05
1.087381689093618986e+00,-7.513558364369288256e-07,-2.044511529378234549e-05
1.088690686032614652e+00,-2.569476938441006553e-07,-2.045246198749406386e-05
1.089999682971610540e+00,3.997422004520245764e-09,-2.045841256841096634e-05
1.091308679910606205e+00,-2.699890433999208028e-07,-2.046261574129015770e-05
1.092617676849601871e+00,-2.272557564353405724e-07,-2.046438472969036582e-05
1.093926673788597537e+00,4.889892302184506434e-08,-2.046596759906760266e-05
1.095235670727593424e+00,1.435844673713937425e-07,-2.046907116566576423e-05
1.096544667666589090e+00,-3.016354706564250421e-07,-2.047221397125098541e-05
1.097853664605584756e+00,-3.305051212709742003e-07,-2.047406448386912547e-05
1.099162661544580422e+00,2.195537811555681174e-07,-2.047526995284376650e-05
1.100471658483576309e+00,3.645379210159838124e-07,-2.047621803737131874e-05
1.101780655422571975e+00,-1.980417755342855912e-07,-2.047630771179198561e-05
1.103089652361567641e+00,-2.459372701602013933e-07,-2.047615850642170443e-05
1.104398649300563306e+00,1.215612338012483917e-07,-2.047736596649807339e-05
1.105707646239559194e+00,3.815697309228482936e-07,-2.047930779713880156e-05
1.107016643178554860e+00,-3.190100616445867843e-07,-2.047999071988493291e-05
1.108325640117550526e+00,-9.270593309684826977e-08,-2.047931501450439562e-05
1.109634637056546191e+00,2.206813103922122821e-07,-2.047910026202470757e-05
1.110943633995542079e+00,3.750795602441847620e-07,-2.048005253381390833e-05
1.112252630934537745e+00,-3.100919742093921627e-07,-2.048093356557534328e-05
1.113561627873533411e+00,-2.703334210374386259e-07,-2.048148923571024849e-05
1.114870624812529076e+00,2.764598612814417322e-07,-2.048252085186386129e-05
1.116179621751524964e+00,3.241170445367203001e-07,-2.048325654786797845e-05
1.117488618690520630e+00,-1.636322681797253153e-07,-2.048219502615022947e-05
1.118797615629516295e+00,-2.500986084896794637e-08,-2.047987213404933726e-05
1.120106612568511961e+00,3.511374117581844700e-07,-2.047877986377510950e-05
1.121415609507507849e+00,2.586824936479104053e-07,-2.047972267282816006e-05
1.122724606446503515e+00,-3.953170756854085255e-07,-2.048079540713232394e-05
1.124033603385499180e+00,-1.935792564022875695e-07,-2.048090763473453535e-05
1.125342600324494846e+00,4.806954094216386864e-07,-2.048055205576548854e-05
1.126651597263490734e+00,4.162595629852994250e-07,-2.047982085749688874e-05
1.127960594202486400e+00,-2.759762517401398441e-07,-2.047835124850683197e-05
1.129269591141482065e+00,-1.801203898810221915e-07,-2.047726329806875967e-05
1.130578588080477731e+00,2.852931955121817964e-07,-2.047853041325931045e-05
1.131887585019473619e+00,5.814149553473590970e-08,-2.048137557257578845e-05
1.133196581958469285e+00,-2.646532159256143046e-07,-2.048302689737491189e-05
1.134505578897464950e+00,-3.037281628981425285e-08,-2.048250068578671979e-05
1.135814575836460616e+00,2.641930623992205796e-07,-2.048228031781285097e-05
1.137123572775456504e+00,8.790804800762330729e-08,-2.048468523695168297e-05
1.138432569714452169e+00,-4.396445624776923466e-07,-2.048789573044773604e-05
1.139741566653447835e+00,-1.440346273640091823e-07,-2.048948979756215483e-05
1.141050563592443501e+00,3.361649131561339487e-07,-2.049006832051392113e-05
1.142359560531439389e+00,9.270855344523099006e-08,-2.049096161534091909e-05
1.143668557470435054e+00,-1.462831250853557918e-07,-2.049140218175760086e-05
1.144977554409430720e+00,-8.446118290872384193e-08,-2.049086943872735489e-05
1.146286551348426386e+00,2.209385300544486341e-07,-2.049112647178885638e-05
1.147595548287422274e+00,1.692361048521995315e-07,-2.049286251461224229e-05
1.148904545226417939e+00,-3.264727954366275497e-07,-2.049408523120688219e-05
1.150213542165413605e+00,-2.413450167493280674e-08,-2.049351296787293997e-05
1.151522539104409271e+00,4.278630911513925383e-07,-2.049217398920888389e-05
1.152831536043405158e+00,2.819254960872985549e-07,-2.049105339370360657e-05
1.154140532982400824e+00,-1.728478855322901353e-07,-2.048982670520282934e-05
1.155449529921396490e+00,-7.945808686016242461e-08,-2.048908965494866674e-05
1.156758526860392156e+00,9.645553791792771392e-08,-2.049027133260716838e-05
1.158067523799388043e+00,1.046936211612781165e-07,-2.049238379236983931e-05
1.159376520738383709e+00,-8.768086057209245610e-08,-2.049312346746878788e-05
1.160685517677379375e+00,-2.292842862794408632e-08,-2.049231610559698602e-05
1.161994514616375040e+00,1.418134837338769216e-07,-2.049239976169292543e-05
1.163303511555370928e+00,8.881580826347601487e-08,-2.049455973988922874e-05
1.164612508494366594e+00,-3.264007526204704135e-07,-2.049662750279457324e-05
1.165921505433362260e+00,-1.628383883289785672e-08,-2.049689914801477997e-05
1.167230502372357925e+00,3.372441775006951303e-07,-2.049627775123352702e-05
1.168539499311353813e+00,2.506910417310326267e-07,-2.049573030656060002e-05
1.169848496250349479e+00,-1.897938790573761025e-07,-2.049449850746731805e-05
1.171157493189345145e+00,2.803713500254545465e-08,-2.049258924995134290e-05
1.172466490128340810e+00,3.057098907077726579e-07,-2.049213731876442512e-05
1.173775487067336698e+00,-2.110710001224092025e-08,-2.049365316343643162e-05
1.175084484006332364e+00,-1.910139575123093181e-07,-2.049458420677607862e-05
1.176393480945328029e+00,2.137521407097331405e-07,-2.049316787260113681e-05
1.177702477884323695e+00,1.218125511848189291e-07,-2.049158660230587792e-05
1.179011474823319583e+00,7.508217389484705961e-08,-2.049254768855812703e-05
1.180320471762315249e+00,-2.044518240262860331e-07,-2.049460648015366537e-05
1.181629468701310914e+00,-3.370857137863225717e-08,-2.049551443651653759e-05
1.182938465640306580e+00,6.423503745578429402e-08,-2.049627798557385194e-05
1.184247462579302468e+00,2.078376759584443789e-08,-2.049813726316684903e-05
1.185556459518298134e+00,-1.422931032724061851e-07,-2.049931248622460789e-05
1.186865456457293799e+00,2.030912352457558967e-07,-2.049818247915058400e-05
1.188174453396289465e+00,1.151982181313293552e-07,-2.049694684440328540e-05
1.189483450335285353e+00,-6.530117610537011785e-08,-2.049792352103174675e-05
1.190792447274281018e+00,-6.006206837438909929e-08,-2.049932849711166849e-05
1.192101444213276684e+00,5.793646298823951213e-08,-2.049894172483079924e-05
1.193410441152272350e+00,2.412651518568509346e-07,-2.049781648545689894e-05
1.194719438091268238e+00,1.097237040115217610e-08,-2.049754064385733709e-05
1.196028435030263903e+00,-3.028113307323998526e-08,-2.049731828772383135e-05
1.197337431969259569e+00,5.313122367067713014e-08,-2.049665777945075540e-05
1.198646428908255235e+00,-1.730826482138070332e-09,-2.049746951988951071e-05
1.199955425847251123e+00,-1.662252929746088626e-07,-2.050024734751021427e-05
1.201264422786246788e+00,-7.243760508091057204e-09,-2.050237266285059867e-05
1.202573419725242454e+00,1.866878676370919976e-07,-2.050208399183295338e-05
1.203882416664238120e+00,2.495353762510532647e-08,-2.050057841457286756e-05
1.205191413603234007e+00,1.747494154380468956e-07,-2.049925060566837320e-05
1.206500410542229673e+00,-3.104350698723834512e-08,-2.049775344854787296e-05
1.207809407481225339e+00,1.911685928446260618e-07,-2.049665969816594213e-05
1.209118404420221005e+00,-9.017966076663164188e-08,-2.049720257700504700e-05
1.210427401359216892e+00,8.900972625625058754e-08,-2.049816747141941509e-05
1.211736398298212558e+00,2.146459079921392288e-08,-2.049805230626422503e-05
1.213045395237208224e+00,-8.918039240413122570e-08,-2.049815056191783835e-05
1.214354392176203890e+00,-1.278587653252838408e-07,-2.050009006837605341e-05
1.215663389115199777e+00,1.016480865867475103e-07,-2.050233772810106103e-05
1.216972386054195443e+00,4.493376559722150887e-08,-2.050277046170001505e-05
1.218281382993191109e+00,-1.157100679161082724e-07,-2.050220545905812042e-05
1.219590379932186774e+00,-8.569323317608734669e-08,-2.050272785449058777e-05
1.220899376871182662e+00,1.448912727852746940e-07,-2.050425114125120629e-05
1.222208373810178328e+00,-4.300355713193759755e-08,-2.050538614929708903e-05
1.223517370749173994e+00,-4.521296190218571098e-08,-2.050686693907954883e-05
1.224826367688169659e+00,-7.100795437753326667e-08,-2.050912863564569033e-05
1.226135364627165547e+00,8.785747923623077327e-08,-2.050947615167553195e-05
1.227444361566161213e+00,1.191949925982704883e-07,-2.050644234463661064e-05
1.228753358505156879e+00,6.407318811629814093e-08,-2.050269206146926315e-05
1.230062355444152544e+00,4.207384363130728389e-08,-2.050143737439280578e-05
1.231371352383148432e+00,1.267292491224925044e-07,-2.050241311463141258e-05
1.232680349322144098e+00,-1.316831286235498055e-07,-2.050406963502449109e-05
1.233989346261139763e+00,-3.011761486870767612e-07,-2.050738592895839929e-05
1.235298343200135429e+00,-6.847497960316140109e-08,-2.051197373605095908e-05
1.236607340139131317e+00,1.106767623659798971e-07,-2.051426748767015695e-05
1.237916337078126983e+00,-2.636094601771166168e-07,-2.051389800042380251e-05
1.239225334017122648e+00,-4.607689971236617055e-07,-2.051549990446377425e-05
1.240534330956118314e+00,-4.621368889512478262e-07,-2.052400539191701068e-05
1.241843327895114202e+00,-5.328391716186153815e-07,-2.053838330080826058e-05
1.243152324834109868e+00,-7.570440394566446685e-07,-2.055270035732081890e-05
1.244461321773105533e+00,-1.122164945049908269e-06,-2.056238317256486869e-05
1.245770318712101199e+00,-1.396882424481438179e-06,-2.057456632595378032e-05
1.247079315651097087e+00,-1.956073525599677509e-06,-2.060055693116347175e-05
1.248388312590092752e+00,-2.698928469907491134e-06,-2.063301436545927903e-05
1.249697309529088418e+00,-3.987000870980805800e-06,-2.065293565259307407e-05
1.251006306468084084e+00,-5.264761011092300436e-06,-2.070395986306095004e-05
1.252315303407079972e+00,-6.548390000749026996e-06,-2.073290062992727556e-05
1.253624300346075637e+00,-7.463030543816695506e-06,-2.040281783556585626e-05
1.254933297285071303e+00,-8.290892646575787062e-06,-1.927668281354044666e-05
1.256242294224066969e+00,-1.344782260853660816e-06,-1.627823647502857352e-05
