# Exudyn: solution of belt drive, contact forces over belt length
# Exudyn output file
# Exudyn version=1.2.34.dev1
# endTime=0.1
# stepSize=5e-05
# nSegments=4
# nANCFnodes=240
# contactStiffnessPerArea=100000000.0
# frictionStiffnessPerArea=100000000.0
# contactStiffness=418879.02047863905
# frictionStiffness=523598.7755982988
# contactDamping=8.377580409572781
# frictionVelocityPenalty=33.70609928242229
# dryFriction=0.5
# 
6.199343375067338686e-04,-1.069092821439762520e+04,-2.138185642879525039e+04
1.928931276502480682e-03,0.000000000000000000e+00,0.000000000000000000e+00
3.237928215498227930e-03,0.000000000000000000e+00,0.000000000000000000e+00
4.546925154493975177e-03,0.000000000000000000e+00,0.000000000000000000e+00
5.855922093489722424e-03,0.000000000000000000e+00,0.000000000000000000e+00
7.164919032485469672e-03,0.000000000000000000e+00,0.000000000000000000e+00
8.473915971481215184e-03,0.000000000000000000e+00,0.000000000000000000e+00
9.782912910476962431e-03,0.000000000000000000e+00,0.000000000000000000e+00
1.109190984947270968e-02,0.000000000000000000e+00,0.000000000000000000e+00
1.240090678846845693e-02,0.000000000000000000e+00,0.000000000000000000e+00
1.370990372746420417e-02,0.000000000000000000e+00,0.000000000000000000e+00
1.501890066645994969e-02,0.000000000000000000e+00,0.000000000000000000e+00
1.632789760545570040e-02,0.000000000000000000e+00,0.000000000000000000e+00
1.763689454445144245e-02,0.000000000000000000e+00,0.000000000000000000e+00
1.894589148344719143e-02,0.000000000000000000e+00,0.000000000000000000e+00
2.025488842244294041e-02,0.000000000000000000e+00,0.000000000000000000e+00
2.156388536143868939e-02,0.000000000000000000e+00,0.000000000000000000e+00
2.287288230043443144e-02,0.000000000000000000e+00,0.000000000000000000e+00
2.418187923943018042e-02,0.000000000000000000e+00,0.000000000000000000e+00
2.549087617842592940e-02,0.000000000000000000e+00,0.000000000000000000e+00
2.679987311742167838e-02,0.000000000000000000e+00,0.000000000000000000e+00
2.810887005641742042e-02,0.000000000000000000e+00,0.000000000000000000e+00
2.941786699541316941e-02,0.000000000000000000e+00,0.000000000000000000e+00
3.072686393440891839e-02,0.000000000000000000e+00,0.000000000000000000e+00
3.203586087340466043e-02,0.000000000000000000e+00,0.000000000000000000e+00
3.334485781240040941e-02,0.000000000000000000e+00,0.000000000000000000e+00
3.465385475139615840e-02,0.000000000000000000e+00,0.000000000000000000e+00
3.596285169039190738e-02,0.000000000000000000e+00,0.000000000000000000e+00
3.727184862938764942e-02,0.000000000000000000e+00,0.000000000000000000e+00
3.858084556838339840e-02,0.000000000000000000e+00,0.000000000000000000e+00
3.988984250737914738e-02,0.000000000000000000e+00,0.000000000000000000e+00
4.119883944637489637e-02,0.000000000000000000e+00,0.000000000000000000e+00
4.250783638537063841e-02,0.000000000000000000e+00,0.000000000000000000e+00
4.381683332436638739e-02,0.000000000000000000e+00,0.000000000000000000e+00
4.512583026336213637e-02,0.000000000000000000e+00,0.000000000000000000e+00
4.643482720235788536e-02,0.000000000000000000e+00,0.000000000000000000e+00
4.774382414135362740e-02,0.000000000000000000e+00,0.000000000000000000e+00
4.905282108034937638e-02,0.000000000000000000e+00,0.000000000000000000e+00
5.036181801934512536e-02,0.000000000000000000e+00,0.000000000000000000e+00
5.167081495834087435e-02,0.000000000000000000e+00,0.000000000000000000e+00
5.297981189733661639e-02,0.000000000000000000e+00,0.000000000000000000e+00
5.428880883633236537e-02,0.000000000000000000e+00,0.000000000000000000e+00
5.559780577532811435e-02,0.000000000000000000e+00,0.000000000000000000e+00
5.690680271432386333e-02,0.000000000000000000e+00,0.000000000000000000e+00
5.821579965331960538e-02,0.000000000000000000e+00,0.000000000000000000e+00
5.952479659231535436e-02,0.000000000000000000e+00,0.000000000000000000e+00
6.083379353131109640e-02,0.000000000000000000e+00,0.000000000000000000e+00
6.214279047030684539e-02,0.000000000000000000e+00,0.000000000000000000e+00
6.345178740930258743e-02,0.000000000000000000e+00,0.000000000000000000e+00
6.476078434829833641e-02,0.000000000000000000e+00,0.000000000000000000e+00
6.606978128729407151e-02,0.000000000000000000e+00,0.000000000000000000e+00
6.737877822628982050e-02,0.000000000000000000e+00,0.000000000000000000e+00
6.868777516528556948e-02,0.000000000000000000e+00,0.000000000000000000e+00
6.999677210428130458e-02,0.000000000000000000e+00,0.000000000000000000e+00
7.130576904327705356e-02,0.000000000000000000e+00,0.000000000000000000e+00
7.261476598227280255e-02,0.000000000000000000e+00,0.000000000000000000e+00
7.392376292126855153e-02,0.000000000000000000e+00,0.000000000000000000e+00
7.523275986026430051e-02,0.000000000000000000e+00,0.000000000000000000e+00
7.654175679926003562e-02,0.000000000000000000e+00,0.000000000000000000e+00
7.785075373825578460e-02,0.000000000000000000e+00,0.000000000000000000e+00
7.915975067725153358e-02,0.000000000000000000e+00,0.000000000000000000e+00
8.046874761624726868e-02,0.000000000000000000e+00,0.000000000000000000e+00
8.177774455524301767e-02,0.000000000000000000e+00,0.000000000000000000e+00
8.308674149423876665e-02,0.000000000000000000e+00,0.000000000000000000e+00
8.439573843323451563e-02,0.000000000000000000e+00,0.000000000000000000e+00
8.570473537223026461e-02,0.000000000000000000e+00,0.000000000000000000e+00
8.701373231122599972e-02,0.000000000000000000e+00,0.000000000000000000e+00
8.832272925022174870e-02,0.000000000000000000e+00,0.000000000000000000e+00
8.963172618921749768e-02,0.000000000000000000e+00,0.000000000000000000e+00
9.094072312821323278e-02,0.000000000000000000e+00,0.000000000000000000e+00
9.224972006720898177e-02,0.000000000000000000e+00,0.000000000000000000e+00
9.355871700620473075e-02,0.000000000000000000e+00,0.000000000000000000e+00
9.486771394520047973e-02,0.000000000000000000e+00,0.000000000000000000e+00
9.617671088419622871e-02,0.000000000000000000e+00,0.000000000000000000e+00
9.748570782319196382e-02,0.000000000000000000e+00,0.000000000000000000e+00
9.879470476218771280e-02,0.000000000000000000e+00,0.000000000000000000e+00
1.001037017011834618e-01,0.000000000000000000e+00,0.000000000000000000e+00
1.014126986401791969e-01,0.000000000000000000e+00,0.000000000000000000e+00
1.027216955791749459e-01,0.000000000000000000e+00,0.000000000000000000e+00
1.040306925181706948e-01,0.000000000000000000e+00,0.000000000000000000e+00
1.053396894571664438e-01,0.000000000000000000e+00,0.000000000000000000e+00
1.066486863961621928e-01,0.000000000000000000e+00,0.000000000000000000e+00
1.079576833351579279e-01,0.000000000000000000e+00,0.000000000000000000e+00
1.092666802741536769e-01,0.000000000000000000e+00,0.000000000000000000e+00
1.105756772131494259e-01,0.000000000000000000e+00,0.000000000000000000e+00
1.118846741521451610e-01,0.000000000000000000e+00,0.000000000000000000e+00
1.131936710911409100e-01,0.000000000000000000e+00,0.000000000000000000e+00
1.145026680301366589e-01,0.000000000000000000e+00,0.000000000000000000e+00
1.158116649691324079e-01,0.000000000000000000e+00,0.000000000000000000e+00
1.171206619081281569e-01,0.000000000000000000e+00,0.000000000000000000e+00
1.184296588471238920e-01,0.000000000000000000e+00,0.000000000000000000e+00
1.197386557861196410e-01,0.000000000000000000e+00,0.000000000000000000e+00
1.210476527251153900e-01,0.000000000000000000e+00,0.000000000000000000e+00
1.223566496641111251e-01,0.000000000000000000e+00,0.000000000000000000e+00
1.236656466031068741e-01,0.000000000000000000e+00,0.000000000000000000e+00
1.249746435421026231e-01,0.000000000000000000e+00,0.000000000000000000e+00
1.262836404810983859e-01,0.000000000000000000e+00,0.000000000000000000e+00
1.275926374200941349e-01,0.000000000000000000e+00,0.000000000000000000e+00
1.289016343590898839e-01,0.000000000000000000e+00,0.000000000000000000e+00
1.302106312980856329e-01,0.000000000000000000e+00,0.000000000000000000e+00
1.315196282370813818e-01,0.000000000000000000e+00,0.000000000000000000e+00
1.328286251760771308e-01,0.000000000000000000e+00,0.000000000000000000e+00
1.341376221150728798e-01,0.000000000000000000e+00,0.000000000000000000e+00
1.354466190540686288e-01,0.000000000000000000e+00,0.000000000000000000e+00
1.367556159930643778e-01,0.000000000000000000e+00,0.000000000000000000e+00
1.380646129320601267e-01,0.000000000000000000e+00,0.000000000000000000e+00
1.393736098710558757e-01,0.000000000000000000e+00,0.000000000000000000e+00
1.406826068100516247e-01,0.000000000000000000e+00,0.000000000000000000e+00
1.419916037490473737e-01,0.000000000000000000e+00,0.000000000000000000e+00
1.433006006880431227e-01,0.000000000000000000e+00,0.000000000000000000e+00
1.446095976270388717e-01,0.000000000000000000e+00,0.000000000000000000e+00
1.459185945660346206e-01,0.000000000000000000e+00,0.000000000000000000e+00
1.472275915050303696e-01,0.000000000000000000e+00,0.000000000000000000e+00
1.485365884440261186e-01,0.000000000000000000e+00,0.000000000000000000e+00
1.498455853830218676e-01,0.000000000000000000e+00,0.000000000000000000e+00
1.511545823220176166e-01,0.000000000000000000e+00,0.000000000000000000e+00
1.524635792610133656e-01,0.000000000000000000e+00,0.000000000000000000e+00
1.537725762000091145e-01,0.000000000000000000e+00,0.000000000000000000e+00
1.550815731390048635e-01,0.000000000000000000e+00,0.000000000000000000e+00
1.563905700780006125e-01,0.000000000000000000e+00,0.000000000000000000e+00
1.576995670169963615e-01,0.000000000000000000e+00,0.000000000000000000e+00
1.590085639559921105e-01,0.000000000000000000e+00,0.000000000000000000e+00
1.603175608949878594e-01,0.000000000000000000e+00,0.000000000000000000e+00
1.616265578339836084e-01,0.000000000000000000e+00,0.000000000000000000e+00
1.629355547729793574e-01,0.000000000000000000e+00,0.000000000000000000e+00
1.642445517119751064e-01,0.000000000000000000e+00,0.000000000000000000e+00
1.655535486509708554e-01,0.000000000000000000e+00,0.000000000000000000e+00
1.668625455899666044e-01,0.000000000000000000e+00,0.000000000000000000e+00
1.681715425289623533e-01,0.000000000000000000e+00,0.000000000000000000e+00
1.694805394679581023e-01,0.000000000000000000e+00,0.000000000000000000e+00
1.707895364069538513e-01,0.000000000000000000e+00,0.000000000000000000e+00
1.720985333459496003e-01,0.000000000000000000e+00,0.000000000000000000e+00
1.734075302849453493e-01,0.000000000000000000e+00,0.000000000000000000e+00
1.747165272239410982e-01,0.000000000000000000e+00,0.000000000000000000e+00
1.760255241629368472e-01,0.000000000000000000e+00,0.000000000000000000e+00
1.773345211019325962e-01,0.000000000000000000e+00,0.000000000000000000e+00
1.786435180409283452e-01,0.000000000000000000e+00,0.000000000000000000e+00
1.799525149799240942e-01,0.000000000000000000e+00,0.000000000000000000e+00
1.812615119189198432e-01,0.000000000000000000e+00,0.000000000000000000e+00
1.825705088579155921e-01,0.000000000000000000e+00,0.000000000000000000e+00
1.838795057969113411e-01,0.000000000000000000e+00,0.000000000000000000e+00
1.851885027359070901e-01,0.000000000000000000e+00,0.000000000000000000e+00
1.864974996749028391e-01,0.000000000000000000e+00,0.000000000000000000e+00
1.878064966138985881e-01,0.000000000000000000e+00,0.000000000000000000e+00
1.891154935528943370e-01,0.000000000000000000e+00,0.000000000000000000e+00
1.904244904918900860e-01,0.000000000000000000e+00,0.000000000000000000e+00
1.917334874308858350e-01,0.000000000000000000e+00,0.000000000000000000e+00
1.930424843698815840e-01,0.000000000000000000e+00,0.000000000000000000e+00
1.943514813088773330e-01,0.000000000000000000e+00,0.000000000000000000e+00
1.956604782478730820e-01,0.000000000000000000e+00,0.000000000000000000e+00
1.969694751868688309e-01,0.000000000000000000e+00,0.000000000000000000e+00
1.982784721258645799e-01,0.000000000000000000e+00,0.000000000000000000e+00
1.995874690648603289e-01,0.000000000000000000e+00,0.000000000000000000e+00
2.008964660038560779e-01,0.000000000000000000e+00,0.000000000000000000e+00
2.022054629428518269e-01,0.000000000000000000e+00,0.000000000000000000e+00
2.035144598818475759e-01,0.000000000000000000e+00,0.000000000000000000e+00
2.048234568208433248e-01,0.000000000000000000e+00,0.000000000000000000e+00
2.061324537598390738e-01,0.000000000000000000e+00,0.000000000000000000e+00
2.074414506988348228e-01,0.000000000000000000e+00,0.000000000000000000e+00
2.087504476378305718e-01,0.000000000000000000e+00,0.000000000000000000e+00
2.100594445768263208e-01,0.000000000000000000e+00,0.000000000000000000e+00
2.113684415158220697e-01,0.000000000000000000e+00,0.000000000000000000e+00
2.126774384548178187e-01,0.000000000000000000e+00,0.000000000000000000e+00
2.139864353938135677e-01,0.000000000000000000e+00,0.000000000000000000e+00
2.152954323328093167e-01,0.000000000000000000e+00,0.000000000000000000e+00
2.166044292718050657e-01,0.000000000000000000e+00,0.000000000000000000e+00
2.179134262108008147e-01,0.000000000000000000e+00,0.000000000000000000e+00
2.192224231497965636e-01,0.000000000000000000e+00,0.000000000000000000e+00
2.205314200887923126e-01,0.000000000000000000e+00,0.000000000000000000e+00
2.218404170277880616e-01,0.000000000000000000e+00,0.000000000000000000e+00
2.231494139667838106e-01,0.000000000000000000e+00,0.000000000000000000e+00
2.244584109057795596e-01,0.000000000000000000e+00,0.000000000000000000e+00
2.257674078447753085e-01,0.000000000000000000e+00,0.000000000000000000e+00
2.270764047837710575e-01,0.000000000000000000e+00,0.000000000000000000e+00
2.283854017227668065e-01,0.000000000000000000e+00,0.000000000000000000e+00
2.296943986617625555e-01,0.000000000000000000e+00,0.000000000000000000e+00
2.310033956007583045e-01,0.000000000000000000e+00,0.000000000000000000e+00
2.323123925397540535e-01,0.000000000000000000e+00,0.000000000000000000e+00
2.336213894787498024e-01,0.000000000000000000e+00,0.000000000000000000e+00
2.349303864177455514e-01,0.000000000000000000e+00,0.000000000000000000e+00
2.362393833567413004e-01,0.000000000000000000e+00,0.000000000000000000e+00
2.375483802957370494e-01,0.000000000000000000e+00,0.000000000000000000e+00
2.388573772347327984e-01,0.000000000000000000e+00,0.000000000000000000e+00
2.401663741737285473e-01,0.000000000000000000e+00,0.000000000000000000e+00
2.414753711127242963e-01,0.000000000000000000e+00,0.000000000000000000e+00
2.427843680517200453e-01,0.000000000000000000e+00,0.000000000000000000e+00
2.440933649907157943e-01,0.000000000000000000e+00,0.000000000000000000e+00
2.454023619297115433e-01,0.000000000000000000e+00,0.000000000000000000e+00
2.467113588687072923e-01,0.000000000000000000e+00,0.000000000000000000e+00
2.480203558077030690e-01,0.000000000000000000e+00,0.000000000000000000e+00
2.493293527466987902e-01,0.000000000000000000e+00,0.000000000000000000e+00
2.506383496856944837e-01,0.000000000000000000e+00,0.000000000000000000e+00
2.519473466246902604e-01,0.000000000000000000e+00,0.000000000000000000e+00
2.532563435636859817e-01,0.000000000000000000e+00,0.000000000000000000e+00
2.545653405026817584e-01,0.000000000000000000e+00,0.000000000000000000e+00
2.558743374416774796e-01,0.000000000000000000e+00,0.000000000000000000e+00
2.571833343806732564e-01,0.000000000000000000e+00,0.000000000000000000e+00
2.584923313196689776e-01,0.000000000000000000e+00,0.000000000000000000e+00
2.598013282586647543e-01,0.000000000000000000e+00,0.000000000000000000e+00
2.611103251976604755e-01,0.000000000000000000e+00,0.000000000000000000e+00
2.624193221366562523e-01,0.000000000000000000e+00,0.000000000000000000e+00
2.637283190756519735e-01,0.000000000000000000e+00,0.000000000000000000e+00
2.650373160146477503e-01,0.000000000000000000e+00,0.000000000000000000e+00
2.663463129536434715e-01,0.000000000000000000e+00,0.000000000000000000e+00
2.676553098926392482e-01,0.000000000000000000e+00,0.000000000000000000e+00
2.689643068316349694e-01,0.000000000000000000e+00,0.000000000000000000e+00
2.702733037706307462e-01,0.000000000000000000e+00,0.000000000000000000e+00
2.715823007096264674e-01,0.000000000000000000e+00,0.000000000000000000e+00
2.728912976486222441e-01,0.000000000000000000e+00,0.000000000000000000e+00
2.742002945876179654e-01,0.000000000000000000e+00,0.000000000000000000e+00
2.755092915266137421e-01,0.000000000000000000e+00,0.000000000000000000e+00
2.768182884656094633e-01,0.000000000000000000e+00,0.000000000000000000e+00
2.781272854046052401e-01,0.000000000000000000e+00,0.000000000000000000e+00
2.794362823436009613e-01,0.000000000000000000e+00,0.000000000000000000e+00
2.807452792825967380e-01,0.000000000000000000e+00,0.000000000000000000e+00
2.820542762215924593e-01,0.000000000000000000e+00,0.000000000000000000e+00
2.833632731605882360e-01,0.000000000000000000e+00,0.000000000000000000e+00
2.846722700995839572e-01,0.000000000000000000e+00,0.000000000000000000e+00
2.859812670385797340e-01,0.000000000000000000e+00,0.000000000000000000e+00
2.872902639775754552e-01,0.000000000000000000e+00,0.000000000000000000e+00
2.885992609165712319e-01,0.000000000000000000e+00,0.000000000000000000e+00
2.899082578555669532e-01,0.000000000000000000e+00,0.000000000000000000e+00
2.912172547945627299e-01,0.000000000000000000e+00,0.000000000000000000e+00
2.925262517335584511e-01,0.000000000000000000e+00,0.000000000000000000e+00
2.938352486725542279e-01,0.000000000000000000e+00,0.000000000000000000e+00
2.951442456115499491e-01,0.000000000000000000e+00,0.000000000000000000e+00
2.964532425505457258e-01,0.000000000000000000e+00,0.000000000000000000e+00
2.977622394895414470e-01,0.000000000000000000e+00,0.000000000000000000e+00
2.990712364285372238e-01,0.000000000000000000e+00,0.000000000000000000e+00
3.003802333675329450e-01,0.000000000000000000e+00,0.000000000000000000e+00
3.016892303065287217e-01,0.000000000000000000e+00,0.000000000000000000e+00
3.029982272455244430e-01,0.000000000000000000e+00,0.000000000000000000e+00
3.043072241845202197e-01,0.000000000000000000e+00,0.000000000000000000e+00
3.056162211235159409e-01,0.000000000000000000e+00,0.000000000000000000e+00
3.069252180625117177e-01,0.000000000000000000e+00,0.000000000000000000e+00
3.082342150015074389e-01,0.000000000000000000e+00,0.000000000000000000e+00
3.095432119405032156e-01,0.000000000000000000e+00,0.000000000000000000e+00
3.108522088794989369e-01,0.000000000000000000e+00,0.000000000000000000e+00
3.121612058184947136e-01,1.523565018440055792e+04,-3.047130036880111584e+04
3.134702027574904348e-01,2.476331640762066672e+04,-4.952663281524133345e+04
3.147791996964862116e-01,2.846868617371972505e+04,-5.693737234743945010e+04
3.160881966354819328e-01,2.846265237836640881e+04,-5.692530475673281762e+04
3.173971935744777095e-01,2.774109312695915287e+04,-5.548218625391830574e+04
3.187061905134734308e-01,2.735931844120683309e+04,-5.471863688241366617e+04
3.200151874524692075e-01,2.698843167392055329e+04,-5.397686334784110659e+04
3.213241843914649287e-01,2.670354680104444924e+04,-5.340709360208889848e+04
3.226331813304607055e-01,2.650900993336818647e+04,-5.301801986673637293e+04
3.239421782694564267e-01,2.631919617250068768e+04,-5.263839234500137536e+04
3.252511752084522034e-01,2.610482017854680453e+04,-5.220964035709360905e+04
3.265601721474479247e-01,2.591114118315844462e+04,-5.182228236631688924e+04
3.278691690864437014e-01,2.574922137629891949e+04,-5.149844275259783899e+04
3.291781660254394226e-01,2.243835063314754007e+04,-5.117597995819286734e+04
3.304871629644351994e-01,1.659459199932579941e+04,-5.085985133692752424e+04
3.317961599034309206e-01,1.231122893455045596e+04,-5.063289140289274656e+04
3.331051568424266973e-01,9.228420231410458655e+03,-5.051462332300010166e+04
3.344141537814224185e-01,6.894153957360450477e+03,-5.043378776619303244e+04
3.357231507204181953e-01,5.090582988590258537e+03,-5.035124598597389559e+04
3.370321476594139165e-01,3.766913458622345843e+03,-5.028952046405061992e+04
3.383411445984096932e-01,2.817749025530357358e+03,-5.025816403348351741e+04
3.396501415374054145e-01,2.100610402418187732e+03,-5.023694437590522284e+04
3.409591384764011912e-01,1.545719644663476174e+03,-5.021111688952540862e+04
3.422681354153969124e-01,1.138251206503264712e+03,-5.018878218269595527e+04
3.435771323543926892e-01,8.461683427102769883e+02,-5.017840527815095265e+04
3.448861292933884104e-01,6.255682827067244034e+02,-5.017383454557240475e+04
3.461951262323841871e-01,4.548417897034751718e+02,-5.016555957532327739e+04
3.475041231713799084e-01,3.294133015961436399e+02,-5.015585133966434660e+04
3.488131201103756851e-01,2.395018692588036231e+02,-5.015188806076149194e+04
3.501221170493714063e-01,1.716319358635265928e+02,-5.015192011625432497e+04
3.514311139883671831e-01,1.191097341581573090e+02,-5.014850735732342582e+04
3.527401109273629043e-01,8.052274585157049103e+01,-5.014240542883341550e+04
3.540491078663586810e-01,5.282124701753611618e+01,-5.014037462016103382e+04
3.553581048053544023e-01,3.189338855369068781e+01,-5.014171874968951306e+04
3.566671017443501790e-01,1.576158987946985057e+01,-5.013967120456427074e+04
3.579760986833459002e-01,3.984550080070818456e+00,-5.013487114729359746e+04
3.592850956223416770e-01,-4.538148791869017096e+00,-5.013387374104099581e+04
3.605940925613373982e-01,-1.107809550862673298e+01,-5.013574597868427372e+04
3.619030895003331749e-01,-1.609808512442486617e+01,-5.013371005068624800e+04
3.632120864393288961e-01,-1.972328439086554752e+01,-5.012854853447701316e+04
3.645210833783246729e-01,-2.228087426355584100e+01,-5.012728103928227938e+04
3.658300803173203941e-01,-2.421968905869847788e+01,-5.012947462602505402e+04
3.671390772563161708e-01,-2.576143487788237607e+01,-5.012811438634095975e+04
3.684480741953118921e-01,-2.694617047641771634e+01,-5.012329268598798808e+04
3.697570711343076688e-01,-2.779947689414970569e+01,-5.012171529333335639e+04
3.710660680733033900e-01,-2.841125391626299290e+01,-5.012332244632751099e+04
3.723750650122991668e-01,-2.886042695662887780e+01,-5.012156423927060678e+04
3.736840619512948880e-01,-2.916505484738519982e+01,-5.011678006043187634e+04
3.749930588902906647e-01,-2.942429090595770802e+01,-5.011555014203330938e+04
3.763020558292863860e-01,-2.966780747603170099e+01,-5.011730067053544190e+04
3.776110527682821627e-01,-2.983700694393983355e+01,-5.011532098723689705e+04
3.789200497072778839e-01,-2.993250820252317368e+01,-5.011015600739412912e+04
3.802290466462736607e-01,-2.999272191705810542e+01,-5.010863685417381930e+04
3.815380435852693819e-01,-3.005012966821881903e+01,-5.011034347644342779e+04
3.828470405242651586e-01,-3.010622800462987669e+01,-5.010845910994799488e+04
3.841560374632608799e-01,-3.016136726265424173e+01,-5.010330580428612302e+04
3.854650344022566566e-01,-3.019861365343150794e+01,-5.010161942712701421e+04
3.867740313412523778e-01,-3.021785393121141894e+01,-5.010309848856624012e+04
3.880830282802481546e-01,-3.023446259267816671e+01,-5.010104561977078993e+04
3.893920252192438758e-01,-3.024973795847735047e+01,-5.009581757995927910e+04
3.907010221582396525e-01,-3.026733641317360934e+01,-5.009411136277329206e+04
3.920100190972353738e-01,-3.028575779352251374e+01,-5.009552156239910255e+04
3.933190160362311505e-01,-3.030000747431328634e+01,-5.009333383853681153e+04
3.946280129752268717e-01,-3.030988110152485149e+01,-5.008796587135339360e+04
3.959370099142226485e-01,-3.031761834701252312e+01,-5.008615265154980443e+04
3.972460068532183697e-01,-3.032622274612323920e+01,-5.008748028161597904e+04
3.985550037922141464e-01,-3.033724192675690645e+01,-5.008521337459791539e+04
3.998640007312098676e-01,-3.035050314153508211e+01,-5.007975952978693385e+04
4.011729976702056444e-01,-3.036031781971686172e+01,-5.007784788391987240e+04
4.024819946092013656e-01,-3.036678769810363576e+01,-5.007907043015872478e+04
4.037909915481971423e-01,-3.037545444594058708e+01,-5.007670447411246278e+04
4.050999884871928636e-01,-3.038647033636375383e+01,-5.007116965142560366e+04
4.064089854261886403e-01,-3.039715483839876597e+01,-5.006918627972065588e+04
4.077179823651843615e-01,-3.040635126275308053e+01,-5.007032158812666603e+04
4.090269793041801383e-01,-3.041517543443009330e+01,-5.006785629838988825e+04
4.103359762431758595e-01,-3.042376644495089977e+01,-5.006223662618323578e+04
4.116449731821716362e-01,-3.043433123162051857e+01,-5.006018424719844188e+04
4.129539701211673575e-01,-3.044593314833810282e+01,-5.006124131601244153e+04
4.142629670601631342e-01,-3.045509444321671921e+01,-5.005868684902711539e+04
4.155719639991588554e-01,-3.046193660818895665e+01,-5.005298981313183322e+04
4.168809609381546322e-01,-3.047264091336278469e+01,-5.005087318181129376e+04
4.181899578771503534e-01,-3.048644886648427388e+01,-5.005185790400132100e+04
4.194989548161461301e-01,-3.049611590245134352e+01,-5.004922158915067121e+04
4.208079517551418514e-01,-3.050172250781592709e+01,-5.004345254995324649e+04
4.221169486941376281e-01,-3.051236908901689660e+01,-5.004127572372400755e+04
4.234259456331333493e-01,-3.052768167150807699e+01,-5.004219507384395547e+04
4.247349425721291261e-01,-3.053798528512463051e+01,-5.003948614592624654e+04
4.260439395111248473e-01,-3.054328815389272123e+01,-5.003365160008649400e+04
4.273529364501206240e-01,-3.055348902207341766e+01,-5.003141907624527084e+04
4.286619333891163452e-01,-3.056894450797441820e+01,-5.003228118867720332e+04
4.299709303281121220e-01,-3.058014912851420775e+01,-5.002951000607239257e+04
4.312799272671078432e-01,-3.058698076538096089e+01,-5.002361494715124718e+04
4.325889242061036200e-01,-3.059673578569697838e+01,-5.002132744066118903e+04
4.338979211450993412e-01,-3.061041195998367215e+01,-5.002213843012065627e+04
4.352069180840951179e-01,-3.062191341331082128e+01,-5.001931731631348521e+04
4.365159150230908391e-01,-3.063109590073386812e+01,-5.001337235149013577e+04
4.378249119620866159e-01,-3.064125335900326874e+01,-5.001103520024382306e+04
4.391339089010823371e-01,-3.065316497634301740e+01,-5.001179882236119738e+04
4.404429058400781138e-01,-3.066445372972212624e+01,-5.000893353922574170e+04
4.417519027790738351e-01,-3.067506244922800818e+01,-5.000294707724820182e+04
4.430608997180696118e-01,-3.068632104758512114e+01,-5.000056875106062944e+04
4.443698966570653330e-01,-3.069798780089151435e+01,-5.000129003802445368e+04
4.456788935960611098e-01,-3.070834111225176599e+01,-4.999838540891331650e+04
4.469878905350568310e-01,-3.071758559909821429e+01,-4.999236968669044290e+04
4.482968874740526077e-01,-3.073083889456063744e+01,-4.998996478245100297e+04
4.496058844130483290e-01,-3.074614973077516211e+01,-4.999064643061783863e+04
4.509148813520441057e-01,-3.075603133284308655e+01,-4.998769698485263507e+04
4.522238782910398269e-01,-3.076083653041716204e+01,-4.998165653054112045e+04
4.535328752300356037e-01,-3.077364954982332179e+01,-4.997924401807106915e+04
4.548418721690313249e-01,-3.079301275885303113e+01,-4.997990406064459239e+04
4.561508691080271016e-01,-3.080444286691854572e+01,-4.997691618443796324e+04
4.574598660470228229e-01,-3.080799848873294522e+01,-4.997084571119405882e+04
4.587688629860185996e-01,-3.081863484114128227e+01,-4.996842118850827683e+04
4.600778599250143208e-01,-3.083701418827006790e+01,-4.996907332881948241e+04
4.613868568640100976e-01,-3.084937269091001255e+01,-4.996607146096089855e+04
4.626958538030058188e-01,-3.085557016386671592e+01,-4.995998219493563374e+04
4.640048507420015955e-01,-3.086617490479672909e+01,-4.995753987561595568e+04
4.653138476809973167e-01,-3.088206438804546750e+01,-4.995818267342105537e+04
4.666228446199930935e-01,-3.089377285608886226e+01,-4.995517829863705992e+04
4.679318415589888147e-01,-3.090126984722875747e+01,-4.994908555638358666e+04
4.692408384979845914e-01,-3.091298387715071883e+01,-4.994663610354968841e+04
4.705498354369803127e-01,-3.092875016894015872e+01,-4.994727319713857287e+04
4.718588323759760894e-01,-3.093981109421311970e+01,-4.994426822718010226e+04
4.731678293149718106e-01,-3.094625941247899448e+01,-4.993817964557742380e+04
4.744768262539675874e-01,-3.095857294375925406e+01,-4.993573576924926601e+04
4.757858231929633086e-01,-3.097593478389647004e+01,-4.993637592756035156e+04
4.770948201319590853e-01,-3.098681073401059649e+01,-4.993337396414032264e+04
4.784038170709548066e-01,-3.099132632283617284e+01,-4.992729474278693669e+04
4.797128140099505833e-01,-3.100351426214520956e+01,-4.992486617834986100e+04
4.810218109489463045e-01,-3.102264552578074586e+01,-4.992552009449629259e+04
4.823308078879420813e-01,-3.103379780533452958e+01,-4.992252902688625909e+04
4.836398048269378025e-01,-3.103702335419533753e+01,-4.991646297109510488e+04
4.849488017659335792e-01,-3.104843836246284283e+01,-4.991405339812429156e+04
4.862577987049293005e-01,-3.106800754566728884e+01,-4.991473108259161381e+04
4.875667956439250772e-01,-3.107950674481750397e+01,-4.991176431372239313e+04
4.888757925829207984e-01,-3.108288845359199826e+01,-4.990571866196595511e+04
4.901847895219165752e-01,-3.109376801334459728e+01,-4.990332927803213533e+04
4.914937864609122964e-01,-3.111257613832489355e+01,-4.990403632641337754e+04
4.928027833999080731e-01,-3.112404670917358729e+01,-4.990110549024382635e+04
4.941117803389037944e-01,-3.112810579983499437e+01,-4.989509017825367482e+04
4.954207772778995711e-01,-3.113890026840788749e+01,-4.989272640319614584e+04
4.967297742168952923e-01,-3.115684266915985745e+01,-4.989346795921373996e+04
4.980387711558910135e-01,-3.116809153760132034e+01,-4.989058042857725377e+04
4.993477680948867903e-01,-3.117258520653942000e+01,-4.988460371138192568e+04
5.006567650338824560e-01,-3.118329304676564462e+01,-4.988227356581758795e+04
5.019657619728782327e-01,-3.120056124834413680e+01,-4.988305697294136917e+04
5.032747589118740095e-01,-3.121168504946778555e+01,-4.988021941140190029e+04
5.045837558508697862e-01,-3.121659690934145459e+01,-4.987428726600295340e+04
5.058927527898654519e-01,-3.122690639030811255e+01,-4.987199732672583923e+04
5.072017497288612287e-01,-3.124317805388215774e+01,-4.987283117741772730e+04
5.085107466678570054e-01,-3.125435225651819238e+01,-4.987005256730252586e+04
5.098197436068527821e-01,-3.126031823973605484e+01,-4.986417086569133244e+04
5.111287405458484479e-01,-3.126994681144429933e+01,-4.986192514800389472e+04
5.124377374848442246e-01,-3.128426383709075864e+01,-4.986281686831415573e+04
5.137467344238400013e-01,-3.129555478091489462e+01,-4.986010741512464301e+04
5.150557313628357781e-01,-3.130365202820809500e+01,-4.985428338145212911e+04
5.163647283018314438e-01,-3.131262520343621603e+01,-4.985208565093084326e+04
5.176737252408272205e-01,-3.132388463441541759e+01,-4.985304101478698431e+04
5.189827221798229973e-01,-3.133511691305944069e+01,-4.985040964294624428e+04
5.202917191188187740e-01,-3.134613161929753389e+01,-4.984465153801025008e+04
5.216007160578144397e-01,-3.135475914558042021e+01,-4.984250761340957979e+04
5.229097129968102164e-01,-3.136242689843524900e+01,-4.984353170272474381e+04
5.242187099358059932e-01,-3.137326648103804416e+01,-4.984098459778422693e+04
5.255277068748017699e-01,-3.138712552657893440e+01,-4.983530024575246352e+04
5.268367038137974356e-01,-3.139575060195329215e+01,-4.983321781955489132e+04
5.281457007527932124e-01,-3.140011478211787121e+01,-4.983431561482766119e+04
5.294546976917889891e-01,-3.141004874690809245e+01,-4.983185704028920736e+04
5.307636946307847658e-01,-3.142551019077999186e+01,-4.982625504767229722e+04
5.320726915697804316e-01,-3.143469129619939295e+01,-4.982424432888852607e+04
5.333816885087762083e-01,-3.143736960867279606e+01,-4.982541930978882010e+04
5.346906854477719850e-01,-3.144556582395295408e+01,-4.982304888210778154e+04
5.359996823867677618e-01,-3.145943503790847373e+01,-4.981753680053433345e+04
5.373086793257634275e-01,-3.146900336385875363e+01,-4.981561228131905955e+04
5.386176762647592042e-01,-3.147260430110996055e+01,-4.981687186517744703e+04
5.399266732037549810e-01,-3.147854155570541579e+01,-4.981458847335445171e+04
5.412356701427507577e-01,-3.148708240221815657e+01,-4.980916791937632661e+04
5.425446670817464234e-01,-3.149475996657724863e+01,-4.980733804270190012e+04
5.438536640207422002e-01,-3.149907145085198934e+01,-4.980869144317852624e+04
5.451626609597379769e-01,-3.150062806179471053e+01,-4.980650173969790194e+04
5.464716578987337536e-01,-3.149964830359199652e+01,-4.980117915196320246e+04
5.477806548377294193e-01,-3.150154755250414951e+01,-4.979944907045645232e+04
5.490896517767251961e-01,-3.150200963305940505e+01,-4.980089740173485916e+04
5.503986487157209728e-01,-3.149045461510910826e+01,-4.979880177587118669e+04
5.517076456547167496e-01,-3.146693747447773148e+01,-4.979358444248997694e+04
5.530166425937124153e-01,-3.144947922050407385e+01,-4.979196669900376583e+04
5.543256395327081920e-01,-3.142966670470345036e+01,-4.979351682247713325e+04
5.556346364717039688e-01,-3.137902772022208353e+01,-4.979151485260933259e+04
5.569436334106997455e-01,-3.129666587790229215e+01,-4.978640277210214117e+04
5.582526303496954112e-01,-3.121405893222558703e+01,-4.978490072040156520e+04
5.595616272886911879e-01,-3.111256603966557677e+01,-4.978655545332618203e+04
5.608706242276869647e-01,-3.093739050282449909e+01,-4.978464729364537925e+04
5.621796211666827414e-01,-3.068428400304415504e+01,-4.977963965735903184e+04
5.634886181056784071e-01,-3.038810581180267434e+01,-4.977825706363787322e+04
5.647976150446741839e-01,-3.000022697977104968e+01,-4.978002590708463686e+04
5.661066119836699606e-01,-2.942514959335659697e+01,-4.977821190097279759e+04
5.674156089226657373e-01,-2.864720725218512243e+01,-4.977327728279630537e+04
5.687246058616614031e-01,-2.765588175879769395e+01,-4.977196698708208714e+04
5.700336028006571798e-01,-2.630475988092845796e+01,-4.977383380990559090e+04
5.713425997396529565e-01,-2.442421982272557557e+01,-4.977212520741680055e+04
5.726515966786487333e-01,-2.196279666529488850e+01,-4.976725669026255491e+04
5.739605936176443990e-01,-1.873362981568191188e+01,-4.976595488309882785e+04
5.752695905566401757e-01,-1.425438514734722695e+01,-4.976779568445720361e+04
5.765785874956359525e-01,-8.121551594355144843e+00,-4.976604256894150603e+04
5.778875844346317292e-01,-1.695043192386031516e-01,-4.976110861703913542e+04
5.791965813736273949e-01,1.033584074052620672e+01,-4.975966549873917393e+04
5.805055783126231717e-01,2.496735738545983807e+01,-4.976120918672624975e+04
5.818145752516189484e-01,4.491512338776635005e+01,-4.975902440876879700e+04
5.831235721906147251e-01,7.071666953177891912e+01,-4.975362362858143024e+04
5.844325691296103908e-01,1.048601551471035691e+02,-4.975147828064628266e+04
5.857415660686061676e-01,1.524691411656220623e+02,-4.975170211977980944e+04
5.870505630076019443e-01,2.173220492764972676e+02,-4.974769866586462740e+04
5.883595599465977211e-01,3.011639385889984055e+02,-4.974049654805417958e+04
5.896685568855933868e-01,4.121229483599299215e+02,-4.973589991692097101e+04
5.909775538245891635e-01,5.668644066017662908e+02,-4.973156386245604517e+04
5.922865507635849402e-01,7.776486873408873635e+02,-4.972128761679180025e+04
5.935955477025807170e-01,1.050149643798740271e+03,-4.970800253295701987e+04
5.949045446415763827e-01,1.410713499575052083e+03,-4.969535780577622063e+04
5.962135415805721594e-01,1.913496362599229769e+03,-4.967606058789373492e+04
5.975225385195679362e-01,2.598471095924049678e+03,-4.964518728206220112e+04
5.988315354585637129e-01,3.484127895985576743e+03,-4.961205527996816090e+04
6.001405323975593786e-01,4.652963469617378905e+03,-4.957377266225169296e+04
6.014495293365551554e-01,6.280045148884221817e+03,-4.950515380730693141e+04
6.027585262755509321e-01,8.505998497486476481e+03,-4.939986438973624172e+04
6.040675232145467088e-01,1.140728222997991725e+04,-4.928152605905775999e+04
6.053765201535423746e-01,1.523982020819398167e+04,-4.912254956596636475e+04
6.066855170925381513e-01,2.050072754928281211e+04,-4.885367996807501186e+04
6.079945140315339280e-01,2.424796582036841937e+04,-4.849593164073683874e+04
6.093035109705297048e-01,2.407638540386648674e+04,-4.815277080773297348e+04
6.106125079095253705e-01,2.392458870911381746e+04,-4.784917741822763492e+04
6.119215048485211472e-01,2.375409475617251883e+04,-4.750818951234503766e+04
6.132305017875169240e-01,2.356407096367040867e+04,-4.712814192734081735e+04
6.145394987265127007e-01,2.340136681419644810e+04,-4.680273362839289621e+04
6.158484956655083664e-01,2.327674852152237872e+04,-4.655349704304475745e+04
6.171574926045041432e-01,2.316607980147262060e+04,-4.633215960294524120e+04
6.184664895434999199e-01,2.309409794556715860e+04,-4.618819589113431721e+04
6.197754864824956966e-01,2.313304338879400893e+04,-4.626608677758801787e+04
6.210844834214913623e-01,2.368627175821846322e+04,-4.737254351643692644e+04
6.223934803604871391e-01,2.440387517269911405e+04,-4.880775034539822809e+04
6.237024772994829158e-01,2.328754163529890866e+04,-4.657508327059781732e+04
6.250114742384786926e-01,1.826838727944916536e+04,-3.653677455889833072e+04
6.263204711774743583e-01,8.015160142617583915e+03,-1.603032028523516783e+04
6.276294681164701350e-01,0.000000000000000000e+00,0.000000000000000000e+00
6.289384650554659117e-01,0.000000000000000000e+00,0.000000000000000000e+00
6.302474619944616885e-01,0.000000000000000000e+00,0.000000000000000000e+00
6.315564589334573542e-01,0.000000000000000000e+00,0.000000000000000000e+00
6.328654558724531309e-01,0.000000000000000000e+00,0.000000000000000000e+00
6.341744528114489077e-01,0.000000000000000000e+00,0.000000000000000000e+00
6.354834497504446844e-01,0.000000000000000000e+00,0.000000000000000000e+00
6.367924466894403501e-01,0.000000000000000000e+00,0.000000000000000000e+00
6.381014436284361269e-01,0.000000000000000000e+00,0.000000000000000000e+00
6.394104405674319036e-01,0.000000000000000000e+00,0.000000000000000000e+00
6.407194375064276803e-01,0.000000000000000000e+00,0.000000000000000000e+00
6.420284344454233461e-01,0.000000000000000000e+00,0.000000000000000000e+00
6.433374313844191228e-01,0.000000000000000000e+00,0.000000000000000000e+00
6.446464283234148995e-01,0.000000000000000000e+00,0.000000000000000000e+00
6.459554252624106763e-01,0.000000000000000000e+00,0.000000000000000000e+00
6.472644222014063420e-01,0.000000000000000000e+00,0.000000000000000000e+00
6.485734191404021187e-01,0.000000000000000000e+00,0.000000000000000000e+00
6.498824160793978955e-01,0.000000000000000000e+00,0.000000000000000000e+00
6.511914130183936722e-01,0.000000000000000000e+00,0.000000000000000000e+00
6.525004099573893379e-01,0.000000000000000000e+00,0.000000000000000000e+00
6.538094068963851146e-01,0.000000000000000000e+00,0.000000000000000000e+00
6.551184038353808914e-01,0.000000000000000000e+00,0.000000000000000000e+00
6.564274007743766681e-01,0.000000000000000000e+00,0.000000000000000000e+00
6.577363977133723338e-01,0.000000000000000000e+00,0.000000000000000000e+00
6.590453946523681106e-01,0.000000000000000000e+00,0.000000000000000000e+00
6.603543915913638873e-01,0.000000000000000000e+00,0.000000000000000000e+00
6.616633885303596641e-01,0.000000000000000000e+00,0.000000000000000000e+00
6.629723854693553298e-01,0.000000000000000000e+00,0.000000000000000000e+00
6.642813824083511065e-01,0.000000000000000000e+00,0.000000000000000000e+00
6.655903793473468832e-01,0.000000000000000000e+00,0.000000000000000000e+00
6.668993762863426600e-01,0.000000000000000000e+00,0.000000000000000000e+00
6.682083732253383257e-01,0.000000000000000000e+00,0.000000000000000000e+00
6.695173701643341024e-01,0.000000000000000000e+00,0.000000000000000000e+00
6.708263671033298792e-01,0.000000000000000000e+00,0.000000000000000000e+00
6.721353640423256559e-01,0.000000000000000000e+00,0.000000000000000000e+00
6.734443609813213216e-01,0.000000000000000000e+00,0.000000000000000000e+00
6.747533579203170984e-01,0.000000000000000000e+00,0.000000000000000000e+00
6.760623548593128751e-01,0.000000000000000000e+00,0.000000000000000000e+00
6.773713517983086518e-01,0.000000000000000000e+00,0.000000000000000000e+00
6.786803487373043176e-01,0.000000000000000000e+00,0.000000000000000000e+00
6.799893456763000943e-01,0.000000000000000000e+00,0.000000000000000000e+00
6.812983426152958710e-01,0.000000000000000000e+00,0.000000000000000000e+00
6.826073395542916478e-01,0.000000000000000000e+00,0.000000000000000000e+00
6.839163364932873135e-01,0.000000000000000000e+00,0.000000000000000000e+00
6.852253334322830902e-01,0.000000000000000000e+00,0.000000000000000000e+00
6.865343303712788670e-01,0.000000000000000000e+00,0.000000000000000000e+00
6.878433273102746437e-01,0.000000000000000000e+00,0.000000000000000000e+00
6.891523242492703094e-01,0.000000000000000000e+00,0.000000000000000000e+00
6.904613211882660861e-01,0.000000000000000000e+00,0.000000000000000000e+00
6.917703181272618629e-01,0.000000000000000000e+00,0.000000000000000000e+00
6.930793150662576396e-01,0.000000000000000000e+00,0.000000000000000000e+00
6.943883120052533053e-01,0.000000000000000000e+00,0.000000000000000000e+00
6.956973089442490821e-01,0.000000000000000000e+00,0.000000000000000000e+00
6.970063058832448588e-01,0.000000000000000000e+00,0.000000000000000000e+00
6.983153028222406355e-01,0.000000000000000000e+00,0.000000000000000000e+00
6.996242997612363013e-01,0.000000000000000000e+00,0.000000000000000000e+00
7.009332967002320780e-01,0.000000000000000000e+00,0.000000000000000000e+00
7.022422936392278547e-01,0.000000000000000000e+00,0.000000000000000000e+00
7.035512905782236315e-01,0.000000000000000000e+00,0.000000000000000000e+00
7.048602875172192972e-01,0.000000000000000000e+00,0.000000000000000000e+00
7.061692844562150739e-01,0.000000000000000000e+00,0.000000000000000000e+00
7.074782813952108507e-01,0.000000000000000000e+00,0.000000000000000000e+00
7.087872783342066274e-01,0.000000000000000000e+00,0.000000000000000000e+00
7.100962752732022931e-01,0.000000000000000000e+00,0.000000000000000000e+00
7.114052722121980699e-01,0.000000000000000000e+00,0.000000000000000000e+00
7.127142691511938466e-01,0.000000000000000000e+00,0.000000000000000000e+00
7.140232660901896233e-01,0.000000000000000000e+00,0.000000000000000000e+00
7.153322630291852890e-01,0.000000000000000000e+00,0.000000000000000000e+00
7.166412599681810658e-01,0.000000000000000000e+00,0.000000000000000000e+00
7.179502569071768425e-01,0.000000000000000000e+00,0.000000000000000000e+00
7.192592538461726193e-01,0.000000000000000000e+00,0.000000000000000000e+00
7.205682507851682850e-01,0.000000000000000000e+00,0.000000000000000000e+00
7.218772477241640617e-01,0.000000000000000000e+00,0.000000000000000000e+00
7.231862446631598385e-01,0.000000000000000000e+00,0.000000000000000000e+00
7.244952416021556152e-01,0.000000000000000000e+00,0.000000000000000000e+00
7.258042385411512809e-01,0.000000000000000000e+00,0.000000000000000000e+00
7.271132354801470576e-01,0.000000000000000000e+00,0.000000000000000000e+00
7.284222324191428344e-01,0.000000000000000000e+00,0.000000000000000000e+00
7.297312293581386111e-01,0.000000000000000000e+00,0.000000000000000000e+00
7.310402262971342768e-01,0.000000000000000000e+00,0.000000000000000000e+00
7.323492232361300536e-01,0.000000000000000000e+00,0.000000000000000000e+00
7.336582201751258303e-01,0.000000000000000000e+00,0.000000000000000000e+00
7.349672171141216070e-01,0.000000000000000000e+00,0.000000000000000000e+00
7.362762140531172728e-01,0.000000000000000000e+00,0.000000000000000000e+00
7.375852109921130495e-01,0.000000000000000000e+00,0.000000000000000000e+00
7.388942079311088262e-01,0.000000000000000000e+00,0.000000000000000000e+00
7.402032048701046030e-01,0.000000000000000000e+00,0.000000000000000000e+00
7.415122018091002687e-01,0.000000000000000000e+00,0.000000000000000000e+00
7.428211987480960454e-01,0.000000000000000000e+00,0.000000000000000000e+00
7.441301956870918222e-01,0.000000000000000000e+00,0.000000000000000000e+00
7.454391926260875989e-01,0.000000000000000000e+00,0.000000000000000000e+00
7.467481895650832646e-01,0.000000000000000000e+00,0.000000000000000000e+00
7.480571865040790414e-01,0.000000000000000000e+00,0.000000000000000000e+00
7.493661834430748181e-01,0.000000000000000000e+00,0.000000000000000000e+00
7.506751803820705948e-01,0.000000000000000000e+00,0.000000000000000000e+00
7.519841773210662605e-01,0.000000000000000000e+00,0.000000000000000000e+00
7.532931742600620373e-01,0.000000000000000000e+00,0.000000000000000000e+00
7.546021711990578140e-01,0.000000000000000000e+00,0.000000000000000000e+00
7.559111681380535908e-01,0.000000000000000000e+00,0.000000000000000000e+00
7.572201650770492565e-01,0.000000000000000000e+00,0.000000000000000000e+00
7.585291620160450332e-01,0.000000000000000000e+00,0.000000000000000000e+00
7.598381589550408099e-01,0.000000000000000000e+00,0.000000000000000000e+00
7.611471558940365867e-01,0.000000000000000000e+00,0.000000000000000000e+00
7.624561528330322524e-01,0.000000000000000000e+00,0.000000000000000000e+00
7.637651497720280291e-01,0.000000000000000000e+00,0.000000000000000000e+00
7.650741467110238059e-01,0.000000000000000000e+00,0.000000000000000000e+00
7.663831436500195826e-01,0.000000000000000000e+00,0.000000000000000000e+00
7.676921405890152483e-01,0.000000000000000000e+00,0.000000000000000000e+00
7.690011375280110251e-01,0.000000000000000000e+00,0.000000000000000000e+00
7.703101344670068018e-01,0.000000000000000000e+00,0.000000000000000000e+00
7.716191314060025785e-01,0.000000000000000000e+00,0.000000000000000000e+00
7.729281283449982443e-01,0.000000000000000000e+00,0.000000000000000000e+00
7.742371252839940210e-01,0.000000000000000000e+00,0.000000000000000000e+00
7.755461222229897977e-01,0.000000000000000000e+00,0.000000000000000000e+00
7.768551191619855745e-01,0.000000000000000000e+00,0.000000000000000000e+00
7.781641161009812402e-01,0.000000000000000000e+00,0.000000000000000000e+00
7.794731130399770169e-01,0.000000000000000000e+00,0.000000000000000000e+00
7.807821099789727937e-01,0.000000000000000000e+00,0.000000000000000000e+00
7.820911069179685704e-01,0.000000000000000000e+00,0.000000000000000000e+00
7.834001038569642361e-01,0.000000000000000000e+00,0.000000000000000000e+00
7.847091007959600129e-01,0.000000000000000000e+00,0.000000000000000000e+00
7.860180977349557896e-01,0.000000000000000000e+00,0.000000000000000000e+00
7.873270946739515663e-01,0.000000000000000000e+00,0.000000000000000000e+00
7.886360916129472320e-01,0.000000000000000000e+00,0.000000000000000000e+00
7.899450885519430088e-01,0.000000000000000000e+00,0.000000000000000000e+00
7.912540854909387855e-01,0.000000000000000000e+00,0.000000000000000000e+00
7.925630824299345623e-01,0.000000000000000000e+00,0.000000000000000000e+00
7.938720793689302280e-01,0.000000000000000000e+00,0.000000000000000000e+00
7.951810763079260047e-01,0.000000000000000000e+00,0.000000000000000000e+00
7.964900732469217814e-01,0.000000000000000000e+00,0.000000000000000000e+00
7.977990701859175582e-01,0.000000000000000000e+00,0.000000000000000000e+00
7.991080671249132239e-01,0.000000000000000000e+00,0.000000000000000000e+00
8.004170640639090006e-01,0.000000000000000000e+00,0.000000000000000000e+00
8.017260610029047774e-01,0.000000000000000000e+00,0.000000000000000000e+00
8.030350579419005541e-01,0.000000000000000000e+00,0.000000000000000000e+00
8.043440548808962198e-01,0.000000000000000000e+00,0.000000000000000000e+00
8.056530518198919966e-01,0.000000000000000000e+00,0.000000000000000000e+00
8.069620487588877733e-01,0.000000000000000000e+00,0.000000000000000000e+00
8.082710456978835500e-01,0.000000000000000000e+00,0.000000000000000000e+00
8.095800426368792158e-01,0.000000000000000000e+00,0.000000000000000000e+00
8.108890395758749925e-01,0.000000000000000000e+00,0.000000000000000000e+00
8.121980365148707692e-01,0.000000000000000000e+00,0.000000000000000000e+00
8.135070334538665460e-01,0.000000000000000000e+00,0.000000000000000000e+00
8.148160303928622117e-01,0.000000000000000000e+00,0.000000000000000000e+00
8.161250273318579884e-01,0.000000000000000000e+00,0.000000000000000000e+00
8.174340242708537652e-01,0.000000000000000000e+00,0.000000000000000000e+00
8.187430212098495419e-01,0.000000000000000000e+00,0.000000000000000000e+00
8.200520181488452076e-01,0.000000000000000000e+00,0.000000000000000000e+00
8.213610150878409844e-01,0.000000000000000000e+00,0.000000000000000000e+00
8.226700120268367611e-01,0.000000000000000000e+00,0.000000000000000000e+00
8.239790089658325378e-01,0.000000000000000000e+00,0.000000000000000000e+00
8.252880059048282035e-01,0.000000000000000000e+00,0.000000000000000000e+00
8.265970028438239803e-01,0.000000000000000000e+00,0.000000000000000000e+00
8.279059997828197570e-01,0.000000000000000000e+00,0.000000000000000000e+00
8.292149967218155338e-01,0.000000000000000000e+00,0.000000000000000000e+00
8.305239936608111995e-01,0.000000000000000000e+00,0.000000000000000000e+00
8.318329905998069762e-01,0.000000000000000000e+00,0.000000000000000000e+00
8.331419875388027529e-01,0.000000000000000000e+00,0.000000000000000000e+00
8.344509844777985297e-01,0.000000000000000000e+00,0.000000000000000000e+00
8.357599814167941954e-01,0.000000000000000000e+00,0.000000000000000000e+00
8.370689783557899721e-01,0.000000000000000000e+00,0.000000000000000000e+00
8.383779752947857489e-01,0.000000000000000000e+00,0.000000000000000000e+00
8.396869722337815256e-01,0.000000000000000000e+00,0.000000000000000000e+00
8.409959691727771913e-01,0.000000000000000000e+00,0.000000000000000000e+00
8.423049661117729681e-01,0.000000000000000000e+00,0.000000000000000000e+00
8.436139630507687448e-01,0.000000000000000000e+00,0.000000000000000000e+00
8.449229599897645215e-01,0.000000000000000000e+00,0.000000000000000000e+00
8.462319569287601873e-01,0.000000000000000000e+00,0.000000000000000000e+00
8.475409538677559640e-01,0.000000000000000000e+00,0.000000000000000000e+00
8.488499508067517407e-01,0.000000000000000000e+00,0.000000000000000000e+00
8.501589477457475175e-01,0.000000000000000000e+00,0.000000000000000000e+00
8.514679446847431832e-01,0.000000000000000000e+00,0.000000000000000000e+00
8.527769416237389599e-01,0.000000000000000000e+00,0.000000000000000000e+00
8.540859385627347367e-01,0.000000000000000000e+00,0.000000000000000000e+00
8.553949355017305134e-01,0.000000000000000000e+00,0.000000000000000000e+00
8.567039324407261791e-01,0.000000000000000000e+00,0.000000000000000000e+00
8.580129293797219558e-01,0.000000000000000000e+00,0.000000000000000000e+00
8.593219263187177326e-01,0.000000000000000000e+00,0.000000000000000000e+00
8.606309232577135093e-01,0.000000000000000000e+00,0.000000000000000000e+00
8.619399201967091750e-01,0.000000000000000000e+00,0.000000000000000000e+00
8.632489171357049518e-01,0.000000000000000000e+00,0.000000000000000000e+00
8.645579140747007285e-01,0.000000000000000000e+00,0.000000000000000000e+00
8.658669110136965053e-01,0.000000000000000000e+00,0.000000000000000000e+00
8.671759079526921710e-01,0.000000000000000000e+00,0.000000000000000000e+00
8.684849048916879477e-01,0.000000000000000000e+00,0.000000000000000000e+00
8.697939018306837244e-01,0.000000000000000000e+00,0.000000000000000000e+00
8.711028987696795012e-01,0.000000000000000000e+00,0.000000000000000000e+00
8.724118957086751669e-01,0.000000000000000000e+00,0.000000000000000000e+00
8.737208926476709436e-01,0.000000000000000000e+00,0.000000000000000000e+00
8.750298895866667204e-01,0.000000000000000000e+00,0.000000000000000000e+00
8.763388865256624971e-01,0.000000000000000000e+00,0.000000000000000000e+00
8.776478834646581628e-01,0.000000000000000000e+00,0.000000000000000000e+00
8.789568804036539396e-01,0.000000000000000000e+00,0.000000000000000000e+00
8.802658773426497163e-01,0.000000000000000000e+00,0.000000000000000000e+00
8.815748742816454930e-01,0.000000000000000000e+00,0.000000000000000000e+00
8.828838712206411588e-01,0.000000000000000000e+00,0.000000000000000000e+00
8.841928681596369355e-01,0.000000000000000000e+00,0.000000000000000000e+00
8.855018650986327122e-01,0.000000000000000000e+00,0.000000000000000000e+00
8.868108620376284890e-01,0.000000000000000000e+00,0.000000000000000000e+00
8.881198589766241547e-01,0.000000000000000000e+00,0.000000000000000000e+00
8.894288559156199314e-01,0.000000000000000000e+00,0.000000000000000000e+00
8.907378528546157082e-01,0.000000000000000000e+00,0.000000000000000000e+00
8.920468497936114849e-01,0.000000000000000000e+00,0.000000000000000000e+00
8.933558467326071506e-01,0.000000000000000000e+00,0.000000000000000000e+00
8.946648436716029273e-01,0.000000000000000000e+00,0.000000000000000000e+00
8.959738406105987041e-01,0.000000000000000000e+00,0.000000000000000000e+00
8.972828375495944808e-01,0.000000000000000000e+00,0.000000000000000000e+00
8.985918344885901465e-01,0.000000000000000000e+00,0.000000000000000000e+00
8.999008314275859233e-01,0.000000000000000000e+00,0.000000000000000000e+00
9.012098283665817000e-01,0.000000000000000000e+00,0.000000000000000000e+00
9.025188253055774767e-01,0.000000000000000000e+00,0.000000000000000000e+00
9.038278222445731425e-01,0.000000000000000000e+00,0.000000000000000000e+00
9.051368191835689192e-01,0.000000000000000000e+00,0.000000000000000000e+00
9.064458161225646959e-01,0.000000000000000000e+00,0.000000000000000000e+00
9.077548130615604727e-01,0.000000000000000000e+00,0.000000000000000000e+00
9.090638100005561384e-01,0.000000000000000000e+00,0.000000000000000000e+00
9.103728069395519151e-01,0.000000000000000000e+00,0.000000000000000000e+00
9.116818038785476919e-01,0.000000000000000000e+00,0.000000000000000000e+00
9.129908008175434686e-01,0.000000000000000000e+00,0.000000000000000000e+00
9.142997977565391343e-01,0.000000000000000000e+00,0.000000000000000000e+00
9.156087946955349111e-01,0.000000000000000000e+00,0.000000000000000000e+00
9.169177916345306878e-01,0.000000000000000000e+00,0.000000000000000000e+00
9.182267885735264645e-01,0.000000000000000000e+00,0.000000000000000000e+00
9.195357855125221302e-01,0.000000000000000000e+00,0.000000000000000000e+00
9.208447824515179070e-01,0.000000000000000000e+00,0.000000000000000000e+00
9.221537793905136837e-01,0.000000000000000000e+00,0.000000000000000000e+00
9.234627763295094605e-01,0.000000000000000000e+00,0.000000000000000000e+00
9.247717732685051262e-01,0.000000000000000000e+00,0.000000000000000000e+00
9.260807702075009029e-01,0.000000000000000000e+00,0.000000000000000000e+00
9.273897671464966797e-01,0.000000000000000000e+00,0.000000000000000000e+00
9.286987640854924564e-01,0.000000000000000000e+00,0.000000000000000000e+00
9.300077610244881221e-01,0.000000000000000000e+00,0.000000000000000000e+00
9.313167579634838988e-01,0.000000000000000000e+00,0.000000000000000000e+00
9.326257549024796756e-01,0.000000000000000000e+00,0.000000000000000000e+00
9.339347518414754523e-01,0.000000000000000000e+00,0.000000000000000000e+00
9.352437487804711180e-01,0.000000000000000000e+00,0.000000000000000000e+00
9.365527457194668948e-01,0.000000000000000000e+00,0.000000000000000000e+00
9.378617426584626715e-01,0.000000000000000000e+00,0.000000000000000000e+00
9.391707395974584482e-01,0.000000000000000000e+00,0.000000000000000000e+00
9.404797365364541140e-01,0.000000000000000000e+00,0.000000000000000000e+00
9.417887334754498907e-01,0.000000000000000000e+00,0.000000000000000000e+00
9.430977304144456674e-01,-1.220588705871878847e+04,-2.441177411743757693e+04
9.444067273534414442e-01,-2.037639927391477249e+04,-4.075279854782954499e+04
9.457157242924371099e-01,-2.354753756635229001e+04,-4.709507513270458003e+04
9.470247212314328866e-01,-2.397718464565210888e+04,-4.795436929130421777e+04
9.483337181704286634e-01,-2.363516981075861622e+04,-4.727033962151723244e+04
9.496427151094244401e-01,-2.316245732819450859e+04,-4.632491465638901718e+04
9.509517120484201058e-01,-2.300126153307239292e+04,-4.600252306614478584e+04
9.522607089874158826e-01,-2.309688645866575825e+04,-4.619377291733151651e+04
9.535697059264116593e-01,-2.325811075782285479e+04,-4.651622151564570959e+04
9.548787028654074360e-01,-2.341565482426481321e+04,-4.683130964852962643e+04
9.561876998044031017e-01,-2.355615408560237483e+04,-4.711230817120474967e+04
9.574966967433988785e-01,-2.372322258759797114e+04,-4.744644517519594228e+04
9.588056936823946552e-01,-2.391687906940719768e+04,-4.783375813881439535e+04
9.601146906213904320e-01,-2.409234433959208764e+04,-4.818468867918417527e+04
9.614236875603860977e-01,-2.424390430117933647e+04,-4.848780860235867294e+04
9.627326844993818744e-01,-2.096023715803357118e+04,-4.879732497202017839e+04
9.640416814383776511e-01,-1.552161884987939447e+04,-4.909312290863614908e+04
9.653506783773734279e-01,-1.154620651602608814e+04,-4.929784670653876674e+04
9.666596753163690936e-01,-8.677069734713575599e+03,-4.940731201870682708e+04
9.679686722553648703e-01,-6.496431006598555541e+03,-4.948854511359814933e+04
9.692776691943606471e-01,-4.812737848737081549e+03,-4.956515588004655729e+04
9.705866661333564238e-01,-3.577701926516680487e+03,-4.961608315847438644e+04
9.718956630723520895e-01,-2.691028356567140236e+03,-4.964534091586721479e+04
9.732046600113478663e-01,-2.020103255737882137e+03,-4.967162674149213854e+04
9.745136569503436430e-01,-1.501113196938847750e+03,-4.969563657438185328e+04
9.758226538893394197e-01,-1.120083210490433885e+03,-4.970987004268313467e+04
9.771316508283350855e-01,-8.466776765122818915e+02,-4.971962483410997811e+04
9.784406477673308622e-01,-6.399196265001450001e+02,-4.973079594992906641e+04
9.797496447063266389e-01,-4.799701866977316058e+02,-4.973905585978441377e+04
9.810586416453224157e-01,-3.625338260013284071e+02,-4.974189838746038004e+04
9.823676385843180814e-01,-2.782778592795866075e+02,-4.974559452477323794e+04
9.836766355233138581e-01,-2.145636908255610535e+02,-4.975214251754261204e+04
9.849856324623096349e-01,-1.652595832176938586e+02,-4.975558409300538915e+04
9.862946294013054116e-01,-1.290439537203976670e+02,-4.975500771595692640e+04
9.876036263403010773e-01,-1.030733561035732748e+02,-4.975697998188080237e+04
9.889126232792968541e-01,-8.344840053572454508e+01,-4.976222562150630256e+04
9.902216202182926308e-01,-6.824301159859345489e+01,-4.976426105621664465e+04
9.915306171572884075e-01,-5.705059330360013803e+01,-4.976270044928606512e+04
9.928396140962840732e-01,-4.904128194862379786e+01,-4.976421120853089087e+04
9.941486110352798500e-01,-4.300882485310351910e+01,-4.976911108135678660e+04
9.954576079742756267e-01,-3.830835696353000230e+01,-4.977076556895740214e+04
9.967666049132714035e-01,-3.481509770445964591e+01,-4.976898673459098791e+04
9.980756018522670692e-01,-3.233156485439253203e+01,-4.977048014879568655e+04
9.993845987912629569e-01,-3.048719542689142514e+01,-4.977540047537286591e+04
1.000693595730258734e+00,-2.902788461153856758e+01,-4.977703427725211077e+04
1.002002592669254399e+00,-2.791467845483618149e+01,-4.977524313991922827e+04
1.003311589608250065e+00,-2.713156137456509498e+01,-4.977676984864843689e+04
1.004620586547245953e+00,-2.656750455978857062e+01,-4.978176983046244277e+04
1.005929583486241619e+00,-2.610353701835454032e+01,-4.978350217795831850e+04
1.007238580425237284e+00,-2.572750458961170494e+01,-4.978179802300806477e+04
1.008547577364232950e+00,-2.546964289454386687e+01,-4.978340019991251029e+04
1.009856574303228838e+00,-2.529647752195147703e+01,-4.978849561297240143e+04
1.011165571242224503e+00,-2.513724995023667574e+01,-4.979034430765221623e+04
1.012474568181220169e+00,-2.498821554060122452e+01,-4.978874742123333272e+04
1.013783565120215835e+00,-2.489101182046047356e+01,-4.979044403062311903e+04
1.015092562059211723e+00,-2.483631082068515283e+01,-4.979564432164394384e+04
1.016401558998207388e+00,-2.477159508826562728e+01,-4.979760618648092350e+04
1.017710555937203054e+00,-2.469543093361148323e+01,-4.979610259016358759e+04
1.019019552876198720e+00,-2.464543740308899800e+01,-4.979788026370606531e+04
1.020328549815194608e+00,-2.462091085919936262e+01,-4.980318812969383725e+04
1.021637546754190273e+00,-2.458376777455348616e+01,-4.980527968116813281e+04
1.022946543693185939e+00,-2.453345207194285749e+01,-4.980388531426773989e+04
1.024255540632181605e+00,-2.449831094605232806e+01,-4.980574605634139880e+04
1.025564537571177492e+00,-2.448004628866850751e+01,-4.981114482948572550e+04
1.026873534510173158e+00,-2.445328047258298909e+01,-4.981333643160244537e+04
1.028182531449168824e+00,-2.441699611578907536e+01,-4.981201721797620121e+04
1.029491528388164490e+00,-2.437697818377153425e+01,-4.981395256381985382e+04
1.030800525327160377e+00,-2.434291654567770635e+01,-4.981948364268513251e+04
1.032109522266156043e+00,-2.432166661794128260e+01,-4.982182812575792923e+04
1.033418519205151709e+00,-2.431145508695803059e+01,-4.982057469096150453e+04
1.034727516144147375e+00,-2.427320763591503194e+01,-4.982250850256203557e+04
1.036036513083143262e+00,-2.421566317372124644e+01,-4.982811396708685061e+04
1.037345510022138928e+00,-2.418738355165989518e+01,-4.983061771941011830e+04
1.038654506961134594e+00,-2.418784750893860291e+01,-4.982948794368813833e+04
1.039963503900130259e+00,-2.415897048380614009e+01,-4.983146930869675271e+04
1.041272500839126147e+00,-2.409985629137984731e+01,-4.983711865240932821e+04
1.042581497778121813e+00,-2.406592831878069205e+01,-4.983970419230328844e+04
1.043890494717117479e+00,-2.405760175209110940e+01,-4.983867231822510803e+04
1.045199491656113144e+00,-2.403073418490943070e+01,-4.984074246648975532e+04
1.046508488595109032e+00,-2.398077030645858443e+01,-4.984645813614654617e+04
1.047817485534104698e+00,-2.394537095982421349e+01,-4.984910098900167941e+04
1.049126482473100364e+00,-2.392511918486001221e+01,-4.984814221782245295e+04
1.050435479412096029e+00,-2.389719987093620546e+01,-4.985029804684603005e+04
1.051744476351091917e+00,-2.385684294012106221e+01,-4.985608237506827572e+04
1.053053473290087583e+00,-2.382045429825657479e+01,-4.985877818574459525e+04
1.054362470229083248e+00,-2.378876056059220190e+01,-4.985788708348367072e+04
1.055671467168078914e+00,-2.376166856311082398e+01,-4.986012025420836289e+04
1.056980464107074802e+00,-2.373298415249053051e+01,-4.986595667765550752e+04
1.058289461046070468e+00,-2.369491401945794351e+01,-4.986868874148109899e+04
1.059598457985066133e+00,-2.364844396388677339e+01,-4.986786596558983001e+04
1.060907454924061799e+00,-2.362000237804026881e+01,-4.987019208464962139e+04
1.062216451863057687e+00,-2.360429860440206085e+01,-4.987608474551858671e+04
1.063525448802053353e+00,-2.356904579059121474e+01,-4.987883327200578788e+04
1.064834445741049018e+00,-2.351452181791641749e+01,-4.987804052849345317e+04
1.066143442680044684e+00,-2.347827579116668062e+01,-4.988043408370742691e+04
1.067452439619040572e+00,-2.346162984691163444e+01,-4.988640407642610080e+04
1.068761436558036237e+00,-2.342948798736315652e+01,-4.988920949869218748e+04
1.070070433497031903e+00,-2.338138913596494817e+01,-4.988844171819402254e+04
1.071379430436027569e+00,-2.334366603810527607e+01,-4.989084736724993854e+04
1.072688427375023457e+00,-2.331892532082650860e+01,-4.989685754156283656e+04
1.073997424314019122e+00,-2.328392017392556568e+01,-4.989972860037473583e+04
1.075306421253014788e+00,-2.323863208233591848e+01,-4.989901456153028266e+04
1.076615418192010454e+00,-2.320469776904621639e+01,-4.990144592128226941e+04
1.077924415131006342e+00,-2.318100622291482082e+01,-4.990747226171111834e+04
1.079233412070002007e+00,-2.314435062375095242e+01,-4.991036746350262547e+04
1.080542409008997673e+00,-2.309494708494557358e+01,-4.990968878653593856e+04
1.081851405947993339e+00,-2.305955509062361486e+01,-4.991216110601941909e+04
1.083160402886989226e+00,-2.303787134566966088e+01,-4.991821975527077302e+04
1.084469399825984892e+00,-2.300309551193861068e+01,-4.992113391940374277e+04
1.085778396764980558e+00,-2.295501662740595350e+01,-4.992046540043098503e+04
1.087087393703976224e+00,-2.291644748334119441e+01,-4.992295171228537947e+04
1.088396390642972111e+00,-2.288988360675755374e+01,-4.992903919431851682e+04
1.089705387581967777e+00,-2.285586503605115993e+01,-4.993198550334256288e+04
1.091014384520963443e+00,-2.281396951801010786e+01,-4.993132816672825720e+04
1.092323381459959108e+00,-2.277522896496607174e+01,-4.993380932858710003e+04
1.093632378398954996e+00,-2.274234363813625848e+01,-4.993990700238625868e+04
1.094941375337950662e+00,-2.270754537926462291e+01,-4.994287884147661680e+04
1.096250372276946328e+00,-2.267051469793599594e+01,-4.994223273279900604e+04
1.097559369215941993e+00,-2.263266013879447058e+01,-4.994470694842634111e+04
1.098868366154937881e+00,-2.259575732247000346e+01,-4.995080465871663910e+04
1.100177363093933547e+00,-2.256042679056066547e+01,-4.995378786316599144e+04
1.101486360032929213e+00,-2.252644343052029896e+01,-4.995314487140787969e+04
1.102795356971924878e+00,-2.248905855797358910e+01,-4.995561018677201355e+04
1.104104353910920766e+00,-2.244950939607662477e+01,-4.996170175858905714e+04
1.105413350849916432e+00,-2.241401556562553310e+01,-4.996468479912100156e+04
1.106722347788912097e+00,-2.238240593108027099e+01,-4.996403661628229020e+04
1.108031344727907763e+00,-2.234549945015612948e+01,-4.996648890687210223e+04
1.109340341666903651e+00,-2.230410665765781175e+01,-4.997256716257864173e+04
1.110649338605899317e+00,-2.226843851137112651e+01,-4.997553935780842585e+04
1.111958335544894982e+00,-2.223840656288024320e+01,-4.997487867657149764e+04
1.113267332483890648e+00,-2.220228476542769513e+01,-4.997731383670780633e+04
1.114576329422886536e+00,-2.216026545644956514e+01,-4.998337089198785543e+04
1.115885326361882202e+00,-2.212435353974328578e+01,-4.998632105606140249e+04
1.117194323300877867e+00,-2.209457080142972529e+01,-4.998564104371143912e+04
1.118503320239873533e+00,-2.205945701594884056e+01,-4.998805604806862539e+04
1.119812317178869421e+00,-2.201846699938825935e+01,-4.999408423554588808e+04
1.121121314117865087e+00,-2.198242369399640239e+01,-4.999700031427835347e+04
1.122430311056860752e+00,-2.195145052630549287e+01,-4.999629314290466573e+04
1.123739307995856418e+00,-2.191724010404842460e+01,-4.999868498537354026e+04
1.125048304934852306e+00,-2.187870566812380702e+01,-5.000467802180606668e+04
1.126357301873847971e+00,-2.184283779642053247e+01,-5.000754940590957995e+04
1.127666298812843637e+00,-2.180981958169864754e+01,-5.000680677488585206e+04
1.128975295751839303e+00,-2.177638768547052450e+01,-5.000917058968237689e+04
1.130284292690835191e+00,-2.174114538906623295e+01,-5.001512186505905993e+04
1.131593289629830856e+00,-2.170565509138039673e+01,-5.001793936856295477e+04
1.132902286568826522e+00,-2.167013510740979143e+01,-5.001715379752146691e+04
1.134211283507822188e+00,-2.163747814800212410e+01,-5.001948432737051917e+04
1.135520280446818076e+00,-2.160610378513580088e+01,-5.002538713332206680e+04
1.136829277385813741e+00,-2.157118029473499377e+01,-5.002814206160861067e+04
1.138138274324809407e+00,-2.153293991010089670e+01,-5.002730588303456898e+04
1.139447271263805073e+00,-2.150102738084793330e+01,-5.002959719611611945e+04
1.140756268202800960e+00,-2.147380856301681717e+01,-5.003544517202781572e+04
1.142065265141796626e+00,-2.143960322552016606e+01,-5.003813003261572885e+04
1.143374262080792292e+00,-2.139864348978965936e+01,-5.003723593695717864e+04
1.144683259019787958e+00,-2.136754693801091065e+01,-5.003948137095134007e+04
1.145992255958783845e+00,-2.134467304726731030e+01,-5.004526782967919280e+04
1.147301252897779511e+00,-2.131130544986351438e+01,-5.004787565770879155e+04
1.148610249836775177e+00,-2.126766907869964029e+01,-5.004691685229563882e+04
1.149919246775770842e+00,-2.123740239583497669e+01,-5.004911001220507023e+04
1.151228243714766730e+00,-2.121897761097078217e+01,-5.005482864680930652e+04
1.152537240653762396e+00,-2.118674727149922177e+01,-5.005735266111156670e+04
1.153846237592758062e+00,-2.114089007317988234e+01,-5.005632138991993270e+04
1.155155234531753727e+00,-2.111112564679373449e+01,-5.005845500306074973e+04
1.156464231470749615e+00,-2.109646917028425506e+01,-5.006410111692223290e+04
1.157773228409745281e+00,-2.106584268263540238e+01,-5.006653731785654236e+04
1.159082225348740947e+00,-2.101930841740872680e+01,-5.006542576658332837e+04
1.160391222287736612e+00,-2.098990766160781618e+01,-5.006748960492482001e+04
1.161700219226732500e+00,-2.097746034297444595e+01,-5.007305716929717164e+04
1.163009216165728166e+00,-2.094856583239115011e+01,-5.007540331971333217e+04
1.164318213104723831e+00,-2.090317797371415054e+01,-5.007420635635363578e+04
1.165627210043719497e+00,-2.087469853499863603e+01,-5.007619153388489212e+04
1.166936206982715385e+00,-2.086352775799686654e+01,-5.008167352586240304e+04
1.168245203921711051e+00,-2.083657810295096979e+01,-5.008392517667524953e+04
1.169554200860706716e+00,-2.079372931777793809e+01,-5.008263611649720406e+04
1.170863197799702382e+00,-2.076648809765644543e+01,-5.008453484618458606e+04
1.172172194738698270e+00,-2.075617256623217344e+01,-5.008992806178842147e+04
1.173481191677693936e+00,-2.073262304550568658e+01,-5.009208419323126873e+04
1.174790188616689601e+00,-2.069559027545166074e+01,-5.009069514799053286e+04
1.176099185555685267e+00,-2.067090844499918845e+01,-5.009249427653785824e+04
1.177408182494681155e+00,-2.066132379518915130e+01,-5.009779235414256982e+04
1.178717179433676820e+00,-2.064411993637179776e+01,-5.009985439232109638e+04
1.180026176372672486e+00,-2.061905736247361887e+01,-5.009836478431967407e+04
1.181335173311668152e+00,-2.060338187142410860e+01,-5.010005708654893533e+04
1.182644170250664040e+00,-2.060115096646455513e+01,-5.010525032606402237e+04
1.183953167189659705e+00,-2.059991027037993305e+01,-5.010721058072450251e+04
1.185262164128655371e+00,-2.059983461109124292e+01,-5.010561588073081657e+04
1.186571161067651037e+00,-2.061037171583749839e+01,-5.010720022447454539e+04
1.187880158006646925e+00,-2.063967280042692565e+01,-5.011228876615282934e+04
1.189189154945642590e+00,-2.068810316194278442e+01,-5.011414525370200863e+04
1.190498151884638256e+00,-2.075701266407110879e+01,-5.011243811417466350e+04
1.191807148823633922e+00,-2.084939204295908155e+01,-5.011390550591168721e+04
1.193116145762629809e+00,-2.098662319194173165e+01,-5.011888778584467218e+04
1.194425142701625475e+00,-2.119190200624544573e+01,-5.012064595972525422e+04
1.195734139640621141e+00,-2.147065770256315176e+01,-5.011883056442482484e+04
1.197043136579616807e+00,-2.182930391748956467e+01,-5.012018129016362946e+04
1.198352133518612694e+00,-2.232919736347079009e+01,-5.012505958902985731e+04
1.199661130457608360e+00,-2.303930456123677573e+01,-5.012672802794424206e+04
1.200970127396604026e+00,-2.397868549789619408e+01,-5.012481901594836381e+04
1.202279124335599692e+00,-2.520180200798309045e+01,-5.012607383926764305e+04
1.203588121274595579e+00,-2.689851913366661762e+01,-5.013087634712478030e+04
1.204897118213591245e+00,-2.924717776765282906e+01,-5.013249249710053846e+04
1.206206115152586911e+00,-3.231112512712328311e+01,-5.013053758888127777e+04
1.207515112091582576e+00,-3.634176834337186079e+01,-5.013176865547220223e+04
1.208824109030578464e+00,-4.194889803038263665e+01,-5.013661047049507761e+04
1.210133105969574130e+00,-4.962757895924391960e+01,-5.013832267571783450e+04
1.211442102908569796e+00,-5.958461739200384955e+01,-5.013647305403479550e+04
1.212751099847565461e+00,-7.274182331104499610e+01,-5.013789239795286267e+04
1.214060096786561349e+00,-9.107978875254194406e+01,-5.014315848539672152e+04
1.215369093725557015e+00,-1.160997628673156754e+02,-5.014549001559958560e+04
1.216678090664552681e+00,-1.484745818585585653e+02,-5.014425659293363424e+04
1.217987087603548346e+00,-1.913206454264804961e+02,-5.014654321298161085e+04
1.219296084542544234e+00,-2.510823562037374472e+02,-5.015348708325996995e+04
1.220605081481539900e+00,-3.325252471609735494e+02,-5.015816131385681365e+04
1.221914078420535565e+00,-4.378373254787388760e+02,-5.015921506306748779e+04
1.223223075359531231e+00,-5.772821013097550349e+02,-5.016457258734537754e+04
1.224532072298527119e+00,-7.718343323557089661e+02,-5.017728144100365898e+04
1.225841069237522785e+00,-1.036873164029953159e+03,-5.018992777812088752e+04
1.227150066176518450e+00,-1.379508302003823474e+03,-5.019871091441465978e+04
1.228459063115514116e+00,-1.833322214225180687e+03,-5.021423311511632346e+04
1.229768060054510004e+00,-2.466592700061193682e+03,-5.024580322874906415e+04
1.231077056993505670e+00,-3.329114958373761510e+03,-5.028448189967742655e+04
1.232386053932501335e+00,-4.443944278768240110e+03,-5.031853111929874285e+04
1.233695050871497001e+00,-5.915551677794514035e+03,-5.036701167568886012e+04
1.235004047810492889e+00,-7.965650936802408069e+03,-5.046303136005702981e+04
1.236313044749488554e+00,-1.077645261041974118e+04,-5.060163451173160138e+04
1.237622041688484220e+00,-1.445567710784112387e+04,-5.075518404220716184e+04
1.238931038627479886e+00,-1.933880712657993354e+04,-5.096460638470652339e+04
1.240240035566475774e+00,-2.564908136414019100e+04,-5.129816272828038200e+04
1.241549032505471439e+00,-2.585463083267514958e+04,-5.170926166535029915e+04
1.242858029444467105e+00,-2.603981107523722676e+04,-5.207962215047445352e+04
1.244167026383462771e+00,-2.620082740927244959e+04,-5.240165481854489917e+04
1.245476023322458659e+00,-2.638871755712796585e+04,-5.277743511425593169e+04
1.246785020261454324e+00,-2.660746429178879407e+04,-5.321492858357758814e+04
1.248094017200449990e+00,-2.681538845535232394e+04,-5.363077691070464789e+04
1.249403014139445656e+00,-2.709458701392175499e+04,-5.418917402784350998e+04
1.250712011078441543e+00,-2.756658506609432879e+04,-5.513317013218865759e+04
1.252021008017437209e+00,-2.811257107376266504e+04,-5.622514214752533007e+04
1.253330004956432875e+00,-2.846557233861137138e+04,-5.693114467722274276e+04
1.254639001895432537e+00,-2.752602216606783986e+04,-5.505204433213567972e+04
1.255947998834428203e+00,-2.253734061705070781e+04,-4.507468123410141561e+04
