# Exudyn: solution of belt drive, slip and gap over belt length
# Exudyn output file
# Exudyn version=1.2.34.dev1
# endTime=2.45
# stepSize=1e-05
# nSegments=4
# nANCFnodes=240
# contactStiffnessPerArea=100000000.0
# frictionStiffnessPerArea=100000000.0
# contactStiffness=418879.02047863905
# frictionStiffness=523598.7755982988
# contactDamping=8.377580409572781
# frictionVelocityPenalty=33.70609928242229
# dryFriction=0.5
# 
1.249955122907486782e-03,0.000000000000000000e+00,-4.403233535968387180e-06
2.558952061903374542e-03,0.000000000000000000e+00,0.000000000000000000e+00
3.867949000899040257e-03,0.000000000000000000e+00,0.000000000000000000e+00
5.176945939894705973e-03,0.000000000000000000e+00,0.000000000000000000e+00
6.485942878890371688e-03,0.000000000000000000e+00,0.000000000000000000e+00
7.794939817886259448e-03,0.000000000000000000e+00,0.000000000000000000e+00
9.103936756881925163e-03,0.000000000000000000e+00,0.000000000000000000e+00
1.041293369587759088e-02,0.000000000000000000e+00,0.000000000000000000e+00
1.172193063487325659e-02,0.000000000000000000e+00,0.000000000000000000e+00
1.303092757386914435e-02,0.000000000000000000e+00,0.000000000000000000e+00
1.433992451286481007e-02,0.000000000000000000e+00,0.000000000000000000e+00
1.564892145186047578e-02,0.000000000000000000e+00,0.000000000000000000e+00
1.695791839085614150e-02,0.000000000000000000e+00,0.000000000000000000e+00
1.826691532985202926e-02,0.000000000000000000e+00,0.000000000000000000e+00
1.957591226884769497e-02,0.000000000000000000e+00,0.000000000000000000e+00
2.088490920784336069e-02,0.000000000000000000e+00,0.000000000000000000e+00
2.219390614684302321e-02,0.000000000000000000e+00,0.000000000000000000e+00
2.350290308583891097e-02,0.000000000000000000e+00,0.000000000000000000e+00
2.481190002483457668e-02,0.000000000000000000e+00,0.000000000000000000e+00
2.612089696383024240e-02,0.000000000000000000e+00,0.000000000000000000e+00
2.742989390282613016e-02,0.000000000000000000e+00,0.000000000000000000e+00
2.873889084182179587e-02,0.000000000000000000e+00,0.000000000000000000e+00
3.004788778081746159e-02,0.000000000000000000e+00,0.000000000000000000e+00
3.135688471981334935e-02,0.000000000000000000e+00,0.000000000000000000e+00
3.266588165880901506e-02,0.000000000000000000e+00,0.000000000000000000e+00
3.397487859780468078e-02,0.000000000000000000e+00,0.000000000000000000e+00
3.528387553680056854e-02,0.000000000000000000e+00,0.000000000000000000e+00
3.659287247579623426e-02,0.000000000000000000e+00,0.000000000000000000e+00
3.790186941479212202e-02,0.000000000000000000e+00,0.000000000000000000e+00
3.921086635378778773e-02,0.000000000000000000e+00,0.000000000000000000e+00
4.051986329278345345e-02,0.000000000000000000e+00,0.000000000000000000e+00
4.182886023177934121e-02,0.000000000000000000e+00,0.000000000000000000e+00
4.313785717077500692e-02,0.000000000000000000e+00,0.000000000000000000e+00
4.444685410977067264e-02,0.000000000000000000e+00,0.000000000000000000e+00
4.575585104876656040e-02,0.000000000000000000e+00,0.000000000000000000e+00
4.706484798776222611e-02,0.000000000000000000e+00,0.000000000000000000e+00
4.837384492675811387e-02,0.000000000000000000e+00,0.000000000000000000e+00
4.968284186575377959e-02,0.000000000000000000e+00,0.000000000000000000e+00
5.099183880474944530e-02,0.000000000000000000e+00,0.000000000000000000e+00
5.230083574374533306e-02,0.000000000000000000e+00,0.000000000000000000e+00
5.360983268274099878e-02,0.000000000000000000e+00,0.000000000000000000e+00
5.491882962173666449e-02,0.000000000000000000e+00,0.000000000000000000e+00
5.622782656073255225e-02,0.000000000000000000e+00,0.000000000000000000e+00
5.753682349972821797e-02,0.000000000000000000e+00,0.000000000000000000e+00
5.884582043872388368e-02,0.000000000000000000e+00,0.000000000000000000e+00
6.015481737771977144e-02,0.000000000000000000e+00,0.000000000000000000e+00
6.146381431671543716e-02,0.000000000000000000e+00,0.000000000000000000e+00
6.277281125571132492e-02,0.000000000000000000e+00,0.000000000000000000e+00
6.408180819470699063e-02,0.000000000000000000e+00,0.000000000000000000e+00
6.539080513370265635e-02,0.000000000000000000e+00,0.000000000000000000e+00
6.669980207269854411e-02,0.000000000000000000e+00,0.000000000000000000e+00
6.800879901169420982e-02,0.000000000000000000e+00,0.000000000000000000e+00
6.931779595068987554e-02,0.000000000000000000e+00,0.000000000000000000e+00
7.062679288968576330e-02,0.000000000000000000e+00,0.000000000000000000e+00
7.193578982868142901e-02,0.000000000000000000e+00,0.000000000000000000e+00
7.324478676767709473e-02,0.000000000000000000e+00,0.000000000000000000e+00
7.455378370667298249e-02,0.000000000000000000e+00,0.000000000000000000e+00
7.586278064566864821e-02,0.000000000000000000e+00,0.000000000000000000e+00
7.717177758466453596e-02,0.000000000000000000e+00,0.000000000000000000e+00
7.848077452366020168e-02,0.000000000000000000e+00,0.000000000000000000e+00
7.978977146265586740e-02,0.000000000000000000e+00,0.000000000000000000e+00
8.109876840165175516e-02,0.000000000000000000e+00,0.000000000000000000e+00
8.240776534064742087e-02,0.000000000000000000e+00,0.000000000000000000e+00
8.371676227964308659e-02,0.000000000000000000e+00,0.000000000000000000e+00
8.502575921863897435e-02,0.000000000000000000e+00,0.000000000000000000e+00
8.633475615763464006e-02,0.000000000000000000e+00,0.000000000000000000e+00
8.764375309663030578e-02,0.000000000000000000e+00,0.000000000000000000e+00
8.895275003562619354e-02,0.000000000000000000e+00,0.000000000000000000e+00
9.026174697462185925e-02,0.000000000000000000e+00,0.000000000000000000e+00
9.157074391361774701e-02,0.000000000000000000e+00,0.000000000000000000e+00
9.287974085261341273e-02,0.000000000000000000e+00,0.000000000000000000e+00
9.418873779160907844e-02,0.000000000000000000e+00,0.000000000000000000e+00
9.549773473060496620e-02,0.000000000000000000e+00,0.000000000000000000e+00
9.680673166960063192e-02,0.000000000000000000e+00,0.000000000000000000e+00
9.811572860859629763e-02,0.000000000000000000e+00,0.000000000000000000e+00
9.942472554759218539e-02,0.000000000000000000e+00,0.000000000000000000e+00
1.007337224865878511e-01,0.000000000000000000e+00,0.000000000000000000e+00
1.020427194255835168e-01,0.000000000000000000e+00,0.000000000000000000e+00
1.033517163645794046e-01,0.000000000000000000e+00,0.000000000000000000e+00
1.046607133035750703e-01,0.000000000000000000e+00,0.000000000000000000e+00
1.059697102425709581e-01,0.000000000000000000e+00,0.000000000000000000e+00
1.072787071815666238e-01,0.000000000000000000e+00,0.000000000000000000e+00
1.085877041205622895e-01,0.000000000000000000e+00,0.000000000000000000e+00
1.098967010595581772e-01,0.000000000000000000e+00,0.000000000000000000e+00
1.112056979985538430e-01,0.000000000000000000e+00,0.000000000000000000e+00
1.125146949375495087e-01,0.000000000000000000e+00,0.000000000000000000e+00
1.138236918765453964e-01,0.000000000000000000e+00,0.000000000000000000e+00
1.151326888155410622e-01,0.000000000000000000e+00,0.000000000000000000e+00
1.164416857545367279e-01,0.000000000000000000e+00,0.000000000000000000e+00
1.177506826935326156e-01,0.000000000000000000e+00,0.000000000000000000e+00
1.190596796325282813e-01,0.000000000000000000e+00,0.000000000000000000e+00
1.203686765715241691e-01,0.000000000000000000e+00,0.000000000000000000e+00
1.216776735105198348e-01,0.000000000000000000e+00,0.000000000000000000e+00
1.229866704495155005e-01,0.000000000000000000e+00,0.000000000000000000e+00
1.242956673885113883e-01,0.000000000000000000e+00,0.000000000000000000e+00
1.256046643275070540e-01,0.000000000000000000e+00,0.000000000000000000e+00
1.269136612665027197e-01,0.000000000000000000e+00,0.000000000000000000e+00
1.282226582054986075e-01,0.000000000000000000e+00,0.000000000000000000e+00
1.295316551444942732e-01,0.000000000000000000e+00,0.000000000000000000e+00
1.308406520834899389e-01,0.000000000000000000e+00,0.000000000000000000e+00
1.321496490224858267e-01,0.000000000000000000e+00,0.000000000000000000e+00
1.334586459614814924e-01,0.000000000000000000e+00,0.000000000000000000e+00
1.347676429004771581e-01,0.000000000000000000e+00,0.000000000000000000e+00
1.360766398394730459e-01,0.000000000000000000e+00,0.000000000000000000e+00
1.373856367784687116e-01,0.000000000000000000e+00,0.000000000000000000e+00
1.386946337174643773e-01,0.000000000000000000e+00,0.000000000000000000e+00
1.400036306564602651e-01,0.000000000000000000e+00,0.000000000000000000e+00
1.413126275954559308e-01,0.000000000000000000e+00,0.000000000000000000e+00
1.426216245344518185e-01,0.000000000000000000e+00,0.000000000000000000e+00
1.439306214734474842e-01,0.000000000000000000e+00,0.000000000000000000e+00
1.452396184124431500e-01,0.000000000000000000e+00,0.000000000000000000e+00
1.465486153514390377e-01,0.000000000000000000e+00,0.000000000000000000e+00
1.478576122904347034e-01,0.000000000000000000e+00,0.000000000000000000e+00
1.491666092294303692e-01,0.000000000000000000e+00,0.000000000000000000e+00
1.504756061684262569e-01,0.000000000000000000e+00,0.000000000000000000e+00
1.517846031074219226e-01,0.000000000000000000e+00,0.000000000000000000e+00
1.530936000464175883e-01,0.000000000000000000e+00,0.000000000000000000e+00
1.544025969854134761e-01,0.000000000000000000e+00,0.000000000000000000e+00
1.557115939244091418e-01,0.000000000000000000e+00,0.000000000000000000e+00
1.570205908634050296e-01,0.000000000000000000e+00,0.000000000000000000e+00
1.583295878024006953e-01,0.000000000000000000e+00,0.000000000000000000e+00
1.596385847413963610e-01,0.000000000000000000e+00,0.000000000000000000e+00
1.609475816803922488e-01,0.000000000000000000e+00,0.000000000000000000e+00
1.622565786193879145e-01,0.000000000000000000e+00,0.000000000000000000e+00
1.635655755583838022e-01,0.000000000000000000e+00,0.000000000000000000e+00
1.648745724973794680e-01,0.000000000000000000e+00,0.000000000000000000e+00
1.661835694363751337e-01,0.000000000000000000e+00,0.000000000000000000e+00
1.674925663753710214e-01,0.000000000000000000e+00,0.000000000000000000e+00
1.688015633143666872e-01,0.000000000000000000e+00,0.000000000000000000e+00
1.701105602533623529e-01,0.000000000000000000e+00,0.000000000000000000e+00
1.714195571923582406e-01,0.000000000000000000e+00,0.000000000000000000e+00
1.727285541313539063e-01,0.000000000000000000e+00,0.000000000000000000e+00
1.740375510703495721e-01,0.000000000000000000e+00,0.000000000000000000e+00
1.753465480093454598e-01,0.000000000000000000e+00,0.000000000000000000e+00
1.766555449483411255e-01,0.000000000000000000e+00,0.000000000000000000e+00
1.779645418873370133e-01,0.000000000000000000e+00,0.000000000000000000e+00
1.792735388263326790e-01,0.000000000000000000e+00,0.000000000000000000e+00
1.805825357653283447e-01,0.000000000000000000e+00,0.000000000000000000e+00
1.818915327043242325e-01,0.000000000000000000e+00,0.000000000000000000e+00
1.832005296433198982e-01,0.000000000000000000e+00,0.000000000000000000e+00
1.845095265823157860e-01,0.000000000000000000e+00,0.000000000000000000e+00
1.858185235213114517e-01,0.000000000000000000e+00,0.000000000000000000e+00
1.871275204603071174e-01,0.000000000000000000e+00,0.000000000000000000e+00
1.884365173993030051e-01,0.000000000000000000e+00,0.000000000000000000e+00
1.897455143382986709e-01,0.000000000000000000e+00,0.000000000000000000e+00
1.910545112772943366e-01,0.000000000000000000e+00,0.000000000000000000e+00
1.923635082162902243e-01,0.000000000000000000e+00,0.000000000000000000e+00
1.936725051552858901e-01,0.000000000000000000e+00,0.000000000000000000e+00
1.949815020942815558e-01,0.000000000000000000e+00,0.000000000000000000e+00
1.962904990332774435e-01,0.000000000000000000e+00,0.000000000000000000e+00
1.975994959722731092e-01,0.000000000000000000e+00,0.000000000000000000e+00
1.989084929112689970e-01,0.000000000000000000e+00,0.000000000000000000e+00
2.002174898502646627e-01,0.000000000000000000e+00,0.000000000000000000e+00
2.015264867892603284e-01,0.000000000000000000e+00,0.000000000000000000e+00
2.028354837282562162e-01,0.000000000000000000e+00,0.000000000000000000e+00
2.041444806672518819e-01,0.000000000000000000e+00,0.000000000000000000e+00
2.054534776062477697e-01,0.000000000000000000e+00,0.000000000000000000e+00
2.067624745452434354e-01,0.000000000000000000e+00,0.000000000000000000e+00
2.080714714842391011e-01,0.000000000000000000e+00,0.000000000000000000e+00
2.093804684232349889e-01,0.000000000000000000e+00,0.000000000000000000e+00
2.106894653622306546e-01,0.000000000000000000e+00,0.000000000000000000e+00
2.119984623012263203e-01,0.000000000000000000e+00,0.000000000000000000e+00
2.133074592402222081e-01,0.000000000000000000e+00,0.000000000000000000e+00
2.146164561792178738e-01,0.000000000000000000e+00,0.000000000000000000e+00
2.159254531182135395e-01,0.000000000000000000e+00,0.000000000000000000e+00
2.172344500572094272e-01,0.000000000000000000e+00,0.000000000000000000e+00
2.185434469962050930e-01,0.000000000000000000e+00,0.000000000000000000e+00
2.198524439352009807e-01,0.000000000000000000e+00,0.000000000000000000e+00
2.211614408741966464e-01,0.000000000000000000e+00,0.000000000000000000e+00
2.224704378131923121e-01,0.000000000000000000e+00,0.000000000000000000e+00
2.237794347521881999e-01,0.000000000000000000e+00,0.000000000000000000e+00
2.250884316911838656e-01,0.000000000000000000e+00,0.000000000000000000e+00
2.263974286301797534e-01,0.000000000000000000e+00,0.000000000000000000e+00
2.277064255691754191e-01,0.000000000000000000e+00,0.000000000000000000e+00
2.290154225081710848e-01,0.000000000000000000e+00,0.000000000000000000e+00
2.303244194471669726e-01,0.000000000000000000e+00,0.000000000000000000e+00
2.316334163861626383e-01,0.000000000000000000e+00,0.000000000000000000e+00
2.329424133251583040e-01,0.000000000000000000e+00,0.000000000000000000e+00
2.342514102641541918e-01,0.000000000000000000e+00,0.000000000000000000e+00
2.355604072031498575e-01,0.000000000000000000e+00,0.000000000000000000e+00
2.368694041421455232e-01,0.000000000000000000e+00,0.000000000000000000e+00
2.381784010811414110e-01,0.000000000000000000e+00,0.000000000000000000e+00
2.394873980201370767e-01,0.000000000000000000e+00,0.000000000000000000e+00
2.407963949591329644e-01,0.000000000000000000e+00,0.000000000000000000e+00
2.421053918981286301e-01,0.000000000000000000e+00,0.000000000000000000e+00
2.434143888371242959e-01,0.000000000000000000e+00,0.000000000000000000e+00
2.447233857761201836e-01,0.000000000000000000e+00,0.000000000000000000e+00
2.460323827151158493e-01,0.000000000000000000e+00,0.000000000000000000e+00
2.473413796541117371e-01,0.000000000000000000e+00,0.000000000000000000e+00
2.486503765931074028e-01,0.000000000000000000e+00,0.000000000000000000e+00
2.499593735321030685e-01,0.000000000000000000e+00,0.000000000000000000e+00
2.512683704710989563e-01,0.000000000000000000e+00,0.000000000000000000e+00
2.525773674100946220e-01,0.000000000000000000e+00,0.000000000000000000e+00
2.538863643490902877e-01,0.000000000000000000e+00,0.000000000000000000e+00
2.551953612880861755e-01,0.000000000000000000e+00,0.000000000000000000e+00
2.565043582270818412e-01,0.000000000000000000e+00,0.000000000000000000e+00
2.578133551660776179e-01,0.000000000000000000e+00,0.000000000000000000e+00
2.591223521050733947e-01,0.000000000000000000e+00,0.000000000000000000e+00
2.604313490440690604e-01,0.000000000000000000e+00,0.000000000000000000e+00
2.617403459830648371e-01,0.000000000000000000e+00,0.000000000000000000e+00
2.630493429220606139e-01,0.000000000000000000e+00,0.000000000000000000e+00
2.643583398610563906e-01,0.000000000000000000e+00,0.000000000000000000e+00
2.656673368000521673e-01,0.000000000000000000e+00,0.000000000000000000e+00
2.669763337390478330e-01,0.000000000000000000e+00,0.000000000000000000e+00
2.682853306780436098e-01,0.000000000000000000e+00,0.000000000000000000e+00
2.695943276170393865e-01,0.000000000000000000e+00,0.000000000000000000e+00
2.709033245560350522e-01,0.000000000000000000e+00,0.000000000000000000e+00
2.722123214950309400e-01,0.000000000000000000e+00,0.000000000000000000e+00
2.735213184340266057e-01,0.000000000000000000e+00,0.000000000000000000e+00
2.748303153730222714e-01,0.000000000000000000e+00,0.000000000000000000e+00
2.761393123120181592e-01,0.000000000000000000e+00,0.000000000000000000e+00
2.774483092510138249e-01,0.000000000000000000e+00,0.000000000000000000e+00
2.787573061900096016e-01,0.000000000000000000e+00,0.000000000000000000e+00
2.800663031290053784e-01,0.000000000000000000e+00,0.000000000000000000e+00
2.813753000680010441e-01,0.000000000000000000e+00,0.000000000000000000e+00
2.826842970069968208e-01,0.000000000000000000e+00,0.000000000000000000e+00
2.839932939459925976e-01,0.000000000000000000e+00,0.000000000000000000e+00
2.853022908849882633e-01,0.000000000000000000e+00,0.000000000000000000e+00
2.866112878239841510e-01,0.000000000000000000e+00,0.000000000000000000e+00
2.879202847629798168e-01,0.000000000000000000e+00,0.000000000000000000e+00
2.892292817019755935e-01,0.000000000000000000e+00,0.000000000000000000e+00
2.905382786409713702e-01,0.000000000000000000e+00,0.000000000000000000e+00
2.918472755799670360e-01,0.000000000000000000e+00,0.000000000000000000e+00
2.931562725189628127e-01,0.000000000000000000e+00,0.000000000000000000e+00
2.944652694579585894e-01,0.000000000000000000e+00,0.000000000000000000e+00
2.957742663969542551e-01,0.000000000000000000e+00,0.000000000000000000e+00
2.970832633359501429e-01,0.000000000000000000e+00,0.000000000000000000e+00
2.983922602749458086e-01,0.000000000000000000e+00,0.000000000000000000e+00
2.997012572139415854e-01,0.000000000000000000e+00,0.000000000000000000e+00
3.010102541529373621e-01,0.000000000000000000e+00,0.000000000000000000e+00
3.023192510919330278e-01,0.000000000000000000e+00,0.000000000000000000e+00
3.036282480309288045e-01,0.000000000000000000e+00,-1.202017591844795064e-05
3.049372449699245813e-01,0.000000000000000000e+00,-1.723207068768384254e-05
3.062462419089202470e-01,0.000000000000000000e+00,-1.994526650549166558e-05
3.075552388479161348e-01,0.000000000000000000e+00,-2.082695364612197064e-05
3.088642357869118005e-01,0.000000000000000000e+00,-2.079907886748388890e-05
3.101732327259075772e-01,0.000000000000000000e+00,-2.067013828718766710e-05
3.114822296649033539e-01,0.000000000000000000e+00,-2.058039196470295984e-05
3.127912266038990197e-01,0.000000000000000000e+00,-2.042772151743255105e-05
3.141002235428947964e-01,0.000000000000000000e+00,-2.027404480911543239e-05
3.154092204818905731e-01,0.000000000000000000e+00,-2.014060911581516677e-05
3.167182174208862389e-01,0.000000000000000000e+00,-1.999451949180608423e-05
3.180272143598821266e-01,0.000000000000000000e+00,-1.983138267373785180e-05
3.193362112988777923e-01,0.000000000000000000e+00,-1.968829359857982020e-05
3.206452082378735691e-01,0.000000000000000000e+00,-1.956700414910972352e-05
3.219542051768693458e-01,0.000000000000000000e+00,-1.942919496482342634e-05
3.232632021158650115e-01,0.000000000000000000e+00,-1.927165932151531091e-05
3.245721990548607883e-01,0.000000000000000000e+00,-1.913083239694912674e-05
3.258811959938565650e-01,0.000000000000000000e+00,-1.901023675193735940e-05
3.271901929328522307e-01,0.000000000000000000e+00,-1.887529894475936665e-05
3.284991898718481185e-01,0.000000000000000000e+00,-1.872333663109626567e-05
3.298081868108437842e-01,0.000000000000000000e+00,-1.858854819772326472e-05
3.311171837498395609e-01,0.000000000000000000e+00,-1.847285726117031679e-05
3.324261806888353377e-01,0.000000000000000000e+00,-1.834172711225046104e-05
3.337351776278310034e-01,0.000000000000000000e+00,-1.819324618740347788e-05
3.350441745668267801e-01,0.000000000000000000e+00,-1.806215488631135457e-05
3.363531715058225569e-01,0.000000000000000000e+00,-1.795079754320083598e-05
3.376621684448182226e-01,0.000000000000000000e+00,-1.782452767286335504e-05
3.389711653838141103e-01,0.000000000000000000e+00,-1.768081041111924101e-05
3.402801623228097760e-01,0.000000000000000000e+00,-1.755363864495984583e-05
3.415891592618055528e-01,0.000000000000000000e+00,-1.744554147264931743e-05
3.428981562008013295e-01,0.000000000000000000e+00,-1.732297956312522924e-05
3.442071531397969952e-01,0.000000000000000000e+00,-1.718349867883828264e-05
3.455161500787927720e-01,0.000000000000000000e+00,-1.706016085542549909e-05
3.468251470177885487e-01,0.000000000000000000e+00,-1.695558618190762257e-05
3.481341439567842144e-01,0.000000000000000000e+00,-1.683727059043071961e-05
3.494431408957801022e-01,0.000000000000000000e+00,-1.670257325792068315e-05
3.507521378347757679e-01,0.000000000000000000e+00,-1.658322479300422536e-05
3.520611347737715446e-01,0.000000000000000000e+00,-1.648150356098332381e-05
3.533701317127673214e-01,0.000000000000000000e+00,-1.636600436671908909e-05
3.546791286517629871e-01,0.000000000000000000e+00,-1.623478427412172742e-05
3.559881255907587638e-01,0.000000000000000000e+00,-1.611944084853322856e-05
3.572971225297545406e-01,0.000000000000000000e+00,-1.602196699598823493e-05
3.586061194687502063e-01,0.000000000000000000e+00,-1.591051308404145548e-05
3.599151164077460940e-01,0.000000000000000000e+00,-1.578279630018442070e-05
3.612241133467417598e-01,0.000000000000000000e+00,-1.567018095931238530e-05
3.625331102857375365e-01,0.000000000000000000e+00,-1.557536020686811629e-05
3.638421072247333132e-01,0.000000000000000000e+00,-1.546768815427479460e-05
3.651511041637289789e-01,0.000000000000000000e+00,-1.534445412305907031e-05
3.664601011027247557e-01,0.000000000000000000e+00,-1.523538233633159322e-05
3.677690980417205324e-01,0.000000000000000000e+00,-1.514299325515444661e-05
3.690780949807161981e-01,0.000000000000000000e+00,-1.503820391154930824e-05
3.703870919197120859e-01,0.000000000000000000e+00,-1.491870228194358550e-05
3.716960888587077516e-01,0.000000000000000000e+00,-1.481319564519689713e-05
3.730050857977035283e-01,0.000000000000000000e+00,-1.472387704844202450e-05
3.743140827366993051e-01,0.000000000000000000e+00,-1.462223274671659023e-05
3.756230796756949708e-01,0.000000000000000000e+00,-1.450607423172933785e-05
3.769320766146907475e-01,0.000000000000000000e+00,-1.440358770579686087e-05
3.782410735536865243e-01,0.000000000000000000e+00,-1.431700743895203409e-05
3.795500704926821900e-01,0.000000000000000000e+00,-1.421843483938312058e-05
3.808590674316780778e-01,0.000000000000000000e+00,-1.410570355633855577e-05
3.821680643706737435e-01,0.000000000000000000e+00,-1.400641908166910810e-05
3.834770613096695202e-01,0.000000000000000000e+00,-1.392266345627557467e-05
3.847860582486652969e-01,0.000000000000000000e+00,-1.382693866149031781e-05
3.860950551876609627e-01,0.000000000000000000e+00,-1.371718941822752669e-05
3.874040521266567394e-01,0.000000000000000000e+00,-1.362072356382582061e-05
3.887130490656525161e-01,0.000000000000000000e+00,-1.353974001422342255e-05
3.900220460046481818e-01,0.000000000000000000e+00,-1.344714752396503066e-05
3.913310429436440696e-01,0.000000000000000000e+00,-1.334065696069475226e-05
3.926400398826397353e-01,0.000000000000000000e+00,-1.324682315798075827e-05
3.939490368216355121e-01,0.000000000000000000e+00,-1.316800995819489284e-05
3.952580337606312888e-01,0.000000000000000000e+00,-1.307817025272828282e-05
3.965670306996269545e-01,0.000000000000000000e+00,-1.297502805730488262e-05
3.978760276386227313e-01,0.000000000000000000e+00,-1.288416233281852730e-05
3.991850245776185080e-01,0.000000000000000000e+00,-1.280770357472982290e-05
4.004940215166141737e-01,0.000000000000000000e+00,-1.272032196499017775e-05
4.018030184556100615e-01,0.000000000000000000e+00,-1.261997195317610121e-05
4.031120153946057272e-01,0.000000000000000000e+00,-1.253177724719334307e-05
4.044210123336015039e-01,0.000000000000000000e+00,-1.245783185938043047e-05
4.057300092725972807e-01,0.000000000000000000e+00,-1.237318074603921403e-05
4.070390062115929464e-01,0.000000000000000000e+00,-1.227568488039454397e-05
4.083480031505887231e-01,0.000000000000000000e+00,-1.218991429240146029e-05
4.096570000895844998e-01,0.000000000000000000e+00,-1.211807036362311241e-05
4.109659970285801656e-01,0.000000000000000000e+00,-1.203593377277489829e-05
4.122749939675760533e-01,0.000000000000000000e+00,-1.194134929349832674e-05
4.135839909065717190e-01,0.000000000000000000e+00,-1.185815350357444231e-05
4.148929878455674958e-01,0.000000000000000000e+00,-1.178844804390621892e-05
4.162019847845632725e-01,0.000000000000000000e+00,-1.170864563480866760e-05
4.175109817235589382e-01,0.000000000000000000e+00,-1.161669197799475306e-05
4.188199786625547150e-01,0.000000000000000000e+00,-1.153590075908539347e-05
4.201289756015504917e-01,0.000000000000000000e+00,-1.146834910517591233e-05
4.214379725405461574e-01,0.000000000000000000e+00,-1.139093766980292521e-05
4.227469694795420452e-01,0.000000000000000000e+00,-1.130158611611919994e-05
4.240559664185377109e-01,0.000000000000000000e+00,-1.122305610698481892e-05
4.253649633575334876e-01,0.000000000000000000e+00,-1.115746834547126642e-05
4.266739602965292644e-01,0.000000000000000000e+00,-1.108235168195692566e-05
4.279829572355249301e-01,0.000000000000000000e+00,-1.099560463356519247e-05
4.292919541745207068e-01,0.000000000000000000e+00,-1.091933162013225544e-05
4.306009511135164836e-01,0.000000000000000000e+00,-1.085562451394461725e-05
4.319099480525121493e-01,0.000000000000000000e+00,-1.078266009345296705e-05
4.332189449915080370e-01,0.000000000000000000e+00,-1.069839036850483982e-05
4.345279419305037027e-01,0.000000000000000000e+00,-1.062433448606459052e-05
4.358369388694994795e-01,0.000000000000000000e+00,-1.056252409056823716e-05
4.371459358084952562e-01,0.000000000000000000e+00,-1.049165580235822404e-05
4.384549327474909219e-01,0.000000000000000000e+00,-1.040972436872067419e-05
4.397639296864866987e-01,0.000000000000000000e+00,-1.033776300943256565e-05
4.410729266254824754e-01,0.000000000000000000e+00,-1.027779917370241769e-05
4.423819235644781411e-01,0.000000000000000000e+00,-1.020901501039284121e-05
4.436909205034740289e-01,0.000000000000000000e+00,-1.012938998025403325e-05
4.449999174424696946e-01,0.000000000000000000e+00,-1.005943528914476914e-05
4.463089143814654713e-01,0.000000000000000000e+00,-1.000119382965625192e-05
4.476179113204612481e-01,0.000000000000000000e+00,-9.934407938186340381e-06
4.489269082594569138e-01,0.000000000000000000e+00,-9.857059377699206593e-06
4.502359051984526905e-01,0.000000000000000000e+00,-9.789099004939294524e-06
4.515449021374484673e-01,0.000000000000000000e+00,-9.732530252895554845e-06
4.528538990764441330e-01,0.000000000000000000e+00,-9.667628205964340360e-06
4.541628960154400207e-01,0.000000000000000000e+00,-9.592432703153797036e-06
4.554718929544356865e-01,0.000000000000000000e+00,-9.526430140197050811e-06
4.567808898934314632e-01,0.000000000000000000e+00,-9.471561792900873300e-06
4.580898868324272399e-01,0.000000000000000000e+00,-9.408496687360323740e-06
4.593988837714229057e-01,0.000000000000000000e+00,-9.335320337394703571e-06
4.607078807104186824e-01,0.000000000000000000e+00,-9.271165479371457074e-06
4.620168776494144591e-01,0.000000000000000000e+00,-9.217967252381220611e-06
4.633258745884101248e-01,0.000000000000000000e+00,-9.156741206620133688e-06
4.646348715274060126e-01,0.000000000000000000e+00,-9.085556271826167318e-06
4.659438684664016783e-01,0.000000000000000000e+00,-9.023161670798640621e-06
4.672528654053974551e-01,0.000000000000000000e+00,-8.971516732042550402e-06
4.685618623443932318e-01,0.000000000000000000e+00,-8.912063319474472500e-06
4.698708592833888975e-01,0.000000000000000000e+00,-8.842856818305766531e-06
4.711798562223846742e-01,0.000000000000000000e+00,-8.782200194901168544e-06
4.724888531613804510e-01,0.000000000000000000e+00,-8.732050881365971406e-06
4.737978501003761167e-01,0.000000000000000000e+00,-8.674303731567856168e-06
4.751068470393720045e-01,0.000000000000000000e+00,-8.607013885261749486e-06
4.764158439783676702e-01,0.000000000000000000e+00,-8.548022501081442570e-06
4.777248409173634469e-01,0.000000000000000000e+00,-8.499300376677010327e-06
4.790338378563592237e-01,0.000000000000000000e+00,-8.443229401203233841e-06
4.803428347953548894e-01,0.000000000000000000e+00,-8.377849898377753846e-06
4.816518317343506661e-01,0.000000000000000000e+00,-8.320489971638811433e-06
4.829608286733464428e-01,0.000000000000000000e+00,-8.273110851761411588e-06
4.842698256123421086e-01,0.000000000000000000e+00,-8.218615385677252583e-06
4.855788225513379963e-01,0.000000000000000000e+00,-8.155077186794423838e-06
4.868878194903336620e-01,0.000000000000000000e+00,-8.099345868664564740e-06
4.881968164293294388e-01,0.000000000000000000e+00,-8.053330645643730357e-06
4.895058133683252155e-01,0.000000000000000000e+00,-8.000356324353030679e-06
4.908148103073208812e-01,0.000000000000000000e+00,-7.938540601340471348e-06
4.921238072463166580e-01,0.000000000000000000e+00,-7.884354623760581049e-06
4.934328041853124347e-01,0.000000000000000000e+00,-7.839692613587079251e-06
4.947418011243081004e-01,0.000000000000000000e+00,-7.788240039052762853e-06
4.960507980633039882e-01,0.000000000000000000e+00,-7.728110345453509389e-06
4.973597950022996539e-01,0.000000000000000000e+00,-7.675395077344493444e-06
4.986687919412954306e-01,0.000000000000000000e+00,-7.632001420926348700e-06
4.999777888802912074e-01,0.000000000000000000e+00,-7.582022171520597098e-06
5.012867858192868731e-01,0.000000000000000000e+00,-7.523568887904397151e-06
5.025957827582826498e-01,0.000000000000000000e+00,-7.472322000240394502e-06
5.039047796972784266e-01,0.000000000000000000e+00,-7.430155930479576121e-06
5.052137766362740923e-01,0.000000000000000000e+00,-7.381550239285439297e-06
5.065227735752699800e-01,0.000000000000000000e+00,-7.324667641958604314e-06
5.078317705142656457e-01,0.000000000000000000e+00,-7.274865394854557188e-06
5.091407674532614225e-01,0.000000000000000000e+00,-7.233979513701638275e-06
5.104497643922571992e-01,0.000000000000000000e+00,-7.186757142479960336e-06
5.117587613312528649e-01,0.000000000000000000e+00,-7.131359209905374641e-06
5.130677582702486417e-01,0.000000000000000000e+00,-7.082852085657509456e-06
5.143767552092444184e-01,0.000000000000000000e+00,-7.043137369586172092e-06
5.156857521482400841e-01,0.000000000000000000e+00,-6.997334055250381546e-06
5.169947490872359719e-01,0.000000000000000000e+00,-6.943527015482175990e-06
5.183037460262316376e-01,0.000000000000000000e+00,-6.896309540330158860e-06
5.196127429652274143e-01,0.000000000000000000e+00,-6.857607696156287069e-06
5.209217399042231911e-01,0.000000000000000000e+00,-6.813069993810705327e-06
5.222307368432188568e-01,0.000000000000000000e+00,-6.760804948310883411e-06
5.235397337822146335e-01,0.000000000000000000e+00,-6.714918842729011850e-06
5.248487307212102992e-01,0.000000000000000000e+00,-6.677293830886776860e-06
5.261577276602060760e-01,0.000000000000000000e+00,-6.634009603281865175e-06
5.274667245992018527e-01,0.000000000000000000e+00,-6.583191925646492138e-06
5.287757215381976295e-01,0.000000000000000000e+00,-6.538521117316342668e-06
5.300847184771932952e-01,0.000000000000000000e+00,-6.501882585455143193e-06
5.313937154161890719e-01,0.000000000000000000e+00,-6.459808936820632397e-06
5.327027123551848486e-01,0.000000000000000000e+00,-6.410463438216718046e-06
5.340117092941806254e-01,0.000000000000000000e+00,-6.367130403875376210e-06
5.353207062331762911e-01,0.000000000000000000e+00,-6.331565038500408527e-06
5.366297031721720678e-01,0.000000000000000000e+00,-6.290555157009714016e-06
5.379387001111678446e-01,0.000000000000000000e+00,-6.242418438620611632e-06
5.392476970501636213e-01,0.000000000000000000e+00,-6.200376263809648236e-06
5.405566939891592870e-01,0.000000000000000000e+00,-6.166077157129801201e-06
5.418656909281550638e-01,0.000000000000000000e+00,-6.125951517471639463e-06
5.431746878671508405e-01,0.000000000000000000e+00,-6.077730348705290275e-06
5.444836848061466172e-01,0.000000000000000000e+00,-6.034066828725093146e-06
5.457926817451422830e-01,0.000000000000000000e+00,-5.997556853654106845e-06
5.471016786841380597e-01,2.028223029988847348e-06,-5.958048792914505398e-06
5.484106756231338364e-01,2.010968090864623248e-06,-5.916465838709528136e-06
5.497196725621296132e-01,1.454936119962488283e-06,-5.887061349602040750e-06
5.510286695011252789e-01,4.786850438150136444e-07,-5.874355584148394094e-06
5.523376664401210556e-01,5.167197676351348301e-07,-5.866763785569717449e-06
5.536466633791168324e-01,8.906152846443332605e-07,-5.857319168203756199e-06
5.549556603181126091e-01,6.048995989764438530e-07,-5.850318261557685418e-06
5.562646572571082748e-01,-1.773446060785582867e-07,-5.847845899964454475e-06
5.575736541961040516e-01,4.291472774711757587e-08,-5.845728944312011954e-06
5.588826511350998283e-01,5.594508342109116850e-07,-5.841462418595955164e-06
5.601916480740956050e-01,3.293655417603569280e-07,-5.838315318237863316e-06
5.615006450130912707e-01,-3.484212507988415641e-07,-5.838432506705126812e-06
5.628096419520870475e-01,-9.850718969695027027e-08,-5.838597100460418687e-06
5.641186388910828242e-01,4.541745920495776634e-07,-5.836129583672300392e-06
5.654276358300786010e-01,2.903433136691724314e-07,-5.833140018951521455e-06
5.667366327690742667e-01,-4.027924138012839439e-07,-5.832316828283112820e-06
5.680456297080700434e-01,-1.455241431733145241e-07,-5.832712630438052770e-06
5.693546266470658201e-01,4.049226787032622621e-07,-5.832298692776127780e-06
5.706636235860615969e-01,1.695417532268650440e-07,-5.832131799957118723e-06
5.719726205250572626e-01,-4.864824785198729185e-07,-5.833382316203228335e-06
5.732816174640530393e-01,-1.629139887195096836e-07,-5.833971809393601049e-06
5.745906144030488161e-01,4.245913096528886044e-07,-5.832385007939477894e-06
5.758996113420445928e-01,2.013071589909709580e-07,-5.831076992771078160e-06
5.772086082810402585e-01,-4.250083969065121536e-07,-5.832147104645191149e-06
5.785176052200360353e-01,-1.673633112028727332e-07,-5.833215130479629806e-06
5.798266021590318120e-01,4.048984388119181155e-07,-5.831984606644025071e-06
5.811355990980275887e-01,2.510470434383127447e-07,-5.830339727175282150e-06
5.824445960370232545e-01,-4.533109788443234756e-07,-5.830362292055801809e-06
5.837535929760190312e-01,-1.712358683042536356e-07,-5.830526640285271789e-06
5.850625899150148079e-01,3.941019619327357226e-07,-5.829265958337548348e-06
5.863715868540105847e-01,2.452785745968300013e-07,-5.828759410783646011e-06
5.876805837930062504e-01,-4.862529564622630751e-07,-5.830657360372804021e-06
5.889895807320020271e-01,-1.540597884611139001e-07,-5.832123646215547907e-06
5.902985776709978039e-01,4.026980690435832955e-07,-5.830753221441886680e-06
5.916075746099935806e-01,1.892161105923606534e-07,-5.828513966896209375e-06
5.929165715489892463e-01,-4.250832805613447007e-07,-5.828158633883195883e-06
5.942255684879850230e-01,-1.116686520613585643e-07,-5.828978906691206774e-06
5.955345654269807998e-01,4.086938498945591469e-07,-5.828923557132936750e-06
5.968435623659765765e-01,2.429074018595045459e-07,-5.828833065629757115e-06
5.981525593049722422e-01,-4.289025074960539641e-07,-5.829666113330023158e-06
5.994615562439680190e-01,-1.474336287776711885e-07,-5.829245170119179420e-06
6.007705531829637957e-01,4.429239766137738066e-07,-5.826228592464843814e-06
6.020795501219595725e-01,3.105383034468500725e-07,-5.823381478892164509e-06
6.033885470609552382e-01,-3.883101092477803107e-07,-5.822980523206844339e-06
6.046975439999510149e-01,-6.011356359220121348e-08,-5.822417690856673822e-06
6.060065409389467916e-01,4.806662187856192148e-07,-5.818863932013917939e-06
6.073155378779425684e-01,3.655575609301520146e-07,-5.813610967880800118e-06
6.086245348169382341e-01,-2.313598425757179555e-07,-5.805605832881477468e-06
6.099335317559340108e-01,1.860837933742587325e-07,-5.801455076517858522e-06
6.112425286949297876e-01,1.003819342329514974e-06,-5.831277700082959647e-06
6.125515256339255643e-01,1.245355571471984391e-06,-5.939180404992971951e-06
6.138605225729212300e-01,1.866880871059795055e-06,-6.359781410655851452e-06
6.151695195119170068e-01,2.780413336178622075e-06,-7.042979356802758772e-06
6.164785164509127835e-01,0.000000000000000000e+00,-7.140857690449142758e-06
6.177875133899085602e-01,0.000000000000000000e+00,-5.687523457004184380e-06
6.190965103289042260e-01,-1.301216891597123393e-07,-1.931573024624433366e-06
6.204055072679000027e-01,0.000000000000000000e+00,0.000000000000000000e+00
6.217145042068957794e-01,0.000000000000000000e+00,0.000000000000000000e+00
6.230235011458915562e-01,0.000000000000000000e+00,0.000000000000000000e+00
6.243324980848872219e-01,0.000000000000000000e+00,0.000000000000000000e+00
6.256414950238829986e-01,0.000000000000000000e+00,0.000000000000000000e+00
6.269504919628787754e-01,0.000000000000000000e+00,0.000000000000000000e+00
6.282594889018745521e-01,0.000000000000000000e+00,0.000000000000000000e+00
6.295684858408702178e-01,0.000000000000000000e+00,0.000000000000000000e+00
6.308774827798659945e-01,0.000000000000000000e+00,0.000000000000000000e+00
6.321864797188617713e-01,0.000000000000000000e+00,0.000000000000000000e+00
6.334954766578575480e-01,0.000000000000000000e+00,0.000000000000000000e+00
6.348044735968532137e-01,0.000000000000000000e+00,0.000000000000000000e+00
6.361134705358489905e-01,0.000000000000000000e+00,0.000000000000000000e+00
6.374224674748447672e-01,0.000000000000000000e+00,0.000000000000000000e+00
6.387314644138405439e-01,0.000000000000000000e+00,0.000000000000000000e+00
6.400404613528362097e-01,0.000000000000000000e+00,0.000000000000000000e+00
6.413494582918319864e-01,0.000000000000000000e+00,0.000000000000000000e+00
6.426584552308277631e-01,0.000000000000000000e+00,0.000000000000000000e+00
6.439674521698235399e-01,0.000000000000000000e+00,0.000000000000000000e+00
6.452764491088192056e-01,0.000000000000000000e+00,0.000000000000000000e+00
6.465854460478149823e-01,0.000000000000000000e+00,0.000000000000000000e+00
6.478944429868107591e-01,0.000000000000000000e+00,0.000000000000000000e+00
6.492034399258065358e-01,0.000000000000000000e+00,0.000000000000000000e+00
6.505124368648022015e-01,0.000000000000000000e+00,0.000000000000000000e+00
6.518214338037979783e-01,0.000000000000000000e+00,0.000000000000000000e+00
6.531304307427937550e-01,0.000000000000000000e+00,0.000000000000000000e+00
6.544394276817895317e-01,0.000000000000000000e+00,0.000000000000000000e+00
6.557484246207851974e-01,0.000000000000000000e+00,0.000000000000000000e+00
6.570574215597809742e-01,0.000000000000000000e+00,0.000000000000000000e+00
6.583664184987767509e-01,0.000000000000000000e+00,0.000000000000000000e+00
6.596754154377725277e-01,0.000000000000000000e+00,0.000000000000000000e+00
6.609844123767681934e-01,0.000000000000000000e+00,0.000000000000000000e+00
6.622934093157639701e-01,0.000000000000000000e+00,0.000000000000000000e+00
6.636024062547597469e-01,0.000000000000000000e+00,0.000000000000000000e+00
6.649114031937555236e-01,0.000000000000000000e+00,0.000000000000000000e+00
6.662204001327511893e-01,0.000000000000000000e+00,0.000000000000000000e+00
6.675293970717469660e-01,0.000000000000000000e+00,0.000000000000000000e+00
6.688383940107427428e-01,0.000000000000000000e+00,0.000000000000000000e+00
6.701473909497385195e-01,0.000000000000000000e+00,0.000000000000000000e+00
6.714563878887341852e-01,0.000000000000000000e+00,0.000000000000000000e+00
6.727653848277299620e-01,0.000000000000000000e+00,0.000000000000000000e+00
6.740743817667257387e-01,0.000000000000000000e+00,0.000000000000000000e+00
6.753833787057215154e-01,0.000000000000000000e+00,0.000000000000000000e+00
6.766923756447171812e-01,0.000000000000000000e+00,0.000000000000000000e+00
6.780013725837129579e-01,0.000000000000000000e+00,0.000000000000000000e+00
6.793103695227087346e-01,0.000000000000000000e+00,0.000000000000000000e+00
6.806193664617045114e-01,0.000000000000000000e+00,0.000000000000000000e+00
6.819283634007001771e-01,0.000000000000000000e+00,0.000000000000000000e+00
6.832373603396959538e-01,0.000000000000000000e+00,0.000000000000000000e+00
6.845463572786917306e-01,0.000000000000000000e+00,0.000000000000000000e+00
6.858553542176875073e-01,0.000000000000000000e+00,0.000000000000000000e+00
6.871643511566831730e-01,0.000000000000000000e+00,0.000000000000000000e+00
6.884733480956789498e-01,0.000000000000000000e+00,0.000000000000000000e+00
6.897823450346747265e-01,0.000000000000000000e+00,0.000000000000000000e+00
6.910913419736705032e-01,0.000000000000000000e+00,0.000000000000000000e+00
6.924003389126661689e-01,0.000000000000000000e+00,0.000000000000000000e+00
6.937093358516619457e-01,0.000000000000000000e+00,0.000000000000000000e+00
6.950183327906577224e-01,0.000000000000000000e+00,0.000000000000000000e+00
6.963273297296534992e-01,0.000000000000000000e+00,0.000000000000000000e+00
6.976363266686491649e-01,0.000000000000000000e+00,0.000000000000000000e+00
6.989453236076449416e-01,0.000000000000000000e+00,0.000000000000000000e+00
7.002543205466407183e-01,0.000000000000000000e+00,0.000000000000000000e+00
7.015633174856364951e-01,0.000000000000000000e+00,0.000000000000000000e+00
7.028723144246321608e-01,0.000000000000000000e+00,0.000000000000000000e+00
7.041813113636279375e-01,0.000000000000000000e+00,0.000000000000000000e+00
7.054903083026237143e-01,0.000000000000000000e+00,0.000000000000000000e+00
7.067993052416194910e-01,0.000000000000000000e+00,0.000000000000000000e+00
7.081083021806151567e-01,0.000000000000000000e+00,0.000000000000000000e+00
7.094172991196109335e-01,0.000000000000000000e+00,0.000000000000000000e+00
7.107262960586067102e-01,0.000000000000000000e+00,0.000000000000000000e+00
7.120352929976024869e-01,0.000000000000000000e+00,0.000000000000000000e+00
7.133442899365981527e-01,0.000000000000000000e+00,0.000000000000000000e+00
7.146532868755939294e-01,0.000000000000000000e+00,0.000000000000000000e+00
7.159622838145897061e-01,0.000000000000000000e+00,0.000000000000000000e+00
7.172712807535854829e-01,0.000000000000000000e+00,0.000000000000000000e+00
7.185802776925811486e-01,0.000000000000000000e+00,0.000000000000000000e+00
7.198892746315769253e-01,0.000000000000000000e+00,0.000000000000000000e+00
7.211982715705727021e-01,0.000000000000000000e+00,0.000000000000000000e+00
7.225072685095684788e-01,0.000000000000000000e+00,0.000000000000000000e+00
7.238162654485641445e-01,0.000000000000000000e+00,0.000000000000000000e+00
7.251252623875599213e-01,0.000000000000000000e+00,0.000000000000000000e+00
7.264342593265556980e-01,0.000000000000000000e+00,0.000000000000000000e+00
7.277432562655514747e-01,0.000000000000000000e+00,0.000000000000000000e+00
7.290522532045471404e-01,0.000000000000000000e+00,0.000000000000000000e+00
7.303612501435429172e-01,0.000000000000000000e+00,0.000000000000000000e+00
7.316702470825386939e-01,0.000000000000000000e+00,0.000000000000000000e+00
7.329792440215344707e-01,0.000000000000000000e+00,0.000000000000000000e+00
7.342882409605301364e-01,0.000000000000000000e+00,0.000000000000000000e+00
7.355972378995259131e-01,0.000000000000000000e+00,0.000000000000000000e+00
7.369062348385216898e-01,0.000000000000000000e+00,0.000000000000000000e+00
7.382152317775174666e-01,0.000000000000000000e+00,0.000000000000000000e+00
7.395242287165131323e-01,0.000000000000000000e+00,0.000000000000000000e+00
7.408332256555089090e-01,0.000000000000000000e+00,0.000000000000000000e+00
7.421422225945046858e-01,0.000000000000000000e+00,0.000000000000000000e+00
7.434512195335004625e-01,0.000000000000000000e+00,0.000000000000000000e+00
7.447602164724961282e-01,0.000000000000000000e+00,0.000000000000000000e+00
7.460692134114919050e-01,0.000000000000000000e+00,0.000000000000000000e+00
7.473782103504876817e-01,0.000000000000000000e+00,0.000000000000000000e+00
7.486872072894834584e-01,0.000000000000000000e+00,0.000000000000000000e+00
7.499962042284791242e-01,0.000000000000000000e+00,0.000000000000000000e+00
7.513052011674749009e-01,0.000000000000000000e+00,0.000000000000000000e+00
7.526141981064706776e-01,0.000000000000000000e+00,0.000000000000000000e+00
7.539231950454664544e-01,0.000000000000000000e+00,0.000000000000000000e+00
7.552321919844621201e-01,0.000000000000000000e+00,0.000000000000000000e+00
7.565411889234578968e-01,0.000000000000000000e+00,0.000000000000000000e+00
7.578501858624536736e-01,0.000000000000000000e+00,0.000000000000000000e+00
7.591591828014494503e-01,0.000000000000000000e+00,0.000000000000000000e+00
7.604681797404451160e-01,0.000000000000000000e+00,0.000000000000000000e+00
7.617771766794408927e-01,0.000000000000000000e+00,0.000000000000000000e+00
7.630861736184366695e-01,0.000000000000000000e+00,0.000000000000000000e+00
7.643951705574324462e-01,0.000000000000000000e+00,0.000000000000000000e+00
7.657041674964281119e-01,0.000000000000000000e+00,0.000000000000000000e+00
7.670131644354238887e-01,0.000000000000000000e+00,0.000000000000000000e+00
7.683221613744196654e-01,0.000000000000000000e+00,0.000000000000000000e+00
7.696311583134154422e-01,0.000000000000000000e+00,0.000000000000000000e+00
7.709401552524111079e-01,0.000000000000000000e+00,0.000000000000000000e+00
7.722491521914068846e-01,0.000000000000000000e+00,0.000000000000000000e+00
7.735581491304026613e-01,0.000000000000000000e+00,0.000000000000000000e+00
7.748671460693984381e-01,0.000000000000000000e+00,0.000000000000000000e+00
7.761761430083941038e-01,0.000000000000000000e+00,0.000000000000000000e+00
7.774851399473898805e-01,0.000000000000000000e+00,0.000000000000000000e+00
7.787941368863856573e-01,0.000000000000000000e+00,0.000000000000000000e+00
7.801031338253814340e-01,0.000000000000000000e+00,0.000000000000000000e+00
7.814121307643770997e-01,0.000000000000000000e+00,0.000000000000000000e+00
7.827211277033728765e-01,0.000000000000000000e+00,0.000000000000000000e+00
7.840301246423686532e-01,0.000000000000000000e+00,0.000000000000000000e+00
7.853391215813644299e-01,0.000000000000000000e+00,0.000000000000000000e+00
7.866481185203600957e-01,0.000000000000000000e+00,0.000000000000000000e+00
7.879571154593558724e-01,0.000000000000000000e+00,0.000000000000000000e+00
7.892661123983516491e-01,0.000000000000000000e+00,0.000000000000000000e+00
7.905751093373474259e-01,0.000000000000000000e+00,0.000000000000000000e+00
7.918841062763430916e-01,0.000000000000000000e+00,0.000000000000000000e+00
7.931931032153388683e-01,0.000000000000000000e+00,0.000000000000000000e+00
7.945021001543346451e-01,0.000000000000000000e+00,0.000000000000000000e+00
7.958110970933304218e-01,0.000000000000000000e+00,0.000000000000000000e+00
7.971200940323260875e-01,0.000000000000000000e+00,0.000000000000000000e+00
7.984290909713218642e-01,0.000000000000000000e+00,0.000000000000000000e+00
7.997380879103176410e-01,0.000000000000000000e+00,0.000000000000000000e+00
8.010470848493134177e-01,0.000000000000000000e+00,0.000000000000000000e+00
8.023560817883090834e-01,0.000000000000000000e+00,0.000000000000000000e+00
8.036650787273048602e-01,0.000000000000000000e+00,0.000000000000000000e+00
8.049740756663006369e-01,0.000000000000000000e+00,0.000000000000000000e+00
8.062830726052964136e-01,0.000000000000000000e+00,0.000000000000000000e+00
8.075920695442920794e-01,0.000000000000000000e+00,0.000000000000000000e+00
8.089010664832878561e-01,0.000000000000000000e+00,0.000000000000000000e+00
8.102100634222836328e-01,0.000000000000000000e+00,0.000000000000000000e+00
8.115190603612794096e-01,0.000000000000000000e+00,0.000000000000000000e+00
8.128280573002750753e-01,0.000000000000000000e+00,0.000000000000000000e+00
8.141370542392708520e-01,0.000000000000000000e+00,0.000000000000000000e+00
8.154460511782666288e-01,0.000000000000000000e+00,0.000000000000000000e+00
8.167550481172624055e-01,0.000000000000000000e+00,0.000000000000000000e+00
8.180640450562580712e-01,0.000000000000000000e+00,0.000000000000000000e+00
8.193730419952538480e-01,0.000000000000000000e+00,0.000000000000000000e+00
8.206820389342496247e-01,0.000000000000000000e+00,0.000000000000000000e+00
8.219910358732454014e-01,0.000000000000000000e+00,0.000000000000000000e+00
8.233000328122410671e-01,0.000000000000000000e+00,0.000000000000000000e+00
8.246090297512368439e-01,0.000000000000000000e+00,0.000000000000000000e+00
8.259180266902326206e-01,0.000000000000000000e+00,0.000000000000000000e+00
8.272270236292283974e-01,0.000000000000000000e+00,0.000000000000000000e+00
8.285360205682240631e-01,0.000000000000000000e+00,0.000000000000000000e+00
8.298450175072198398e-01,0.000000000000000000e+00,0.000000000000000000e+00
8.311540144462156166e-01,0.000000000000000000e+00,0.000000000000000000e+00
8.324630113852113933e-01,0.000000000000000000e+00,0.000000000000000000e+00
8.337720083242070590e-01,0.000000000000000000e+00,0.000000000000000000e+00
8.350810052632028357e-01,0.000000000000000000e+00,0.000000000000000000e+00
8.363900022021986125e-01,0.000000000000000000e+00,0.000000000000000000e+00
8.376989991411943892e-01,0.000000000000000000e+00,0.000000000000000000e+00
8.390079960801900549e-01,0.000000000000000000e+00,0.000000000000000000e+00
8.403169930191858317e-01,0.000000000000000000e+00,0.000000000000000000e+00
8.416259899581816084e-01,0.000000000000000000e+00,0.000000000000000000e+00
8.429349868971773851e-01,0.000000000000000000e+00,0.000000000000000000e+00
8.442439838361730509e-01,0.000000000000000000e+00,0.000000000000000000e+00
8.455529807751688276e-01,0.000000000000000000e+00,0.000000000000000000e+00
8.468619777141646043e-01,0.000000000000000000e+00,0.000000000000000000e+00
8.481709746531603811e-01,0.000000000000000000e+00,0.000000000000000000e+00
8.494799715921560468e-01,0.000000000000000000e+00,0.000000000000000000e+00
8.507889685311518235e-01,0.000000000000000000e+00,0.000000000000000000e+00
8.520979654701476003e-01,0.000000000000000000e+00,0.000000000000000000e+00
8.534069624091433770e-01,0.000000000000000000e+00,0.000000000000000000e+00
8.547159593481390427e-01,0.000000000000000000e+00,0.000000000000000000e+00
8.560249562871348195e-01,0.000000000000000000e+00,0.000000000000000000e+00
8.573339532261305962e-01,0.000000000000000000e+00,0.000000000000000000e+00
8.586429501651263729e-01,0.000000000000000000e+00,0.000000000000000000e+00
8.599519471041220386e-01,0.000000000000000000e+00,0.000000000000000000e+00
8.612609440431178154e-01,0.000000000000000000e+00,0.000000000000000000e+00
8.625699409821135921e-01,0.000000000000000000e+00,0.000000000000000000e+00
8.638789379211093689e-01,0.000000000000000000e+00,0.000000000000000000e+00
8.651879348601050346e-01,0.000000000000000000e+00,0.000000000000000000e+00
8.664969317991008113e-01,0.000000000000000000e+00,0.000000000000000000e+00
8.678059287380965880e-01,0.000000000000000000e+00,0.000000000000000000e+00
8.691149256770923648e-01,0.000000000000000000e+00,0.000000000000000000e+00
8.704239226160880305e-01,0.000000000000000000e+00,0.000000000000000000e+00
8.717329195550838072e-01,0.000000000000000000e+00,0.000000000000000000e+00
8.730419164940795840e-01,0.000000000000000000e+00,0.000000000000000000e+00
8.743509134330753607e-01,0.000000000000000000e+00,0.000000000000000000e+00
8.756599103720710264e-01,0.000000000000000000e+00,0.000000000000000000e+00
8.769689073110668032e-01,0.000000000000000000e+00,0.000000000000000000e+00
8.782779042500625799e-01,0.000000000000000000e+00,0.000000000000000000e+00
8.795869011890583566e-01,0.000000000000000000e+00,0.000000000000000000e+00
8.808958981280540224e-01,0.000000000000000000e+00,0.000000000000000000e+00
8.822048950670497991e-01,0.000000000000000000e+00,0.000000000000000000e+00
8.835138920060455758e-01,0.000000000000000000e+00,0.000000000000000000e+00
8.848228889450413526e-01,0.000000000000000000e+00,0.000000000000000000e+00
8.861318858840370183e-01,0.000000000000000000e+00,0.000000000000000000e+00
8.874408828230327950e-01,0.000000000000000000e+00,0.000000000000000000e+00
8.887498797620285718e-01,0.000000000000000000e+00,0.000000000000000000e+00
8.900588767010243485e-01,0.000000000000000000e+00,0.000000000000000000e+00
8.913678736400200142e-01,0.000000000000000000e+00,0.000000000000000000e+00
8.926768705790157910e-01,0.000000000000000000e+00,0.000000000000000000e+00
8.939858675180115677e-01,0.000000000000000000e+00,0.000000000000000000e+00
8.952948644570073444e-01,0.000000000000000000e+00,0.000000000000000000e+00
8.966038613960030101e-01,0.000000000000000000e+00,0.000000000000000000e+00
8.979128583349987869e-01,0.000000000000000000e+00,0.000000000000000000e+00
8.992218552739945636e-01,0.000000000000000000e+00,0.000000000000000000e+00
9.005308522129903404e-01,0.000000000000000000e+00,0.000000000000000000e+00
9.018398491519860061e-01,0.000000000000000000e+00,0.000000000000000000e+00
9.031488460909817828e-01,0.000000000000000000e+00,0.000000000000000000e+00
9.044578430299775595e-01,0.000000000000000000e+00,0.000000000000000000e+00
9.057668399689733363e-01,0.000000000000000000e+00,0.000000000000000000e+00
9.070758369079690020e-01,0.000000000000000000e+00,0.000000000000000000e+00
9.083848338469647787e-01,0.000000000000000000e+00,0.000000000000000000e+00
9.096938307859605555e-01,0.000000000000000000e+00,0.000000000000000000e+00
9.110028277249563322e-01,0.000000000000000000e+00,0.000000000000000000e+00
9.123118246639519979e-01,0.000000000000000000e+00,0.000000000000000000e+00
9.136208216029477747e-01,0.000000000000000000e+00,0.000000000000000000e+00
9.149298185419435514e-01,0.000000000000000000e+00,0.000000000000000000e+00
9.162388154809393281e-01,0.000000000000000000e+00,0.000000000000000000e+00
9.175478124199349939e-01,0.000000000000000000e+00,0.000000000000000000e+00
9.188568093589307706e-01,0.000000000000000000e+00,0.000000000000000000e+00
9.201658062979265473e-01,0.000000000000000000e+00,0.000000000000000000e+00
9.214748032369223241e-01,0.000000000000000000e+00,0.000000000000000000e+00
9.227838001759179898e-01,0.000000000000000000e+00,0.000000000000000000e+00
9.240927971149137665e-01,0.000000000000000000e+00,0.000000000000000000e+00
9.254017940539095433e-01,0.000000000000000000e+00,0.000000000000000000e+00
9.267107909929053200e-01,0.000000000000000000e+00,0.000000000000000000e+00
9.280197879319009857e-01,0.000000000000000000e+00,0.000000000000000000e+00
9.293287848708967624e-01,0.000000000000000000e+00,0.000000000000000000e+00
9.306377818098925392e-01,0.000000000000000000e+00,0.000000000000000000e+00
9.319467787488883159e-01,0.000000000000000000e+00,0.000000000000000000e+00
9.332557756878839816e-01,0.000000000000000000e+00,0.000000000000000000e+00
9.345647726268797584e-01,0.000000000000000000e+00,0.000000000000000000e+00
9.358737695658755351e-01,0.000000000000000000e+00,0.000000000000000000e+00
9.371827665048713119e-01,0.000000000000000000e+00,0.000000000000000000e+00
9.384917634438669776e-01,0.000000000000000000e+00,0.000000000000000000e+00
9.398007603828627543e-01,0.000000000000000000e+00,0.000000000000000000e+00
9.411097573218585310e-01,0.000000000000000000e+00,0.000000000000000000e+00
9.424187542608543078e-01,0.000000000000000000e+00,0.000000000000000000e+00
9.437277511998499735e-01,0.000000000000000000e+00,0.000000000000000000e+00
9.450367481388457502e-01,0.000000000000000000e+00,-2.277411671997020548e-06
9.463457450778415270e-01,0.000000000000000000e+00,-5.974907469244450375e-06
9.476547420168373037e-01,0.000000000000000000e+00,-7.118361082178448207e-06
9.489637389558329694e-01,0.000000000000000000e+00,-6.849694934085714948e-06
9.502727358948287462e-01,0.000000000000000000e+00,-6.397769020449750599e-06
9.515817328338245229e-01,0.000000000000000000e+00,-6.059818630638202919e-06
9.528907297728202996e-01,0.000000000000000000e+00,-5.879706406280993392e-06
9.541997267118159654e-01,0.000000000000000000e+00,-5.853767934618780977e-06
9.555087236508117421e-01,0.000000000000000000e+00,-5.902875114899286402e-06
9.568177205898075188e-01,0.000000000000000000e+00,-5.964345504316792557e-06
9.581267175288032956e-01,0.000000000000000000e+00,-6.016155734811512446e-06
9.594357144677989613e-01,0.000000000000000000e+00,-6.055430434484532221e-06
9.607447114067947380e-01,0.000000000000000000e+00,-6.098119599284856918e-06
9.620537083457905148e-01,0.000000000000000000e+00,-6.145637461929531753e-06
9.633627052847862915e-01,0.000000000000000000e+00,-6.185208671488640064e-06
9.646717022237819572e-01,0.000000000000000000e+00,-6.218674576327631875e-06
9.659806991627777339e-01,0.000000000000000000e+00,-6.259311988068838595e-06
9.672896961017735107e-01,0.000000000000000000e+00,-6.305998035138760116e-06
9.685986930407692874e-01,0.000000000000000000e+00,-6.346448313987451684e-06
9.699076899797649531e-01,0.000000000000000000e+00,-6.382802546556209933e-06
9.712166869187607299e-01,0.000000000000000000e+00,-6.427642513115450207e-06
9.725256838577565066e-01,0.000000000000000000e+00,-6.478142093854777350e-06
9.738346807967522833e-01,0.000000000000000000e+00,-6.520123280395750953e-06
9.751436777357479491e-01,0.000000000000000000e+00,-6.555372528166403256e-06
9.764526746747437258e-01,0.000000000000000000e+00,-6.598517314396201705e-06
9.777616716137395025e-01,0.000000000000000000e+00,-6.648545649440285032e-06
9.790706685527352793e-01,0.000000000000000000e+00,-6.691993896718040347e-06
9.803796654917309450e-01,0.000000000000000000e+00,-6.730521999620542317e-06
9.816886624307267217e-01,0.000000000000000000e+00,-6.777214949751919626e-06
9.829976593697224985e-01,0.000000000000000000e+00,-6.829505356895082535e-06
9.843066563087182752e-01,0.000000000000000000e+00,-6.872942353713940022e-06
9.856156532477139409e-01,0.000000000000000000e+00,-6.910176910929211047e-06
9.869246501867097177e-01,0.000000000000000000e+00,-6.957071783525448083e-06
9.882336471257054944e-01,0.000000000000000000e+00,-7.011572053405856764e-06
9.895426440647012711e-01,0.000000000000000000e+00,-7.057683043251716803e-06
9.908516410036969368e-01,0.000000000000000000e+00,-7.096867709666110358e-06
9.921606379426927136e-01,0.000000000000000000e+00,-7.144839361969412828e-06
9.934696348816884903e-01,0.000000000000000000e+00,-7.200099867418763289e-06
9.947786318206842671e-01,0.000000000000000000e+00,-7.247220487643923903e-06
9.960876287596799328e-01,0.000000000000000000e+00,-7.287735691571817220e-06
9.973966256986757095e-01,0.000000000000000000e+00,-7.336922403317069907e-06
9.987056226376714863e-01,0.000000000000000000e+00,-7.393321521304008215e-06
1.000014619576667263e+00,0.000000000000000000e+00,-7.442029768003899370e-06
1.001323616515662929e+00,0.000000000000000000e+00,-7.484587323122737779e-06
1.002632613454658816e+00,0.000000000000000000e+00,-7.535591213692072188e-06
1.003941610393654482e+00,0.000000000000000000e+00,-7.593179811263284229e-06
1.005250607332650148e+00,0.000000000000000000e+00,-7.642489257872475683e-06
1.006559604271645814e+00,0.000000000000000000e+00,-7.685800081688731744e-06
1.007868601210641701e+00,0.000000000000000000e+00,-7.738665430412350332e-06
1.009177598149637589e+00,0.000000000000000000e+00,-7.798753309765094066e-06
1.010486595088633255e+00,0.000000000000000000e+00,-7.849802773518543830e-06
1.011795592027628921e+00,0.000000000000000000e+00,-7.893874038614190347e-06
1.013104588966624586e+00,0.000000000000000000e+00,-7.947743479411184531e-06
1.014413585905620474e+00,0.000000000000000000e+00,-8.009551418400318035e-06
1.015722582844616362e+00,0.000000000000000000e+00,-8.062492384261488176e-06
1.017031579783612028e+00,0.000000000000000000e+00,-8.108230912906577714e-06
1.018340576722607693e+00,0.000000000000000000e+00,-8.163517704856682045e-06
1.019649573661603359e+00,0.000000000000000000e+00,-8.226671326896917158e-06
1.020958570600599247e+00,0.000000000000000000e+00,-8.281042267174743010e-06
1.022267567539594912e+00,0.000000000000000000e+00,-8.328459042805658186e-06
1.023576564478590800e+00,0.000000000000000000e+00,-8.385658869208834076e-06
1.024885561417586466e+00,0.000000000000000000e+00,-8.450669402193522473e-06
1.026194558356582132e+00,0.000000000000000000e+00,-8.506461802768039426e-06
1.027503555295577797e+00,0.000000000000000000e+00,-8.555056936448979243e-06
1.028812552234573685e+00,0.000000000000000000e+00,-8.613870001325518722e-06
1.030121549173569351e+00,0.000000000000000000e+00,-8.680920093664945547e-06
1.031430546112565017e+00,0.000000000000000000e+00,-8.738574205982563292e-06
1.032739543051560682e+00,0.000000000000000000e+00,-8.788726796618573367e-06
1.034048539990556570e+00,0.000000000000000000e+00,-8.849205976171892196e-06
1.035357536929552236e+00,0.000000000000000000e+00,-8.918080068295863860e-06
1.036666533868547901e+00,0.000000000000000000e+00,-8.977340374208275797e-06
1.037975530807543567e+00,0.000000000000000000e+00,-9.028991890563942135e-06
1.039284527746539455e+00,0.000000000000000000e+00,-9.091362763780086453e-06
1.040593524685535121e+00,0.000000000000000000e+00,-9.162407143964435008e-06
1.041902521624530786e+00,0.000000000000000000e+00,-9.223489372933713071e-06
1.043211518563526452e+00,0.000000000000000000e+00,-9.276598366553256980e-06
1.044520515502522340e+00,0.000000000000000000e+00,-9.340685095934886384e-06
1.045829512441518006e+00,0.000000000000000000e+00,-9.413780049122300042e-06
1.047138509380513671e+00,0.000000000000000000e+00,-9.476751436310326682e-06
1.048447506319509337e+00,0.000000000000000000e+00,-9.531566571269189936e-06
1.049756503258505225e+00,0.000000000000000000e+00,-9.597605220706961759e-06
1.051065500197500890e+00,0.000000000000000000e+00,-9.672838138699568766e-06
1.052374497136496556e+00,0.000000000000000000e+00,-9.737611894711228899e-06
1.053683494075492222e+00,0.000000000000000000e+00,-9.793985037642727320e-06
1.054992491014488110e+00,0.000000000000000000e+00,-9.861983421233233571e-06
1.056301487953483775e+00,0.000000000000000000e+00,-9.939545887890921527e-06
1.057610484892479441e+00,0.000000000000000000e+00,-1.000637158257711157e-05
1.058919481831475107e+00,0.000000000000000000e+00,-1.006443405791868084e-05
1.060228478770470995e+00,0.000000000000000000e+00,-1.013430621657485098e-05
1.061537475709466660e+00,0.000000000000000000e+00,-1.021404236298262269e-05
1.062846472648462326e+00,0.000000000000000000e+00,-1.028295638212661789e-05
1.064155469587457992e+00,0.000000000000000000e+00,-1.034296034641002393e-05
1.065464466526453879e+00,0.000000000000000000e+00,-1.041490158415481204e-05
1.066773463465449545e+00,0.000000000000000000e+00,-1.049682672951690598e-05
1.068082460404445211e+00,0.000000000000000000e+00,-1.056774824370609878e-05
1.069391457343440877e+00,0.000000000000000000e+00,-1.062966521739316939e-05
1.070700454282436764e+00,0.000000000000000000e+00,-1.070381538292863866e-05
1.072009451221432430e+00,0.000000000000000000e+00,-1.078814150627660506e-05
1.073318448160428096e+00,0.000000000000000000e+00,-1.086114649405389709e-05
1.074627445099423761e+00,0.000000000000000000e+00,-1.092490403765966622e-05
1.075936442038419649e+00,0.000000000000000000e+00,-1.100125653011319038e-05
1.077245438977415315e+00,0.000000000000000000e+00,-1.108811214364791020e-05
1.078554435916410981e+00,0.000000000000000000e+00,-1.116335795121881080e-05
1.079863432855406646e+00,0.000000000000000000e+00,-1.122905331737977797e-05
1.081172429794402534e+00,0.000000000000000000e+00,-1.130762942390395320e-05
1.082481426733398200e+00,0.000000000000000000e+00,-1.139701396085657237e-05
1.083790423672393866e+00,0.000000000000000000e+00,-1.147454498935662759e-05
1.085099420611389531e+00,0.000000000000000000e+00,-1.154228981874172444e-05
1.086408417550385419e+00,0.000000000000000000e+00,-1.162321824925427460e-05
1.087717414489381085e+00,0.000000000000000000e+00,-1.171523003141994312e-05
1.089026411428376750e+00,0.000000000000000000e+00,-1.179509789252242147e-05
1.090335408367372416e+00,0.000000000000000000e+00,-1.186491763008334921e-05
1.091644405306368304e+00,0.000000000000000000e+00,-1.194825149795908370e-05
1.092953402245363970e+00,0.000000000000000000e+00,-1.204298417219196171e-05
1.094262399184359635e+00,0.000000000000000000e+00,-1.212529879406065714e-05
1.095571396123355301e+00,0.000000000000000000e+00,-1.219729581404538354e-05
1.096880393062351189e+00,0.000000000000000000e+00,-1.228311598031051055e-05
1.098189390001346855e+00,0.000000000000000000e+00,-1.238063074747441927e-05
1.099498386940342520e+00,0.000000000000000000e+00,-1.246544149312300842e-05
1.100807383879338186e+00,0.000000000000000000e+00,-1.253968495125434846e-05
1.102116380818334074e+00,0.000000000000000000e+00,-1.262810941175807056e-05
1.103425377757329739e+00,0.000000000000000000e+00,-1.272853982400845574e-05
1.104734374696325405e+00,0.000000000000000000e+00,-1.281592754770466414e-05
1.106043371635321071e+00,0.000000000000000000e+00,-1.289244941456157978e-05
1.107352368574316959e+00,0.000000000000000000e+00,-1.298354365557308210e-05
1.108661365513312624e+00,0.000000000000000000e+00,-1.308701165798897836e-05
1.109970362452308290e+00,0.000000000000000000e+00,-1.317711197201809625e-05
1.111279359391303956e+00,0.000000000000000000e+00,-1.325601385519792341e-05
1.112588356330299844e+00,0.000000000000000000e+00,-1.334982867835787790e-05
1.113897353269295509e+00,0.000000000000000000e+00,-1.345637879832106698e-05
1.115206350208291175e+00,0.000000000000000000e+00,-1.354929881403066361e-05
1.116515347147286841e+00,0.000000000000000000e+00,-1.363074433215205605e-05
1.117824344086282728e+00,0.000000000000000000e+00,-1.372740845118070041e-05
1.119133341025278394e+00,0.000000000000000000e+00,-1.383710284645622846e-05
1.120442337964274060e+00,0.000000000000000000e+00,-1.393287639811502387e-05
1.121751334903269726e+00,0.000000000000000000e+00,-1.401694200359182574e-05
1.123060331842265613e+00,0.000000000000000000e+00,-1.411662172375038882e-05
1.124369328781261279e+00,0.000000000000000000e+00,-1.422964702052498254e-05
1.125678325720256945e+00,0.000000000000000000e+00,-1.432835319986613953e-05
1.126987322659252611e+00,0.000000000000000000e+00,-1.441503428596668801e-05
1.128296319598248498e+00,0.000000000000000000e+00,-1.451781401665130922e-05
1.129605316537244164e+00,0.000000000000000000e+00,-1.463436508632176558e-05
1.130914313476239830e+00,0.000000000000000000e+00,-1.473618329309034358e-05
1.132223310415235495e+00,0.000000000000000000e+00,-1.482556015350300349e-05
1.133532307354231383e+00,0.000000000000000000e+00,-1.493145370627668722e-05
1.134841304293227049e+00,0.000000000000000000e+00,-1.505158445852528004e-05
1.136150301232222715e+00,0.000000000000000000e+00,-1.515671299137655303e-05
1.137459298171218380e+00,0.000000000000000000e+00,-1.524905027928957768e-05
1.138768295110214268e+00,0.000000000000000000e+00,-1.535816205788798072e-05
1.140077292049209934e+00,0.000000000000000000e+00,-1.548182324601077298e-05
1.141386288988205600e+00,0.000000000000000000e+00,-1.559026259190243735e-05
1.142695285927201265e+00,0.000000000000000000e+00,-1.568574340124473387e-05
1.144004282866197153e+00,0.000000000000000000e+00,-1.579837861453992076e-05
1.145313279805192819e+00,0.000000000000000000e+00,-1.592581986915864167e-05
1.146622276744188484e+00,0.000000000000000000e+00,-1.603759596666143317e-05
1.147931273683184150e+00,0.000000000000000000e+00,-1.613610106969420865e-05
1.149240270622180038e+00,0.000000000000000000e+00,-1.625230898806562241e-05
1.150549267561175704e+00,0.000000000000000000e+00,-1.638380352733670442e-05
1.151858264500171369e+00,0.000000000000000000e+00,-1.649922440161155635e-05
1.153167261439167035e+00,0.000000000000000000e+00,-1.660093864398748398e-05
1.154476258378162923e+00,0.000000000000000000e+00,-1.672075429422215098e-05
1.155785255317158589e+00,0.000000000000000000e+00,-1.685628887534984521e-05
1.157094252256154254e+00,0.000000000000000000e+00,-1.697541855688600165e-05
1.158403249195149920e+00,0.000000000000000000e+00,-1.708054598160979598e-05
1.159712246134145808e+00,0.000000000000000000e+00,-1.720423969864270930e-05
1.161021243073141473e+00,0.000000000000000000e+00,-1.734402861973405319e-05
1.162330240012137139e+00,0.000000000000000000e+00,-1.746693052316616868e-05
1.163639236951132805e+00,0.000000000000000000e+00,-1.757546149361299825e-05
1.164948233890128693e+00,0.000000000000000000e+00,-1.770316652434378302e-05
1.166257230829124358e+00,0.000000000000000000e+00,-1.784748252782464295e-05
1.167566227768120024e+00,0.000000000000000000e+00,-1.797438318199007234e-05
1.168875224707115690e+00,0.000000000000000000e+00,-1.808640431581742813e-05
1.170184221646111578e+00,0.000000000000000000e+00,-1.821815150837569064e-05
1.171493218585107243e+00,0.000000000000000000e+00,-1.836709935947034023e-05
1.172802215524102909e+00,0.000000000000000000e+00,-1.849826403127474705e-05
1.174111212463098575e+00,0.000000000000000000e+00,-1.861409299443173015e-05
1.175420209402094462e+00,0.000000000000000000e+00,-1.875000798907955346e-05
1.176729206341090128e+00,0.000000000000000000e+00,-1.890356013285743320e-05
1.178038203280085794e+00,0.000000000000000000e+00,-1.903906786385189953e-05
1.179347200219081460e+00,0.000000000000000000e+00,-1.915898763893419954e-05
1.180656197158077347e+00,0.000000000000000000e+00,-1.929941497405551765e-05
1.181965194097073013e+00,0.000000000000000000e+00,-1.945787571214219192e-05
1.183274191036068679e+00,0.000000000000000000e+00,-1.959800933523658806e-05
1.184583187975064344e+00,0.000000000000000000e+00,-1.972235589420279211e-05
1.185892184914060232e+00,0.000000000000000000e+00,-1.986841901227553997e-05
1.187201181853055898e+00,0.000000000000000000e+00,-2.003494968456920322e-05
1.188510178792051564e+00,0.000000000000000000e+00,-2.018579547016785547e-05
1.189819175731047229e+00,-7.859259798986828471e-06,-2.031339526376019222e-05
1.191128172670043117e+00,-5.835875550752600560e-06,-2.043717129000810484e-05
1.192437169609038783e+00,-5.072304265052451910e-06,-2.055194970737583837e-05
1.193746166548034449e+00,-3.297664240620168385e-06,-2.063141469386964300e-05
1.195055163487030114e+00,-2.037974147772736444e-06,-2.067594064922295694e-05
1.196364160426026002e+00,-2.162046196074740578e-06,-2.071144171400529643e-05
1.197673157365021668e+00,-1.602964762620340267e-06,-2.074599453529002435e-05
1.198982154304017334e+00,-1.196430151978455925e-06,-2.076940240165747742e-05
1.200291151243012999e+00,-3.370563239069035433e-07,-2.078278006836797864e-05
1.201600148182008887e+00,-8.771308202260019726e-07,-2.079605623263314218e-05
1.202909145121004553e+00,-7.389634709420445091e-07,-2.080970937530512987e-05
1.204218142060000218e+00,-3.442899585981429311e-07,-2.081712129908819264e-05
1.205527138998995884e+00,2.892565936774005309e-07,-2.081920045794716234e-05
1.206836135937991772e+00,-1.779806989010701557e-07,-2.082212212112244387e-05
1.208145132876987438e+00,-4.289675090696221105e-07,-2.082614259187043348e-05
1.209454129815983103e+00,-1.341501427998270657e-07,-2.082771728301180403e-05
1.210763126754978769e+00,3.820243995589223118e-07,-2.082857319397890539e-05
1.212072123693974657e+00,-3.952838957821391830e-07,-2.083243120259981040e-05
1.213381120632970323e+00,-4.173927742601168944e-07,-2.083748198999924028e-05
1.214690117571965988e+00,-4.391159416639034418e-08,-2.083973768256253134e-05
1.215999114510961654e+00,5.485849393638275728e-07,-2.083832603436142072e-05
1.217308111449957542e+00,4.942010524977558106e-07,-2.083449907108736454e-05
1.218617108388953207e+00,-2.699601423516995169e-07,-2.082939709401043782e-05
1.219926105327948873e+00,1.656237816338723690e-08,-2.082488433936824368e-05
1.221235102266944539e+00,4.841533238764128555e-07,-2.082440785906858327e-05
1.222544099205940427e+00,-3.307516988626524324e-07,-2.082827161539735350e-05
1.223853096144936092e+00,-2.425807860972906127e-07,-2.083245429715385733e-05
1.225162093083931758e+00,-1.284222704844850682e-07,-2.083347424017278904e-05
1.226471090022927424e+00,3.822470769354602282e-07,-2.083218937580511021e-05
1.227780086961923312e+00,3.418154054246613782e-07,-2.083146420395198817e-05
1.229089083900918977e+00,-4.404770189425644134e-07,-2.083085997921230170e-05
1.230398080839914643e+00,-9.574026105241273399e-08,-2.082889514490315896e-05
1.231707077778910309e+00,3.879588134081402018e-07,-2.082823618175522196e-05
1.233016074717906196e+00,3.294386546892624779e-07,-2.083199281040226669e-05
1.234325071656901862e+00,-1.155306672800948675e-06,-2.083774611262578791e-05
1.235634068595897528e+00,-2.014217843626653348e-07,-2.084112913781910326e-05
1.236943065534893194e+00,1.561197823518600813e-07,-2.084407698670076581e-05
1.238252062473889081e+00,-6.258937163550193361e-07,-2.085177951238748051e-05
1.239561059412884747e+00,-7.615403760652394993e-07,-2.086242200792509660e-05
1.240870056351880413e+00,-5.280653027628368079e-07,-2.087045200316328675e-05
1.242179053290876078e+00,-3.374547077883427448e-07,-2.087789490463898279e-05
1.243488050229871966e+00,-5.114476452627858549e-07,-2.089160502381781637e-05
1.244797047168867632e+00,-1.632862061756723548e-06,-2.091102653324627969e-05
1.246106044107863298e+00,-1.819658065865814578e-06,-2.093067338625187457e-05
1.247415041046858963e+00,-1.819637593519773944e-06,-2.096023276099145960e-05
1.248724037985854851e+00,-2.824316325117370852e-06,-2.100739369008397528e-05
1.250033034924850517e+00,-4.647623717601856441e-06,-2.104115953366347824e-05
1.251342031863846183e+00,-5.410449384735116496e-06,-2.100799433749078737e-05
1.252651028802841848e+00,-7.255356666291401524e-06,-2.100863993793888884e-05
1.253960025741837736e+00,-8.257185670865196947e-06,-2.061678784563703015e-05
1.255269022680833402e+00,-3.699251904437650396e-06,-1.855654954537044876e-05
1.256578019619829067e+00,4.675412674515211364e-06,-1.378194219009420962e-05
