# Exudyn: solution of belt drive, slip and gap over belt length
# Exudyn output file
# Exudyn version=1.2.34.dev1
# endTime=1.25
# stepSize=5e-05
# nSegments=4
# nANCFnodes=240
# contactStiffnessPerArea=100000000.0
# frictionStiffnessPerArea=100000000.0
# contactStiffness=418879.02047863905
# frictionStiffness=523598.7755982988
# contactDamping=8.377580409572781
# frictionVelocityPenalty=33.70609928242229
# dryFriction=0.5
# 
8.251729974537713730e-04,1.299443153968127262e-06,-6.570522963864067201e-06
2.134169936449659133e-03,0.000000000000000000e+00,0.000000000000000000e+00
3.443166875445324848e-03,0.000000000000000000e+00,0.000000000000000000e+00
4.752163814440990564e-03,0.000000000000000000e+00,0.000000000000000000e+00
6.061160753436656279e-03,0.000000000000000000e+00,0.000000000000000000e+00
7.370157692432544039e-03,0.000000000000000000e+00,0.000000000000000000e+00
8.679154631428209754e-03,0.000000000000000000e+00,0.000000000000000000e+00
9.988151570423875469e-03,0.000000000000000000e+00,0.000000000000000000e+00
1.129714850941954118e-02,0.000000000000000000e+00,0.000000000000000000e+00
1.260614544841542894e-02,0.000000000000000000e+00,0.000000000000000000e+00
1.391514238741109466e-02,0.000000000000000000e+00,0.000000000000000000e+00
1.522413932640676038e-02,0.000000000000000000e+00,0.000000000000000000e+00
1.653313626540242609e-02,0.000000000000000000e+00,0.000000000000000000e+00
1.784213320439831385e-02,0.000000000000000000e+00,0.000000000000000000e+00
1.915113014339397957e-02,0.000000000000000000e+00,0.000000000000000000e+00
2.046012708238964528e-02,0.000000000000000000e+00,0.000000000000000000e+00
2.176912402138531100e-02,0.000000000000000000e+00,0.000000000000000000e+00
2.307812096038119876e-02,0.000000000000000000e+00,0.000000000000000000e+00
2.438711789937686447e-02,0.000000000000000000e+00,0.000000000000000000e+00
2.569611483837253019e-02,0.000000000000000000e+00,0.000000000000000000e+00
2.700511177736819590e-02,0.000000000000000000e+00,0.000000000000000000e+00
2.831410871636408366e-02,0.000000000000000000e+00,0.000000000000000000e+00
2.962310565535974938e-02,0.000000000000000000e+00,0.000000000000000000e+00
3.093210259435541509e-02,0.000000000000000000e+00,0.000000000000000000e+00
3.224109953335108081e-02,0.000000000000000000e+00,0.000000000000000000e+00
3.355009647234696857e-02,0.000000000000000000e+00,0.000000000000000000e+00
3.485909341134263428e-02,0.000000000000000000e+00,0.000000000000000000e+00
3.616809035033830000e-02,0.000000000000000000e+00,0.000000000000000000e+00
3.747708728933396571e-02,0.000000000000000000e+00,0.000000000000000000e+00
3.878608422832985347e-02,0.000000000000000000e+00,0.000000000000000000e+00
4.009508116732551919e-02,0.000000000000000000e+00,0.000000000000000000e+00
4.140407810632118490e-02,0.000000000000000000e+00,0.000000000000000000e+00
4.271307504531685062e-02,0.000000000000000000e+00,0.000000000000000000e+00
4.402207198431273838e-02,0.000000000000000000e+00,0.000000000000000000e+00
4.533106892330840409e-02,0.000000000000000000e+00,0.000000000000000000e+00
4.664006586230406981e-02,0.000000000000000000e+00,0.000000000000000000e+00
4.794906280129973553e-02,0.000000000000000000e+00,0.000000000000000000e+00
4.925805974029562329e-02,0.000000000000000000e+00,0.000000000000000000e+00
5.056705667929128900e-02,0.000000000000000000e+00,0.000000000000000000e+00
5.187605361828695472e-02,0.000000000000000000e+00,0.000000000000000000e+00
5.318505055728262043e-02,0.000000000000000000e+00,0.000000000000000000e+00
5.449404749627850819e-02,0.000000000000000000e+00,0.000000000000000000e+00
5.580304443527417391e-02,0.000000000000000000e+00,0.000000000000000000e+00
5.711204137426983962e-02,0.000000000000000000e+00,0.000000000000000000e+00
5.842103831326550534e-02,0.000000000000000000e+00,0.000000000000000000e+00
5.973003525226139310e-02,0.000000000000000000e+00,0.000000000000000000e+00
6.103903219125705881e-02,0.000000000000000000e+00,0.000000000000000000e+00
6.234802913025272453e-02,0.000000000000000000e+00,0.000000000000000000e+00
6.365702606924839024e-02,0.000000000000000000e+00,0.000000000000000000e+00
6.496602300824427800e-02,0.000000000000000000e+00,0.000000000000000000e+00
6.627501994723994372e-02,0.000000000000000000e+00,0.000000000000000000e+00
6.758401688623560943e-02,0.000000000000000000e+00,0.000000000000000000e+00
6.889301382523127515e-02,0.000000000000000000e+00,0.000000000000000000e+00
7.020201076422716291e-02,0.000000000000000000e+00,0.000000000000000000e+00
7.151100770322282862e-02,0.000000000000000000e+00,0.000000000000000000e+00
7.282000464221849434e-02,0.000000000000000000e+00,0.000000000000000000e+00
7.412900158121416005e-02,0.000000000000000000e+00,0.000000000000000000e+00
7.543799852021004781e-02,0.000000000000000000e+00,0.000000000000000000e+00
7.674699545920571353e-02,0.000000000000000000e+00,0.000000000000000000e+00
7.805599239820137925e-02,0.000000000000000000e+00,0.000000000000000000e+00
7.936498933719704496e-02,0.000000000000000000e+00,0.000000000000000000e+00
8.067398627619293272e-02,0.000000000000000000e+00,0.000000000000000000e+00
8.198298321518859844e-02,0.000000000000000000e+00,0.000000000000000000e+00
8.329198015418426415e-02,0.000000000000000000e+00,0.000000000000000000e+00
8.460097709317992987e-02,0.000000000000000000e+00,0.000000000000000000e+00
8.590997403217581763e-02,0.000000000000000000e+00,0.000000000000000000e+00
8.721897097117148334e-02,0.000000000000000000e+00,0.000000000000000000e+00
8.852796791016714906e-02,0.000000000000000000e+00,0.000000000000000000e+00
8.983696484916281477e-02,0.000000000000000000e+00,0.000000000000000000e+00
9.114596178815870253e-02,0.000000000000000000e+00,0.000000000000000000e+00
9.245495872715436825e-02,0.000000000000000000e+00,0.000000000000000000e+00
9.376395566615003396e-02,0.000000000000000000e+00,0.000000000000000000e+00
9.507295260514569968e-02,0.000000000000000000e+00,0.000000000000000000e+00
9.638194954414158744e-02,0.000000000000000000e+00,0.000000000000000000e+00
9.769094648313725315e-02,0.000000000000000000e+00,0.000000000000000000e+00
9.899994342213291887e-02,0.000000000000000000e+00,0.000000000000000000e+00
1.003089403611285846e-01,0.000000000000000000e+00,0.000000000000000000e+00
1.016179373001244723e-01,0.000000000000000000e+00,0.000000000000000000e+00
1.029269342391201381e-01,0.000000000000000000e+00,0.000000000000000000e+00
1.042359311781158038e-01,0.000000000000000000e+00,0.000000000000000000e+00
1.055449281171114695e-01,0.000000000000000000e+00,0.000000000000000000e+00
1.068539250561073572e-01,0.000000000000000000e+00,0.000000000000000000e+00
1.081629219951030230e-01,0.000000000000000000e+00,0.000000000000000000e+00
1.094719189340986887e-01,0.000000000000000000e+00,0.000000000000000000e+00
1.107809158730943544e-01,0.000000000000000000e+00,0.000000000000000000e+00
1.120899128120902422e-01,0.000000000000000000e+00,0.000000000000000000e+00
1.133989097510859079e-01,0.000000000000000000e+00,0.000000000000000000e+00
1.147079066900815736e-01,0.000000000000000000e+00,0.000000000000000000e+00
1.160169036290772393e-01,0.000000000000000000e+00,0.000000000000000000e+00
1.173259005680731271e-01,0.000000000000000000e+00,0.000000000000000000e+00
1.186348975070687928e-01,0.000000000000000000e+00,0.000000000000000000e+00
1.199438944460644585e-01,0.000000000000000000e+00,0.000000000000000000e+00
1.212528913850601242e-01,0.000000000000000000e+00,0.000000000000000000e+00
1.225618883240560120e-01,0.000000000000000000e+00,0.000000000000000000e+00
1.238708852630516777e-01,0.000000000000000000e+00,0.000000000000000000e+00
1.251798822020473434e-01,0.000000000000000000e+00,0.000000000000000000e+00
1.264888791410430091e-01,0.000000000000000000e+00,0.000000000000000000e+00
1.277978760800388969e-01,0.000000000000000000e+00,0.000000000000000000e+00
1.291068730190345626e-01,0.000000000000000000e+00,0.000000000000000000e+00
1.304158699580302283e-01,0.000000000000000000e+00,0.000000000000000000e+00
1.317248668970258940e-01,0.000000000000000000e+00,0.000000000000000000e+00
1.330338638360217818e-01,0.000000000000000000e+00,0.000000000000000000e+00
1.343428607750174475e-01,0.000000000000000000e+00,0.000000000000000000e+00
1.356518577140131132e-01,0.000000000000000000e+00,0.000000000000000000e+00
1.369608546530087789e-01,0.000000000000000000e+00,0.000000000000000000e+00
1.382698515920046667e-01,0.000000000000000000e+00,0.000000000000000000e+00
1.395788485310003324e-01,0.000000000000000000e+00,0.000000000000000000e+00
1.408878454699959981e-01,0.000000000000000000e+00,0.000000000000000000e+00
1.421968424089916638e-01,0.000000000000000000e+00,0.000000000000000000e+00
1.435058393479875516e-01,0.000000000000000000e+00,0.000000000000000000e+00
1.448148362869832173e-01,0.000000000000000000e+00,0.000000000000000000e+00
1.461238332259788830e-01,0.000000000000000000e+00,0.000000000000000000e+00
1.474328301649745487e-01,0.000000000000000000e+00,0.000000000000000000e+00
1.487418271039704365e-01,0.000000000000000000e+00,0.000000000000000000e+00
1.500508240429661022e-01,0.000000000000000000e+00,0.000000000000000000e+00
1.513598209819617679e-01,0.000000000000000000e+00,0.000000000000000000e+00
1.526688179209574336e-01,0.000000000000000000e+00,0.000000000000000000e+00
1.539778148599533214e-01,0.000000000000000000e+00,0.000000000000000000e+00
1.552868117989489871e-01,0.000000000000000000e+00,0.000000000000000000e+00
1.565958087379446528e-01,0.000000000000000000e+00,0.000000000000000000e+00
1.579048056769403185e-01,0.000000000000000000e+00,0.000000000000000000e+00
1.592138026159362063e-01,0.000000000000000000e+00,0.000000000000000000e+00
1.605227995549318720e-01,0.000000000000000000e+00,0.000000000000000000e+00
1.618317964939275377e-01,0.000000000000000000e+00,0.000000000000000000e+00
1.631407934329272003e-01,0.000000000000000000e+00,0.000000000000000000e+00
1.644497903719230880e-01,0.000000000000000000e+00,0.000000000000000000e+00
1.657587873109187537e-01,0.000000000000000000e+00,0.000000000000000000e+00
1.670677842499144194e-01,0.000000000000000000e+00,0.000000000000000000e+00
1.683767811889103072e-01,0.000000000000000000e+00,0.000000000000000000e+00
1.696857781279059729e-01,0.000000000000000000e+00,0.000000000000000000e+00
1.709947750669016386e-01,0.000000000000000000e+00,0.000000000000000000e+00
1.723037720058975264e-01,0.000000000000000000e+00,0.000000000000000000e+00
1.736127689448931921e-01,0.000000000000000000e+00,0.000000000000000000e+00
1.749217658838888578e-01,0.000000000000000000e+00,0.000000000000000000e+00
1.762307628228847456e-01,0.000000000000000000e+00,0.000000000000000000e+00
1.775397597618804113e-01,0.000000000000000000e+00,0.000000000000000000e+00
1.788487567008762991e-01,0.000000000000000000e+00,0.000000000000000000e+00
1.801577536398719648e-01,0.000000000000000000e+00,0.000000000000000000e+00
1.814667505788676305e-01,0.000000000000000000e+00,0.000000000000000000e+00
1.827757475178635183e-01,0.000000000000000000e+00,0.000000000000000000e+00
1.840847444568591840e-01,0.000000000000000000e+00,0.000000000000000000e+00
1.853937413958548497e-01,0.000000000000000000e+00,0.000000000000000000e+00
1.867027383348507374e-01,0.000000000000000000e+00,0.000000000000000000e+00
1.880117352738464032e-01,0.000000000000000000e+00,0.000000000000000000e+00
1.893207322128422909e-01,0.000000000000000000e+00,0.000000000000000000e+00
1.906297291518379566e-01,0.000000000000000000e+00,0.000000000000000000e+00
1.919387260908336224e-01,0.000000000000000000e+00,0.000000000000000000e+00
1.932477230298295101e-01,0.000000000000000000e+00,0.000000000000000000e+00
1.945567199688251758e-01,0.000000000000000000e+00,0.000000000000000000e+00
1.958657169078208415e-01,0.000000000000000000e+00,0.000000000000000000e+00
1.971747138468167293e-01,0.000000000000000000e+00,0.000000000000000000e+00
1.984837107858123950e-01,0.000000000000000000e+00,0.000000000000000000e+00
1.997927077248080607e-01,0.000000000000000000e+00,0.000000000000000000e+00
2.011017046638039485e-01,0.000000000000000000e+00,0.000000000000000000e+00
2.024107016027996142e-01,0.000000000000000000e+00,0.000000000000000000e+00
2.037196985417955020e-01,0.000000000000000000e+00,0.000000000000000000e+00
2.050286954807911677e-01,0.000000000000000000e+00,0.000000000000000000e+00
2.063376924197868334e-01,0.000000000000000000e+00,0.000000000000000000e+00
2.076466893587827212e-01,0.000000000000000000e+00,0.000000000000000000e+00
2.089556862977783869e-01,0.000000000000000000e+00,0.000000000000000000e+00
2.102646832367740526e-01,0.000000000000000000e+00,0.000000000000000000e+00
2.115736801757699403e-01,0.000000000000000000e+00,0.000000000000000000e+00
2.128826771147656061e-01,0.000000000000000000e+00,0.000000000000000000e+00
2.141916740537612718e-01,0.000000000000000000e+00,0.000000000000000000e+00
2.155006709927571595e-01,0.000000000000000000e+00,0.000000000000000000e+00
2.168096679317528253e-01,0.000000000000000000e+00,0.000000000000000000e+00
2.181186648707487130e-01,0.000000000000000000e+00,0.000000000000000000e+00
2.194276618097443787e-01,0.000000000000000000e+00,0.000000000000000000e+00
2.207366587487400444e-01,0.000000000000000000e+00,0.000000000000000000e+00
2.220456556877359322e-01,0.000000000000000000e+00,0.000000000000000000e+00
2.233546526267315979e-01,0.000000000000000000e+00,0.000000000000000000e+00
2.246636495657272636e-01,0.000000000000000000e+00,0.000000000000000000e+00
2.259726465047231514e-01,0.000000000000000000e+00,0.000000000000000000e+00
2.272816434437188171e-01,0.000000000000000000e+00,0.000000000000000000e+00
2.285906403827144828e-01,0.000000000000000000e+00,0.000000000000000000e+00
2.298996373217103706e-01,0.000000000000000000e+00,0.000000000000000000e+00
2.312086342607060363e-01,0.000000000000000000e+00,0.000000000000000000e+00
2.325176311997019241e-01,0.000000000000000000e+00,0.000000000000000000e+00
2.338266281386975898e-01,0.000000000000000000e+00,0.000000000000000000e+00
2.351356250776932555e-01,0.000000000000000000e+00,0.000000000000000000e+00
2.364446220166891433e-01,0.000000000000000000e+00,0.000000000000000000e+00
2.377536189556848090e-01,0.000000000000000000e+00,0.000000000000000000e+00
2.390626158946804747e-01,0.000000000000000000e+00,0.000000000000000000e+00
2.403716128336763624e-01,0.000000000000000000e+00,0.000000000000000000e+00
2.416806097726720282e-01,0.000000000000000000e+00,0.000000000000000000e+00
2.429896067116676939e-01,0.000000000000000000e+00,0.000000000000000000e+00
2.442986036506635816e-01,0.000000000000000000e+00,0.000000000000000000e+00
2.456076005896592473e-01,0.000000000000000000e+00,0.000000000000000000e+00
2.469165975286551351e-01,0.000000000000000000e+00,0.000000000000000000e+00
2.482255944676508008e-01,0.000000000000000000e+00,0.000000000000000000e+00
2.495345914066464665e-01,0.000000000000000000e+00,0.000000000000000000e+00
2.508435883456423543e-01,0.000000000000000000e+00,0.000000000000000000e+00
2.521525852846380200e-01,0.000000000000000000e+00,0.000000000000000000e+00
2.534615822236336857e-01,0.000000000000000000e+00,0.000000000000000000e+00
2.547705791626295735e-01,0.000000000000000000e+00,0.000000000000000000e+00
2.560795761016252392e-01,0.000000000000000000e+00,0.000000000000000000e+00
2.573885730406210159e-01,0.000000000000000000e+00,0.000000000000000000e+00
2.586975699796167927e-01,0.000000000000000000e+00,0.000000000000000000e+00
2.600065669186124584e-01,0.000000000000000000e+00,0.000000000000000000e+00
2.613155638576082351e-01,0.000000000000000000e+00,0.000000000000000000e+00
2.626245607966040119e-01,0.000000000000000000e+00,0.000000000000000000e+00
2.639335577355996776e-01,0.000000000000000000e+00,0.000000000000000000e+00
2.652425546745954543e-01,0.000000000000000000e+00,0.000000000000000000e+00
2.665515516135912311e-01,0.000000000000000000e+00,0.000000000000000000e+00
2.678605485525868968e-01,0.000000000000000000e+00,0.000000000000000000e+00
2.691695454915826735e-01,0.000000000000000000e+00,0.000000000000000000e+00
2.704785424305784503e-01,0.000000000000000000e+00,0.000000000000000000e+00
2.717875393695742270e-01,0.000000000000000000e+00,0.000000000000000000e+00
2.730965363085698927e-01,0.000000000000000000e+00,0.000000000000000000e+00
2.744055332475656694e-01,0.000000000000000000e+00,0.000000000000000000e+00
2.757145301865614462e-01,0.000000000000000000e+00,0.000000000000000000e+00
2.770235271255572229e-01,0.000000000000000000e+00,0.000000000000000000e+00
2.783325240645528886e-01,0.000000000000000000e+00,0.000000000000000000e+00
2.796415210035486654e-01,0.000000000000000000e+00,0.000000000000000000e+00
2.809505179425444421e-01,0.000000000000000000e+00,0.000000000000000000e+00
2.822595148815401078e-01,0.000000000000000000e+00,0.000000000000000000e+00
2.835685118205358846e-01,0.000000000000000000e+00,0.000000000000000000e+00
2.848775087595316613e-01,0.000000000000000000e+00,0.000000000000000000e+00
2.861865056985274380e-01,0.000000000000000000e+00,0.000000000000000000e+00
2.874955026375231038e-01,0.000000000000000000e+00,0.000000000000000000e+00
2.888044995765188805e-01,0.000000000000000000e+00,0.000000000000000000e+00
2.901134965155146572e-01,0.000000000000000000e+00,0.000000000000000000e+00
2.914224934545104340e-01,0.000000000000000000e+00,0.000000000000000000e+00
2.927314903935060997e-01,0.000000000000000000e+00,0.000000000000000000e+00
2.940404873325018764e-01,0.000000000000000000e+00,0.000000000000000000e+00
2.953494842714976532e-01,0.000000000000000000e+00,0.000000000000000000e+00
2.966584812104933189e-01,0.000000000000000000e+00,0.000000000000000000e+00
2.979674781494890956e-01,0.000000000000000000e+00,0.000000000000000000e+00
2.992764750884848723e-01,0.000000000000000000e+00,0.000000000000000000e+00
3.005854720274806491e-01,0.000000000000000000e+00,0.000000000000000000e+00
3.018944689664764258e-01,0.000000000000000000e+00,0.000000000000000000e+00
3.032034659054720915e-01,0.000000000000000000e+00,0.000000000000000000e+00
3.045124628444678683e-01,0.000000000000000000e+00,0.000000000000000000e+00
3.058214597834636450e-01,0.000000000000000000e+00,-4.182170949121322145e-06
3.071304567224593107e-01,0.000000000000000000e+00,-1.310697760786849742e-05
3.084394536614550875e-01,0.000000000000000000e+00,-1.680473830960316217e-05
3.097484506004508642e-01,0.000000000000000000e+00,-1.808801732570974874e-05
3.110574475394466409e-01,0.000000000000000000e+00,-1.827400094406295139e-05
3.123664444784424177e-01,0.000000000000000000e+00,-1.819666219697591014e-05
3.136754414174380834e-01,0.000000000000000000e+00,-1.804471264071905168e-05
3.149844383564338601e-01,0.000000000000000000e+00,-1.792610578203734928e-05
3.162934352954296369e-01,0.000000000000000000e+00,-1.780757220198880830e-05
3.176024322344253026e-01,0.000000000000000000e+00,-1.766355423114818191e-05
3.189114291734210793e-01,0.000000000000000000e+00,-1.753262348058726161e-05
3.202204261124168561e-01,0.000000000000000000e+00,-1.742048418941488652e-05
3.215294230514126328e-01,0.000000000000000000e+00,-1.729419015862598830e-05
3.228384199904084095e-01,0.000000000000000000e+00,-1.715173172282813407e-05
3.241474169294040752e-01,0.000000000000000000e+00,-1.702761303254418657e-05
3.254564138683998520e-01,0.000000000000000000e+00,-1.692355515992005621e-05
3.267654108073956287e-01,0.000000000000000000e+00,-1.680447762156256353e-05
3.280744077463912944e-01,0.000000000000000000e+00,-1.666861724426704772e-05
3.293834046853870712e-01,0.000000000000000000e+00,-1.655137190485767018e-05
3.306924016243828479e-01,0.000000000000000000e+00,-1.645517361580084437e-05
3.320013985633786247e-01,0.000000000000000000e+00,-1.634401277193775481e-05
3.333103955023744014e-01,0.000000000000000000e+00,-1.621311847195550104e-05
3.346193924413700671e-01,0.000000000000000000e+00,-1.609421166152980032e-05
3.359283893803658438e-01,0.000000000000000000e+00,-1.599298613454147588e-05
3.372373863193616206e-01,0.000000000000000000e+00,-1.588282039666211176e-05
3.385463832583572863e-01,0.000000000000000000e+00,-1.575993774267925307e-05
3.398553801973530630e-01,0.000000000000000000e+00,-1.564950342224091795e-05
3.411643771363488398e-01,0.000000000000000000e+00,-1.555260430127769489e-05
3.424733740753446165e-01,0.000000000000000000e+00,-1.544330084220224553e-05
3.437823710143403932e-01,0.000000000000000000e+00,-1.532133712291161576e-05
3.450913679533360590e-01,0.000000000000000000e+00,-1.521499788516289531e-05
3.464003648923318357e-01,0.000000000000000000e+00,-1.512453923055434579e-05
3.477093618313276124e-01,0.000000000000000000e+00,-1.501918376121957888e-05
3.490183587703232782e-01,0.000000000000000000e+00,-1.489781124024147640e-05
3.503273557093190549e-01,0.000000000000000000e+00,-1.479185173298980249e-05
3.516363526483148316e-01,0.000000000000000000e+00,-1.470418787360983082e-05
3.529453495873106084e-01,0.000000000000000000e+00,-1.460418709335609133e-05
3.542543465263063851e-01,0.000000000000000000e+00,-1.448851754463909014e-05
3.555633434653020508e-01,0.000000000000000000e+00,-1.438593121791398310e-05
3.568723404042978276e-01,0.000000000000000000e+00,-1.429922647923353995e-05
3.581813373432936043e-01,0.000000000000000000e+00,-1.420082431283220536e-05
3.594903342822892700e-01,0.000000000000000000e+00,-1.408852796422332965e-05
3.607993312212850467e-01,0.000000000000000000e+00,-1.398980039231390027e-05
3.621083281602808235e-01,0.000000000000000000e+00,-1.390657639764592002e-05
3.634173250992766002e-01,0.000000000000000000e+00,-1.381123692884012044e-05
3.647263220382723770e-01,0.000000000000000000e+00,-1.370164919003991066e-05
3.660353189772680427e-01,0.000000000000000000e+00,-1.360505697789449187e-05
3.673443159162638194e-01,0.000000000000000000e+00,-1.352401127080460341e-05
3.686533128552595961e-01,0.000000000000000000e+00,-1.343196195766060974e-05
3.699623097942552619e-01,0.000000000000000000e+00,-1.332639564795290443e-05
3.712713067332510386e-01,0.000000000000000000e+00,-1.323309971261454887e-05
3.725803036722468153e-01,0.000000000000000000e+00,-1.315411320952641905e-05
3.738893006112425921e-01,0.000000000000000000e+00,-1.306388329049001928e-05
3.751982975502383688e-01,0.000000000000000000e+00,-1.296072531493941415e-05
3.765072944892340345e-01,0.000000000000000000e+00,-1.287054443174784346e-05
3.778162914282298113e-01,0.000000000000000000e+00,-1.279502152665146220e-05
3.791252883672255880e-01,0.000000000000000000e+00,-1.270781653109342990e-05
3.804342853062212537e-01,0.000000000000000000e+00,-1.260698866861753586e-05
3.817432822452170305e-01,0.000000000000000000e+00,-1.251866720781980025e-05
3.830522791842128072e-01,0.000000000000000000e+00,-1.244530363481155533e-05
3.843612761232085839e-01,0.000000000000000000e+00,-1.236129759690784979e-05
3.856702730622043607e-01,0.000000000000000000e+00,-1.226401126550036302e-05
3.869792700012000264e-01,0.000000000000000000e+00,-1.217800278964509264e-05
3.882882669401958031e-01,0.000000000000000000e+00,-1.210592375160135514e-05
3.895972638791915799e-01,0.000000000000000000e+00,-1.202418338112909435e-05
3.909062608181872456e-01,0.000000000000000000e+00,-1.193035878677140005e-05
3.922152577571830223e-01,0.000000000000000000e+00,-1.184740214589530272e-05
3.935242546961787991e-01,0.000000000000000000e+00,-1.177732651733154334e-05
3.948332516351745758e-01,0.000000000000000000e+00,-1.169740162149102147e-05
3.961422485741703525e-01,0.000000000000000000e+00,-1.160582798814813188e-05
3.974512455131660182e-01,0.000000000000000000e+00,-1.152543119668780758e-05
3.987602424521617950e-01,0.000000000000000000e+00,-1.145803333904571453e-05
4.000692393911575717e-01,0.000000000000000000e+00,-1.138067008146781411e-05
4.013782363301532374e-01,0.000000000000000000e+00,-1.129138352601311013e-05
4.026872332691490142e-01,0.000000000000000000e+00,-1.121289333021191492e-05
4.039962302081447909e-01,0.000000000000000000e+00,-1.114738038793250396e-05
4.053052271471405676e-01,0.000000000000000000e+00,-1.107248146532680000e-05
4.066142240861363444e-01,0.000000000000000000e+00,-1.098601606715210455e-05
4.079232210251320101e-01,0.000000000000000000e+00,-1.090987607031690398e-05
4.092322179641277868e-01,0.000000000000000000e+00,-1.084609966559013650e-05
4.105412149031235636e-01,0.000000000000000000e+00,-1.077306414150325242e-05
4.118502118421192293e-01,0.000000000000000000e+00,-1.068889972037634362e-05
4.131592087811151170e-01,0.000000000000000000e+00,-1.061518953857087944e-05
4.144682057201107828e-01,0.000000000000000000e+00,-1.055370699916402533e-05
4.157772026591064485e-01,0.000000000000000000e+00,-1.048274821525974065e-05
4.170861995981023362e-01,0.000000000000000000e+00,-1.040050449914453612e-05
4.183951965370980020e-01,0.000000000000000000e+00,-1.032862514825649836e-05
4.197041934760937787e-01,0.000000000000000000e+00,-1.026915220150859120e-05
4.210131904150895554e-01,0.000000000000000000e+00,-1.020060411782708343e-05
4.223221873540852211e-01,0.000000000000000000e+00,-1.012080176904239792e-05
4.236311842930809979e-01,0.000000000000000000e+00,-1.005067387574443138e-05
4.249401812320767746e-01,0.000000000000000000e+00,-9.992528561847402457e-06
4.262491781710724403e-01,0.000000000000000000e+00,-9.926017206188242348e-06
4.275581751100683281e-01,0.000000000000000000e+00,-9.848886382918253801e-06
4.288671720490639938e-01,0.000000000000000000e+00,-9.780905870657163881e-06
4.301761689880597705e-01,0.000000000000000000e+00,-9.724176719724808571e-06
4.314851659270555473e-01,0.000000000000000000e+00,-9.659316599394673908e-06
4.327941628660512130e-01,0.000000000000000000e+00,-9.584371509288591717e-06
4.341031598050469897e-01,0.000000000000000000e+00,-9.518532491398223883e-06
4.354121567440427665e-01,0.000000000000000000e+00,-9.463655310404384124e-06
4.367211536830384322e-01,0.000000000000000000e+00,-9.400586237176544735e-06
4.380301506220343200e-01,0.000000000000000000e+00,-9.327449444443414173e-06
4.393391475610299857e-01,0.000000000000000000e+00,-9.263227910796811848e-06
4.406481445000257624e-01,0.000000000000000000e+00,-9.209050185546296952e-06
4.419571414390215391e-01,0.000000000000000000e+00,-9.145173128097261461e-06
4.432661383780172049e-01,0.000000000000000000e+00,-9.070634207769545654e-06
4.445751353170129816e-01,0.000000000000000000e+00,-9.006192478469565721e-06
4.458841322560087583e-01,2.647109797637714479e-06,-8.958748631618385083e-06
4.471931291950044240e-01,2.256748983575640466e-06,-8.914958634101410873e-06
4.485021261340003118e-01,2.300133158522621457e-06,-8.871299935861443053e-06
4.498111230729959775e-01,1.602561840480243305e-06,-8.839938627991372755e-06
4.511201200119917543e-01,9.304629015327581243e-07,-8.823062493085176428e-06
4.524291169509875310e-01,9.387364454938040836e-07,-8.808122821529762447e-06
4.537381138899831967e-01,1.278451809194613986e-06,-8.789707701573057363e-06
4.550471108289789735e-01,8.738739581681809199e-07,-8.774599127375770635e-06
4.563561077679747502e-01,3.801908843303891672e-07,-8.765082792114298194e-06
4.576651047069704159e-01,6.222191663018961094e-07,-8.754895873069878931e-06
4.589741016459663037e-01,9.797931357635736305e-07,-8.741591561250983133e-06
4.602830985849619694e-01,5.854026955409707966e-07,-8.730583733893015896e-06
4.615920955239577461e-01,2.422338495899900579e-07,-8.723483827466349538e-06
4.629010924629535229e-01,5.422947896294161296e-07,-8.714442222571006091e-06
4.642100894019491886e-01,9.681953654083752525e-07,-8.701398394705961437e-06
4.655190863409449653e-01,6.001356128437773663e-07,-8.689778890180743787e-06
4.668280832799407420e-01,3.173741096318405397e-07,-8.681725957249142311e-06
4.681370802189364078e-01,4.433574022633113287e-07,-8.672263331219176585e-06
4.694460771579322955e-01,9.590574855666833543e-07,-8.659632338814393648e-06
4.707550740969279612e-01,6.001654080378671097e-07,-8.649062737467461126e-06
4.720640710359237380e-01,1.712543201692895423e-07,-8.642241906248182559e-06
4.733730679749195147e-01,4.623960181693309579e-07,-8.633601064109153178e-06
4.746820649139151804e-01,9.940656897911015477e-07,-8.621138643125081380e-06
4.759910618529109572e-01,5.628418714154204139e-07,-8.610143748019605248e-06
4.773000587919067339e-01,2.320850508996663564e-07,-8.602751124187069109e-06
4.786090557309023996e-01,4.450386528187522117e-07,-8.594014651516768133e-06
4.799180526698982874e-01,9.598633063101491558e-07,-8.581966573009691679e-06
4.812270496088939531e-01,5.894530470673675637e-07,-8.571496053821903160e-06
4.825360465478897298e-01,1.671875192732485971e-07,-8.564369744445965438e-06
4.838450434868855066e-01,5.221143807021544347e-07,-8.555485701153275890e-06
4.851540404258811723e-01,9.769137321313792199e-07,-8.542898564209422396e-06
4.864630373648769490e-01,6.364755106846864408e-07,-8.531565752784020518e-06
4.877720343038727258e-01,2.831561168314955523e-07,-8.522958743331643383e-06
4.890810312428683915e-01,6.062815447460678797e-07,-8.511815426909263849e-06
4.903900281818642792e-01,1.040008060448904814e-06,-8.497167713714115500e-06
4.916990251208599449e-01,6.391215409962125449e-07,-8.485515258671583183e-06
4.930080220598557217e-01,1.702787437163344464e-07,-8.478654901181159609e-06
4.943170189988514984e-01,4.682743942330258591e-07,-8.469765583177246704e-06
4.956260159378471641e-01,1.053030112552200137e-06,-8.456512582466491068e-06
4.969350128768429409e-01,6.693993667150621718e-07,-8.445001114743000414e-06
4.982440098158387176e-01,2.116657455419890255e-07,-8.437385423651355687e-06
4.995530067548343833e-01,5.160061861131381988e-07,-8.427835161833874267e-06
5.008620036938302711e-01,1.011492941405123247e-06,-8.414296912437335685e-06
5.021710006328259368e-01,7.248173218010744989e-07,-8.402468527554662892e-06
5.034799975718217135e-01,2.168928958379279237e-07,-8.394132326616787765e-06
5.047889945108174903e-01,6.009470372436709340e-07,-8.383464868352841215e-06
5.060979914498131560e-01,1.065322873167184881e-06,-8.368777592290821410e-06
5.074069883888089327e-01,7.475079373819859541e-07,-8.356172390075466971e-06
5.087159853278047095e-01,1.808956731907951365e-07,-8.348044685621558436e-06
5.100249822668003752e-01,4.712262931805266675e-07,-8.338821804107499069e-06
5.113339792057962629e-01,1.069375365064795247e-06,-8.326048374973638033e-06
5.126429761447919287e-01,6.672494833881437160e-07,-8.314629812572471579e-06
5.139519730837877054e-01,2.403712037746252861e-07,-8.306264942053998013e-06
5.152609700227834821e-01,5.748188316168079126e-07,-8.295799062252307010e-06
5.165699669617791479e-01,1.078890756428529940e-06,-8.281591773268148771e-06
5.178789639007749246e-01,6.573557975730892622e-07,-8.269117398401748531e-06
5.191879608397707013e-01,2.667187865013076475e-07,-8.260706254800687098e-06
5.204969577787663670e-01,5.041679254358388818e-07,-8.251421698371452784e-06
5.218059547177622548e-01,9.913077867462760651e-07,-8.239012943583867710e-06
5.231149516567579205e-01,6.354291301191583585e-07,-8.227998816570658569e-06
5.244239485957536973e-01,2.903154784211769979e-07,-8.219787543700673993e-06
5.257329455347494740e-01,5.535139436935176960e-07,-8.209340358514283231e-06
5.270419424737451397e-01,1.015392474643106446e-06,-8.195373214808787665e-06
5.283509394127409164e-01,7.315635219690141966e-07,-8.183675582737470755e-06
5.296599363517366932e-01,2.456138901291149423e-07,-8.175720302844302623e-06
5.309689332907323589e-01,5.588891121566241793e-07,-8.165169036733477270e-06
5.322779302297282467e-01,1.038484735649269908e-06,-8.150476749901880424e-06
5.335869271687239124e-01,7.506026263176535096e-07,-8.138369003526935153e-06
5.348959241077196891e-01,2.457248764325958845e-07,-8.130881786042043480e-06
5.362049210467154658e-01,4.904043546111180873e-07,-8.121315449166610634e-06
5.375139179857111316e-01,1.061744518235374635e-06,-8.107390551598259165e-06
5.388229149247069083e-01,7.031084187231195770e-07,-8.095261143967191764e-06
5.401319118637026850e-01,3.359946909031741313e-07,-8.086866313469776024e-06
5.414409088026983508e-01,5.899575437340320860e-07,-8.076113327371015060e-06
5.427499057416942385e-01,1.088405619700805183e-06,-8.061144093296501723e-06
5.440589026806899042e-01,7.482008063663947439e-07,-8.048091953469227455e-06
5.453678996196856810e-01,2.834626051939626024e-07,-8.039179460461731708e-06
5.466768965586814577e-01,5.961552701494454709e-07,-8.028655697628339638e-06
5.479858934976771234e-01,1.084402864462430394e-06,-8.014284419613493249e-06
5.492948904366729002e-01,7.759173740184976964e-07,-8.001400646079348533e-06
5.506038873756686769e-01,2.818497413098475235e-07,-7.992177980475911880e-06
5.519128843146643426e-01,5.927376143105567152e-07,-7.981668999082480731e-06
5.532218812536602304e-01,9.875785727253560964e-07,-7.967918036533294668e-06
5.545308781926558961e-01,7.675356352015993977e-07,-7.955869983283792024e-06
5.558398751316516728e-01,2.231720770823342193e-07,-7.947547727718551336e-06
5.571488720706474496e-01,5.146187879723207459e-07,-7.938164960516469471e-06
5.584578690096431153e-01,9.777274339317632013e-07,-7.925713492826225171e-06
5.597668659486388920e-01,6.521882531251854687e-07,-7.914826349098014191e-06
5.610758628876346688e-01,2.898567547926500509e-07,-7.907103234075507636e-06
5.623848598266303345e-01,5.479568655764044394e-07,-7.897555572997094764e-06
5.636938567656262222e-01,9.205025915531850345e-07,-7.884529212742741322e-06
5.650028537046218879e-01,6.529535088034554846e-07,-7.873207171604779120e-06
5.663118506436176647e-01,2.833842689675680759e-07,-7.865571674203764019e-06
5.676208475826134414e-01,5.909404011406049761e-07,-7.856485326890316756e-06
5.689298445216091071e-01,9.237017611907205605e-07,-7.843693513226446257e-06
5.702388414606048839e-01,7.717912497845480502e-07,-7.831747591585669355e-06
5.715478383996006606e-01,3.285237049621692051e-07,-7.822375523769409256e-06
5.728568353385963263e-01,6.030096071779622591e-07,-7.811122414005944314e-06
5.741658322775922141e-01,9.987171391695470746e-07,-7.796953848865362247e-06
5.754748292165878798e-01,7.513057163205383304e-07,-7.785560353246179233e-06
5.767838261555836565e-01,2.824345726598620487e-07,-7.778014506826247398e-06
5.780928230945794333e-01,6.521351905014460826e-07,-7.767398058536323369e-06
5.794018200335750990e-01,1.039520147239070269e-06,-7.751950678466790201e-06
5.807108169725708757e-01,8.324550319210866078e-07,-7.738470443774403407e-06
5.820198139115666525e-01,3.943802744793556414e-07,-7.729211139312353041e-06
5.833288108505623182e-01,5.882449129607225657e-07,-7.717929071074380865e-06
5.846378077895582059e-01,1.008057119916694333e-06,-7.702786671046069067e-06
5.859468047285538717e-01,7.836387741211314761e-07,-7.690217556297063162e-06
5.872558016675496484e-01,3.475878564279666350e-07,-7.682660211602576616e-06
5.885647986065454251e-01,5.836882993673353504e-07,-7.673955923312436589e-06
5.898737955455410908e-01,9.923126360888989694e-07,-7.660633376191383626e-06
5.911827924845368676e-01,7.489313210845560675e-07,-7.646480503026298337e-06
5.924917894235326443e-01,3.262192906014482752e-07,-7.635080590831511138e-06
5.938007863625283100e-01,5.866789967168273279e-07,-7.625252705006912990e-06
5.951097833015241978e-01,9.653245093069195981e-07,-7.614754851198446417e-06
5.964187802405198635e-01,7.455126568925440900e-07,-7.604836885277688197e-06
5.977277771795156402e-01,3.557212792590358497e-07,-7.596228823375517081e-06
5.990367741185114170e-01,5.728700157511812385e-07,-7.585959377109929846e-06
6.003457710575070827e-01,9.840098810082187342e-07,-7.572393018767664685e-06
6.016547679965028594e-01,8.628140812996787368e-07,-7.558426283429953152e-06
6.029637649354986362e-01,3.771828292475909450e-07,-7.546393851684540799e-06
6.042727618744943019e-01,6.992041666348258744e-07,-7.534373809570116265e-06
6.055817588134901897e-01,1.064020767264917122e-06,-7.521129976206797352e-06
6.068907557524858554e-01,9.856525022208795228e-07,-7.509801862662368599e-06
6.081997526914816321e-01,5.010425868437473618e-07,-7.498545255044120061e-06
6.095087496304774088e-01,8.265299445073259754e-07,-7.479650410924243431e-06
6.108177465694730746e-01,1.223182584685067464e-06,-7.454757192895677953e-06
6.121267435084688513e-01,1.241251385716846123e-06,-7.435734224639500844e-06
6.134357404474646280e-01,9.357753721003780889e-07,-7.444118376401243076e-06
6.147447373864602937e-01,1.463486193148400005e-06,-7.510186868828205853e-06
6.160537343254561815e-01,2.229268830991615324e-06,-7.659081887850804904e-06
6.173627312644518472e-01,2.603204994455765586e-06,-7.912544484650618770e-06
6.186717282034476240e-01,3.149895789315154682e-06,-8.393109489496231035e-06
6.199807251424434007e-01,0.000000000000000000e+00,-8.464202398722475706e-06
6.212897220814390664e-01,0.000000000000000000e+00,-6.691494654639806861e-06
6.225987190204348432e-01,-3.364532996860680747e-07,-2.115730658003300846e-06
6.239077159594306199e-01,0.000000000000000000e+00,0.000000000000000000e+00
6.252167128984262856e-01,0.000000000000000000e+00,0.000000000000000000e+00
6.265257098374221734e-01,0.000000000000000000e+00,0.000000000000000000e+00
6.278347067764178391e-01,0.000000000000000000e+00,0.000000000000000000e+00
6.291437037154136158e-01,0.000000000000000000e+00,0.000000000000000000e+00
6.304527006544093926e-01,0.000000000000000000e+00,0.000000000000000000e+00
6.317616975934050583e-01,0.000000000000000000e+00,0.000000000000000000e+00
6.330706945324008350e-01,0.000000000000000000e+00,0.000000000000000000e+00
6.343796914713966117e-01,0.000000000000000000e+00,0.000000000000000000e+00
6.356886884103922775e-01,0.000000000000000000e+00,0.000000000000000000e+00
6.369976853493881652e-01,0.000000000000000000e+00,0.000000000000000000e+00
6.383066822883838309e-01,0.000000000000000000e+00,0.000000000000000000e+00
6.396156792273796077e-01,0.000000000000000000e+00,0.000000000000000000e+00
6.409246761663753844e-01,0.000000000000000000e+00,0.000000000000000000e+00
6.422336731053710501e-01,0.000000000000000000e+00,0.000000000000000000e+00
6.435426700443668269e-01,0.000000000000000000e+00,0.000000000000000000e+00
6.448516669833626036e-01,0.000000000000000000e+00,0.000000000000000000e+00
6.461606639223582693e-01,0.000000000000000000e+00,0.000000000000000000e+00
6.474696608613541571e-01,0.000000000000000000e+00,0.000000000000000000e+00
6.487786578003498228e-01,0.000000000000000000e+00,0.000000000000000000e+00
6.500876547393455995e-01,0.000000000000000000e+00,0.000000000000000000e+00
6.513966516783413763e-01,0.000000000000000000e+00,0.000000000000000000e+00
6.527056486173370420e-01,0.000000000000000000e+00,0.000000000000000000e+00
6.540146455563328187e-01,0.000000000000000000e+00,0.000000000000000000e+00
6.553236424953285955e-01,0.000000000000000000e+00,0.000000000000000000e+00
6.566326394343242612e-01,0.000000000000000000e+00,0.000000000000000000e+00
6.579416363733201489e-01,0.000000000000000000e+00,0.000000000000000000e+00
6.592506333123158146e-01,0.000000000000000000e+00,0.000000000000000000e+00
6.605596302513115914e-01,0.000000000000000000e+00,0.000000000000000000e+00
6.618686271903073681e-01,0.000000000000000000e+00,0.000000000000000000e+00
6.631776241293030338e-01,0.000000000000000000e+00,0.000000000000000000e+00
6.644866210682988106e-01,0.000000000000000000e+00,0.000000000000000000e+00
6.657956180072944763e-01,0.000000000000000000e+00,0.000000000000000000e+00
6.671046149462902530e-01,0.000000000000000000e+00,0.000000000000000000e+00
6.684136118852860298e-01,0.000000000000000000e+00,0.000000000000000000e+00
6.697226088242818065e-01,0.000000000000000000e+00,0.000000000000000000e+00
6.710316057632774722e-01,0.000000000000000000e+00,0.000000000000000000e+00
6.723406027022732490e-01,0.000000000000000000e+00,0.000000000000000000e+00
6.736495996412690257e-01,0.000000000000000000e+00,0.000000000000000000e+00
6.749585965802648024e-01,0.000000000000000000e+00,0.000000000000000000e+00
6.762675935192604681e-01,0.000000000000000000e+00,0.000000000000000000e+00
6.775765904582562449e-01,0.000000000000000000e+00,0.000000000000000000e+00
6.788855873972520216e-01,0.000000000000000000e+00,0.000000000000000000e+00
6.801945843362477984e-01,0.000000000000000000e+00,0.000000000000000000e+00
6.815035812752434641e-01,0.000000000000000000e+00,0.000000000000000000e+00
6.828125782142392408e-01,0.000000000000000000e+00,0.000000000000000000e+00
6.841215751532350176e-01,0.000000000000000000e+00,0.000000000000000000e+00
6.854305720922307943e-01,0.000000000000000000e+00,0.000000000000000000e+00
6.867395690312264600e-01,0.000000000000000000e+00,0.000000000000000000e+00
6.880485659702222367e-01,0.000000000000000000e+00,0.000000000000000000e+00
6.893575629092180135e-01,0.000000000000000000e+00,0.000000000000000000e+00
6.906665598482137902e-01,0.000000000000000000e+00,0.000000000000000000e+00
6.919755567872094559e-01,0.000000000000000000e+00,0.000000000000000000e+00
6.932845537262052327e-01,0.000000000000000000e+00,0.000000000000000000e+00
6.945935506652010094e-01,0.000000000000000000e+00,0.000000000000000000e+00
6.959025476041967861e-01,0.000000000000000000e+00,0.000000000000000000e+00
6.972115445431924519e-01,0.000000000000000000e+00,0.000000000000000000e+00
6.985205414821882286e-01,0.000000000000000000e+00,0.000000000000000000e+00
6.998295384211840053e-01,0.000000000000000000e+00,0.000000000000000000e+00
7.011385353601797821e-01,0.000000000000000000e+00,0.000000000000000000e+00
7.024475322991754478e-01,0.000000000000000000e+00,0.000000000000000000e+00
7.037565292381712245e-01,0.000000000000000000e+00,0.000000000000000000e+00
7.050655261771670013e-01,0.000000000000000000e+00,0.000000000000000000e+00
7.063745231161627780e-01,0.000000000000000000e+00,0.000000000000000000e+00
7.076835200551584437e-01,0.000000000000000000e+00,0.000000000000000000e+00
7.089925169941542205e-01,0.000000000000000000e+00,0.000000000000000000e+00
7.103015139331499972e-01,0.000000000000000000e+00,0.000000000000000000e+00
7.116105108721457739e-01,0.000000000000000000e+00,0.000000000000000000e+00
7.129195078111414396e-01,0.000000000000000000e+00,0.000000000000000000e+00
7.142285047501372164e-01,0.000000000000000000e+00,0.000000000000000000e+00
7.155375016891329931e-01,0.000000000000000000e+00,0.000000000000000000e+00
7.168464986281287699e-01,0.000000000000000000e+00,0.000000000000000000e+00
7.181554955671244356e-01,0.000000000000000000e+00,0.000000000000000000e+00
7.194644925061202123e-01,0.000000000000000000e+00,0.000000000000000000e+00
7.207734894451159890e-01,0.000000000000000000e+00,0.000000000000000000e+00
7.220824863841117658e-01,0.000000000000000000e+00,0.000000000000000000e+00
7.233914833231074315e-01,0.000000000000000000e+00,0.000000000000000000e+00
7.247004802621032082e-01,0.000000000000000000e+00,0.000000000000000000e+00
7.260094772010989850e-01,0.000000000000000000e+00,0.000000000000000000e+00
7.273184741400947617e-01,0.000000000000000000e+00,0.000000000000000000e+00
7.286274710790904274e-01,0.000000000000000000e+00,0.000000000000000000e+00
7.299364680180862042e-01,0.000000000000000000e+00,0.000000000000000000e+00
7.312454649570819809e-01,0.000000000000000000e+00,0.000000000000000000e+00
7.325544618960777576e-01,0.000000000000000000e+00,0.000000000000000000e+00
7.338634588350734234e-01,0.000000000000000000e+00,0.000000000000000000e+00
7.351724557740692001e-01,0.000000000000000000e+00,0.000000000000000000e+00
7.364814527130649768e-01,0.000000000000000000e+00,0.000000000000000000e+00
7.377904496520607536e-01,0.000000000000000000e+00,0.000000000000000000e+00
7.390994465910564193e-01,0.000000000000000000e+00,0.000000000000000000e+00
7.404084435300521960e-01,0.000000000000000000e+00,0.000000000000000000e+00
7.417174404690479728e-01,0.000000000000000000e+00,0.000000000000000000e+00
7.430264374080437495e-01,0.000000000000000000e+00,0.000000000000000000e+00
7.443354343470394152e-01,0.000000000000000000e+00,0.000000000000000000e+00
7.456444312860351920e-01,0.000000000000000000e+00,0.000000000000000000e+00
7.469534282250309687e-01,0.000000000000000000e+00,0.000000000000000000e+00
7.482624251640267454e-01,0.000000000000000000e+00,0.000000000000000000e+00
7.495714221030224111e-01,0.000000000000000000e+00,0.000000000000000000e+00
7.508804190420181879e-01,0.000000000000000000e+00,0.000000000000000000e+00
7.521894159810139646e-01,0.000000000000000000e+00,0.000000000000000000e+00
7.534984129200097414e-01,0.000000000000000000e+00,0.000000000000000000e+00
7.548074098590054071e-01,0.000000000000000000e+00,0.000000000000000000e+00
7.561164067980011838e-01,0.000000000000000000e+00,0.000000000000000000e+00
7.574254037369969605e-01,0.000000000000000000e+00,0.000000000000000000e+00
7.587344006759927373e-01,0.000000000000000000e+00,0.000000000000000000e+00
7.600433976149884030e-01,0.000000000000000000e+00,0.000000000000000000e+00
7.613523945539841797e-01,0.000000000000000000e+00,0.000000000000000000e+00
7.626613914929799565e-01,0.000000000000000000e+00,0.000000000000000000e+00
7.639703884319757332e-01,0.000000000000000000e+00,0.000000000000000000e+00
7.652793853709713989e-01,0.000000000000000000e+00,0.000000000000000000e+00
7.665883823099671757e-01,0.000000000000000000e+00,0.000000000000000000e+00
7.678973792489629524e-01,0.000000000000000000e+00,0.000000000000000000e+00
7.692063761879587291e-01,0.000000000000000000e+00,0.000000000000000000e+00
7.705153731269543949e-01,0.000000000000000000e+00,0.000000000000000000e+00
7.718243700659501716e-01,0.000000000000000000e+00,0.000000000000000000e+00
7.731333670049459483e-01,0.000000000000000000e+00,0.000000000000000000e+00
7.744423639439417251e-01,0.000000000000000000e+00,0.000000000000000000e+00
7.757513608829373908e-01,0.000000000000000000e+00,0.000000000000000000e+00
7.770603578219331675e-01,0.000000000000000000e+00,0.000000000000000000e+00
7.783693547609289443e-01,0.000000000000000000e+00,0.000000000000000000e+00
7.796783516999247210e-01,0.000000000000000000e+00,0.000000000000000000e+00
7.809873486389203867e-01,0.000000000000000000e+00,0.000000000000000000e+00
7.822963455779161634e-01,0.000000000000000000e+00,0.000000000000000000e+00
7.836053425169119402e-01,0.000000000000000000e+00,0.000000000000000000e+00
7.849143394559077169e-01,0.000000000000000000e+00,0.000000000000000000e+00
7.862233363949033826e-01,0.000000000000000000e+00,0.000000000000000000e+00
7.875323333338991594e-01,0.000000000000000000e+00,0.000000000000000000e+00
7.888413302728949361e-01,0.000000000000000000e+00,0.000000000000000000e+00
7.901503272118907129e-01,0.000000000000000000e+00,0.000000000000000000e+00
7.914593241508863786e-01,0.000000000000000000e+00,0.000000000000000000e+00
7.927683210898821553e-01,0.000000000000000000e+00,0.000000000000000000e+00
7.940773180288779320e-01,0.000000000000000000e+00,0.000000000000000000e+00
7.953863149678737088e-01,0.000000000000000000e+00,0.000000000000000000e+00
7.966953119068693745e-01,0.000000000000000000e+00,0.000000000000000000e+00
7.980043088458651512e-01,0.000000000000000000e+00,0.000000000000000000e+00
7.993133057848609280e-01,0.000000000000000000e+00,0.000000000000000000e+00
8.006223027238567047e-01,0.000000000000000000e+00,0.000000000000000000e+00
8.019312996628523704e-01,0.000000000000000000e+00,0.000000000000000000e+00
8.032402966018481472e-01,0.000000000000000000e+00,0.000000000000000000e+00
8.045492935408439239e-01,0.000000000000000000e+00,0.000000000000000000e+00
8.058582904798397006e-01,0.000000000000000000e+00,0.000000000000000000e+00
8.071672874188353664e-01,0.000000000000000000e+00,0.000000000000000000e+00
8.084762843578311431e-01,0.000000000000000000e+00,0.000000000000000000e+00
8.097852812968269198e-01,0.000000000000000000e+00,0.000000000000000000e+00
8.110942782358226966e-01,0.000000000000000000e+00,0.000000000000000000e+00
8.124032751748183623e-01,0.000000000000000000e+00,0.000000000000000000e+00
8.137122721138141390e-01,0.000000000000000000e+00,0.000000000000000000e+00
8.150212690528099158e-01,0.000000000000000000e+00,0.000000000000000000e+00
8.163302659918056925e-01,0.000000000000000000e+00,0.000000000000000000e+00
8.176392629308013582e-01,0.000000000000000000e+00,0.000000000000000000e+00
8.189482598697971349e-01,0.000000000000000000e+00,0.000000000000000000e+00
8.202572568087929117e-01,0.000000000000000000e+00,0.000000000000000000e+00
8.215662537477886884e-01,0.000000000000000000e+00,0.000000000000000000e+00
8.228752506867843541e-01,0.000000000000000000e+00,0.000000000000000000e+00
8.241842476257801309e-01,0.000000000000000000e+00,0.000000000000000000e+00
8.254932445647759076e-01,0.000000000000000000e+00,0.000000000000000000e+00
8.268022415037716843e-01,0.000000000000000000e+00,0.000000000000000000e+00
8.281112384427673501e-01,0.000000000000000000e+00,0.000000000000000000e+00
8.294202353817631268e-01,0.000000000000000000e+00,0.000000000000000000e+00
8.307292323207589035e-01,0.000000000000000000e+00,0.000000000000000000e+00
8.320382292597546803e-01,0.000000000000000000e+00,0.000000000000000000e+00
8.333472261987503460e-01,0.000000000000000000e+00,0.000000000000000000e+00
8.346562231377461227e-01,0.000000000000000000e+00,0.000000000000000000e+00
8.359652200767418995e-01,0.000000000000000000e+00,0.000000000000000000e+00
8.372742170157376762e-01,0.000000000000000000e+00,0.000000000000000000e+00
8.385832139547333419e-01,0.000000000000000000e+00,0.000000000000000000e+00
8.398922108937291187e-01,0.000000000000000000e+00,0.000000000000000000e+00
8.412012078327248954e-01,0.000000000000000000e+00,0.000000000000000000e+00
8.425102047717206721e-01,0.000000000000000000e+00,0.000000000000000000e+00
8.438192017107163378e-01,0.000000000000000000e+00,0.000000000000000000e+00
8.451281986497121146e-01,0.000000000000000000e+00,0.000000000000000000e+00
8.464371955887078913e-01,0.000000000000000000e+00,0.000000000000000000e+00
8.477461925277036681e-01,0.000000000000000000e+00,0.000000000000000000e+00
8.490551894666993338e-01,0.000000000000000000e+00,0.000000000000000000e+00
8.503641864056951105e-01,0.000000000000000000e+00,0.000000000000000000e+00
8.516731833446908873e-01,0.000000000000000000e+00,0.000000000000000000e+00
8.529821802836866640e-01,0.000000000000000000e+00,0.000000000000000000e+00
8.542911772226823297e-01,0.000000000000000000e+00,0.000000000000000000e+00
8.556001741616781064e-01,0.000000000000000000e+00,0.000000000000000000e+00
8.569091711006738832e-01,0.000000000000000000e+00,0.000000000000000000e+00
8.582181680396696599e-01,0.000000000000000000e+00,0.000000000000000000e+00
8.595271649786653256e-01,0.000000000000000000e+00,0.000000000000000000e+00
8.608361619176611024e-01,0.000000000000000000e+00,0.000000000000000000e+00
8.621451588566568791e-01,0.000000000000000000e+00,0.000000000000000000e+00
8.634541557956526558e-01,0.000000000000000000e+00,0.000000000000000000e+00
8.647631527346483216e-01,0.000000000000000000e+00,0.000000000000000000e+00
8.660721496736440983e-01,0.000000000000000000e+00,0.000000000000000000e+00
8.673811466126398750e-01,0.000000000000000000e+00,0.000000000000000000e+00
8.686901435516356518e-01,0.000000000000000000e+00,0.000000000000000000e+00
8.699991404906313175e-01,0.000000000000000000e+00,0.000000000000000000e+00
8.713081374296270942e-01,0.000000000000000000e+00,0.000000000000000000e+00
8.726171343686228710e-01,0.000000000000000000e+00,0.000000000000000000e+00
8.739261313076186477e-01,0.000000000000000000e+00,0.000000000000000000e+00
8.752351282466143134e-01,0.000000000000000000e+00,0.000000000000000000e+00
8.765441251856100902e-01,0.000000000000000000e+00,0.000000000000000000e+00
8.778531221246058669e-01,0.000000000000000000e+00,0.000000000000000000e+00
8.791621190636016436e-01,0.000000000000000000e+00,0.000000000000000000e+00
8.804711160025973093e-01,0.000000000000000000e+00,0.000000000000000000e+00
8.817801129415930861e-01,0.000000000000000000e+00,0.000000000000000000e+00
8.830891098805888628e-01,0.000000000000000000e+00,0.000000000000000000e+00
8.843981068195846396e-01,0.000000000000000000e+00,0.000000000000000000e+00
8.857071037585803053e-01,0.000000000000000000e+00,0.000000000000000000e+00
8.870161006975760820e-01,0.000000000000000000e+00,0.000000000000000000e+00
8.883250976365718588e-01,0.000000000000000000e+00,0.000000000000000000e+00
8.896340945755676355e-01,0.000000000000000000e+00,0.000000000000000000e+00
8.909430915145633012e-01,0.000000000000000000e+00,0.000000000000000000e+00
8.922520884535590779e-01,0.000000000000000000e+00,0.000000000000000000e+00
8.935610853925548547e-01,0.000000000000000000e+00,0.000000000000000000e+00
8.948700823315506314e-01,0.000000000000000000e+00,0.000000000000000000e+00
8.961790792705462971e-01,0.000000000000000000e+00,0.000000000000000000e+00
8.974880762095420739e-01,0.000000000000000000e+00,0.000000000000000000e+00
8.987970731485378506e-01,0.000000000000000000e+00,0.000000000000000000e+00
9.001060700875336273e-01,0.000000000000000000e+00,0.000000000000000000e+00
9.014150670265292931e-01,0.000000000000000000e+00,0.000000000000000000e+00
9.027240639655250698e-01,0.000000000000000000e+00,0.000000000000000000e+00
9.040330609045208465e-01,0.000000000000000000e+00,0.000000000000000000e+00
9.053420578435166233e-01,0.000000000000000000e+00,0.000000000000000000e+00
9.066510547825122890e-01,0.000000000000000000e+00,0.000000000000000000e+00
9.079600517215080657e-01,0.000000000000000000e+00,0.000000000000000000e+00
9.092690486605038425e-01,0.000000000000000000e+00,0.000000000000000000e+00
9.105780455994996192e-01,0.000000000000000000e+00,0.000000000000000000e+00
9.118870425384952849e-01,0.000000000000000000e+00,0.000000000000000000e+00
9.131960394774910617e-01,0.000000000000000000e+00,0.000000000000000000e+00
9.145050364164868384e-01,0.000000000000000000e+00,0.000000000000000000e+00
9.158140333554826151e-01,0.000000000000000000e+00,0.000000000000000000e+00
9.171230302944782808e-01,0.000000000000000000e+00,0.000000000000000000e+00
9.184320272334740576e-01,0.000000000000000000e+00,0.000000000000000000e+00
9.197410241724698343e-01,0.000000000000000000e+00,0.000000000000000000e+00
9.210500211114656111e-01,0.000000000000000000e+00,0.000000000000000000e+00
9.223590180504612768e-01,0.000000000000000000e+00,0.000000000000000000e+00
9.236680149894570535e-01,0.000000000000000000e+00,0.000000000000000000e+00
9.249770119284528302e-01,0.000000000000000000e+00,0.000000000000000000e+00
9.262860088674486070e-01,0.000000000000000000e+00,0.000000000000000000e+00
9.275950058064442727e-01,0.000000000000000000e+00,0.000000000000000000e+00
9.289040027454400494e-01,0.000000000000000000e+00,0.000000000000000000e+00
9.302129996844358262e-01,0.000000000000000000e+00,0.000000000000000000e+00
9.315219966234316029e-01,0.000000000000000000e+00,0.000000000000000000e+00
9.328309935624272686e-01,0.000000000000000000e+00,0.000000000000000000e+00
9.341399905014230454e-01,0.000000000000000000e+00,0.000000000000000000e+00
9.354489874404188221e-01,0.000000000000000000e+00,0.000000000000000000e+00
9.367579843794145988e-01,0.000000000000000000e+00,0.000000000000000000e+00
9.380669813184102646e-01,0.000000000000000000e+00,0.000000000000000000e+00
9.393759782574060413e-01,0.000000000000000000e+00,0.000000000000000000e+00
9.406849751964018180e-01,0.000000000000000000e+00,0.000000000000000000e+00
9.419939721353975948e-01,0.000000000000000000e+00,0.000000000000000000e+00
9.433029690743932605e-01,0.000000000000000000e+00,0.000000000000000000e+00
9.446119660133890372e-01,0.000000000000000000e+00,0.000000000000000000e+00
9.459209629523848140e-01,0.000000000000000000e+00,-5.253142669456312142e-06
9.472299598913805907e-01,0.000000000000000000e+00,-8.051320634042125057e-06
9.485389568303762564e-01,0.000000000000000000e+00,-8.615780921955584759e-06
9.498479537693720332e-01,0.000000000000000000e+00,-8.295246604894668252e-06
9.511569507083678099e-01,0.000000000000000000e+00,-7.874899372914412332e-06
9.524659476473635866e-01,0.000000000000000000e+00,-7.563329472978774781e-06
9.537749445863592523e-01,0.000000000000000000e+00,-7.470923569202758685e-06
9.550839415253550291e-01,0.000000000000000000e+00,-7.509867199523290182e-06
9.563929384643508058e-01,0.000000000000000000e+00,-7.576769487080414756e-06
9.577019354033465826e-01,0.000000000000000000e+00,-7.637901452264839186e-06
9.590109323423422483e-01,0.000000000000000000e+00,-7.684215680828221373e-06
9.603199292813380250e-01,0.000000000000000000e+00,-7.734236386822135323e-06
9.616289262203338017e-01,0.000000000000000000e+00,-7.791523898265095838e-06
9.629379231593295785e-01,0.000000000000000000e+00,-7.841746222286838375e-06
9.642469200983252442e-01,0.000000000000000000e+00,-7.886892804523371048e-06
9.655559170373210209e-01,0.000000000000000000e+00,-7.941489657631306542e-06
9.668649139763167977e-01,0.000000000000000000e+00,-8.003136168222013680e-06
9.681739109153125744e-01,0.000000000000000000e+00,-8.056368287726045629e-06
9.694829078543082401e-01,0.000000000000000000e+00,-8.102796240069820577e-06
9.707919047933040169e-01,0.000000000000000000e+00,-8.157634027020077561e-06
9.721009017322997936e-01,0.000000000000000000e+00,-8.218915583529939894e-06
9.734098986712955703e-01,0.000000000000000000e+00,-8.271035466717036044e-06
9.747188956102912361e-01,0.000000000000000000e+00,-8.317016796599574491e-06
9.760278925492870128e-01,0.000000000000000000e+00,-8.374218892784335289e-06
9.773368894882827895e-01,0.000000000000000000e+00,-8.440024201847307062e-06
9.786458864272785663e-01,0.000000000000000000e+00,-8.496235424343412390e-06
9.799548833662742320e-01,0.000000000000000000e+00,-8.544293131906854910e-06
9.812638803052700087e-01,0.000000000000000000e+00,-8.602120507003596650e-06
9.825728772442657855e-01,0.000000000000000000e+00,-8.668422770918837728e-06
9.838818741832615622e-01,0.000000000000000000e+00,-8.725922078262060566e-06
9.851908711222572279e-01,0.000000000000000000e+00,-8.776135973734278117e-06
9.864998680612530046e-01,0.000000000000000000e+00,-8.836016175864380706e-06
9.878088650002487814e-01,0.000000000000000000e+00,-8.903829237377758332e-06
9.891178619392445581e-01,0.000000000000000000e+00,-8.962597345466005727e-06
9.904268588782402238e-01,0.000000000000000000e+00,-9.014580488450607554e-06
9.917358558172360006e-01,0.000000000000000000e+00,-9.077274881322261457e-06
9.930448527562317773e-01,0.000000000000000000e+00,-9.148095257205390851e-06
9.943538496952275541e-01,0.000000000000000000e+00,-9.208472813895807185e-06
9.956628466342232198e-01,0.000000000000000000e+00,-9.260806717509284525e-06
9.969718435732189965e-01,0.000000000000000000e+00,-9.324610998104332360e-06
9.982808405122147732e-01,0.000000000000000000e+00,-9.397841453553934521e-06
9.995898374512105500e-01,0.000000000000000000e+00,-9.460852063422620084e-06
1.000898834390206105e+00,0.000000000000000000e+00,-9.515376918137197215e-06
1.002207831329201992e+00,0.000000000000000000e+00,-9.581015980406060173e-06
1.003516828268197880e+00,0.000000000000000000e+00,-9.655945257258657932e-06
1.004825825207193546e+00,0.000000000000000000e+00,-9.720526460199607754e-06
1.006134822146189212e+00,0.000000000000000000e+00,-9.776787992105129277e-06
1.007443819085184877e+00,0.000000000000000000e+00,-9.844672365602602504e-06
1.008752816024180765e+00,0.000000000000000000e+00,-9.922066882397939658e-06
1.010061812963176653e+00,0.000000000000000000e+00,-9.988659130349963888e-06
1.011370809902172319e+00,0.000000000000000000e+00,-1.004645908048162894e-05
1.012679806841167984e+00,0.000000000000000000e+00,-1.011611723765459825e-05
1.013988803780163650e+00,0.000000000000000000e+00,-1.019570541080372372e-05
1.015297800719159538e+00,0.000000000000000000e+00,-1.026450238714171626e-05
1.016606797658155203e+00,0.000000000000000000e+00,-1.032438346834640974e-05
1.017915794597151091e+00,0.000000000000000000e+00,-1.039616641526630580e-05
1.019224791536146757e+00,0.000000000000000000e+00,-1.047788317801168212e-05
1.020533788475142423e+00,0.000000000000000000e+00,-1.054853726492610555e-05
1.021842785414138088e+00,0.000000000000000000e+00,-1.061023515561143604e-05
1.023151782353133976e+00,0.000000000000000000e+00,-1.068434292221531745e-05
1.024460779292129864e+00,0.000000000000000000e+00,-1.076867076937881862e-05
1.025769776231125530e+00,0.000000000000000000e+00,-1.084142703838830712e-05
1.027078773170121195e+00,0.000000000000000000e+00,-1.090476798451534002e-05
1.028387770109116861e+00,0.000000000000000000e+00,-1.098095539876775550e-05
1.029696767048112749e+00,0.000000000000000000e+00,-1.106788262567048875e-05
1.031005763987108637e+00,0.000000000000000000e+00,-1.114303164789776091e-05
1.032314760926104302e+00,0.000000000000000000e+00,-1.120839199521272977e-05
1.033623757865099968e+00,0.000000000000000000e+00,-1.128671779081213966e-05
1.034932754804095634e+00,0.000000000000000000e+00,-1.137601759926276657e-05
1.036241751743091521e+00,0.000000000000000000e+00,-1.145341114809628191e-05
1.037550748682087187e+00,0.000000000000000000e+00,-1.152092298514761914e-05
1.038859745621083075e+00,0.000000000000000000e+00,-1.160167824069968656e-05
1.040168742560078741e+00,0.000000000000000000e+00,-1.169359360266020165e-05
1.041477739499074406e+00,0.000000000000000000e+00,-1.177329837162566228e-05
1.042786736438070072e+00,0.000000000000000000e+00,-1.184285887552427585e-05
1.044095733377065960e+00,0.000000000000000000e+00,-1.192595930384066083e-05
1.045404730316061848e+00,0.000000000000000000e+00,-1.202054994257906184e-05
1.046713727255057513e+00,0.000000000000000000e+00,-1.210278556203203681e-05
1.048022724194053179e+00,0.000000000000000000e+00,-1.217465207793699822e-05
1.049331721133048845e+00,0.000000000000000000e+00,-1.226018565469999544e-05
1.050640718072044733e+00,0.000000000000000000e+00,-1.235738315787104913e-05
1.051949715011040620e+00,0.000000000000000000e+00,-1.244210197846873367e-05
1.053258711950036286e+00,0.000000000000000000e+00,-1.251637479862677260e-05
1.054567708889031952e+00,0.000000000000000000e+00,-1.260456184630498466e-05
1.055876705828027617e+00,0.000000000000000000e+00,-1.270456773565242781e-05
1.057185702767023505e+00,0.000000000000000000e+00,-1.279181080049429653e-05
1.058494699706019171e+00,0.000000000000000000e+00,-1.286842680939259687e-05
1.059803696645015059e+00,0.000000000000000000e+00,-1.295933113999725439e-05
1.061112693584010724e+00,0.000000000000000000e+00,-1.306233817606472503e-05
1.062421690523006390e+00,0.000000000000000000e+00,-1.315222520405223694e-05
1.063730687462002056e+00,0.000000000000000000e+00,-1.323122027299672432e-05
1.065039684400997944e+00,0.000000000000000000e+00,-1.332496731727694783e-05
1.066348681339993831e+00,0.000000000000000000e+00,-1.343116865833160478e-05
1.067657678278989497e+00,0.000000000000000000e+00,-1.352375176463804785e-05
1.068966675217985163e+00,0.000000000000000000e+00,-1.360505760261698782e-05
1.070275672156980828e+00,0.000000000000000000e+00,-1.370171440222278658e-05
1.071584669095976716e+00,0.000000000000000000e+00,-1.381135329084348662e-05
1.072893666034972604e+00,0.000000000000000000e+00,-1.390687377494925769e-05
1.074202662973968270e+00,0.000000000000000000e+00,-1.399057133394387975e-05
1.075511659912963935e+00,0.000000000000000000e+00,-1.409005602175106286e-05
1.076820656851959601e+00,0.000000000000000000e+00,-1.420307653610120013e-05
1.078129653790955489e+00,0.000000000000000000e+00,-1.430174373569237378e-05
1.079438650729951155e+00,0.000000000000000000e+00,-1.438822168221831621e-05
1.080747647668947042e+00,0.000000000000000000e+00,-1.449070341270897178e-05
1.082056644607942708e+00,0.000000000000000000e+00,-1.460699785960084540e-05
1.083365641546938374e+00,0.000000000000000000e+00,-1.470869617327397183e-05
1.084674638485934040e+00,0.000000000000000000e+00,-1.479805004359069365e-05
1.085983635424929927e+00,0.000000000000000000e+00,-1.490383985064402950e-05
1.087292632363925815e+00,0.000000000000000000e+00,-1.502373594230999032e-05
1.088601629302921481e+00,0.000000000000000000e+00,-1.512857816454715731e-05
1.089910626241917146e+00,0.000000000000000000e+00,-1.522067907877566739e-05
1.091219623180912812e+00,0.000000000000000000e+00,-1.532966462219897963e-05
1.092528620119908700e+00,0.000000000000000000e+00,-1.545324706450634800e-05
1.093837617058904588e+00,0.000000000000000000e+00,-1.556153602121079782e-05
1.095146613997900253e+00,0.000000000000000000e+00,-1.565674873213462881e-05
1.096455610936895919e+00,0.000000000000000000e+00,-1.576941834198486436e-05
1.097764607875891585e+00,0.000000000000000000e+00,-1.589803690799085345e-05
1.099073604814887473e+00,0.000000000000000000e+00,-1.601291944454408256e-05
1.100382601753883138e+00,0.000000000000000000e+00,-1.611552580904618281e-05
1.101691598692879026e+00,0.000000000000000000e+00,-1.623245686811769506e-05
1.103000595631874692e+00,-5.771898404116626580e-06,-1.635656334580959381e-05
1.104309592570870358e+00,-4.494698145313114068e-06,-1.645393487174906522e-05
1.105618589509866023e+00,-3.485060638019898960e-06,-1.651764068474892433e-05
1.106927586448861911e+00,-2.701893180773184966e-06,-1.657043169059346788e-05
1.108236583387857799e+00,-2.263954133580048378e-06,-1.661998332945502366e-05
1.109545580326853464e+00,-1.866398210398356738e-06,-1.665567800611389426e-05
1.110854577265849130e+00,-1.425630398871335913e-06,-1.667897115155414500e-05
1.112163574204844796e+00,-1.103322336021284045e-06,-1.670117755843414376e-05
1.113472571143840684e+00,-1.189216233765666431e-06,-1.672449135287079613e-05
1.114781568082836571e+00,-1.133328308422498765e-06,-1.674377217254774397e-05
1.116090565021832237e+00,-9.967774181607325090e-07,-1.676002673117737984e-05
1.117399561960827903e+00,-7.348620723879317751e-07,-1.677741094813223199e-05
1.118708558899823569e+00,-8.392445852711816201e-07,-1.679450178064534338e-05
1.120017555838819456e+00,-7.715268093844152020e-07,-1.680738716543228595e-05
1.121326552777815122e+00,-5.838920280609727342e-07,-1.681815905216210716e-05
1.122635549716811010e+00,-6.611056418692751180e-07,-1.683158680200469437e-05
1.123944546655806676e+00,-7.472817689646582551e-07,-1.684667589305077762e-05
1.125253543594802341e+00,-8.323061998216640944e-07,-1.685984891260094987e-05
1.126562540533798007e+00,-7.127834036613212021e-07,-1.687236426453631033e-05
1.127871537472793895e+00,-6.053986577325698448e-07,-1.688710217696842708e-05
1.129180534411789782e+00,-7.964917495828505167e-07,-1.690208358789968557e-05
1.130489531350785448e+00,-6.808384257761534997e-07,-1.691380750476478845e-05
1.131798528289781114e+00,-5.617857513073865050e-07,-1.692441605655181647e-05
1.133107525228776780e+00,-6.677276921940311638e-07,-1.693817061394764512e-05
1.134416522167772667e+00,-8.039955335936710412e-07,-1.695349017698244420e-05
1.135725519106768555e+00,-7.502849594664962041e-07,-1.696639895724938452e-05
1.137034516045764221e+00,-6.700598772502175393e-07,-1.697825954280474114e-05
1.138343512984759887e+00,-6.649929079061145387e-07,-1.699257515107299721e-05
1.139652509923755552e+00,-7.271571128009135521e-07,-1.700754331362963612e-05
1.140961506862751440e+00,-6.622220851126847663e-07,-1.701935549650035462e-05
1.142270503801747106e+00,-6.561334541799190845e-07,-1.703002249973939453e-05
1.143579500740742994e+00,-6.575864506530582076e-07,-1.704395541368697309e-05
1.144888497679738659e+00,-7.952049458914700608e-07,-1.705968840715055279e-05
1.146197494618734325e+00,-7.992150366509243042e-07,-1.707323874008959130e-05
1.147506491557729991e+00,-6.787800818919276225e-07,-1.708531644233068914e-05
1.148815488496725878e+00,-5.276033612777730752e-07,-1.709867398928810456e-05
1.150124485435721766e+00,-7.102602797293133818e-07,-1.711218826552785011e-05
1.151433482374717432e+00,-7.158434300325033917e-07,-1.712356918055768507e-05
1.152742479313713098e+00,-6.929147070844354772e-07,-1.713501763932201438e-05
1.154051476252708763e+00,-5.895554149593085214e-07,-1.714955780238169858e-05
1.155360473191704651e+00,-8.364159668483583943e-07,-1.716519023624296647e-05
1.156669470130700539e+00,-8.253412838998830381e-07,-1.717852304804201591e-05
1.157978467069696205e+00,-6.728510680564792068e-07,-1.719045728275359064e-05
1.159287464008691870e+00,-4.671086322183271022e-07,-1.720353663255125287e-05
1.160596460947687536e+00,-6.785567012446147572e-07,-1.721677169515267725e-05
1.161905457886683424e+00,-7.941575143888268684e-07,-1.722831994982465531e-05
1.163214454825679089e+00,-7.478611191158446303e-07,-1.724063895146288328e-05
1.164523451764674977e+00,-7.131472462285071146e-07,-1.725643923553010772e-05
1.165832448703670643e+00,-8.047411573786078520e-07,-1.727303389383039178e-05
1.167141445642666309e+00,-8.198009453508348088e-07,-1.728645062581968261e-05
1.168450442581661974e+00,-6.314189014977600323e-07,-1.729793289294290215e-05
1.169759439520657862e+00,-5.283979964132434759e-07,-1.731122660938999580e-05
1.171068436459653528e+00,-7.752330977439658710e-07,-1.732572471592475072e-05
1.172377433398649194e+00,-9.209632018114533025e-07,-1.733907777828891383e-05
1.173686430337644859e+00,-7.168653053668538888e-07,-1.735251116395664095e-05
1.174995427276640747e+00,-6.028704679084118112e-07,-1.736756572412456734e-05
1.176304424215636413e+00,-7.595295357099018929e-07,-1.738202600387594998e-05
1.177613421154632078e+00,-7.120176451214099700e-07,-1.739332477336541505e-05
1.178922418093627744e+00,-6.398923009798274109e-07,-1.740402752183067836e-05
1.180231415032623632e+00,-5.472573778864120442e-07,-1.741803806488972928e-05
1.181540411971619298e+00,-8.079629900126228392e-07,-1.743349448304898353e-05
1.182849408910614963e+00,-8.648653470888501005e-07,-1.744645359143259800e-05
1.184158405849610629e+00,-7.010578579880188954e-07,-1.745830385474489432e-05
1.185467402788606517e+00,-6.157590704547466487e-07,-1.747262759074774685e-05
1.186776399727602183e+00,-7.437795497833299407e-07,-1.748770519337250473e-05
1.188085396666597848e+00,-7.209528826712663374e-07,-1.749979717542704538e-05
1.189394393605593514e+00,-6.065681495415198299e-07,-1.751061443470980361e-05
1.190703390544589402e+00,-6.174028474026371782e-07,-1.752418625682039544e-05
1.192012387483585067e+00,-8.683013689725349593e-07,-1.753945228319397920e-05
1.193321384422580733e+00,-8.859062817778706744e-07,-1.755326658235689674e-05
1.194630381361576399e+00,-7.894280681930432308e-07,-1.756696526684919935e-05
1.195939378300572287e+00,-6.990202303658321625e-07,-1.758308851793066729e-05
1.197248375239567952e+00,-8.043669713631018681e-07,-1.759946697264813675e-05
1.198557372178563618e+00,-7.677961030849722590e-07,-1.761265536481815275e-05
1.199866369117559284e+00,-7.781663928785320650e-07,-1.762501129484728146e-05
1.201175366056555172e+00,-7.681753066424157339e-07,-1.764091918256271985e-05
1.202484362995550837e+00,-9.540859205459106818e-07,-1.765846746265564704e-05
1.203793359934546503e+00,-8.506563882182405223e-07,-1.767318458634203893e-05
1.205102356873542169e+00,-7.029495898147608557e-07,-1.768617088294954787e-05
1.206411353812538056e+00,-7.050277836539997622e-07,-1.770118114757801564e-05
1.207720350751533722e+00,-7.851179155138332533e-07,-1.771690508949042009e-05
1.209029347690529388e+00,-8.425015597945950674e-07,-1.772990339166113927e-05
1.210338344629525054e+00,-7.680821024758088811e-07,-1.774271897758694649e-05
1.211647341568520941e+00,-7.831184364870402703e-07,-1.775980246664088380e-05
1.212956338507516607e+00,-9.455718489315145803e-07,-1.777846756745304901e-05
1.214265335446512273e+00,-9.531789683103752964e-07,-1.779298333010048694e-05
1.215574332385507939e+00,-6.343517402473963784e-07,-1.780472362357399252e-05
1.216883329324503826e+00,-7.756048518992031404e-07,-1.781943974224486915e-05
1.218192326263499492e+00,-8.355577534868707801e-07,-1.783652493977938569e-05
1.219501323202495158e+00,-9.004294272418889022e-07,-1.785174854236626363e-05
1.220810320141490823e+00,-7.715633905669427861e-07,-1.786608532287903284e-05
1.222119317080486711e+00,-7.668907440194772107e-07,-1.788246904219081834e-05
1.223428314019482377e+00,-8.789672728548580949e-07,-1.789866185020194678e-05
1.224737310958478043e+00,-8.382474663282124538e-07,-1.791057925681904806e-05
1.226046307897473708e+00,-6.216794695701466367e-07,-1.792163098156274170e-05
1.227355304836469596e+00,-5.943369132399567434e-07,-1.793821539529394382e-05
1.228664301775465262e+00,-9.511843683251974824e-07,-1.795740361623665571e-05
1.229973298714460928e+00,-8.877748001179242010e-07,-1.797135833377094816e-05
1.231282295653456593e+00,-7.519886525142460698e-07,-1.797990234983504187e-05
1.232591292592452481e+00,-6.430776816057637291e-07,-1.798987531601015100e-05
1.233900289531448147e+00,-9.122091292335099411e-07,-1.800407135395254432e-05
1.235209286470443812e+00,-1.024240643743290491e-06,-1.802194907704612881e-05
1.236518283409439478e+00,-8.509947360124670013e-07,-1.804402738637966852e-05
1.237827280348435366e+00,-7.938714799426982438e-07,-1.806794137224065899e-05
1.239136277287431032e+00,-1.176292929783162577e-06,-1.808906965304613035e-05
1.240445274226426697e+00,-1.332537108877929199e-06,-1.810435572982549424e-05
1.241754271165422363e+00,-1.419059254326171526e-06,-1.811846934370031637e-05
1.243063268104418251e+00,-1.272036607546933595e-06,-1.813972408368225153e-05
1.244372265043413917e+00,-1.780031113285396316e-06,-1.816708124273425096e-05
1.245681261982409582e+00,-1.950590281518671532e-06,-1.819435277632119874e-05
1.246990258921405248e+00,-2.259446447716584316e-06,-1.823294179802148474e-05
1.248299255860401136e+00,-2.833897080278813263e-06,-1.829812737014213653e-05
1.249608252799396801e+00,-3.634203281477343950e-06,-1.837118038117147023e-05
1.250917249738392467e+00,-4.317847215773440439e-06,-1.841260442937697750e-05
1.252226246677388133e+00,-5.835741440862740603e-06,-1.855142437924561793e-05
1.253535243616384021e+00,-6.421511357435072398e-06,-1.850701129436915782e-05
1.254844240555379686e+00,-4.738812861004859656e-06,-1.717883026894351239e-05
1.256153237494375352e+00,-1.126831222775237507e-08,-1.350797770548195498e-05
