# Exudyn: solution of belt drive, contact forces over belt length
# Exudyn output file
# Exudyn version=1.2.34.dev1
# endTime=2.45
# stepSize=0.0001
# nSegments=4
# nANCFnodes=240
# contactStiffnessPerArea=100000000.0
# frictionStiffnessPerArea=100000000.0
# contactStiffness=418879.02047863905
# frictionStiffness=523598.7755982988
# contactDamping=8.377580409572781
# frictionVelocityPenalty=33.70609928242229
# dryFriction=0.5
# 
1.000113040474870374e-03,9.513621203438848170e+03,-3.160552817353421051e+04
2.309109979470758134e-03,0.000000000000000000e+00,0.000000000000000000e+00
3.618106918466423849e-03,0.000000000000000000e+00,0.000000000000000000e+00
4.927103857462089564e-03,0.000000000000000000e+00,0.000000000000000000e+00
6.236100796457755280e-03,0.000000000000000000e+00,0.000000000000000000e+00
7.545097735453643040e-03,0.000000000000000000e+00,0.000000000000000000e+00
8.854094674449308755e-03,0.000000000000000000e+00,0.000000000000000000e+00
1.016309161344497447e-02,0.000000000000000000e+00,0.000000000000000000e+00
1.147208855244064019e-02,0.000000000000000000e+00,0.000000000000000000e+00
1.278108549143652795e-02,0.000000000000000000e+00,0.000000000000000000e+00
1.409008243043219366e-02,0.000000000000000000e+00,0.000000000000000000e+00
1.539907936942785938e-02,0.000000000000000000e+00,0.000000000000000000e+00
1.670807630842352509e-02,0.000000000000000000e+00,0.000000000000000000e+00
1.801707324741941285e-02,0.000000000000000000e+00,0.000000000000000000e+00
1.932607018641507857e-02,0.000000000000000000e+00,0.000000000000000000e+00
2.063506712541074428e-02,0.000000000000000000e+00,0.000000000000000000e+00
2.194406406441040680e-02,0.000000000000000000e+00,0.000000000000000000e+00
2.325306100340629456e-02,0.000000000000000000e+00,0.000000000000000000e+00
2.456205794240196028e-02,0.000000000000000000e+00,0.000000000000000000e+00
2.587105488139762599e-02,0.000000000000000000e+00,0.000000000000000000e+00
2.718005182039351375e-02,0.000000000000000000e+00,0.000000000000000000e+00
2.848904875938917947e-02,0.000000000000000000e+00,0.000000000000000000e+00
2.979804569838484518e-02,0.000000000000000000e+00,0.000000000000000000e+00
3.110704263738073294e-02,0.000000000000000000e+00,0.000000000000000000e+00
3.241603957637639866e-02,0.000000000000000000e+00,0.000000000000000000e+00
3.372503651537206437e-02,0.000000000000000000e+00,0.000000000000000000e+00
3.503403345436795213e-02,0.000000000000000000e+00,0.000000000000000000e+00
3.634303039336361785e-02,0.000000000000000000e+00,0.000000000000000000e+00
3.765202733235950561e-02,0.000000000000000000e+00,0.000000000000000000e+00
3.896102427135517132e-02,0.000000000000000000e+00,0.000000000000000000e+00
4.027002121035083704e-02,0.000000000000000000e+00,0.000000000000000000e+00
4.157901814934672480e-02,0.000000000000000000e+00,0.000000000000000000e+00
4.288801508834239051e-02,0.000000000000000000e+00,0.000000000000000000e+00
4.419701202733805623e-02,0.000000000000000000e+00,0.000000000000000000e+00
4.550600896633394399e-02,0.000000000000000000e+00,0.000000000000000000e+00
4.681500590532960970e-02,0.000000000000000000e+00,0.000000000000000000e+00
4.812400284432549746e-02,0.000000000000000000e+00,0.000000000000000000e+00
4.943299978332116318e-02,0.000000000000000000e+00,0.000000000000000000e+00
5.074199672231682889e-02,0.000000000000000000e+00,0.000000000000000000e+00
5.205099366131271665e-02,0.000000000000000000e+00,0.000000000000000000e+00
5.335999060030838237e-02,0.000000000000000000e+00,0.000000000000000000e+00
5.466898753930404808e-02,0.000000000000000000e+00,0.000000000000000000e+00
5.597798447829993584e-02,0.000000000000000000e+00,0.000000000000000000e+00
5.728698141729560156e-02,0.000000000000000000e+00,0.000000000000000000e+00
5.859597835629126727e-02,0.000000000000000000e+00,0.000000000000000000e+00
5.990497529528715503e-02,0.000000000000000000e+00,0.000000000000000000e+00
6.121397223428282075e-02,0.000000000000000000e+00,0.000000000000000000e+00
6.252296917327870851e-02,0.000000000000000000e+00,0.000000000000000000e+00
6.383196611227437423e-02,0.000000000000000000e+00,0.000000000000000000e+00
6.514096305127003994e-02,0.000000000000000000e+00,0.000000000000000000e+00
6.644995999026592770e-02,0.000000000000000000e+00,0.000000000000000000e+00
6.775895692926159342e-02,0.000000000000000000e+00,0.000000000000000000e+00
6.906795386825725913e-02,0.000000000000000000e+00,0.000000000000000000e+00
7.037695080725314689e-02,0.000000000000000000e+00,0.000000000000000000e+00
7.168594774624881261e-02,0.000000000000000000e+00,0.000000000000000000e+00
7.299494468524447832e-02,0.000000000000000000e+00,0.000000000000000000e+00
7.430394162424036608e-02,0.000000000000000000e+00,0.000000000000000000e+00
7.561293856323603180e-02,0.000000000000000000e+00,0.000000000000000000e+00
7.692193550223191956e-02,0.000000000000000000e+00,0.000000000000000000e+00
7.823093244122758527e-02,0.000000000000000000e+00,0.000000000000000000e+00
7.953992938022325099e-02,0.000000000000000000e+00,0.000000000000000000e+00
8.084892631921913875e-02,0.000000000000000000e+00,0.000000000000000000e+00
8.215792325821480446e-02,0.000000000000000000e+00,0.000000000000000000e+00
8.346692019721047018e-02,0.000000000000000000e+00,0.000000000000000000e+00
8.477591713620635794e-02,0.000000000000000000e+00,0.000000000000000000e+00
8.608491407520202365e-02,0.000000000000000000e+00,0.000000000000000000e+00
8.739391101419791141e-02,0.000000000000000000e+00,0.000000000000000000e+00
8.870290795319357713e-02,0.000000000000000000e+00,0.000000000000000000e+00
9.001190489218924284e-02,0.000000000000000000e+00,0.000000000000000000e+00
9.132090183118513060e-02,0.000000000000000000e+00,0.000000000000000000e+00
9.262989877018079632e-02,0.000000000000000000e+00,0.000000000000000000e+00
9.393889570917646203e-02,0.000000000000000000e+00,0.000000000000000000e+00
9.524789264817234979e-02,0.000000000000000000e+00,0.000000000000000000e+00
9.655688958716801551e-02,0.000000000000000000e+00,0.000000000000000000e+00
9.786588652616368122e-02,0.000000000000000000e+00,0.000000000000000000e+00
9.917488346515956898e-02,0.000000000000000000e+00,0.000000000000000000e+00
1.004838804041552347e-01,0.000000000000000000e+00,0.000000000000000000e+00
1.017928773431509004e-01,0.000000000000000000e+00,0.000000000000000000e+00
1.031018742821467882e-01,0.000000000000000000e+00,0.000000000000000000e+00
1.044108712211424539e-01,0.000000000000000000e+00,0.000000000000000000e+00
1.057198681601381196e-01,0.000000000000000000e+00,0.000000000000000000e+00
1.070288650991340074e-01,0.000000000000000000e+00,0.000000000000000000e+00
1.083378620381296731e-01,0.000000000000000000e+00,0.000000000000000000e+00
1.096468589771255608e-01,0.000000000000000000e+00,0.000000000000000000e+00
1.109558559161212266e-01,0.000000000000000000e+00,0.000000000000000000e+00
1.122648528551168923e-01,0.000000000000000000e+00,0.000000000000000000e+00
1.135738497941127800e-01,0.000000000000000000e+00,0.000000000000000000e+00
1.148828467331084457e-01,0.000000000000000000e+00,0.000000000000000000e+00
1.161918436721041115e-01,0.000000000000000000e+00,0.000000000000000000e+00
1.175008406110999992e-01,0.000000000000000000e+00,0.000000000000000000e+00
1.188098375500956649e-01,0.000000000000000000e+00,0.000000000000000000e+00
1.201188344890913307e-01,0.000000000000000000e+00,0.000000000000000000e+00
1.214278314280872184e-01,0.000000000000000000e+00,0.000000000000000000e+00
1.227368283670828841e-01,0.000000000000000000e+00,0.000000000000000000e+00
1.240458253060787719e-01,0.000000000000000000e+00,0.000000000000000000e+00
1.253548222450744376e-01,0.000000000000000000e+00,0.000000000000000000e+00
1.266638191840701033e-01,0.000000000000000000e+00,0.000000000000000000e+00
1.279728161230659911e-01,0.000000000000000000e+00,0.000000000000000000e+00
1.292818130620616568e-01,0.000000000000000000e+00,0.000000000000000000e+00
1.305908100010573225e-01,0.000000000000000000e+00,0.000000000000000000e+00
1.318998069400532103e-01,0.000000000000000000e+00,0.000000000000000000e+00
1.332088038790488760e-01,0.000000000000000000e+00,0.000000000000000000e+00
1.345178008180445417e-01,0.000000000000000000e+00,0.000000000000000000e+00
1.358267977570404295e-01,0.000000000000000000e+00,0.000000000000000000e+00
1.371357946960360952e-01,0.000000000000000000e+00,0.000000000000000000e+00
1.384447916350319829e-01,0.000000000000000000e+00,0.000000000000000000e+00
1.397537885740276487e-01,0.000000000000000000e+00,0.000000000000000000e+00
1.410627855130233144e-01,0.000000000000000000e+00,0.000000000000000000e+00
1.423717824520192021e-01,0.000000000000000000e+00,0.000000000000000000e+00
1.436807793910148678e-01,0.000000000000000000e+00,0.000000000000000000e+00
1.449897763300105336e-01,0.000000000000000000e+00,0.000000000000000000e+00
1.462987732690064213e-01,0.000000000000000000e+00,0.000000000000000000e+00
1.476077702080020870e-01,0.000000000000000000e+00,0.000000000000000000e+00
1.489167671469977527e-01,0.000000000000000000e+00,0.000000000000000000e+00
1.502257640859936405e-01,0.000000000000000000e+00,0.000000000000000000e+00
1.515347610249893062e-01,0.000000000000000000e+00,0.000000000000000000e+00
1.528437579639851940e-01,0.000000000000000000e+00,0.000000000000000000e+00
1.541527549029808597e-01,0.000000000000000000e+00,0.000000000000000000e+00
1.554617518419765254e-01,0.000000000000000000e+00,0.000000000000000000e+00
1.567707487809724132e-01,0.000000000000000000e+00,0.000000000000000000e+00
1.580797457199680789e-01,0.000000000000000000e+00,0.000000000000000000e+00
1.593887426589637446e-01,0.000000000000000000e+00,0.000000000000000000e+00
1.606977395979596324e-01,0.000000000000000000e+00,0.000000000000000000e+00
1.620067365369552981e-01,0.000000000000000000e+00,0.000000000000000000e+00
1.633157334759509638e-01,0.000000000000000000e+00,0.000000000000000000e+00
1.646247304149468516e-01,0.000000000000000000e+00,0.000000000000000000e+00
1.659337273539425173e-01,0.000000000000000000e+00,0.000000000000000000e+00
1.672427242929384050e-01,0.000000000000000000e+00,0.000000000000000000e+00
1.685517212319340707e-01,0.000000000000000000e+00,0.000000000000000000e+00
1.698607181709297365e-01,0.000000000000000000e+00,0.000000000000000000e+00
1.711697151099256242e-01,0.000000000000000000e+00,0.000000000000000000e+00
1.724787120489212899e-01,0.000000000000000000e+00,0.000000000000000000e+00
1.737877089879171777e-01,0.000000000000000000e+00,0.000000000000000000e+00
1.750967059269128434e-01,0.000000000000000000e+00,0.000000000000000000e+00
1.764057028659085091e-01,0.000000000000000000e+00,0.000000000000000000e+00
1.777146998049043969e-01,0.000000000000000000e+00,0.000000000000000000e+00
1.790236967439000626e-01,0.000000000000000000e+00,0.000000000000000000e+00
1.803326936828957283e-01,0.000000000000000000e+00,0.000000000000000000e+00
1.816416906218916161e-01,0.000000000000000000e+00,0.000000000000000000e+00
1.829506875608872818e-01,0.000000000000000000e+00,0.000000000000000000e+00
1.842596844998829475e-01,0.000000000000000000e+00,0.000000000000000000e+00
1.855686814388788353e-01,0.000000000000000000e+00,0.000000000000000000e+00
1.868776783778745010e-01,0.000000000000000000e+00,0.000000000000000000e+00
1.881866753168703887e-01,0.000000000000000000e+00,0.000000000000000000e+00
1.894956722558660545e-01,0.000000000000000000e+00,0.000000000000000000e+00
1.908046691948617202e-01,0.000000000000000000e+00,0.000000000000000000e+00
1.921136661338576079e-01,0.000000000000000000e+00,0.000000000000000000e+00
1.934226630728532736e-01,0.000000000000000000e+00,0.000000000000000000e+00
1.947316600118491614e-01,0.000000000000000000e+00,0.000000000000000000e+00
1.960406569508448271e-01,0.000000000000000000e+00,0.000000000000000000e+00
1.973496538898404928e-01,0.000000000000000000e+00,0.000000000000000000e+00
1.986586508288363806e-01,0.000000000000000000e+00,0.000000000000000000e+00
1.999676477678320463e-01,0.000000000000000000e+00,0.000000000000000000e+00
2.012766447068277120e-01,0.000000000000000000e+00,0.000000000000000000e+00
2.025856416458235998e-01,0.000000000000000000e+00,0.000000000000000000e+00
2.038946385848192655e-01,0.000000000000000000e+00,0.000000000000000000e+00
2.052036355238149312e-01,0.000000000000000000e+00,0.000000000000000000e+00
2.065126324628108190e-01,0.000000000000000000e+00,0.000000000000000000e+00
2.078216294018064847e-01,0.000000000000000000e+00,0.000000000000000000e+00
2.091306263408023725e-01,0.000000000000000000e+00,0.000000000000000000e+00
2.104396232797980382e-01,0.000000000000000000e+00,0.000000000000000000e+00
2.117486202187937039e-01,0.000000000000000000e+00,0.000000000000000000e+00
2.130576171577895916e-01,0.000000000000000000e+00,0.000000000000000000e+00
2.143666140967852574e-01,0.000000000000000000e+00,0.000000000000000000e+00
2.156756110357811451e-01,0.000000000000000000e+00,0.000000000000000000e+00
2.169846079747768108e-01,0.000000000000000000e+00,0.000000000000000000e+00
2.182936049137724766e-01,0.000000000000000000e+00,0.000000000000000000e+00
2.196026018527683643e-01,0.000000000000000000e+00,0.000000000000000000e+00
2.209115987917640300e-01,0.000000000000000000e+00,0.000000000000000000e+00
2.222205957307596957e-01,0.000000000000000000e+00,0.000000000000000000e+00
2.235295926697555835e-01,0.000000000000000000e+00,0.000000000000000000e+00
2.248385896087512492e-01,0.000000000000000000e+00,0.000000000000000000e+00
2.261475865477469149e-01,0.000000000000000000e+00,0.000000000000000000e+00
2.274565834867428027e-01,0.000000000000000000e+00,0.000000000000000000e+00
2.287655804257384684e-01,0.000000000000000000e+00,0.000000000000000000e+00
2.300745773647343562e-01,0.000000000000000000e+00,0.000000000000000000e+00
2.313835743037300219e-01,0.000000000000000000e+00,0.000000000000000000e+00
2.326925712427256876e-01,0.000000000000000000e+00,0.000000000000000000e+00
2.340015681817215754e-01,0.000000000000000000e+00,0.000000000000000000e+00
2.353105651207172411e-01,0.000000000000000000e+00,0.000000000000000000e+00
2.366195620597131288e-01,0.000000000000000000e+00,0.000000000000000000e+00
2.379285589987087945e-01,0.000000000000000000e+00,0.000000000000000000e+00
2.392375559377044603e-01,0.000000000000000000e+00,0.000000000000000000e+00
2.405465528767003480e-01,0.000000000000000000e+00,0.000000000000000000e+00
2.418555498156960137e-01,0.000000000000000000e+00,0.000000000000000000e+00
2.431645467546916795e-01,0.000000000000000000e+00,0.000000000000000000e+00
2.444735436936875672e-01,0.000000000000000000e+00,0.000000000000000000e+00
2.457825406326832329e-01,0.000000000000000000e+00,0.000000000000000000e+00
2.470915375716788986e-01,0.000000000000000000e+00,0.000000000000000000e+00
2.484005345106747864e-01,0.000000000000000000e+00,0.000000000000000000e+00
2.497095314496704521e-01,0.000000000000000000e+00,0.000000000000000000e+00
2.510185283886663399e-01,0.000000000000000000e+00,0.000000000000000000e+00
2.523275253276620056e-01,0.000000000000000000e+00,0.000000000000000000e+00
2.536365222666576713e-01,0.000000000000000000e+00,0.000000000000000000e+00
2.549455192056535591e-01,0.000000000000000000e+00,0.000000000000000000e+00
2.562545161446492248e-01,0.000000000000000000e+00,0.000000000000000000e+00
2.575635130836450015e-01,0.000000000000000000e+00,0.000000000000000000e+00
2.588725100226407783e-01,0.000000000000000000e+00,0.000000000000000000e+00
2.601815069616364440e-01,0.000000000000000000e+00,0.000000000000000000e+00
2.614905039006322207e-01,0.000000000000000000e+00,0.000000000000000000e+00
2.627995008396279975e-01,0.000000000000000000e+00,0.000000000000000000e+00
2.641084977786237742e-01,0.000000000000000000e+00,0.000000000000000000e+00
2.654174947176195509e-01,0.000000000000000000e+00,0.000000000000000000e+00
2.667264916566152166e-01,0.000000000000000000e+00,0.000000000000000000e+00
2.680354885956109934e-01,0.000000000000000000e+00,0.000000000000000000e+00
2.693444855346067701e-01,0.000000000000000000e+00,0.000000000000000000e+00
2.706534824736024358e-01,0.000000000000000000e+00,0.000000000000000000e+00
2.719624794125983236e-01,0.000000000000000000e+00,0.000000000000000000e+00
2.732714763515939893e-01,0.000000000000000000e+00,0.000000000000000000e+00
2.745804732905896550e-01,0.000000000000000000e+00,0.000000000000000000e+00
2.758894702295855428e-01,0.000000000000000000e+00,0.000000000000000000e+00
2.771984671685812085e-01,0.000000000000000000e+00,0.000000000000000000e+00
2.785074641075769852e-01,0.000000000000000000e+00,0.000000000000000000e+00
2.798164610465727620e-01,0.000000000000000000e+00,0.000000000000000000e+00
2.811254579855684277e-01,0.000000000000000000e+00,0.000000000000000000e+00
2.824344549245642044e-01,0.000000000000000000e+00,0.000000000000000000e+00
2.837434518635599812e-01,0.000000000000000000e+00,0.000000000000000000e+00
2.850524488025556469e-01,0.000000000000000000e+00,0.000000000000000000e+00
2.863614457415515346e-01,0.000000000000000000e+00,0.000000000000000000e+00
2.876704426805472004e-01,0.000000000000000000e+00,0.000000000000000000e+00
2.889794396195429771e-01,0.000000000000000000e+00,0.000000000000000000e+00
2.902884365585387538e-01,0.000000000000000000e+00,0.000000000000000000e+00
2.915974334975344195e-01,0.000000000000000000e+00,0.000000000000000000e+00
2.929064304365301963e-01,0.000000000000000000e+00,0.000000000000000000e+00
2.942154273755259730e-01,0.000000000000000000e+00,0.000000000000000000e+00
2.955244243145216387e-01,0.000000000000000000e+00,0.000000000000000000e+00
2.968334212535175265e-01,0.000000000000000000e+00,0.000000000000000000e+00
2.981424181925131922e-01,0.000000000000000000e+00,0.000000000000000000e+00
2.994514151315089689e-01,0.000000000000000000e+00,0.000000000000000000e+00
3.007604120705047457e-01,0.000000000000000000e+00,0.000000000000000000e+00
3.020694090095004114e-01,0.000000000000000000e+00,0.000000000000000000e+00
3.033784059484961881e-01,1.989710590928539386e+04,-3.979421181857078773e+04
3.046874028874919649e-01,3.232333640251293400e+04,-6.464667280502586800e+04
3.059963998264876306e-01,3.901198414776069694e+04,-7.802396829552139388e+04
3.073053967654835184e-01,4.141734516025287303e+04,-8.283469032050574606e+04
3.086143937044791841e-01,4.155872868330849451e+04,-8.311745736661698902e+04
3.099233906434749608e-01,4.134831752035069803e+04,-8.269663504070139606e+04
3.112323875824707375e-01,4.119981747668037133e+04,-8.239963495336074266e+04
3.125413845214664033e-01,4.090193552380654000e+04,-8.180387104761308001e+04
3.138503814604621800e-01,4.059220447109807719e+04,-8.118440894219615438e+04
3.151593783994579567e-01,4.032470230432801327e+04,-8.064940460865602654e+04
3.164683753384536224e-01,4.003739458654546615e+04,-8.007478917309093231e+04
3.177773722774495102e-01,3.971948361523439962e+04,-7.943896723046879924e+04
3.190863692164451759e-01,3.944284691646145802e+04,-7.888569383292291604e+04
3.203953661554409527e-01,3.920659795808183117e+04,-7.841319591616366233e+04
3.217043630944367294e-01,3.893006061248788319e+04,-7.786012122497576638e+04
3.230133600334323951e-01,3.860837274833844276e+04,-7.721674549667688552e+04
3.243223569724281719e-01,3.831923474598494795e+04,-7.663846949196989590e+04
3.256313539114239486e-01,3.807440657607797039e+04,-7.614881315215594077e+04
3.269403508504196143e-01,3.780600093494410976e+04,-7.561200186988821952e+04
3.282493477894155021e-01,3.750521228295392211e+04,-7.501042456590784423e+04
3.295583447284111678e-01,3.723550831938018382e+04,-7.447101663876036764e+04
3.308673416674069445e-01,3.700027811039631342e+04,-7.400055622079262685e+04
3.321763386064027213e-01,3.673550105682208959e+04,-7.347100211364417919e+04
3.334853355453983870e-01,3.643926592046199221e+04,-7.287853184092398442e+04
3.347943324843941637e-01,3.617884892320563085e+04,-7.235769784641126171e+04
3.361033294233899404e-01,3.595702467590518791e+04,-7.191404935181037581e+04
3.374123263623856062e-01,3.570382684352131764e+04,-7.140765368704263528e+04
3.387213233013814939e-01,3.541456582247526967e+04,-7.082913164495053934e+04
3.400303202403771596e-01,3.515774622504350555e+04,-7.031549245008701109e+04
3.413393171793729364e-01,3.493961348485561030e+04,-6.987922696971122059e+04
3.426483141183687131e-01,3.469434935438267712e+04,-6.938869870876535424e+04
3.439573110573643788e-01,3.441676572194192704e+04,-6.883353144388385408e+04
3.452663079963601556e-01,3.417174078212282620e+04,-6.834348156424565241e+04
3.465753049353559323e-01,3.396266795805668517e+04,-6.792533591611337033e+04
3.478843018743515980e-01,3.372355227424346231e+04,-6.744710454848692461e+04
3.491932988133474858e-01,3.345089408153804106e+04,-6.690178816307608213e+04
3.505022957523431515e-01,3.321129711587600468e+04,-6.642259423175200936e+04
3.518112926913389282e-01,3.300980529804037360e+04,-6.601961059608074720e+04
3.531202896303347050e-01,3.278045337134211877e+04,-6.556090674268423754e+04
3.544292865693303707e-01,3.251750941288422473e+04,-6.503501882576844946e+04
3.557382835083261474e-01,3.228456398585224451e+04,-6.456912797170448903e+04
3.570472804473219242e-01,3.208754072577899933e+04,-6.417508145155799866e+04
3.583562773863175899e-01,3.186503007605754829e+04,-6.373006015211509657e+04
3.596652743253134776e-01,3.161141402839765215e+04,-6.322282805679530429e+04
3.609742712643091433e-01,3.138618914296418734e+04,-6.277237828592837468e+04
3.622832682033049201e-01,3.119440346539379607e+04,-6.238880693078759214e+04
3.635922651423006968e-01,3.097785874389560922e+04,-6.195571748779121845e+04
3.649012620812963625e-01,3.073200346996857479e+04,-6.146400693993714958e+04
3.662102590202921393e-01,3.051443153244142013e+04,-6.102886306488284026e+04
3.675192559592879160e-01,3.032931416163968606e+04,-6.065862832327937213e+04
3.688282528982835817e-01,3.011913101369750439e+04,-6.023826202739500877e+04
3.701372498372794695e-01,2.987964799233734448e+04,-5.975929598467468895e+04
3.714462467762751352e-01,2.966790539485156842e+04,-5.933581078970313683e+04
3.727552437152709119e-01,2.948874407227640404e+04,-5.897748814455280808e+04
3.740642406542666887e-01,2.928597938730832539e+04,-5.857195877461665077e+04
3.753732375932623544e-01,2.905456273831551516e+04,-5.810912547663103032e+04
3.766822345322581311e-01,2.884911147735208215e+04,-5.769822295470416429e+04
3.779912314712539079e-01,2.867421913799847243e+04,-5.734843827599694487e+04
3.793002284102495736e-01,2.847628938868723708e+04,-5.695257877737447416e+04
3.806092253492454613e-01,2.825153336482803570e+04,-5.650306672965607140e+04
3.819182222882411271e-01,2.805387111504892164e+04,-5.610774223009784328e+04
3.832272192272369038e-01,2.788632525413222174e+04,-5.577265050826444349e+04
3.845362161662326805e-01,2.769378921327965145e+04,-5.538757842655930290e+04
3.858452131052283463e-01,2.747318436548985483e+04,-5.494636873097970965e+04
3.871542100442241230e-01,2.728044571654440006e+04,-5.456089143308880011e+04
3.884632069832198997e-01,2.711947995468958834e+04,-5.423895990937917668e+04
3.897722039222155654e-01,2.693405657580650586e+04,-5.386811315161301172e+04
3.910812008612114532e-01,2.671980279915909341e+04,-5.343960559831818682e+04
3.923901978002071189e-01,2.653202942938196065e+04,-5.306405885876392131e+04
3.936991947392028957e-01,2.637542764284883015e+04,-5.275085528569766029e+04
3.950081916781986724e-01,2.619558609274079208e+04,-5.239117218548158417e+04
3.963171886171943381e-01,2.598789745256183960e+04,-5.197579490512367920e+04
3.976261855561901148e-01,2.580575471245994413e+04,-5.161150942491988826e+04
3.989351824951858916e-01,2.565380952997492932e+04,-5.130761905994985864e+04
4.002441794341815573e-01,2.547949707417470199e+04,-5.095899414834940399e+04
4.015531763731774451e-01,2.527806738661086638e+04,-5.055613477322173276e+04
4.028621733121731108e-01,2.510078309846307457e+04,-5.020156619692614913e+04
4.041711702511688875e-01,2.495268713158762330e+04,-4.990537426317524660e+04
4.054801671901646642e-01,2.478390056481723877e+04,-4.956780112963447755e+04
4.067891641291603300e-01,2.458936765693227426e+04,-4.917873531386454852e+04
4.080981610681561067e-01,2.441728659244926530e+04,-4.883457318489853060e+04
4.094071580071518834e-01,2.427254104726226069e+04,-4.854508209452452138e+04
4.107161549461475492e-01,2.410831461690524520e+04,-4.821662923381049040e+04
4.120251518851434369e-01,2.392003264404766378e+04,-4.784006528809532756e+04
4.133341488241391026e-01,2.375350152446394350e+04,-4.750700304892788699e+04
4.146431457631348794e-01,2.361291637766640997e+04,-4.722583275533281994e+04
4.159521427021306561e-01,2.345303963360677881e+04,-4.690607926721355761e+04
4.172611396411263218e-01,2.326990522227953988e+04,-4.653981044455907977e+04
4.185701365801220986e-01,2.310841591312192395e+04,-4.621683182624384790e+04
4.198791335191178753e-01,2.297242918151292906e+04,-4.594485836302585813e+04
4.211881304581135410e-01,2.281716001212049014e+04,-4.563432002424098027e+04
4.224971273971094288e-01,2.263880332141334657e+04,-4.527760664282669313e+04
4.238061243361050945e-01,2.248191298561487201e+04,-4.496382597122974403e+04
4.251151212751008712e-01,2.235033201570453821e+04,-4.470066403140907642e+04
4.264241182140966480e-01,2.219961979425441314e+04,-4.439923958850882627e+04
4.277331151530923137e-01,2.202597228205314605e+04,-4.405194456410629209e+04
4.290421120920880904e-01,2.187357676362539860e+04,-4.374715352725079720e+04
4.303511090310838672e-01,2.174624564431904219e+04,-4.349249128863808437e+04
4.316601059700795329e-01,2.159988586493875482e+04,-4.319977172987750964e+04
4.329691029090754206e-01,2.143072309655267600e+04,-4.286144619310535199e+04
4.342780998480710863e-01,2.128261536207951576e+04,-4.256523072415903152e+04
4.355870967870668631e-01,2.115944327092842286e+04,-4.231888654185684572e+04
4.368960937260626398e-01,2.101749973308033441e+04,-4.203499946616066882e+04
4.382050906650583055e-01,2.085283443598624945e+04,-4.170566887197249889e+04
4.395140876040540823e-01,2.070864563542391988e+04,-4.141729127084783977e+04
4.408230845430498590e-01,2.058909783577863709e+04,-4.117819567155727418e+04
4.421320814820455247e-01,2.045151751894213157e+04,-4.090303503788426315e+04
4.434410784210414125e-01,2.029169688479027900e+04,-4.058339376958055800e+04
4.447500753600370782e-01,2.015147868828590435e+04,-4.030295737657180871e+04
4.460590722990328549e-01,2.003509843091653966e+04,-4.007019686183307931e+04
4.473680692380286317e-01,1.990141562451958816e+04,-3.980283124903917633e+04
4.486770661770242974e-01,1.974630885283406678e+04,-3.949261770566813357e+04
4.499860631160200741e-01,1.961023306228838192e+04,-3.922046612457676383e+04
4.512950600550158509e-01,1.949718733420554781e+04,-3.899437466841109563e+04
4.526040569940115166e-01,1.936716269968160123e+04,-3.873432539936320245e+04
4.539130539330074043e-01,1.921627416712884951e+04,-3.843254833425769903e+04
4.552220508720030701e-01,1.908411166590994981e+04,-3.816822333181989961e+04
4.565310478109988468e-01,1.897455716095819298e+04,-3.794911432191638596e+04
4.578400447499946235e-01,1.884829962824362156e+04,-3.769659925648724311e+04
4.591490416889902892e-01,1.870145256184502432e+04,-3.740290512369004864e+04
4.604580386279860660e-01,1.857284184328376796e+04,-3.714568368656753591e+04
4.617670355669818427e-01,1.846649835458475354e+04,-3.693299670916950708e+04
4.630760325059775084e-01,1.834405748498706816e+04,-3.668811496997413633e+04
4.643850294449733962e-01,1.820144209539061194e+04,-3.640288419078122388e+04
4.656940263839690619e-01,1.807626716744430450e+04,-3.615253433488860901e+04
4.670030233229648386e-01,1.797270595185958882e+04,-3.594541190371917764e+04
4.683120202619606154e-01,1.785383370983941495e+04,-3.570766741967882990e+04
4.696210172009562811e-01,1.771551424620592661e+04,-3.543102849241185322e+04
4.709300141399520578e-01,1.759386605458544000e+04,-3.518773210917087999e+04
4.722390110789478346e-01,1.749299407216572945e+04,-3.498598814433145890e+04
4.735480080179435003e-01,1.737743544636092338e+04,-3.475487089272184676e+04
4.748570049569393881e-01,1.724317493041357375e+04,-3.448634986082714750e+04
4.761660018959350538e-01,1.712501849280893657e+04,-3.425003698561787314e+04
4.774749988349308305e-01,1.702689229386328225e+04,-3.405378458772656450e+04
4.787839957739266072e-01,1.691447239329050353e+04,-3.382894478658100707e+04
4.800929927129222730e-01,1.678396808120119022e+04,-3.356793616240238043e+04
4.814019896519180497e-01,1.666932054461402367e+04,-3.333864108922804735e+04
4.827109865909138264e-01,1.657417297684039295e+04,-3.314834595368078590e+04
4.840199835299094921e-01,1.646472948422765330e+04,-3.292945896845530660e+04
4.853289804689053799e-01,1.633744796524163758e+04,-3.267489593048327515e+04
4.866379774079010456e-01,1.622601611569581473e+04,-3.245203223139162947e+04
4.879469743468968224e-01,1.613405608848530210e+04,-3.226811217697060420e+04
4.892559712858925991e-01,1.602792806299870972e+04,-3.205585612599741944e+04
4.905649682248882648e-01,1.590390294869851459e+04,-3.180780589739702918e+04
4.918739651638840416e-01,1.579519242084359939e+04,-3.159038484168719879e+04
4.931829621028798183e-01,1.570576342817485965e+04,-3.141152685634971931e+04
4.944919590418754840e-01,1.560291118725104570e+04,-3.120582237450209141e+04
4.958009559808713718e-01,1.548263910635029060e+04,-3.096527821270058121e+04
4.971099529198670375e-01,1.537691870016017674e+04,-3.075383740032035348e+04
4.984189498588628142e-01,1.528970093501054725e+04,-3.057940187002109451e+04
4.997279467978585910e-01,1.518958701435722287e+04,-3.037917402871444574e+04
5.010369437368542567e-01,1.507275793755984705e+04,-3.014551587511969410e+04
5.023459406758500334e-01,1.497014506033701218e+04,-2.994029012067402437e+04
5.036549376148458101e-01,1.488546878377868416e+04,-2.977093756755736831e+04
5.049639345538414759e-01,1.478808280651262794e+04,-2.957616561302525588e+04
5.062729314928373636e-01,1.467432922336451702e+04,-2.934865844672903404e+04
5.075819284318330293e-01,1.457454230457460108e+04,-2.914908460914920215e+04
5.088909253708288061e-01,1.449239667017731881e+04,-2.898479334035463762e+04
5.101999223098245828e-01,1.439778370808645195e+04,-2.879556741617290390e+04
5.115089192488202485e-01,1.428704875973150411e+04,-2.857409751946300821e+04
5.128179161878160253e-01,1.418996528827642760e+04,-2.837993057655285520e+04
5.141269131268118020e-01,1.411025077194482401e+04,-2.822050154388964802e+04
5.154359100658074677e-01,1.401839846068417683e+04,-2.803679692136835365e+04
5.167449070048033555e-01,1.391065381359476487e+04,-2.782130762718952974e+04
5.180539039437990212e-01,1.381603513699350151e+04,-2.763207027398700302e+04
5.193629008827947979e-01,1.373845958033892384e+04,-2.747691916067784769e+04
5.206718978217905747e-01,1.364943140809072611e+04,-2.729886281618145222e+04
5.219808947607862404e-01,1.354500071379182555e+04,-2.709000142758365109e+04
5.232898916997820171e-01,1.345292983530899073e+04,-2.690585967061798146e+04
5.245988886387776828e-01,1.337709897962173454e+04,-2.675419795924346909e+04
5.259078855777734596e-01,1.329033844404941556e+04,-2.658067688809883111e+04
5.272168825167692363e-01,1.318897758002302544e+04,-2.637795516004605088e+04
5.285258794557650130e-01,1.309987615850311522e+04,-2.619975231700623044e+04
5.298348763947606788e-01,1.302643230792852410e+04,-2.605286461585704819e+04
5.311438733337564555e-01,1.294178347935255442e+04,-2.588356695870510885e+04
5.324528702727522322e-01,1.284266848472975289e+04,-2.568533696945950578e+04
5.337618672117480090e-01,1.275609745048748664e+04,-2.551219490097497328e+04
5.350708641507436747e-01,1.268532095453948750e+04,-2.537064190907897500e+04
5.363798610897394514e-01,1.260313065948589792e+04,-2.520626131897179584e+04
5.376888580287352282e-01,1.250635891871418607e+04,-2.501271783742837215e+04
5.389978549677310049e-01,1.242244739237233443e+04,-2.484489478474466887e+04
5.403068519067266706e-01,1.235444003828107634e+04,-2.470888007656215268e+04
5.416158488457224474e-01,1.227395357898746988e+04,-2.454790715797493976e+04
5.429248457847182241e-01,1.217686346468394186e+04,-2.435372692936788371e+04
5.442338427237140008e-01,1.209027117323047241e+04,-2.418054234646094483e+04
5.455428396627096665e-01,1.201837555214897293e+04,-2.403675110429794586e+04
5.468518366017054433e-01,1.060855186513238732e+04,-2.387513686048509771e+04
5.481608335407012200e-01,1.047103207282441326e+04,-2.369986715261720019e+04
5.494698304796969968e-01,7.816152574072069910e+03,-2.357469618144919878e+04
5.507788274186926625e-01,2.761557038530836053e+03,-2.352037642727401544e+04
5.520878243576884392e-01,2.653335436415959066e+03,-2.348735595860859758e+04
5.533968212966842160e-01,4.486162592778828184e+03,-2.344651248918167039e+04
5.547058182356799927e-01,3.197257767139418775e+03,-2.341729484579798736e+04
5.560148151746756584e-01,-7.992747637285730207e+02,-2.340873143546155188e+04
5.573238121136714351e-01,1.408377384418048806e+01,-2.340222755115581458e+04
5.586328090526672119e-01,2.797712227510761295e+03,-2.338582609141210560e+04
5.599418059916629886e-01,1.879138607772068553e+03,-2.337173168921527031e+04
5.612508029306586543e-01,-1.795531073982594762e+03,-2.336953949613487930e+04
5.625597998696544311e-01,-6.413635117761075435e+02,-2.336906041165405986e+04
5.638687968086502078e-01,2.392299442490987985e+03,-2.336024317323957803e+04
5.651777937476459845e-01,1.561898511725587468e+03,-2.335041661861612010e+04
5.664867906866416503e-01,-2.061654840791010884e+03,-2.334824479882752712e+04
5.677957876256374270e-01,-9.851038557891067740e+02,-2.334817062528341921e+04
5.691047845646332037e-01,1.836551622284712948e+03,-2.334358360760465075e+04
5.704137815036289805e-01,1.206265842499018163e+03,-2.334225904850736697e+04
5.717227784426246462e-01,-2.212779370052592185e+03,-2.334983748607473535e+04
5.730317753816204229e-01,-1.068171140037848545e+03,-2.335481412630917112e+04
5.743407723206161997e-01,1.801410770598483396e+03,-2.334862602875738594e+04
5.756497692596119764e-01,1.317515792421808101e+03,-2.334066743343853523e+04
5.769587661986076421e-01,-2.149457829668568593e+03,-2.334138286354544107e+04
5.782677631376034189e-01,-8.821578446689610473e+02,-2.334494575862250713e+04
5.795767600765991956e-01,2.084416331278619964e+03,-2.334194679332744272e+04
5.808857570155949723e-01,1.208697812023927781e+03,-2.333662773715263393e+04
5.821947539545906380e-01,-2.285824080233642690e+03,-2.333637429701114525e+04
5.835037508935864148e-01,-1.030535500309931194e+03,-2.333720827580540208e+04
5.848127478325821915e-01,1.757828800053881650e+03,-2.333363123373830240e+04
5.861217447715779683e-01,1.184515516470843750e+03,-2.333312859523223960e+04
5.874307417105736340e-01,-2.263175648965648634e+03,-2.334210317357369786e+04
5.887397386495694107e-01,-1.109128672094274179e+03,-2.334966212991831344e+04
5.900487355885651874e-01,1.900281764571430131e+03,-2.334516728691249227e+04
5.913577325275609642e-01,1.304325556546260032e+03,-2.333442877380011487e+04
5.926667294665566299e-01,-2.219281868751706952e+03,-2.333105250475526191e+04
5.939757264055524066e-01,-9.664487063234450943e+02,-2.333686924726488724e+04
5.952847233445481834e-01,2.090361574942301559e+03,-2.334006680819010944e+04
5.965937202835439601e-01,1.221624360102640139e+03,-2.333473180057284117e+04
5.979027172225396258e-01,-2.112844453795306890e+03,-2.332748127017531442e+04
5.992117141615354026e-01,-7.036023864666561849e+02,-2.332461052361558177e+04
6.005207111005311793e-01,2.057145723901698148e+03,-2.332391449154863585e+04
6.018297080395269560e-01,1.348451487847692533e+03,-2.332754424434577595e+04
6.031387049785226218e-01,-1.941626701444717810e+03,-2.333862922266264650e+04
6.044477019175183985e-01,-8.387808954645977337e+02,-2.334430345270294492e+04
6.057566988565141752e-01,2.380194369018477573e+03,-2.332865914657245230e+04
6.070656957955099520e-01,1.940837596830053599e+03,-2.328975805950702124e+04
6.083746927345056177e-01,-1.565163019934374006e+03,-2.322481069554445276e+04
6.096836896735013944e-01,1.681966186852812939e+02,-2.316506802794805481e+04
6.109926866124971712e-01,4.133124614954028402e+03,-2.321999661553203987e+04
6.123016835514929479e-01,5.271217342073454347e+03,-2.354372416832727322e+04
6.136106804904886136e-01,8.034156559288458993e+03,-2.500229992599823527e+04
6.149196774294843904e-01,1.286628421746568347e+04,-2.768900219564497456e+04
6.162286743684801671e-01,1.441070825006086852e+04,-2.897146143542576101e+04
6.175376713074759438e-01,1.277270618395740530e+04,-2.554541236791481060e+04
6.188466682464716095e-01,6.771260447484910401e+03,-1.354252089496982080e+04
6.201556651854673863e-01,0.000000000000000000e+00,0.000000000000000000e+00
6.214646621244631630e-01,0.000000000000000000e+00,0.000000000000000000e+00
6.227736590634589398e-01,0.000000000000000000e+00,0.000000000000000000e+00
6.240826560024546055e-01,0.000000000000000000e+00,0.000000000000000000e+00
6.253916529414503822e-01,0.000000000000000000e+00,0.000000000000000000e+00
6.267006498804461589e-01,0.000000000000000000e+00,0.000000000000000000e+00
6.280096468194419357e-01,0.000000000000000000e+00,0.000000000000000000e+00
6.293186437584376014e-01,0.000000000000000000e+00,0.000000000000000000e+00
6.306276406974333781e-01,0.000000000000000000e+00,0.000000000000000000e+00
6.319366376364291549e-01,0.000000000000000000e+00,0.000000000000000000e+00
6.332456345754249316e-01,0.000000000000000000e+00,0.000000000000000000e+00
6.345546315144205973e-01,0.000000000000000000e+00,0.000000000000000000e+00
6.358636284534163741e-01,0.000000000000000000e+00,0.000000000000000000e+00
6.371726253924121508e-01,0.000000000000000000e+00,0.000000000000000000e+00
6.384816223314079275e-01,0.000000000000000000e+00,0.000000000000000000e+00
6.397906192704035933e-01,0.000000000000000000e+00,0.000000000000000000e+00
6.410996162093993700e-01,0.000000000000000000e+00,0.000000000000000000e+00
6.424086131483951467e-01,0.000000000000000000e+00,0.000000000000000000e+00
6.437176100873909235e-01,0.000000000000000000e+00,0.000000000000000000e+00
6.450266070263865892e-01,0.000000000000000000e+00,0.000000000000000000e+00
6.463356039653823659e-01,0.000000000000000000e+00,0.000000000000000000e+00
6.476446009043781427e-01,0.000000000000000000e+00,0.000000000000000000e+00
6.489535978433739194e-01,0.000000000000000000e+00,0.000000000000000000e+00
6.502625947823695851e-01,0.000000000000000000e+00,0.000000000000000000e+00
6.515715917213653618e-01,0.000000000000000000e+00,0.000000000000000000e+00
6.528805886603611386e-01,0.000000000000000000e+00,0.000000000000000000e+00
6.541895855993569153e-01,0.000000000000000000e+00,0.000000000000000000e+00
6.554985825383525810e-01,0.000000000000000000e+00,0.000000000000000000e+00
6.568075794773483578e-01,0.000000000000000000e+00,0.000000000000000000e+00
6.581165764163441345e-01,0.000000000000000000e+00,0.000000000000000000e+00
6.594255733553399113e-01,0.000000000000000000e+00,0.000000000000000000e+00
6.607345702943355770e-01,0.000000000000000000e+00,0.000000000000000000e+00
6.620435672333313537e-01,0.000000000000000000e+00,0.000000000000000000e+00
6.633525641723271304e-01,0.000000000000000000e+00,0.000000000000000000e+00
6.646615611113229072e-01,0.000000000000000000e+00,0.000000000000000000e+00
6.659705580503185729e-01,0.000000000000000000e+00,0.000000000000000000e+00
6.672795549893143496e-01,0.000000000000000000e+00,0.000000000000000000e+00
6.685885519283101264e-01,0.000000000000000000e+00,0.000000000000000000e+00
6.698975488673059031e-01,0.000000000000000000e+00,0.000000000000000000e+00
6.712065458063015688e-01,0.000000000000000000e+00,0.000000000000000000e+00
6.725155427452973456e-01,0.000000000000000000e+00,0.000000000000000000e+00
6.738245396842931223e-01,0.000000000000000000e+00,0.000000000000000000e+00
6.751335366232888990e-01,0.000000000000000000e+00,0.000000000000000000e+00
6.764425335622845648e-01,0.000000000000000000e+00,0.000000000000000000e+00
6.777515305012803415e-01,0.000000000000000000e+00,0.000000000000000000e+00
6.790605274402761182e-01,0.000000000000000000e+00,0.000000000000000000e+00
6.803695243792718950e-01,0.000000000000000000e+00,0.000000000000000000e+00
6.816785213182675607e-01,0.000000000000000000e+00,0.000000000000000000e+00
6.829875182572633374e-01,0.000000000000000000e+00,0.000000000000000000e+00
6.842965151962591142e-01,0.000000000000000000e+00,0.000000000000000000e+00
6.856055121352548909e-01,0.000000000000000000e+00,0.000000000000000000e+00
6.869145090742505566e-01,0.000000000000000000e+00,0.000000000000000000e+00
6.882235060132463333e-01,0.000000000000000000e+00,0.000000000000000000e+00
6.895325029522421101e-01,0.000000000000000000e+00,0.000000000000000000e+00
6.908414998912378868e-01,0.000000000000000000e+00,0.000000000000000000e+00
6.921504968302335525e-01,0.000000000000000000e+00,0.000000000000000000e+00
6.934594937692293293e-01,0.000000000000000000e+00,0.000000000000000000e+00
6.947684907082251060e-01,0.000000000000000000e+00,0.000000000000000000e+00
6.960774876472208827e-01,0.000000000000000000e+00,0.000000000000000000e+00
6.973864845862165485e-01,0.000000000000000000e+00,0.000000000000000000e+00
6.986954815252123252e-01,0.000000000000000000e+00,0.000000000000000000e+00
7.000044784642081019e-01,0.000000000000000000e+00,0.000000000000000000e+00
7.013134754032038787e-01,0.000000000000000000e+00,0.000000000000000000e+00
7.026224723421995444e-01,0.000000000000000000e+00,0.000000000000000000e+00
7.039314692811953211e-01,0.000000000000000000e+00,0.000000000000000000e+00
7.052404662201910979e-01,0.000000000000000000e+00,0.000000000000000000e+00
7.065494631591868746e-01,0.000000000000000000e+00,0.000000000000000000e+00
7.078584600981825403e-01,0.000000000000000000e+00,0.000000000000000000e+00
7.091674570371783171e-01,0.000000000000000000e+00,0.000000000000000000e+00
7.104764539761740938e-01,0.000000000000000000e+00,0.000000000000000000e+00
7.117854509151698705e-01,0.000000000000000000e+00,0.000000000000000000e+00
7.130944478541655362e-01,0.000000000000000000e+00,0.000000000000000000e+00
7.144034447931613130e-01,0.000000000000000000e+00,0.000000000000000000e+00
7.157124417321570897e-01,0.000000000000000000e+00,0.000000000000000000e+00
7.170214386711528665e-01,0.000000000000000000e+00,0.000000000000000000e+00
7.183304356101485322e-01,0.000000000000000000e+00,0.000000000000000000e+00
7.196394325491443089e-01,0.000000000000000000e+00,0.000000000000000000e+00
7.209484294881400857e-01,0.000000000000000000e+00,0.000000000000000000e+00
7.222574264271358624e-01,0.000000000000000000e+00,0.000000000000000000e+00
7.235664233661315281e-01,0.000000000000000000e+00,0.000000000000000000e+00
7.248754203051273048e-01,0.000000000000000000e+00,0.000000000000000000e+00
7.261844172441230816e-01,0.000000000000000000e+00,0.000000000000000000e+00
7.274934141831188583e-01,0.000000000000000000e+00,0.000000000000000000e+00
7.288024111221145240e-01,0.000000000000000000e+00,0.000000000000000000e+00
7.301114080611103008e-01,0.000000000000000000e+00,0.000000000000000000e+00
7.314204050001060775e-01,0.000000000000000000e+00,0.000000000000000000e+00
7.327294019391018542e-01,0.000000000000000000e+00,0.000000000000000000e+00
7.340383988780975200e-01,0.000000000000000000e+00,0.000000000000000000e+00
7.353473958170932967e-01,0.000000000000000000e+00,0.000000000000000000e+00
7.366563927560890734e-01,0.000000000000000000e+00,0.000000000000000000e+00
7.379653896950848502e-01,0.000000000000000000e+00,0.000000000000000000e+00
7.392743866340805159e-01,0.000000000000000000e+00,0.000000000000000000e+00
7.405833835730762926e-01,0.000000000000000000e+00,0.000000000000000000e+00
7.418923805120720694e-01,0.000000000000000000e+00,0.000000000000000000e+00
7.432013774510678461e-01,0.000000000000000000e+00,0.000000000000000000e+00
7.445103743900635118e-01,0.000000000000000000e+00,0.000000000000000000e+00
7.458193713290592886e-01,0.000000000000000000e+00,0.000000000000000000e+00
7.471283682680550653e-01,0.000000000000000000e+00,0.000000000000000000e+00
7.484373652070508420e-01,0.000000000000000000e+00,0.000000000000000000e+00
7.497463621460465077e-01,0.000000000000000000e+00,0.000000000000000000e+00
7.510553590850422845e-01,0.000000000000000000e+00,0.000000000000000000e+00
7.523643560240380612e-01,0.000000000000000000e+00,0.000000000000000000e+00
7.536733529630338380e-01,0.000000000000000000e+00,0.000000000000000000e+00
7.549823499020295037e-01,0.000000000000000000e+00,0.000000000000000000e+00
7.562913468410252804e-01,0.000000000000000000e+00,0.000000000000000000e+00
7.576003437800210571e-01,0.000000000000000000e+00,0.000000000000000000e+00
7.589093407190168339e-01,0.000000000000000000e+00,0.000000000000000000e+00
7.602183376580124996e-01,0.000000000000000000e+00,0.000000000000000000e+00
7.615273345970082763e-01,0.000000000000000000e+00,0.000000000000000000e+00
7.628363315360040531e-01,0.000000000000000000e+00,0.000000000000000000e+00
7.641453284749998298e-01,0.000000000000000000e+00,0.000000000000000000e+00
7.654543254139954955e-01,0.000000000000000000e+00,0.000000000000000000e+00
7.667633223529912723e-01,0.000000000000000000e+00,0.000000000000000000e+00
7.680723192919870490e-01,0.000000000000000000e+00,0.000000000000000000e+00
7.693813162309828257e-01,0.000000000000000000e+00,0.000000000000000000e+00
7.706903131699784915e-01,0.000000000000000000e+00,0.000000000000000000e+00
7.719993101089742682e-01,0.000000000000000000e+00,0.000000000000000000e+00
7.733083070479700449e-01,0.000000000000000000e+00,0.000000000000000000e+00
7.746173039869658217e-01,0.000000000000000000e+00,0.000000000000000000e+00
7.759263009259614874e-01,0.000000000000000000e+00,0.000000000000000000e+00
7.772352978649572641e-01,0.000000000000000000e+00,0.000000000000000000e+00
7.785442948039530409e-01,0.000000000000000000e+00,0.000000000000000000e+00
7.798532917429488176e-01,0.000000000000000000e+00,0.000000000000000000e+00
7.811622886819444833e-01,0.000000000000000000e+00,0.000000000000000000e+00
7.824712856209402601e-01,0.000000000000000000e+00,0.000000000000000000e+00
7.837802825599360368e-01,0.000000000000000000e+00,0.000000000000000000e+00
7.850892794989318135e-01,0.000000000000000000e+00,0.000000000000000000e+00
7.863982764379274792e-01,0.000000000000000000e+00,0.000000000000000000e+00
7.877072733769232560e-01,0.000000000000000000e+00,0.000000000000000000e+00
7.890162703159190327e-01,0.000000000000000000e+00,0.000000000000000000e+00
7.903252672549148095e-01,0.000000000000000000e+00,0.000000000000000000e+00
7.916342641939104752e-01,0.000000000000000000e+00,0.000000000000000000e+00
7.929432611329062519e-01,0.000000000000000000e+00,0.000000000000000000e+00
7.942522580719020286e-01,0.000000000000000000e+00,0.000000000000000000e+00
7.955612550108978054e-01,0.000000000000000000e+00,0.000000000000000000e+00
7.968702519498934711e-01,0.000000000000000000e+00,0.000000000000000000e+00
7.981792488888892478e-01,0.000000000000000000e+00,0.000000000000000000e+00
7.994882458278850246e-01,0.000000000000000000e+00,0.000000000000000000e+00
8.007972427668808013e-01,0.000000000000000000e+00,0.000000000000000000e+00
8.021062397058764670e-01,0.000000000000000000e+00,0.000000000000000000e+00
8.034152366448722438e-01,0.000000000000000000e+00,0.000000000000000000e+00
8.047242335838680205e-01,0.000000000000000000e+00,0.000000000000000000e+00
8.060332305228637972e-01,0.000000000000000000e+00,0.000000000000000000e+00
8.073422274618594630e-01,0.000000000000000000e+00,0.000000000000000000e+00
8.086512244008552397e-01,0.000000000000000000e+00,0.000000000000000000e+00
8.099602213398510164e-01,0.000000000000000000e+00,0.000000000000000000e+00
8.112692182788467932e-01,0.000000000000000000e+00,0.000000000000000000e+00
8.125782152178424589e-01,0.000000000000000000e+00,0.000000000000000000e+00
8.138872121568382356e-01,0.000000000000000000e+00,0.000000000000000000e+00
8.151962090958340124e-01,0.000000000000000000e+00,0.000000000000000000e+00
8.165052060348297891e-01,0.000000000000000000e+00,0.000000000000000000e+00
8.178142029738254548e-01,0.000000000000000000e+00,0.000000000000000000e+00
8.191231999128212315e-01,0.000000000000000000e+00,0.000000000000000000e+00
8.204321968518170083e-01,0.000000000000000000e+00,0.000000000000000000e+00
8.217411937908127850e-01,0.000000000000000000e+00,0.000000000000000000e+00
8.230501907298084507e-01,0.000000000000000000e+00,0.000000000000000000e+00
8.243591876688042275e-01,0.000000000000000000e+00,0.000000000000000000e+00
8.256681846078000042e-01,0.000000000000000000e+00,0.000000000000000000e+00
8.269771815467957810e-01,0.000000000000000000e+00,0.000000000000000000e+00
8.282861784857914467e-01,0.000000000000000000e+00,0.000000000000000000e+00
8.295951754247872234e-01,0.000000000000000000e+00,0.000000000000000000e+00
8.309041723637830001e-01,0.000000000000000000e+00,0.000000000000000000e+00
8.322131693027787769e-01,0.000000000000000000e+00,0.000000000000000000e+00
8.335221662417744426e-01,0.000000000000000000e+00,0.000000000000000000e+00
8.348311631807702193e-01,0.000000000000000000e+00,0.000000000000000000e+00
8.361401601197659961e-01,0.000000000000000000e+00,0.000000000000000000e+00
8.374491570587617728e-01,0.000000000000000000e+00,0.000000000000000000e+00
8.387581539977574385e-01,0.000000000000000000e+00,0.000000000000000000e+00
8.400671509367532153e-01,0.000000000000000000e+00,0.000000000000000000e+00
8.413761478757489920e-01,0.000000000000000000e+00,0.000000000000000000e+00
8.426851448147447687e-01,0.000000000000000000e+00,0.000000000000000000e+00
8.439941417537404345e-01,0.000000000000000000e+00,0.000000000000000000e+00
8.453031386927362112e-01,0.000000000000000000e+00,0.000000000000000000e+00
8.466121356317319879e-01,0.000000000000000000e+00,0.000000000000000000e+00
8.479211325707277647e-01,0.000000000000000000e+00,0.000000000000000000e+00
8.492301295097234304e-01,0.000000000000000000e+00,0.000000000000000000e+00
8.505391264487192071e-01,0.000000000000000000e+00,0.000000000000000000e+00
8.518481233877149839e-01,0.000000000000000000e+00,0.000000000000000000e+00
8.531571203267107606e-01,0.000000000000000000e+00,0.000000000000000000e+00
8.544661172657064263e-01,0.000000000000000000e+00,0.000000000000000000e+00
8.557751142047022030e-01,0.000000000000000000e+00,0.000000000000000000e+00
8.570841111436979798e-01,0.000000000000000000e+00,0.000000000000000000e+00
8.583931080826937565e-01,0.000000000000000000e+00,0.000000000000000000e+00
8.597021050216894222e-01,0.000000000000000000e+00,0.000000000000000000e+00
8.610111019606851990e-01,0.000000000000000000e+00,0.000000000000000000e+00
8.623200988996809757e-01,0.000000000000000000e+00,0.000000000000000000e+00
8.636290958386767525e-01,0.000000000000000000e+00,0.000000000000000000e+00
8.649380927776724182e-01,0.000000000000000000e+00,0.000000000000000000e+00
8.662470897166681949e-01,0.000000000000000000e+00,0.000000000000000000e+00
8.675560866556639716e-01,0.000000000000000000e+00,0.000000000000000000e+00
8.688650835946597484e-01,0.000000000000000000e+00,0.000000000000000000e+00
8.701740805336554141e-01,0.000000000000000000e+00,0.000000000000000000e+00
8.714830774726511908e-01,0.000000000000000000e+00,0.000000000000000000e+00
8.727920744116469676e-01,0.000000000000000000e+00,0.000000000000000000e+00
8.741010713506427443e-01,0.000000000000000000e+00,0.000000000000000000e+00
8.754100682896384100e-01,0.000000000000000000e+00,0.000000000000000000e+00
8.767190652286341868e-01,0.000000000000000000e+00,0.000000000000000000e+00
8.780280621676299635e-01,0.000000000000000000e+00,0.000000000000000000e+00
8.793370591066257402e-01,0.000000000000000000e+00,0.000000000000000000e+00
8.806460560456214059e-01,0.000000000000000000e+00,0.000000000000000000e+00
8.819550529846171827e-01,0.000000000000000000e+00,0.000000000000000000e+00
8.832640499236129594e-01,0.000000000000000000e+00,0.000000000000000000e+00
8.845730468626087362e-01,0.000000000000000000e+00,0.000000000000000000e+00
8.858820438016044019e-01,0.000000000000000000e+00,0.000000000000000000e+00
8.871910407406001786e-01,0.000000000000000000e+00,0.000000000000000000e+00
8.885000376795959554e-01,0.000000000000000000e+00,0.000000000000000000e+00
8.898090346185917321e-01,0.000000000000000000e+00,0.000000000000000000e+00
8.911180315575873978e-01,0.000000000000000000e+00,0.000000000000000000e+00
8.924270284965831745e-01,0.000000000000000000e+00,0.000000000000000000e+00
8.937360254355789513e-01,0.000000000000000000e+00,0.000000000000000000e+00
8.950450223745747280e-01,0.000000000000000000e+00,0.000000000000000000e+00
8.963540193135703937e-01,0.000000000000000000e+00,0.000000000000000000e+00
8.976630162525661705e-01,0.000000000000000000e+00,0.000000000000000000e+00
8.989720131915619472e-01,0.000000000000000000e+00,0.000000000000000000e+00
9.002810101305577239e-01,0.000000000000000000e+00,0.000000000000000000e+00
9.015900070695533897e-01,0.000000000000000000e+00,0.000000000000000000e+00
9.028990040085491664e-01,0.000000000000000000e+00,0.000000000000000000e+00
9.042080009475449431e-01,0.000000000000000000e+00,0.000000000000000000e+00
9.055169978865407199e-01,0.000000000000000000e+00,0.000000000000000000e+00
9.068259948255363856e-01,0.000000000000000000e+00,0.000000000000000000e+00
9.081349917645321623e-01,0.000000000000000000e+00,0.000000000000000000e+00
9.094439887035279391e-01,0.000000000000000000e+00,0.000000000000000000e+00
9.107529856425237158e-01,0.000000000000000000e+00,0.000000000000000000e+00
9.120619825815193815e-01,0.000000000000000000e+00,0.000000000000000000e+00
9.133709795205151583e-01,0.000000000000000000e+00,0.000000000000000000e+00
9.146799764595109350e-01,0.000000000000000000e+00,0.000000000000000000e+00
9.159889733985067117e-01,0.000000000000000000e+00,0.000000000000000000e+00
9.172979703375023774e-01,0.000000000000000000e+00,0.000000000000000000e+00
9.186069672764981542e-01,0.000000000000000000e+00,0.000000000000000000e+00
9.199159642154939309e-01,0.000000000000000000e+00,0.000000000000000000e+00
9.212249611544897077e-01,0.000000000000000000e+00,0.000000000000000000e+00
9.225339580934853734e-01,0.000000000000000000e+00,0.000000000000000000e+00
9.238429550324811501e-01,0.000000000000000000e+00,0.000000000000000000e+00
9.251519519714769269e-01,0.000000000000000000e+00,0.000000000000000000e+00
9.264609489104727036e-01,0.000000000000000000e+00,0.000000000000000000e+00
9.277699458494683693e-01,0.000000000000000000e+00,0.000000000000000000e+00
9.290789427884641460e-01,0.000000000000000000e+00,0.000000000000000000e+00
9.303879397274599228e-01,0.000000000000000000e+00,0.000000000000000000e+00
9.316969366664556995e-01,0.000000000000000000e+00,0.000000000000000000e+00
9.330059336054513652e-01,0.000000000000000000e+00,0.000000000000000000e+00
9.343149305444471420e-01,0.000000000000000000e+00,0.000000000000000000e+00
9.356239274834429187e-01,0.000000000000000000e+00,0.000000000000000000e+00
9.369329244224386954e-01,0.000000000000000000e+00,0.000000000000000000e+00
9.382419213614343612e-01,0.000000000000000000e+00,0.000000000000000000e+00
9.395509183004301379e-01,0.000000000000000000e+00,0.000000000000000000e+00
9.408599152394259146e-01,0.000000000000000000e+00,0.000000000000000000e+00
9.421689121784216914e-01,0.000000000000000000e+00,0.000000000000000000e+00
9.434779091174173571e-01,0.000000000000000000e+00,0.000000000000000000e+00
9.447869060564131338e-01,-3.049888555128540702e+03,-6.099777110257081404e+03
9.460959029954089106e-01,-1.134169652622028116e+04,-2.268339305244056231e+04
9.474048999344046873e-01,-1.423910889461027728e+04,-2.847821778922055455e+04
9.487138968734003530e-01,-1.391744777913895996e+04,-2.783489555827791992e+04
9.500228938123961298e-01,-1.298335751633887048e+04,-2.596671503267774096e+04
9.513318907513919065e-01,-1.222689693314121178e+04,-2.445379386628242355e+04
9.526408876903876832e-01,-1.178927572012338715e+04,-2.357855144024677429e+04
9.539498846293833489e-01,-1.169689061125494663e+04,-2.339378122250989327e+04
9.552588815683791257e-01,-1.178276553625358974e+04,-2.356553107250717949e+04
9.565678785073749024e-01,-1.190464322735910173e+04,-2.380928645471820346e+04
9.578768754463706792e-01,-1.201316026222468099e+04,-2.402632052444936198e+04
9.591858723853663449e-01,-1.209748560925517813e+04,-2.419497121851035627e+04
9.604948693243621216e-01,-1.218628167153938193e+04,-2.437256334307876386e+04
9.618038662633578983e-01,-1.228142132051109729e+04,-2.456284264102219458e+04
9.631128632023536751e-01,-1.235704459517543000e+04,-2.471408919035086001e+04
9.644218601413493408e-01,-1.241972930155340327e+04,-2.483945860310680655e+04
9.657308570803451175e-01,-1.250077386087016384e+04,-2.500154772174032769e+04
9.670398540193408943e-01,-1.259739556553526927e+04,-2.519479113107053854e+04
9.683488509583366710e-01,-1.268061323139940578e+04,-2.536122646279881155e+04
9.696578478973323367e-01,-1.275233529742873907e+04,-2.550467059485747814e+04
9.709668448363281135e-01,-1.283914978042260191e+04,-2.567829956084520381e+04
9.722758417753238902e-01,-1.293746983530486068e+04,-2.587493967060972136e+04
9.735848387143196669e-01,-1.301986808528789334e+04,-2.603973617057578667e+04
9.748938356533153327e-01,-1.309099162600555246e+04,-2.618198325201110492e+04
9.762028325923111094e-01,-1.318001430435911971e+04,-2.636002860871823941e+04
9.775118295313068861e-01,-1.328271353842967255e+04,-2.656542707685934511e+04
9.788208264703026629e-01,-1.336917737938651044e+04,-2.673835475877302088e+04
9.801298234092983286e-01,-1.344269574962477964e+04,-2.688539149924955927e+04
9.814388203482941053e-01,-1.353324403670832908e+04,-2.706648807341665815e+04
9.827478172872898821e-01,-1.363787165844675656e+04,-2.727574331689351311e+04
9.840568142262856588e-01,-1.372736167174325783e+04,-2.745472334348651566e+04
9.853658111652813245e-01,-1.380447111040625714e+04,-2.760894222081251428e+04
9.866748081042771013e-01,-1.389760012344178176e+04,-2.779520024688356352e+04
9.879838050432728780e-01,-1.400374758568512516e+04,-2.800749517137025032e+04
9.892928019822686547e-01,-1.409497201700392361e+04,-2.818994403400784722e+04
9.906017989212643204e-01,-1.417501397883395839e+04,-2.835002795766791678e+04
9.919107958602600972e-01,-1.427208927702933215e+04,-2.854417855405866430e+04
9.932197927992558739e-01,-1.438198937673892578e+04,-2.876397875347785157e+04
9.945287897382516507e-01,-1.447543323371270890e+04,-2.895086646742541780e+04
9.958377866772473164e-01,-1.455660210082971935e+04,-2.911320420165943870e+04
9.971467836162430931e-01,-1.465586963204839594e+04,-2.931173926409679189e+04
9.984557805552388698e-01,-1.476933480964248338e+04,-2.953866961928496676e+04
9.997647774942346466e-01,-1.486624820106980587e+04,-2.973249640213961175e+04
1.001073774433230312e+00,-1.495024421593992156e+04,-2.990048843187984312e+04
1.002382771372225978e+00,-1.505233464198699221e+04,-3.010466928397398442e+04
1.003691768311221866e+00,-1.516877065175951611e+04,-3.033754130351903223e+04
1.005000765250217754e+00,-1.526820378196673482e+04,-3.053640756393346965e+04
1.006309762189213419e+00,-1.535442207880269780e+04,-3.070884415760539559e+04
1.007618759128209085e+00,-1.545931712303568020e+04,-3.091863424607136039e+04
1.008927756067204751e+00,-1.557925048828151557e+04,-3.115850097656303114e+04
1.010236753006200638e+00,-1.568224597074980738e+04,-3.136449194149961477e+04
1.011545749945196304e+00,-1.577154726726969966e+04,-3.154309453453939932e+04
1.012854746884192192e+00,-1.587896404715774952e+04,-3.175792809431549904e+04
1.014163743823187858e+00,-1.600129418534872639e+04,-3.200258837069745277e+04
1.015472740762183523e+00,-1.610712681540016820e+04,-3.221425363080033640e+04
1.016781737701179189e+00,-1.619998381344013251e+04,-3.239996762688026502e+04
1.018090734640175077e+00,-1.631123753002207923e+04,-3.262247506004415845e+04
1.019399731579170965e+00,-1.643690783575747264e+04,-3.287381567151494528e+04
1.020708728518166630e+00,-1.654489943753462285e+04,-3.308979887506924570e+04
1.022017725457162296e+00,-1.663978465782528292e+04,-3.327956931565056584e+04
1.023326722396158184e+00,-1.675495700091568870e+04,-3.350991400183137739e+04
1.024635719335153849e+00,-1.688559947126810221e+04,-3.377119894253620441e+04
1.025944716274149515e+00,-1.699671212366017789e+04,-3.399342424732035579e+04
1.027253713213145181e+00,-1.709291586541346624e+04,-3.418583173082693247e+04
1.028562710152141069e+00,-1.721078648549092395e+04,-3.442157297098184790e+04
1.029871707091136734e+00,-1.734606128791289666e+04,-3.469212257582579332e+04
1.031180704030132400e+00,-1.746150058032641755e+04,-3.492300116065283510e+04
1.032489700969128066e+00,-1.756067781285251840e+04,-3.512135562570503680e+04
1.033798697908123954e+00,-1.768107790288446995e+04,-3.536215580576893990e+04
1.035107694847119619e+00,-1.781936387136571648e+04,-3.563872774273143295e+04
1.036416691786115285e+00,-1.793846045199708169e+04,-3.587692090399416338e+04
1.037725688725110951e+00,-1.804169532905398592e+04,-3.608339065810797183e+04
1.039034685664106838e+00,-1.816588900678413847e+04,-3.633177801356827695e+04
1.040343682603102504e+00,-1.830746564547608432e+04,-3.661493129095216864e+04
1.041652679542098170e+00,-1.842954075024942358e+04,-3.685908150049884716e+04
1.042961676481093836e+00,-1.853603693071527596e+04,-3.707207386143055191e+04
1.044270673420089723e+00,-1.866430264611876919e+04,-3.732860529223753838e+04
1.045579670359085389e+00,-1.881019922053181290e+04,-3.762039844106362580e+04
1.046888667298081055e+00,-1.893567204658903938e+04,-3.787134409317807877e+04
1.048197664237076721e+00,-1.904494770852946385e+04,-3.808989541705892771e+04
1.049506661176072608e+00,-1.917697687760909685e+04,-3.835395375521819369e+04
1.050815658115068274e+00,-1.932752751594898655e+04,-3.865505503189797309e+04
1.052124655054063940e+00,-1.945694370443236403e+04,-3.891388740886472806e+04
1.053433651993059605e+00,-1.956924762339596782e+04,-3.913849524679193564e+04
1.054742648932055493e+00,-1.970478171781401397e+04,-3.940956343562802795e+04
1.056051645871051159e+00,-1.985966179948712306e+04,-3.971932359897424612e+04
1.057360642810046825e+00,-1.999333833031827453e+04,-3.998667666063654906e+04
1.058669639749042490e+00,-2.010945148045321912e+04,-4.021890296090643824e+04
1.059978636688038378e+00,-2.024871076278474720e+04,-4.049742152556949441e+04
1.061287633627034044e+00,-2.040749175888675745e+04,-4.081498351777351490e+04
1.062596630566029710e+00,-2.054515442618168890e+04,-4.109030885236337781e+04
1.063905627505025375e+00,-2.066540918886185318e+04,-4.133081837772370636e+04
1.065214624444021263e+00,-2.080903683496468147e+04,-4.161807366992936295e+04
1.066523621383016929e+00,-2.097211817363660884e+04,-4.194423634727321769e+04
1.067832618322012594e+00,-2.111351491749472916e+04,-4.222702983498945832e+04
1.069141615261008260e+00,-2.123740865799941457e+04,-4.247481731599882914e+04
1.070450612200004148e+00,-2.138564281385685899e+04,-4.277128562771371799e+04
1.071759609138999814e+00,-2.155386364514722663e+04,-4.310772729029445327e+04
1.073068606077995479e+00,-2.169939296317279513e+04,-4.339878592634559027e+04
1.074377603016991145e+00,-2.182658731638716563e+04,-4.365317463277433126e+04
1.075686599955987033e+00,-2.197910366997726305e+04,-4.395820733995452611e+04
1.076995596894982699e+00,-2.215263226024325922e+04,-4.430526452048651845e+04
1.078304593833978364e+00,-2.230285617294619442e+04,-4.460571234589238884e+04
1.079613590772974030e+00,-2.243387663982185040e+04,-4.486775327964370081e+04
1.080922587711969918e+00,-2.259065641502123981e+04,-4.518131283004247962e+04
1.082231584650965583e+00,-2.276914261050609639e+04,-4.553828522101219278e+04
1.083540581589961249e+00,-2.292404947535257452e+04,-4.584809895070514904e+04
1.084849578528956915e+00,-2.305938066223276837e+04,-4.611876132446553675e+04
1.086158575467952803e+00,-2.322087464067518886e+04,-4.644174928135037771e+04
1.087467572406948468e+00,-2.340444407905570915e+04,-4.680888815811141831e+04
1.088776569345944134e+00,-2.356395922348362365e+04,-4.712791844696724729e+04
1.090085566284939800e+00,-2.370356274546900386e+04,-4.740712549093800772e+04
1.091394563223935688e+00,-2.386998283034771157e+04,-4.773996566069542314e+04
1.092703560162931353e+00,-2.405899639286434831e+04,-4.811799278572869662e+04
1.094012557101927019e+00,-2.422335201528847756e+04,-4.844670403057695512e+04
1.095321554040922685e+00,-2.436729394766370024e+04,-4.873458789532740047e+04
1.096630550979918572e+00,-2.453876208696824688e+04,-4.907752417393649375e+04
1.097939547918914238e+00,-2.473341686544474942e+04,-4.946683373088949884e+04
1.099248544857909904e+00,-2.490268301732845794e+04,-4.980536603465691587e+04
1.100557541796905570e+00,-2.505100732391248675e+04,-5.010201464782497351e+04
1.101866538735901457e+00,-2.522784926586087749e+04,-5.045569853172175499e+04
1.103175535674897123e+00,-2.542861981722426935e+04,-5.085723963444853871e+04
1.104484532613892789e+00,-2.560294741692391108e+04,-5.120589483384782216e+04
1.105793529552888455e+00,-2.575544950256704033e+04,-5.151089900513408065e+04
1.107102526491884342e+00,-2.593761670535552184e+04,-5.187523341071104369e+04
1.108411523430880008e+00,-2.614484827380062052e+04,-5.228969654760124104e+04
1.109720520369875674e+00,-2.632483740656305963e+04,-5.264967481312611926e+04
1.111029517308871339e+00,-2.648192556264237646e+04,-5.296385112528475292e+04
1.112338514247867227e+00,-2.666922082523489735e+04,-5.333844165046979469e+04
1.113647511186862893e+00,-2.688252546043003895e+04,-5.376505092086007789e+04
1.114956508125858559e+00,-2.706848654525059465e+04,-5.413697309050118929e+04
1.116265505064854224e+00,-2.723104584654587961e+04,-5.446209169309175923e+04
1.117574502003850112e+00,-2.742380015737025315e+04,-5.484760031474050629e+04
1.118883498942845778e+00,-2.764283484792836316e+04,-5.528566969585672632e+04
1.120192495881841444e+00,-2.783462518511681992e+04,-5.566925037023363984e+04
1.121501492820837109e+00,-2.800310495036722932e+04,-5.600620990073445864e+04
1.122810489759832997e+00,-2.820192878776759244e+04,-5.640385757553518488e+04
1.124119486698828663e+00,-2.842698758955577796e+04,-5.685397517911155592e+04
1.125428483637824328e+00,-2.862440816904543317e+04,-5.724881633809086634e+04
1.126737480576819994e+00,-2.879857624686643976e+04,-5.759715249373287952e+04
1.128046477515815882e+00,-2.900397658192088784e+04,-5.800795316384177568e+04
1.129355474454811548e+00,-2.923596023419258927e+04,-5.847192046838517854e+04
1.130664471393807213e+00,-2.943918119868536451e+04,-5.887836239737072901e+04
1.131973468332802879e+00,-2.961849175219215977e+04,-5.923698350438431953e+04
1.133282465271798767e+00,-2.983044375273458718e+04,-5.966088750546917436e+04
1.134591462210794433e+00,-3.007010131733639355e+04,-6.014020263467278710e+04
1.135900459149790098e+00,-3.027983619696311143e+04,-6.055967239392622287e+04
1.137209456088785764e+00,-3.046441218729644606e+04,-6.092882437459289213e+04
1.138518453027781652e+00,-3.068259954690954692e+04,-6.136519909381909383e+04
1.139827449966777317e+00,-3.092977695414765913e+04,-6.185955390829531825e+04
1.141136446905772983e+00,-3.114661968541811802e+04,-6.229323937083623605e+04
1.142445443844768649e+00,-3.133745718764825142e+04,-6.267491437529650284e+04
1.143754440783764537e+00,-3.156213208958716859e+04,-6.312426417917433719e+04
1.145063437722760202e+00,-3.181631348031740708e+04,-6.363262696063481417e+04
1.146372434661755868e+00,-3.203993440979677325e+04,-6.407986881959354650e+04
1.147681431600751534e+00,-3.223756473943435049e+04,-6.447512947886870097e+04
1.148990428539747422e+00,-3.246988564024732477e+04,-6.493977128049464955e+04
1.150299425478743087e+00,-3.273193718585734314e+04,-6.546387437171468628e+04
1.151608422417738753e+00,-3.296195473226186732e+04,-6.592390946452373464e+04
1.152917419356734419e+00,-3.316527460766124568e+04,-6.633054921532249136e+04
1.154226416295730306e+00,-3.340527399243249965e+04,-6.681054798486499931e+04
1.155535413234725972e+00,-3.367653969455613696e+04,-6.735307938911227393e+04
1.156844410173721638e+00,-3.391427100039032666e+04,-6.782854200078065332e+04
1.158153407112717304e+00,-3.412366112268716824e+04,-6.824732224537433649e+04
1.159462404051713191e+00,-3.437089587512841535e+04,-6.874179175025683071e+04
1.160771400990708857e+00,-3.465073636285217799e+04,-6.930147272570435598e+04
1.162080397929704523e+00,-3.489587140800176712e+04,-6.979174281600353424e+04
1.163389394868700188e+00,-3.511182486492409953e+04,-7.022364972984819906e+04
1.164698391807696076e+00,-3.536756755809833703e+04,-7.073513511619667406e+04
1.166007388746691742e+00,-3.565738500385191583e+04,-7.131477000770383165e+04
1.167316385685687408e+00,-3.591064540614528960e+04,-7.182129081229057920e+04
1.168625382624683073e+00,-3.613256034591035859e+04,-7.226512069182071718e+04
1.169934379563678961e+00,-3.639528051407455496e+04,-7.279056102814910992e+04
1.171243376502674627e+00,-3.669417610442905425e+04,-7.338835220885810850e+04
1.172552373441670293e+00,-3.695711463000557706e+04,-7.391422926001115411e+04
1.173861370380665958e+00,-3.718804761992527347e+04,-7.437609523985054693e+04
1.175170367319661846e+00,-3.745879287476025638e+04,-7.491758574952051276e+04
1.176479364258657512e+00,-3.776532306245370273e+04,-7.553064612490740546e+04
1.177788361197653177e+00,-3.803632350256499922e+04,-7.607264700512999843e+04
1.179097358136648843e+00,-3.827630956762976712e+04,-7.655261913525953423e+04
1.180406355075644731e+00,-3.855686480888433289e+04,-7.711372961776866578e+04
1.181715352014640397e+00,-3.887322751793126372e+04,-7.774645503586252744e+04
1.183024348953636062e+00,-3.915341108538576373e+04,-7.830682217077152745e+04
1.184333345892631728e+00,-3.940272140741941985e+04,-7.880544281483883969e+04
1.185642342831627616e+00,-3.969513307898191852e+04,-7.939026615796383703e+04
1.186951339770623282e+00,-4.002665446132903890e+04,-8.005330892265807779e+04
1.188260336709618947e+00,-4.032392898016690742e+04,-8.064785796033381484e+04
1.189569333648614613e+00,-3.711166038217934693e+04,-8.114658442109095631e+04
1.190878330587610501e+00,-2.973466697348627713e+04,-8.163321200398661313e+04
1.192187327526606166e+00,-2.611620928339677630e+04,-8.208596137500005716e+04
1.193496324465601832e+00,-1.540388772299508491e+04,-8.239278627721498196e+04
1.194805321404597498e+00,-8.865078263636734846e+03,-8.255380939104405115e+04
1.196114318343593386e+00,-8.838417799665017810e+03,-8.267921704580378719e+04
1.197423315282589051e+00,-1.013725081360193326e+04,-8.280488421485316940e+04
1.198732312221584717e+00,-4.063987596310776098e+03,-8.288787517708257656e+04
1.200041309160580383e+00,-5.555702628614483274e+02,-8.293034794100309955e+04
1.201350306099576271e+00,-2.473255333634687759e+03,-8.297246397461924062e+04
1.202659303038571936e+00,-6.325003951315474296e+03,-8.301886844545778877e+04
1.203968299977567602e+00,-6.785319970035901633e+02,-8.304489470810635248e+04
1.205277296916563268e+00,2.064218143151840195e+03,-8.305306758118703146e+04
1.206586293855559155e+00,-4.021815137532136646e+02,-8.306448086486080138e+04
1.207895290794554821e+00,-4.071172574586345036e+03,-8.307740505911110085e+04
1.209204287733550487e+00,5.568085002097783445e+02,-8.307586750687479798e+04
1.210513284672546153e+00,2.693975356168214603e+03,-8.307150579887403001e+04
1.211822281611542040e+00,-8.513664957098593788e+01,-8.308689508232273511e+04
1.213131278550537706e+00,-4.456469982296647686e+03,-8.310915054100818816e+04
1.214440275489533372e+00,5.552175923537417930e+02,-8.310663689760067791e+04
1.215749272428529038e+00,3.406047482792992469e+03,-8.308592681787839683e+04
1.217058269367524925e+00,3.126690413696354085e+02,-8.308305218362128653e+04
1.218367266306520591e+00,-4.280093237704803869e+03,-8.309894215337473725e+04
1.219676263245516257e+00,5.468735487867633083e+02,-8.310808907838223968e+04
1.220985260184511922e+00,3.018314084814628586e+03,-8.310782810278015677e+04
1.222294257123507810e+00,3.239240986111914822e+02,-8.311116946441387699e+04
1.223603254062503476e+00,-3.584399783543816739e+03,-8.311342877128040709e+04
1.224912251001499142e+00,7.262827813561669927e+02,-8.309977551296654565e+04
1.226221247940494807e+00,3.185414959941346751e+03,-8.308397819713570061e+04
1.227530244879490695e+00,-8.144883016629943029e+01,-8.309317569388427364e+04
1.228839241818486361e+00,-4.837017431454652069e+03,-8.311984017353875970e+04
1.230148238757482027e+00,3.404482702457527239e+02,-8.313690661615593126e+04
1.231457235696477692e+00,2.820968414724517061e+03,-8.313689479250086879e+04
1.232766232635473580e+00,7.773015820506746820e+01,-8.313061821540450910e+04
1.234075229574469246e+00,-4.107281439491573110e+03,-8.312317280380196462e+04
1.235384226513464911e+00,-9.083608125724981619e+01,-8.311532361595137627e+04
1.236693223452460577e+00,2.361757771321039399e+03,-8.312174774943012744e+04
1.238002220391456465e+00,-8.830347881291633030e+02,-8.315228508865814365e+04
1.239311217330452131e+00,-5.389268953996353957e+03,-8.319099554098246153e+04
1.240620214269447796e+00,-1.666399587920135673e+03,-8.321490962523581402e+04
1.241929211208443462e+00,3.005646651827348137e+02,-8.324000991796556627e+04
1.243238208147439350e+00,-4.224142334568235128e+03,-8.330458416778760147e+04
1.244547205086435016e+00,-1.038965691661073834e+04,-8.339864147341964417e+04
1.245856202025430681e+00,-7.323736089426495710e+03,-8.348002672309803893e+04
1.247165198964426347e+00,-7.532639932359500563e+03,-8.357555241315785679e+04
1.248474195903422235e+00,-1.431532381285518022e+04,-8.372929560660960851e+04
1.249783192842417900e+00,-2.317264006709734895e+04,-8.384834716803801712e+04
1.251092189781413566e+00,-2.445780626728510106e+04,-8.375120593457161158e+04
1.252401186720409232e+00,-3.304789803958487755e+04,-8.387140867763187271e+04
1.253710183659405120e+00,-3.997939482714317273e+04,-8.300124802010854182e+04
1.255019180598400785e+00,-3.012101544815858870e+04,-7.675704082494639442e+04
1.256328177537396451e+00,4.212031540130438771e+03,-6.094123097596842854e+04
