#Exudyn implicit second order time integration sensor output file
#measure Object number = 245
#OutputVariableType = Force
#simulation started = 2022-04-08,01:21:34
#columns contain: time, comma separated sensor values (e.g, x,y,z position coordinates)
#number of sensor values = 1
#Exudyn version = 1.2.34.dev1; Python3.9.11; Windows AVX2 FLOAT64
#
0,0
0.001,-9.403957896e-05
0.002,0.0007959402961
0.003,0.001390134083
0.004,-0.001580642239
0.005,-0.0004176295948
0.006,-0.0002162129951
0.007,0.000143786321
0.008,0.0002827068382
0.009,0.0007124240313
0.01,-0.0001029288734
0.011,-0.0005284423754
0.012,-0.0003515355546
0.013,-0.0001650729329
0.014,0.0001830913694
0.015,0.0004874807109
0.016,0.0001443582203
0.017,-0.0002888271063
0.018,-0.0003408388704
0.019,-0.0002414841607
0.02,6.452790355e-05
0.021,0.0002506408714
0.022,0.0002308808137
0.023,-2.878254342e-05
0.024,-0.0002900197456
0.025,-0.0002910959094
0.026,-0.0001575689063
0.027,0.0001767593571
0.028,0.0001701697355
0.029,9.316040539e-05
0.03,-8.716164605e-05
0.031,-0.0001949789808
0.032,-0.0001416508574
0.033,1.303918382e-05
0.034,0.0001257957966
0.035,0.0001295518089
0.036,5.108844075e-05
0.037,-0.0001301115855
0.038,-4.293574245e-05
0.039,-9.418278429e-05
0.04,7.224633464e-05
0.041,0.0001021883474
0.042,4.724181337e-05
0.043,-3.020418715e-05
0.044,-7.479685199e-05
0.045,-3.970392075e-05
0.046,-1.388417542e-05
0.047,9.644912059e-05
0.048,5.985043406e-05
0.049,7.738646531e-05
0.05,-3.434874514e-05
0.051,-0.09314485063
0.052,-0.128625792
0.053,-0.1640243298
0.054,-0.1995508296
0.055,-0.2358593709
0.056,-0.2815222392
0.057,-0.3538056135
0.058,-0.4487558811
0.059,-0.5516258356
0.06,-0.655241706
0.061,-0.7593234214
0.062,-0.8686840579
0.063,-0.99354621
0.064,-1.137902211
0.065,-1.295713794
0.066,-1.457049594
0.067,-1.619704113
0.068,-1.784772295
0.069,-1.957797468
0.07,-2.144662434
0.071,-2.343029191
0.072,-2.548830836
0.073,-2.756444319
0.074,-2.964718805
0.075,-3.175092636
0.076,-3.392136281
0.077,-3.617778934
0.078,-3.84974629
0.079,-4.083927164
0.08,-4.317997962
0.081,-4.550985843
0.082,-4.785187623
0.083,-5.023296658
0.084,-5.264335737
0.085,-5.508646182
0.086,-5.751852677
0.087,-5.993554774
0.088,-6.231670751
0.089,-6.47003639
0.09,-6.707961084
0.091,-6.946370385
0.092,-7.184027457
0.093,-7.419815525
0.094,-7.651184277
0.095,-7.87849851
0.096,-8.101623245
0.097,-8.323587214
0.098,-8.54288481
0.099,-8.759697145
0.1,-8.972203441
0.101,-9.178583545
0.102,-9.380513472
0.103,-9.577787665
0.104,-9.769989865
0.105,-9.957284157
0.106,-10.14018154
0.107,-10.31861877
0.108,-10.49052122
0.109,-10.65579018
0.11,-10.81634537
0.111,-10.97115115
0.112,-11.11892469
0.113,-11.26189365
0.114,-11.39795151
0.115,-11.52794018
0.116,-11.65042732
0.117,-11.76816209
0.118,-11.87888243
0.119,-11.98327866
0.12,-12.08032253
0.121,-12.1712203
0.122,-12.25567934
0.123,-12.33367505
0.124,-12.404303
0.125,-12.46936937
0.126,-12.52616152
0.127,-12.57793526
0.128,-12.62162665
0.129,-12.65874897
0.13,-12.68785832
0.131,-12.71135277
0.132,-12.72950836
0.133,-12.73925412
0.134,-12.74441871
0.135,-12.74103858
0.136,-12.73570683
0.137,-12.72153083
0.138,-12.70114881
0.139,-12.67545062
0.14,-12.64468414
0.141,-12.6085263
0.142,-12.56710801
0.143,-12.52183726
0.144,-12.46982649
0.145,-12.41650027
0.146,-12.35620569
0.147,-12.29040179
0.148,-12.22363139
0.149,-12.15335851
0.15,-12.07703498
0.151,-11.99792092
0.152,-11.91773505
0.153,-11.83482666
0.154,-11.74671994
0.155,-11.65924553
0.156,-11.5692576
0.157,-11.4763375
0.158,-11.38251134
0.159,-11.28698943
0.16,-11.19226667
0.161,-11.0941689
0.162,-10.99937681
0.163,-10.90220249
0.164,-10.80480047
0.165,-10.7092882
0.166,-10.61512781
0.167,-10.51944222
0.168,-10.42534766
0.169,-10.33556232
0.17,-10.24486406
0.171,-10.15638173
0.172,-10.07148596
0.173,-9.987044122
0.174,-9.904324964
0.175,-9.831245776
0.176,-9.753053968
0.177,-9.681364067
0.178,-9.612187193
0.179,-9.54728328
0.18,-9.485997337
0.181,-9.431064296
0.182,-9.370057463
0.183,-9.322734581
0.184,-9.279763937
0.185,-9.237318393
0.186,-9.203033188
0.187,-9.17264554
0.188,-9.141748471
0.189,-9.118600453
0.19,-9.09984844
0.191,-9.086022337
0.192,-9.083106298
0.193,-9.079555255
0.194,-9.080567854
0.195,-9.090920973
0.196,-9.102281707
0.197,-9.119485755
0.198,-9.144098893
0.199,-9.174569548
0.2,-9.207398795
0.201,-9.24644142
0.202,-9.291700107
0.203,-9.341077234
0.204,-9.391110917
0.205,-9.452645629
0.206,-9.514509018
0.207,-9.584762047
0.208,-9.656637018
0.209,-9.734662147
0.21,-9.814198765
0.211,-9.903100635
0.212,-9.990017708
0.213,-10.08817336
0.214,-10.18792759
0.215,-10.29052315
0.216,-10.39662891
0.217,-10.50523888
0.218,-10.61738654
0.219,-10.73378241
0.22,-10.8518897
0.221,-10.96924097
0.222,-11.09741506
0.223,-11.22425519
0.224,-11.34792688
0.225,-11.4799263
0.226,-11.61335491
0.227,-11.74590396
0.228,-11.88453786
0.229,-12.02067177
0.23,-12.15884861
0.231,-12.30004177
0.232,-12.43573393
0.233,-12.58163323
0.234,-12.71714584
0.235,-12.85840616
0.236,-12.99703222
0.237,-13.13937923
0.238,-13.27774787
0.239,-13.42197723
0.24,-13.55503566
0.241,-13.69648828
0.242,-13.83234032
0.243,-13.97171376
0.244,-14.10546226
0.245,-14.23717556
0.246,-14.36737077
0.247,-14.49460385
0.248,-14.62710132
0.249,-14.75197404
0.25,-14.87369732
0.251,-14.99760011
0.252,-15.11852463
0.253,-15.23135307
0.254,-15.34473792
0.255,-15.45928108
0.256,-15.56495845
0.257,-15.67371047
0.258,-15.76907367
0.259,-15.87063589
0.26,-15.96721981
0.261,-16.06355644
0.262,-16.15024944
0.263,-16.23417351
0.264,-16.32258997
0.265,-16.40542227
0.266,-16.47877891
0.267,-16.55185677
0.268,-16.62544172
0.269,-16.68842054
0.27,-16.7491171
0.271,-16.8079076
0.272,-16.86791963
0.273,-16.92166115
0.274,-16.96803004
0.275,-17.01305301
0.276,-17.05675502
0.277,-17.09640222
0.278,-17.12712573
0.279,-17.17082434
0.28,-17.19183522
0.281,-17.22052145
0.282,-17.24726953
0.283,-17.25678615
0.284,-17.28667496
0.285,-17.30103678
0.286,-17.30811113
0.287,-17.31257368
0.288,-17.32998374
0.289,-17.32498817
0.29,-17.32844487
0.291,-17.32864265
0.292,-17.32787216
0.293,-17.32464009
0.294,-17.31629792
0.295,-17.30667205
0.296,-17.29696025
0.297,-17.28513054
0.298,-17.26317025
0.299,-17.25710632
0.3,-17.23322623
0.301,-17.21562485
0.302,-17.20161801
0.303,-17.17916045
0.304,-17.15757757
0.305,-17.1349447
0.306,-17.11793734
0.307,-17.0884299
0.308,-17.07127275
0.309,-17.03415703
0.31,-17.00918715
0.311,-16.99896441
0.312,-16.97106394
0.313,-16.94655847
0.314,-16.91670498
0.315,-16.89869124
0.316,-16.87995012
0.317,-16.86041425
0.318,-16.83692566
0.319,-16.81563124
0.32,-16.7895535
0.321,-16.77458997
0.322,-16.76227667
0.323,-16.74954253
0.324,-16.72456514
0.325,-16.7146652
0.326,-16.70892346
0.327,-16.69058516
0.328,-16.68964024
0.329,-16.68357915
0.33,-16.67292386
0.331,-16.66194606
0.332,-16.66001222
0.333,-16.66707838
0.334,-16.6767679
0.335,-16.69211664
0.336,-16.68713839
0.337,-16.69548766
0.338,-16.71321083
0.339,-16.72154782
0.34,-16.73544842
0.341,-16.75059057
0.342,-16.77396048
0.343,-16.79411627
0.344,-16.8233895
0.345,-16.86056486
0.346,-16.88875542
0.347,-16.91298417
0.348,-16.95189024
0.349,-16.99204235
0.35,-17.03040293
0.351,-17.07067608
0.352,-17.11214081
0.353,-17.16518634
0.354,-17.21135399
0.355,-17.27569769
0.356,-17.33038725
0.357,-17.37835492
0.358,-17.43217435
0.359,-17.48532522
0.36,-17.54624393
0.361,-17.60870769
0.362,-17.68068314
0.363,-17.73433579
0.364,-17.81129027
0.365,-17.88029827
0.366,-17.95020802
0.367,-18.02043647
0.368,-18.09709794
0.369,-18.17260058
0.37,-18.24084377
0.371,-18.3304599
0.372,-18.41295904
0.373,-18.49295485
0.374,-18.57148527
0.375,-18.65602403
0.376,-18.74068957
0.377,-18.82312574
0.378,-18.90782795
0.379,-18.98945563
0.38,-19.07185478
0.381,-19.15996109
0.382,-19.25951928
0.383,-19.33996905
0.384,-19.43563531
0.385,-19.52442726
0.386,-19.60511007
0.387,-19.70147306
0.388,-19.78330237
0.389,-19.86681707
0.39,-19.95541497
0.391,-20.04025911
0.392,-20.1305282
0.393,-20.22048821
0.394,-20.2970789
0.395,-20.37844508
0.396,-20.46380492
0.397,-20.5465036
0.398,-20.62889956
0.399,-20.71297474
0.4,-20.79251782
0.401,-20.87492112
0.402,-20.9453467
0.403,-21.01272495
0.404,-21.08946593
0.405,-21.16408878
0.406,-21.23810043
0.407,-21.3248553
0.408,-21.39422422
0.409,-21.45669812
0.41,-21.53008104
0.411,-21.58867925
0.412,-21.66586361
0.413,-21.72113743
0.414,-21.78041729
0.415,-21.85614169
0.416,-21.90895999
0.417,-21.9620691
0.418,-22.0166606
0.419,-22.07305077
0.42,-22.1181879
0.421,-22.17940786
0.422,-22.23567985
0.423,-22.28109661
0.424,-22.32419095
0.425,-22.36619363
0.426,-22.41199127
0.427,-22.44643244
0.428,-22.49040459
0.429,-22.5359606
0.43,-22.57359426
0.431,-22.61852344
0.432,-22.65279543
0.433,-22.68465505
0.434,-22.71860733
0.435,-22.75007346
0.436,-22.77170402
0.437,-22.80381757
0.438,-22.83789362
0.439,-22.8637914
0.44,-22.89278195
0.441,-22.9001922
0.442,-22.93174032
0.443,-22.9622219
0.444,-22.96770142
0.445,-22.99720509
0.446,-23.02260731
0.447,-23.03209302
0.448,-23.0556011
0.449,-23.06409305
0.45,-23.08227462
0.451,-23.10469585
0.452,-23.12048139
0.453,-23.13661093
0.454,-23.15264856
0.455,-23.17198806
0.456,-23.1748649
0.457,-23.19458259
0.458,-23.20198573
0.459,-23.21682795
0.46,-23.22306814
0.461,-23.24023199
0.462,-23.25593841
0.463,-23.26313013
0.464,-23.28189972
0.465,-23.29384084
0.466,-23.30195379
0.467,-23.31453218
0.468,-23.33329581
0.469,-23.34499596
0.47,-23.36077196
0.471,-23.38298068
0.472,-23.38631941
0.473,-23.40976008
0.474,-23.43025659
0.475,-23.4402233
0.476,-23.46380711
0.477,-23.47737027
0.478,-23.47664597
0.479,-23.50268101
0.48,-23.53803859
0.481,-23.54902995
0.482,-23.58019076
0.483,-23.58618139
0.484,-23.61434068
0.485,-23.64271009
0.486,-23.66170302
0.487,-23.69508267
0.488,-23.71714156
0.489,-23.75464885
0.49,-23.76996584
0.491,-23.80172382
0.492,-23.8286548
0.493,-23.85853664
0.494,-23.90516777
0.495,-23.92651817
0.496,-23.95754113
0.497,-23.99730514
0.498,-24.02209098
0.499,-24.06137443
0.5,-24.05194093
0.501,-24.07633036
0.502,-24.11115684
0.503,-24.14997618
0.504,-24.20964753
0.505,-24.24336731
0.506,-24.27496124
0.507,-24.31203255
0.508,-24.32132083
0.509,-24.33347998
0.51,-24.35739136
0.511,-24.40811912
0.512,-24.44393852
0.513,-24.51967699
0.514,-24.55325988
0.515,-24.60090528
0.516,-24.64353839
0.517,-24.67231829
0.518,-24.6964399
0.519,-24.74127632
0.52,-24.76147094
0.521,-24.77033602
0.522,-24.7884442
0.523,-24.84246101
0.524,-24.89412871
0.525,-24.9276962
0.526,-24.94993709
0.527,-24.98685288
0.528,-24.99752567
0.529,-25.0319708
0.53,-25.06320367
0.531,-25.12421902
0.532,-25.16748723
0.533,-25.23422514
0.534,-25.24884438
0.535,-25.29887464
0.536,-25.31671913
0.537,-25.3463804
0.538,-25.39386665
0.539,-25.44527471
0.54,-25.51030463
0.541,-25.56485661
0.542,-25.62721645
0.543,-25.66153971
0.544,-25.70023408
0.545,-25.73667761
0.546,-25.74262764
0.547,-25.79069242
0.548,-25.81722256
0.549,-25.88932211
0.55,-25.94031058
0.551,-26.00686657
0.552,-26.0325033
0.553,-26.08961569
0.554,-26.11775197
0.555,-26.15656083
0.556,-26.19891176
0.557,-26.25001338
0.558,-26.31614338
0.559,-26.37942998
0.56,-26.42338919
0.561,-26.47743045
0.562,-26.529014
0.563,-26.57396741
0.564,-26.61947294
0.565,-26.68045351
0.566,-26.73593239
0.567,-26.80007161
0.568,-26.85196219
0.569,-26.92467165
0.57,-26.95513857
0.571,-27.03541986
0.572,-27.0792971
0.573,-27.1384146
0.574,-27.19656601
0.575,-27.25315554
0.576,-27.3013398
0.577,-27.36741643
0.578,-27.43257606
0.579,-27.47749286
0.58,-27.5398448
0.581,-27.60081232
0.582,-27.6545756
0.583,-27.70699992
0.584,-27.76053704
0.585,-27.80455217
0.586,-27.88078004
0.587,-27.92060263
0.588,-27.98063227
0.589,-28.02052611
0.59,-28.0975654
0.591,-28.14723522
0.592,-28.18370258
0.593,-28.22366107
0.594,-28.28277647
0.595,-28.35090802
0.596,-28.37818351
0.597,-28.42892958
0.598,-28.48576978
0.599,-28.52995591
0.6,-28.5678751
0.601,-28.553659
0.602,-28.57064366
0.603,-28.57552517
0.604,-28.59186464
0.605,-28.59824784
0.606,-28.60719572
0.607,-28.61349017
0.608,-28.60154985
0.609,-28.58222066
0.61,-28.55714226
0.611,-28.51942637
0.612,-28.44935153
0.613,-28.3935495
0.614,-28.34698006
0.615,-28.28767852
0.616,-28.21935771
0.617,-28.14632669
0.618,-28.05003091
0.619,-27.96443415
0.62,-27.88614127
0.621,-27.78133295
0.622,-27.67553161
0.623,-27.5505132
0.624,-27.43063066
0.625,-27.3074341
0.626,-27.18480348
0.627,-27.06521843
0.628,-26.92634147
0.629,-26.79142675
0.63,-26.65747375
0.631,-26.51581262
0.632,-26.36258929
0.633,-26.19817364
0.634,-26.02476047
0.635,-25.88273671
0.636,-25.73329012
0.637,-25.57154292
0.638,-25.41905092
0.639,-25.2591767
0.64,-25.09015994
0.641,-24.91091439
0.642,-24.73758907
0.643,-24.57615191
0.644,-24.42476002
0.645,-24.25546745
0.646,-24.08477318
0.647,-23.91143746
0.648,-23.74964255
0.649,-23.58391868
0.65,-23.41649241
0.651,-23.25756059
0.652,-23.09381647
0.653,-22.94450702
0.654,-22.77809761
0.655,-22.63030011
0.656,-22.47783383
0.657,-22.3340929
0.658,-22.17926011
0.659,-22.03174662
0.66,-21.90146576
0.661,-21.76227526
0.662,-21.62235936
0.663,-21.5082701
0.664,-21.372967
0.665,-21.2565914
0.666,-21.13333413
0.667,-21.0084773
0.668,-20.91510965
0.669,-20.81252761
0.67,-20.72049664
0.671,-20.62948861
0.672,-20.53937244
0.673,-20.44719374
0.674,-20.35739542
0.675,-20.28073653
0.676,-20.22369683
0.677,-20.16351616
0.678,-20.11127888
0.679,-20.06196457
0.68,-20.0139089
0.681,-19.96643834
0.682,-19.9125595
0.683,-19.88411945
0.684,-19.84765348
0.685,-19.84790332
0.686,-19.83782457
0.687,-19.83278997
0.688,-19.83272965
0.689,-19.81348486
0.69,-19.81684428
0.691,-19.82532474
0.692,-19.84466425
0.693,-19.86267908
0.694,-19.89147715
0.695,-19.92303549
0.696,-19.96199541
0.697,-20.00777757
0.698,-20.04692923
0.699,-20.0803761
0.7,-20.1154348
0.701,-20.17502232
0.702,-20.25746629
0.703,-20.32522629
0.704,-20.39461441
0.705,-20.45010339
0.706,-20.51818529
0.707,-20.59895869
0.708,-20.67843187
0.709,-20.75634597
0.71,-20.84520014
0.711,-20.93458593
0.712,-21.02376391
0.713,-21.13136451
0.714,-21.21321249
0.715,-21.30691302
0.716,-21.39785352
0.717,-21.48855319
0.718,-21.59432219
0.719,-21.71222768
0.72,-21.81213984
0.721,-21.91357354
0.722,-22.00740763
0.723,-22.11532232
0.724,-22.21732058
0.725,-22.31481397
0.726,-22.42242041
0.727,-22.5302228
0.728,-22.6544413
0.729,-22.74971498
0.73,-22.83845673
0.731,-22.94557017
0.732,-23.04936604
0.733,-23.14629181
0.734,-23.23617219
0.735,-23.34246742
0.736,-23.44809652
0.737,-23.5395323
0.738,-23.62503392
0.739,-23.72028486
0.74,-23.81458834
0.741,-23.89867952
0.742,-23.95940592
0.743,-24.0542585
0.744,-24.14140199
0.745,-24.22157972
0.746,-24.31911743
0.747,-24.38205615
0.748,-24.4405206
0.749,-24.50355031
0.75,-24.57347198
0.751,-24.64125197
0.752,-24.70026165
0.753,-24.76184916
0.754,-24.82738429
0.755,-24.88157367
0.756,-24.92797815
0.757,-24.96232888
0.758,-24.99917325
0.759,-25.04918605
0.76,-25.09088949
0.761,-25.12495969
0.762,-25.15887724
0.763,-25.18843718
0.764,-25.22309049
0.765,-25.24708786
0.766,-25.25672602
0.767,-25.26167974
0.768,-25.29046292
0.769,-25.30569016
0.77,-25.31869086
0.771,-25.32686255
0.772,-25.33227392
0.773,-25.33252601
0.774,-25.32226901
0.775,-25.31182406
0.776,-25.30668011
0.777,-25.30829175
0.778,-25.2960037
0.779,-25.28155326
0.78,-25.27195332
0.781,-25.24788321
0.782,-25.22535195
0.783,-25.19642244
0.784,-25.16788699
0.785,-25.14121157
0.786,-25.11445085
0.787,-25.08739352
0.788,-25.05128543
0.789,-25.02070604
0.79,-24.98001388
0.791,-24.92653393
0.792,-24.88474409
0.793,-24.8450503
0.794,-24.80807071
0.795,-24.76199363
0.796,-24.725902
0.797,-24.67932306
0.798,-24.61190043
0.799,-24.55728431
0.8,-24.50479896
0.801,-24.45659763
0.802,-24.4158083
0.803,-24.36596696
0.804,-24.29502876
0.805,-24.24287563
0.806,-24.18358211
0.807,-24.13465291
0.808,-24.07065431
0.809,-24.00400973
0.81,-23.94509148
0.811,-23.89947927
0.812,-23.84697292
0.813,-23.79060554
0.814,-23.73366877
0.815,-23.66346272
0.816,-23.59858451
0.817,-23.5425648
0.818,-23.49938511
0.819,-23.43879665
0.82,-23.39892584
0.821,-23.33846035
0.822,-23.2822822
0.823,-23.22532743
0.824,-23.16565874
0.825,-23.12186047
0.826,-23.07877526
0.827,-23.03746728
0.828,-22.97784128
0.829,-22.94322812
0.83,-22.89256616
0.831,-22.85918159
0.832,-22.79637271
0.833,-22.76651793
0.834,-22.72984082
0.835,-22.694248
0.836,-22.6608878
0.837,-22.62588668
0.838,-22.60328332
0.839,-22.56021913
0.84,-22.51883475
0.841,-22.48960875
0.842,-22.48352364
0.843,-22.45414983
0.844,-22.44341003
0.845,-22.41653385
0.846,-22.39802519
0.847,-22.37799814
0.848,-22.3690675
0.849,-22.34636627
0.85,-22.33157855
0.851,-22.33186353
0.852,-22.33403029
0.853,-22.33216066
0.854,-22.31909471
0.855,-22.31410321
0.856,-22.29923171
0.857,-22.31076365
0.858,-22.31101209
0.859,-22.33010109
0.86,-22.33233616
0.861,-22.3315654
0.862,-22.3372724
0.863,-22.35988802
0.864,-22.37809379
0.865,-22.37366866
0.866,-22.38322224
0.867,-22.39608691
0.868,-22.43615942
0.869,-22.45920177
0.87,-22.47672797
0.871,-22.48348248
0.872,-22.4990536
0.873,-22.5194476
0.874,-22.55668243
0.875,-22.57753469
0.876,-22.60130381
0.877,-22.62398404
0.878,-22.65477719
0.879,-22.690973
0.88,-22.69933835
0.881,-22.73059377
0.882,-22.73974102
0.883,-22.78771263
0.884,-22.81969856
0.885,-22.85206829
0.886,-22.87713124
0.887,-22.89052224
0.888,-22.92605595
0.889,-22.96017264
0.89,-22.99077309
0.891,-23.00131542
0.892,-23.03211062
0.893,-23.05471302
0.894,-23.11277218
0.895,-23.13566792
0.896,-23.16030699
0.897,-23.16333205
0.898,-23.17753848
0.899,-23.22666079
0.9,-23.25936092
0.901,-23.28635017
0.902,-23.30078954
0.903,-23.31645238
0.904,-23.35378953
0.905,-23.38867867
0.906,-23.38757165
0.907,-23.40252362
0.908,-23.41695907
0.909,-23.46539517
0.91,-23.48239046
0.911,-23.4988757
0.912,-23.51627097
0.913,-23.52218509
0.914,-23.55401397
0.915,-23.55488714
0.916,-23.57352935
0.917,-23.58418947
0.918,-23.60633412
0.919,-23.63071904
0.92,-23.64604944
0.921,-23.64542041
0.922,-23.64936747
0.923,-23.66120839
0.924,-23.6711922
0.925,-23.68244109
0.926,-23.68522114
0.927,-23.71966132
0.928,-23.71295674
0.929,-23.72683249
0.93,-23.71888956
0.931,-23.71410856
0.932,-23.73123055
0.933,-23.73595498
0.934,-23.73733841
0.935,-23.74315209
0.936,-23.74369248
0.937,-23.74887534
0.938,-23.75943177
0.939,-23.74390068
0.94,-23.74063328
0.941,-23.72892679
0.942,-23.7435094
0.943,-23.74509768
0.944,-23.75096464
0.945,-23.74998399
0.946,-23.73592437
0.947,-23.72781841
0.948,-23.71893508
0.949,-23.71783813
0.95,-23.7117583
0.951,-23.71139751
0.952,-23.70241822
0.953,-23.71169686
0.954,-23.6954268
0.955,-23.6814092
0.956,-23.65803678
0.957,-23.65941253
0.958,-23.66037986
0.959,-23.64211274
0.96,-23.64179621
0.961,-23.62594597
0.962,-23.63148042
0.963,-23.62150232
0.964,-23.59182947
0.965,-23.5705208
0.966,-23.57659608
0.967,-23.56023386
0.968,-23.56538688
0.969,-23.55050697
0.97,-23.54331049
0.971,-23.53614614
0.972,-23.51223344
0.973,-23.50027201
0.974,-23.4805318
0.975,-23.48335016
0.976,-23.47848688
0.977,-23.46882293
0.978,-23.45231855
0.979,-23.44864085
0.98,-23.42598761
0.981,-23.42106475
0.982,-23.3999603
0.983,-23.39501549
0.984,-23.39410653
0.985,-23.3717131
0.986,-23.3760688
0.987,-23.3633192
0.988,-23.36069056
0.989,-23.3285655
0.99,-23.31519848
0.991,-23.31190343
0.992,-23.31234217
0.993,-23.30391591
0.994,-23.30212073
0.995,-23.28985612
0.996,-23.27896934
0.997,-23.27516199
0.998,-23.24848985
0.999,-23.25495104
1,-23.24553416
1.001,-23.24964393
1.002,-23.24511495
1.003,-23.24298906
1.004,-23.22834741
1.005,-23.2213528
1.006,-23.2119468
1.007,-23.2089768
1.008,-23.21381383
1.009,-23.19764599
1.01,-23.20813274
1.011,-23.19791907
1.012,-23.21549789
1.013,-23.19255662
1.014,-23.19050875
1.015,-23.17859884
1.016,-23.1785933
1.017,-23.18499824
1.018,-23.18810613
1.019,-23.1945278
1.02,-23.18956794
1.021,-23.18926778
1.022,-23.17118554
1.023,-23.18136058
1.024,-23.17755587
1.025,-23.19794455
1.026,-23.19253013
1.027,-23.19730098
1.028,-23.20713391
1.029,-23.21072566
1.03,-23.20769232
1.031,-23.19919586
1.032,-23.20847134
1.033,-23.22237976
1.034,-23.24076746
1.035,-23.23235119
1.036,-23.2557532
1.037,-23.24932495
1.038,-23.26711031
1.039,-23.26622931
1.04,-23.26518251
1.041,-23.28366405
1.042,-23.29102081
1.043,-23.31594685
1.044,-23.32357241
1.045,-23.33796986
1.046,-23.33414064
1.047,-23.34996135
1.048,-23.34901054
1.049,-23.37630989
1.05,-23.39236049
1.051,-23.41364613
1.052,-23.42506567
1.053,-23.43643836
1.054,-23.46374725
1.055,-23.4740446
1.056,-23.48785564
1.057,-23.50267729
1.058,-23.52654061
1.059,-23.55209778
1.06,-23.57666527
1.061,-23.59361079
1.062,-23.62289442
1.063,-23.63301939
1.064,-23.65439548
1.065,-23.67653052
1.066,-23.70098419
1.067,-23.73658177
1.068,-23.75901289
1.069,-23.80333266
1.07,-23.81457061
1.071,-23.83885213
1.072,-23.86307625
1.073,-23.89297831
1.074,-23.92314774
1.075,-23.95451164
1.076,-23.98854608
1.077,-24.02972213
1.078,-24.06143831
1.079,-24.08001567
1.08,-24.10934655
1.081,-24.14178552
1.082,-24.19322285
1.083,-24.2208242
1.084,-24.25611169
1.085,-24.29214641
1.086,-24.34226086
1.087,-24.38004744
1.088,-24.41487986
1.089,-24.43691568
1.09,-24.47852595
1.091,-24.52881416
1.092,-24.57445121
1.093,-24.6317486
1.094,-24.65682736
1.095,-24.7021169
1.096,-24.74627406
1.097,-24.79162509
1.098,-24.83406897
1.099,-24.87339333
1.1,-24.93061809
1.101,-24.98606482
1.102,-25.03876722
1.103,-25.07459658
1.104,-25.12161481
1.105,-25.16381953
1.106,-25.22751971
1.107,-25.27396058
1.108,-25.31878839
1.109,-25.375104
1.11,-25.43313869
1.111,-25.4968954
1.112,-25.54018828
1.113,-25.58493662
1.114,-25.63287242
1.115,-25.69909799
1.116,-25.7511802
1.117,-25.81125048
1.118,-25.86649309
1.119,-25.93737369
1.12,-25.98306756
1.121,-26.0304512
1.122,-26.08745012
1.123,-26.14044256
1.124,-26.22424164
1.125,-26.26501349
1.126,-26.32669162
1.127,-26.39588618
1.128,-26.45427378
1.129,-26.50923585
1.13,-26.55711296
1.131,-26.62717553
1.132,-26.69293263
1.133,-26.75868397
1.134,-26.80807099
1.135,-26.88162651
1.136,-26.94420139
1.137,-27.01034528
1.138,-27.06229869
1.139,-27.1089698
1.14,-27.18729696
1.141,-27.25318767
1.142,-27.3330669
1.143,-27.38511493
1.144,-27.45573565
1.145,-27.51798119
1.146,-27.5739462
1.147,-27.63184076
1.148,-27.69378579
1.149,-27.77071243
1.15,-27.84092341
1.151,-27.91423943
1.152,-27.96092031
1.153,-28.03756381
1.154,-28.10060638
1.155,-28.15742031
1.156,-28.223626
1.157,-28.28108138
1.158,-28.36883948
1.159,-28.43681451
1.16,-28.50427226
1.161,-28.55410833
1.162,-28.63062861
1.163,-28.69010099
1.164,-28.75588586
1.165,-28.81541429
1.166,-28.88786876
1.167,-28.97952567
1.168,-29.03170314
1.169,-29.11014512
1.17,-29.15121622
1.171,-29.22159456
1.172,-29.29755427
1.173,-29.36551364
1.174,-29.43550544
1.175,-29.49406029
1.176,-29.58035081
1.177,-29.6376346
1.178,-29.71094155
1.179,-29.76054744
1.18,-29.832041
1.181,-29.90498383
1.182,-29.9782152
1.183,-30.04400556
1.184,-30.10676741
1.185,-30.19387721
1.186,-30.24657408
1.187,-30.31204382
1.188,-30.37810756
1.189,-30.44051539
1.19,-30.51957476
1.191,-30.58376992
1.192,-30.66694572
1.193,-30.7299488
1.194,-30.79239416
1.195,-30.85082778
1.196,-30.91656408
1.197,-31.00511369
1.198,-31.06464543
1.199,-31.14500507
1.2,-31.1965242
1.201,-31.28078441
1.202,-31.34931945
1.203,-31.40832087
1.204,-31.48577869
1.205,-31.5356653
1.206,-31.62172158
1.207,-31.69304164
1.208,-31.7798454
1.209,-31.83109852
1.21,-31.89567409
1.211,-31.9685359
1.212,-32.03680003
1.213,-32.11670304
1.214,-32.17406171
1.215,-32.2649886
1.216,-32.33169534
1.217,-32.39989394
1.218,-32.46857068
1.219,-32.52408555
1.22,-32.6177557
1.221,-32.67407092
1.222,-32.75513263
1.223,-32.82124223
1.224,-32.90051935
1.225,-32.98001911
1.226,-33.03014627
1.227,-33.11445907
1.228,-33.17328635
1.229,-33.26057492
1.23,-33.32170871
1.231,-33.40108557
1.232,-33.48606311
1.233,-33.55459424
1.234,-33.62356522
1.235,-33.68005553
1.236,-33.75832714
1.237,-33.84594504
1.238,-33.91511928
1.239,-33.98358013
1.24,-34.05900157
1.241,-34.14131134
1.242,-34.21112206
1.243,-34.27301068
1.244,-34.34838977
1.245,-34.42893144
1.246,-34.51812317
1.247,-34.57295824
1.248,-34.64930086
1.249,-34.72720493
1.25,-34.81382387
1.251,-34.88451884
1.252,-34.92759292
1.253,-35.02155853
1.254,-35.11478658
1.255,-35.18445721
1.256,-35.25612654
1.257,-35.32349767
1.258,-35.40807154
1.259,-35.47099641
1.26,-35.54923726
1.261,-35.63209814
1.262,-35.71319797
1.263,-35.79474821
1.264,-35.84875614
1.265,-35.93448256
1.266,-36.01264671
1.267,-36.08526803
1.268,-36.15845024
1.269,-36.23291541
1.27,-36.32773607
1.271,-36.40182539
1.272,-36.46134057
1.273,-36.54565736
1.274,-36.62682192
1.275,-36.7074735
1.276,-36.76096039
1.277,-36.84329473
1.278,-36.94339102
1.279,-37.0181122
1.28,-37.08834532
1.281,-37.14317045
1.282,-37.23767701
1.283,-37.31037394
1.284,-37.38552519
1.285,-37.47708319
1.286,-37.53999545
1.287,-37.6247987
1.288,-37.69284695
1.289,-37.77288394
1.29,-37.85649009
1.291,-37.92052987
1.292,-38.01040749
1.293,-38.0794431
1.294,-38.16157184
1.295,-38.23320709
1.296,-38.31080132
1.297,-38.385942
1.298,-38.45800519
1.299,-38.53255942
1.3,-38.62007725
1.301,-38.69310275
1.302,-38.77419339
1.303,-38.83198057
1.304,-38.9164311
1.305,-38.99430049
1.306,-39.05804057
1.307,-39.1379865
1.308,-39.22112344
1.309,-39.2968034
1.31,-39.3749711
1.311,-39.44233311
1.312,-39.52342418
1.313,-39.57754002
1.314,-39.66338364
1.315,-39.74223248
1.316,-39.81232074
1.317,-39.89267086
1.318,-39.95960506
1.319,-40.04610046
1.32,-40.10325039
1.321,-40.17443985
1.322,-40.25903308
1.323,-40.32934053
1.324,-40.39454252
1.325,-40.47851213
1.326,-40.54139279
1.327,-40.62327257
1.328,-40.6822117
1.329,-40.75669977
1.33,-40.82697413
1.331,-40.90866486
1.332,-40.98524948
1.333,-41.04437778
1.334,-41.1104388
1.335,-41.18518393
1.336,-41.24861835
1.337,-41.32986543
1.338,-41.38967441
1.339,-41.46638368
1.34,-41.53549718
1.341,-41.60448064
1.342,-41.66869611
1.343,-41.73949985
1.344,-41.79814591
1.345,-41.87053031
1.346,-41.93668137
1.347,-42.01489158
1.348,-42.07892424
1.349,-42.13260613
1.35,-42.21085446
1.351,-42.2685837
1.352,-42.34312299
1.353,-42.40150296
1.354,-42.46966568
1.355,-42.53430044
1.356,-42.59913117
1.357,-42.65545328
1.358,-42.72888273
1.359,-42.7860308
1.36,-42.85472276
1.361,-42.9087403
1.362,-42.97569908
1.363,-43.04672113
1.364,-43.09770652
1.365,-43.16359252
1.366,-43.2179517
1.367,-43.28679203
1.368,-43.3430565
1.369,-43.4045639
1.37,-43.46357212
1.371,-43.53614159
1.372,-43.58040009
1.373,-43.63616389
1.374,-43.69083749
1.375,-43.76135607
1.376,-43.82417823
1.377,-43.867608
1.378,-43.93320611
1.379,-43.98605992
1.38,-44.03982986
1.381,-44.09217295
1.382,-44.14946985
1.383,-44.22080809
1.384,-44.2574692
1.385,-44.31058831
1.386,-44.36792705
1.387,-44.42851959
1.388,-44.48133632
1.389,-44.51837524
1.39,-44.58245504
1.391,-44.64420739
1.392,-44.69605176
1.393,-44.73374057
1.394,-44.79690199
1.395,-44.82769655
1.396,-44.88208984
1.397,-44.93272342
1.398,-45.00224726
1.399,-45.04870328
1.4,-45.07360718
1.401,-45.13881081
1.402,-45.19328581
1.403,-45.24044749
1.404,-45.27138468
1.405,-45.31654413
1.406,-45.378043
1.407,-45.43310769
1.408,-45.46603022
1.409,-45.50202717
1.41,-45.55963535
1.411,-45.60009653
1.412,-45.64517589
1.413,-45.69121966
1.414,-45.73402012
1.415,-45.78342511
1.416,-45.82020051
1.417,-45.86483563
1.418,-45.8868531
1.419,-45.95567227
1.42,-45.9985799
1.421,-46.03459598
1.422,-46.06513462
1.423,-46.11592837
1.424,-46.16251689
1.425,-46.19019851
1.426,-46.22762385
1.427,-46.26736967
1.428,-46.32812036
1.429,-46.34675966
1.43,-46.37737618
1.431,-46.41548037
1.432,-46.46334134
1.433,-46.50485297
1.434,-46.52558164
1.435,-46.564327
1.436,-46.60089097
1.437,-46.6567119
1.438,-46.66929692
1.439,-46.7027345
1.44,-46.73063539
1.441,-46.78165598
1.442,-46.81469694
1.443,-46.8471538
1.444,-46.87577204
1.445,-46.90508774
1.446,-46.94132728
1.447,-46.96785888
1.448,-46.99743861
1.449,-47.03384818
1.45,-47.06731266
1.451,-47.09363586
1.452,-47.11150001
1.453,-47.15200385
1.454,-47.18321071
1.455,-47.21607712
1.456,-47.22632235
1.457,-47.26020219
1.458,-47.28986623
1.459,-47.32556163
1.46,-47.33953991
1.461,-47.35668397
1.462,-47.38732744
1.463,-47.41561769
1.464,-47.44988689
1.465,-47.4703003
1.466,-47.4836938
1.467,-47.50622031
1.468,-47.53540585
1.469,-47.56290326
1.47,-47.57206205
1.471,-47.59828174
1.472,-47.62256831
1.473,-47.64922826
1.474,-47.6532325
1.475,-47.68370833
1.476,-47.69819207
1.477,-47.71412521
1.478,-47.7300202
1.479,-47.74441003
1.48,-47.7717959
1.481,-47.7942575
1.482,-47.79892555
1.483,-47.80404373
1.484,-47.82839363
1.485,-47.849149
1.486,-47.86509234
1.487,-47.87272076
1.488,-47.88977643
1.489,-47.90074151
1.49,-47.90916461
1.491,-47.91999732
1.492,-47.9300895
1.493,-47.94498519
1.494,-47.95907672
1.495,-47.95801725
1.496,-47.96920457
1.497,-47.97996031
1.498,-47.99324264
1.499,-47.99812876
1.5,-48.00270914
1.501,-47.99976439
1.502,-48.02932062
1.503,-48.03120615
1.504,-48.02141988
1.505,-48.0075424
1.506,-48.03587695
1.507,-48.0518346
1.508,-48.04476033
1.509,-48.03804301
1.51,-48.03977462
1.511,-48.05530671
1.512,-48.04920342
1.513,-48.03362729
1.514,-48.03201738
1.515,-48.05330938
1.516,-48.05966514
1.517,-48.03811846
1.518,-48.03704459
1.519,-48.03429403
1.52,-48.04604795
1.521,-48.030846
1.522,-48.02110055
1.523,-48.01424798
1.524,-48.03123684
1.525,-48.02172983
1.526,-47.99747745
1.527,-47.9862489
1.528,-47.99695101
1.529,-48.00479945
1.53,-47.9838194
1.531,-47.96463846
1.532,-47.96173535
1.533,-47.96725009
1.534,-47.95633222
1.535,-47.93157071
1.536,-47.92055245
1.537,-47.93230373
1.538,-47.92434238
1.539,-47.90629731
1.54,-47.88774587
1.541,-47.88196554
1.542,-47.88049263
1.543,-47.87270403
1.544,-47.84509089
1.545,-47.83454289
1.546,-47.83594884
1.547,-47.8322387
1.548,-47.81229052
1.549,-47.78668159
1.55,-47.78607602
1.551,-47.79121297
1.552,-47.76864493
1.553,-47.75148235
1.554,-47.73321845
1.555,-47.74026232
1.556,-47.7238714
1.557,-47.70769788
1.558,-47.69410386
1.559,-47.69159244
1.56,-47.68452306
1.561,-47.67115054
1.562,-47.64824953
1.563,-47.63784044
1.564,-47.63615867
1.565,-47.62745514
1.566,-47.6115258
1.567,-47.59744078
1.568,-47.59111018
1.569,-47.5925811
1.57,-47.56869605
1.571,-47.5552521
1.572,-47.54438615
1.573,-47.55060973
1.574,-47.54080382
1.575,-47.53261156
1.576,-47.5165327
1.577,-47.50397117
1.578,-47.50310593
1.579,-47.48937761
1.58,-47.48720529
1.581,-47.47752279
1.582,-47.47603435
1.583,-47.47010913
1.584,-47.46120912
1.585,-47.45514443
1.586,-47.44507005
1.587,-47.44463088
1.588,-47.42972961
1.589,-47.43529365
1.59,-47.42512305
1.591,-47.42415437
1.592,-47.41505913
1.593,-47.41416941
1.594,-47.40956601
1.595,-47.40794763
1.596,-47.41060496
1.597,-47.4017367
1.598,-47.40162183
1.599,-47.38705244
1.6,-47.39717718
1.601,-47.40272932
1.602,-47.40440345
1.603,-47.39432514
1.604,-47.39266457
1.605,-47.39863329
1.606,-47.39944638
1.607,-47.39620284
1.608,-47.39126077
1.609,-47.39121537
1.61,-47.40111924
1.611,-47.40797476
1.612,-47.40971855
1.613,-47.40064569
1.614,-47.40444255
1.615,-47.41098116
1.616,-47.42158814
1.617,-47.41575672
1.618,-47.42287246
1.619,-47.43166243
1.62,-47.43938491
1.621,-47.43018774
1.622,-47.43605834
1.623,-47.44721029
1.624,-47.4563718
1.625,-47.45813741
1.626,-47.45553049
1.627,-47.46807552
1.628,-47.47907283
1.629,-47.47973177
1.63,-47.48263421
1.631,-47.48198399
1.632,-47.50075364
1.633,-47.51611034
1.634,-47.51411975
1.635,-47.50477662
1.636,-47.51743199
1.637,-47.53414389
1.638,-47.55061199
1.639,-47.54346013
1.64,-47.54475037
1.641,-47.56078596
1.642,-47.5745854
1.643,-47.5709602
1.644,-47.56892966
1.645,-47.58950034
1.646,-47.60465439
1.647,-47.61068385
1.648,-47.60793877
1.649,-47.61515387
1.65,-47.62554245
1.651,-47.63935821
1.652,-47.63509116
1.653,-47.63292325
1.654,-47.65533421
1.655,-47.66787306
1.656,-47.6755368
1.657,-47.65968419
1.658,-47.6662591
1.659,-47.68982715
1.66,-47.7058089
1.661,-47.69996634
1.662,-47.69097674
1.663,-47.71175276
1.664,-47.72377427
1.665,-47.72555124
1.666,-47.71926712
1.667,-47.73086151
1.668,-47.74544677
1.669,-47.75366848
1.67,-47.74376026
1.671,-47.74639021
1.672,-47.75675306
1.673,-47.77502973
1.674,-47.76917345
1.675,-47.76283802
1.676,-47.77300056
1.677,-47.7856885
1.678,-47.79234035
1.679,-47.77882693
1.68,-47.77802583
1.681,-47.79590859
1.682,-47.80337812
1.683,-47.80038329
1.684,-47.79078904
1.685,-47.79972948
1.686,-47.81449563
1.687,-47.8059265
1.688,-47.79672145
1.689,-47.80636381
1.69,-47.81424489
1.691,-47.82050744
1.692,-47.80634061
1.693,-47.80266196
1.694,-47.8127799
1.695,-47.82287041
1.696,-47.81143982
1.697,-47.80353347
1.698,-47.80983914
1.699,-47.82020245
1.7,-47.81775698
1.701,-47.7996763
1.702,-47.80035154
1.703,-47.80914638
1.704,-47.81571557
1.705,-47.80661794
1.706,-47.79331287
1.707,-47.79965263
1.708,-47.80350026
1.709,-47.7941829
1.71,-47.78600668
1.711,-47.78577192
1.712,-47.79175303
1.713,-47.79366688
1.714,-47.77886232
1.715,-47.76701993
1.716,-47.77401223
1.717,-47.77859419
1.718,-47.76813748
1.719,-47.75383816
1.72,-47.7586882
1.721,-47.76844747
1.722,-47.75734273
1.723,-47.73627101
1.724,-47.73180969
1.725,-47.73878859
1.726,-47.74538183
1.727,-47.73249977
1.728,-47.72107308
1.729,-47.71597202
1.73,-47.7210363
1.731,-47.71296595
1.732,-47.71051706
1.733,-47.7011689
1.734,-47.70155194
1.735,-47.69947043
1.736,-47.68912706
1.737,-47.67254109
1.738,-47.67833135
1.739,-47.68274749
1.74,-47.67111058
1.741,-47.65878098
1.742,-47.66186469
1.743,-47.66079723
1.744,-47.65674565
1.745,-47.64351044
1.746,-47.63189182
1.747,-47.63919299
1.748,-47.64411825
1.749,-47.63327414
1.75,-47.62368343
1.751,-47.61876966
1.752,-47.61510559
1.753,-47.61945603
1.754,-47.61516184
1.755,-47.59682534
1.756,-47.59645125
1.757,-47.60117292
1.758,-47.60496524
1.759,-47.5911934
1.76,-47.58424502
1.761,-47.58355346
1.762,-47.58517284
1.763,-47.58416339
1.764,-47.57189913
1.765,-47.57394512
1.766,-47.57216503
1.767,-47.56735571
1.768,-47.56006696
1.769,-47.56497696
1.77,-47.56236366
1.771,-47.56472115
1.772,-47.56274371
1.773,-47.54940852
1.774,-47.54597769
1.775,-47.55458529
1.776,-47.5600076
1.777,-47.55074928
1.778,-47.53999684
1.779,-47.54672319
1.78,-47.55343609
1.781,-47.55211386
1.782,-47.53609135
1.783,-47.53310348
1.784,-47.54207487
1.785,-47.55844825
1.786,-47.55098495
1.787,-47.54102735
1.788,-47.53589806
1.789,-47.54438204
1.79,-47.55168012
1.791,-47.54390259
1.792,-47.53687149
1.793,-47.54698522
1.794,-47.5590564
1.795,-47.55443271
1.796,-47.54123819
1.797,-47.54658709
1.798,-47.55960401
1.799,-47.56259608
1.8,-47.55178215
1.801,-47.54910816
1.802,-47.5560801
1.803,-47.57309856
1.804,-47.56409333
1.805,-47.56069432
1.806,-47.56219188
1.807,-47.5775042
1.808,-47.57852793
1.809,-47.56574747
1.81,-47.56259586
1.811,-47.57559223
1.812,-47.59067341
1.813,-47.58701923
1.814,-47.5840461
1.815,-47.57995052
1.816,-47.60154893
1.817,-47.59857954
1.818,-47.59153981
1.819,-47.58958578
1.82,-47.60236054
1.821,-47.61228932
1.822,-47.61297542
1.823,-47.61227286
1.824,-47.60409375
1.825,-47.6248676
1.826,-47.61842401
1.827,-47.61785486
1.828,-47.61800084
1.829,-47.6304738
1.83,-47.64361634
1.831,-47.63553166
1.832,-47.6395405
1.833,-47.63320774
1.834,-47.64976057
1.835,-47.64567914
1.836,-47.65029093
1.837,-47.64829223
1.838,-47.6642531
1.839,-47.65848267
1.84,-47.65665343
1.841,-47.66734433
1.842,-47.66424653
1.843,-47.67703377
1.844,-47.67211074
1.845,-47.66734217
1.846,-47.67162587
1.847,-47.68434995
1.848,-47.68764553
1.849,-47.67708453
1.85,-47.69060663
1.851,-47.69046576
1.852,-47.70435581
1.853,-47.6875514
1.854,-47.68721277
1.855,-47.68831151
1.856,-47.70280026
1.857,-47.70494251
1.858,-47.70017785
1.859,-47.71154014
1.86,-47.70963972
1.861,-47.70719845
1.862,-47.70064776
1.863,-47.70801986
1.864,-47.71182335
1.865,-47.71793254
1.866,-47.71650644
1.867,-47.70278214
1.868,-47.719558
1.869,-47.71812329
1.87,-47.72198485
1.871,-47.70212121
1.872,-47.71634539
1.873,-47.72065198
1.874,-47.72559228
1.875,-47.71745365
1.876,-47.70151524
1.877,-47.72090914
1.878,-47.72650191
1.879,-47.72651767
1.88,-47.70869018
1.881,-47.7235072
1.882,-47.71460701
1.883,-47.7161221
1.884,-47.71479159
1.885,-47.70943443
1.886,-47.72301832
1.887,-47.71604609
1.888,-47.71807364
1.889,-47.70444112
1.89,-47.71783984
1.891,-47.71277279
1.892,-47.7129607
1.893,-47.70375005
1.894,-47.70117456
1.895,-47.71449802
1.896,-47.70946003
1.897,-47.70698992
1.898,-47.68236796
1.899,-47.70662586
1.9,-47.70280545
1.901,-47.70708689
1.902,-47.69420214
1.903,-47.68739598
1.904,-47.69605811
1.905,-47.69556375
1.906,-47.69576183
1.907,-47.67992634
1.908,-47.69067315
1.909,-47.68439164
1.91,-47.69184283
1.911,-47.67757586
1.912,-47.67135883
1.913,-47.68076874
1.914,-47.67495643
1.915,-47.68357952
1.916,-47.66470393
1.917,-47.68058046
1.918,-47.66830851
1.919,-47.67069464
1.92,-47.65464438
1.921,-47.65360498
1.922,-47.66619415
1.923,-47.6659241
1.924,-47.66934609
1.925,-47.6455906
1.926,-47.66046054
1.927,-47.65079403
1.928,-47.65691675
1.929,-47.64232318
1.93,-47.63597246
1.931,-47.65331774
1.932,-47.65004802
1.933,-47.65211458
1.934,-47.6291144
1.935,-47.64051611
1.936,-47.63188092
1.937,-47.64344685
1.938,-47.63201239
1.939,-47.62441002
1.94,-47.62777345
1.941,-47.62572122
1.942,-47.63514646
1.943,-47.61852404
1.944,-47.63478665
1.945,-47.62341267
1.946,-47.63426953
1.947,-47.61652795
1.948,-47.61027902
1.949,-47.61956806
1.95,-47.6241234
1.951,-47.62549662
1.952,-47.60840885
1.953,-47.62481744
1.954,-47.61279032
1.955,-47.62235024
1.956,-47.60525237
1.957,-47.60568326
1.958,-47.60999787
1.959,-47.61457806
1.96,-47.62109073
1.961,-47.60078198
1.962,-47.6149251
1.963,-47.6066788
1.964,-47.6197894
1.965,-47.60146371
1.966,-47.60509802
1.967,-47.60749565
1.968,-47.620725
1.969,-47.61584042
1.97,-47.59628104
1.971,-47.61486727
1.972,-47.6102363
1.973,-47.61635769
1.974,-47.60306171
1.975,-47.60786635
1.976,-47.6107597
1.977,-47.6193138
1.978,-47.61593305
1.979,-47.60263224
1.98,-47.62262128
1.981,-47.6126048
1.982,-47.62349696
1.983,-47.60385785
1.984,-47.60943942
1.985,-47.61362163
1.986,-47.62228761
1.987,-47.62329041
1.988,-47.60676622
1.989,-47.62918568
1.99,-47.62927956
1.991,-47.62651776
1.992,-47.60648226
1.993,-47.61562707
1.994,-47.6265751
1.995,-47.63551898
1.996,-47.62925051
1.997,-47.61502272
1.998,-47.64153394
1.999,-47.63582651
2,-47.63573795
2.001,-47.61759956
2.002,-47.62644861
2.003,-47.63626088
2.004,-47.64651368
2.005,-47.6425961
2.006,-47.6225599
2.007,-47.64462816
2.008,-47.64452799
2.009,-47.6497084
2.01,-47.63203825
2.011,-47.64556708
2.012,-47.64978568
2.013,-47.65024098
2.014,-47.64302257
2.015,-47.6364728
2.016,-47.66103841
2.017,-47.66287053
2.018,-47.65589475
2.019,-47.64058788
2.02,-47.65372159
2.021,-47.66360899
2.022,-47.66273733
2.023,-47.65286267
2.024,-47.64547684
2.025,-47.66672115
2.026,-47.67164545
2.027,-47.66706386
2.028,-47.64628466
2.029,-47.66077405
2.03,-47.67045967
2.031,-47.67333328
2.032,-47.66413579
2.033,-47.66239388
2.034,-47.67122734
2.035,-47.67662636
2.036,-47.66793489
2.037,-47.65909781
2.038,-47.67307573
2.039,-47.67716134
2.04,-47.67590534
2.041,-47.66901591
2.042,-47.6727884
2.043,-47.68638557
2.044,-47.68244516
2.045,-47.67126801
2.046,-47.66436
2.047,-47.68191881
2.048,-47.68906444
2.049,-47.68070887
2.05,-47.66418059
2.051,-47.67310624
2.052,-47.68529586
2.053,-47.6853563
2.054,-47.68202106
2.055,-47.66923676
2.056,-47.68209971
2.057,-47.68460718
2.058,-47.68190949
2.059,-47.67117883
2.06,-47.67892494
2.061,-47.68661173
2.062,-47.69041723
2.063,-47.68287354
2.064,-47.67506313
2.065,-47.68474802
2.066,-47.68031247
2.067,-47.67489791
2.068,-47.66713939
2.069,-47.68301277
2.07,-47.69042963
2.071,-47.67860214
2.072,-47.67335648
2.073,-47.66964143
2.074,-47.68282008
2.075,-47.68039863
2.076,-47.67952606
2.077,-47.66707923
2.078,-47.67664956
2.079,-47.67857659
2.08,-47.67647148
2.081,-47.66849738
2.082,-47.6656352
2.083,-47.67915565
2.084,-47.67899547
2.085,-47.67480844
2.086,-47.66059962
2.087,-47.6680493
2.088,-47.67349393
2.089,-47.67045774
2.09,-47.66474048
2.091,-47.66559755
2.092,-47.67395203
2.093,-47.6650971
2.094,-47.66066578
2.095,-47.65579474
2.096,-47.6669577
2.097,-47.66951904
2.098,-47.66595479
2.099,-47.6530631
2.1,-47.65589534
2.101,-47.66344478
2.102,-47.66302108
2.103,-47.65426072
2.104,-47.64835326
2.105,-47.66132451
2.106,-47.66410214
2.107,-47.6628437
2.108,-47.64587664
2.109,-47.64696584
2.11,-47.65792957
2.111,-47.65572632
2.112,-47.64654169
2.113,-47.64386125
2.114,-47.65219334
2.115,-47.65428571
2.116,-47.64715792
2.117,-47.63886571
2.118,-47.64106356
2.119,-47.65288604
2.12,-47.6552564
2.121,-47.64557648
2.122,-47.631112
2.123,-47.64209459
2.124,-47.64690138
2.125,-47.64691629
2.126,-47.63483886
2.127,-47.63687231
2.128,-47.64970783
2.129,-47.65181545
2.13,-47.63663866
2.131,-47.62660856
2.132,-47.64027936
2.133,-47.64360618
2.134,-47.64391865
2.135,-47.63149263
2.136,-47.63173381
2.137,-47.64572533
2.138,-47.64258895
2.139,-47.63423728
2.14,-47.62013305
2.141,-47.64165978
2.142,-47.64834401
2.143,-47.64139252
2.144,-47.62519925
2.145,-47.62488329
2.146,-47.64076945
2.147,-47.64893708
2.148,-47.63626381
2.149,-47.62176562
2.15,-47.6375952
2.151,-47.64288538
2.152,-47.63750252
2.153,-47.62209266
2.154,-47.62579382
2.155,-47.64316507
2.156,-47.64818748
2.157,-47.63760619
2.158,-47.62277594
2.159,-47.63561543
2.16,-47.64142512
2.161,-47.63655932
2.162,-47.62604636
2.163,-47.63413777
2.164,-47.64601955
2.165,-47.64459507
2.166,-47.62807652
2.167,-47.62215215
2.168,-47.64367562
2.169,-47.64806536
2.17,-47.64122744
2.171,-47.6251658
2.172,-47.63433532
2.173,-47.64816922
2.174,-47.65154683
2.175,-47.63127817
2.176,-47.62755977
2.177,-47.64194982
2.178,-47.65412723
2.179,-47.64765286
2.18,-47.62677584
2.181,-47.63405955
2.182,-47.65190124
2.183,-47.64841617
2.184,-47.6386461
2.185,-47.63697093
2.186,-47.64968609
2.187,-47.65330031
2.188,-47.64149312
2.189,-47.63432037
2.19,-47.6479455
2.191,-47.65536506
2.192,-47.65445552
2.193,-47.63958383
2.194,-47.64131123
2.195,-47.65633762
2.196,-47.6573653
2.197,-47.64315236
2.198,-47.63294756
2.199,-47.65113379
2.2,-47.66729366
2.201,-47.65970231
2.202,-47.63949428
2.203,-47.6417674
2.204,-47.66065436
2.205,-47.66027182
2.206,-47.65013086
2.207,-47.64170728
2.208,-47.65805855
2.209,-47.66373614
2.21,-47.65483246
2.211,-47.64689139
2.212,-47.64909368
2.213,-47.66423344
2.214,-47.66468025
2.215,-47.65114917
2.216,-47.64837058
2.217,-47.66159736
2.218,-47.66316015
2.219,-47.65888794
2.22,-47.64841154
2.221,-47.6573417
2.222,-47.67440657
2.223,-47.6660295
2.224,-47.64487515
2.225,-47.64590826
2.226,-47.66423347
2.227,-47.67194668
2.228,-47.65907227
2.229,-47.64746538
2.23,-47.65912712
2.231,-47.67045773
2.232,-47.66532139
2.233,-47.65073228
2.234,-47.65342181
2.235,-47.66678809
2.236,-47.6697148
2.237,-47.66118893
2.238,-47.65147544
2.239,-47.65858256
2.24,-47.66999883
2.241,-47.66566709
2.242,-47.6499495
2.243,-47.65599838
2.244,-47.66643697
2.245,-47.67066254
2.246,-47.65566651
2.247,-47.64844598
2.248,-47.65997672
2.249,-47.67058591
2.25,-47.6632556
2.251,-47.65249094
2.252,-47.65606869
2.253,-47.66409327
2.254,-47.67060675
2.255,-47.65617186
2.256,-47.64622378
2.257,-47.66141358
2.258,-47.66835756
2.259,-47.66549341
2.26,-47.64828254
2.261,-47.65327711
2.262,-47.66101545
2.263,-47.66703055
2.264,-47.65507151
2.265,-47.64590203
2.266,-47.65821437
2.267,-47.66762885
2.268,-47.66117925
2.269,-47.64599424
2.27,-47.64858879
2.271,-47.65956601
2.272,-47.66583625
2.273,-47.65762235
2.274,-47.64486102
2.275,-47.65460077
2.276,-47.66133391
2.277,-47.65817393
2.278,-47.6453696
2.279,-47.64871525
2.28,-47.65750628
2.281,-47.66173218
2.282,-47.65262569
2.283,-47.6411676
2.284,-47.65176509
2.285,-47.65480234
2.286,-47.65713014
2.287,-47.64536192
2.288,-47.65012037
2.289,-47.6533214
2.29,-47.65525997
2.291,-47.64484526
2.292,-47.6352637
2.293,-47.64796262
2.294,-47.65975009
2.295,-47.65997849
2.296,-47.6408394
2.297,-47.63886235
2.298,-47.65012199
2.299,-47.65610274
2.3,-47.64549906
2.301,-47.63765176
2.302,-47.6458649
2.303,-47.64999509
2.304,-47.65399477
2.305,-47.64142597
2.306,-47.64158081
2.307,-47.64455276
2.308,-47.65272582
2.309,-47.6452853
2.31,-47.63863439
2.311,-47.641437
2.312,-47.64866429
2.313,-47.64593543
2.314,-47.63622712
2.315,-47.64042234
2.316,-47.65158877
2.317,-47.65659647
2.318,-47.63791292
2.319,-47.63317463
2.32,-47.64431641
2.321,-47.65109069
2.322,-47.64417577
2.323,-47.63399421
2.324,-47.63862552
2.325,-47.64845967
2.326,-47.65475488
2.327,-47.63546481
2.328,-47.63164333
2.329,-47.63867603
2.33,-47.65084516
2.331,-47.65033437
2.332,-47.63752087
2.333,-47.63597216
2.334,-47.64365215
2.335,-47.64813405
2.336,-47.6360742
2.337,-47.63482998
2.338,-47.64572303
2.339,-47.65614315
2.34,-47.6401787
2.341,-47.63294466
2.342,-47.64122193
2.343,-47.64800263
2.344,-47.64756458
2.345,-47.63316742
2.346,-47.63623529
2.347,-47.65185486
2.348,-47.6534848
2.349,-47.64266936
2.35,-47.63057128
2.351,-47.63874674
2.352,-47.65308259
2.353,-47.65527861
2.354,-47.63541423
2.355,-47.63310173
2.356,-47.64232676
2.357,-47.653415
2.358,-47.64335594
2.359,-47.63743517
2.36,-47.64686858
2.361,-47.657065
2.362,-47.64845461
2.363,-47.63592638
2.364,-47.63629518
2.365,-47.64775558
2.366,-47.65593239
2.367,-47.64559191
2.368,-47.6413894
2.369,-47.64715088
2.37,-47.65457399
2.371,-47.64893507
2.372,-47.63384197
2.373,-47.64279634
2.374,-47.65461722
2.375,-47.65787307
2.376,-47.64332286
2.377,-47.63959114
2.378,-47.64322412
2.379,-47.65727406
2.38,-47.64910472
2.381,-47.63903671
2.382,-47.64534147
2.383,-47.65532829
2.384,-47.657527
2.385,-47.64307225
2.386,-47.64240388
2.387,-47.64788228
2.388,-47.65895553
2.389,-47.652011
2.39,-47.64229452
2.391,-47.64755276
2.392,-47.65821734
2.393,-47.65594108
2.394,-47.64547047
2.395,-47.64992246
2.396,-47.65160677
2.397,-47.66029734
2.398,-47.65153215
2.399,-47.64048216
2.4,-47.64694227
2.401,-47.65628892
2.402,-47.65624123
2.403,-47.65165776
2.404,-47.65691951
2.405,-47.65265438
2.406,-47.65782
2.407,-47.64859817
2.408,-47.64297539
2.409,-47.64888831
2.41,-47.66022409
2.411,-47.66075342
2.412,-47.64948794
2.413,-47.65442858
2.414,-47.65682424
2.415,-47.65716562
2.416,-47.65028356
2.417,-47.64632607
2.418,-47.65322805
2.419,-47.65935138
2.42,-47.65920181
2.421,-47.64712531
2.422,-47.65327259
2.423,-47.65136526
2.424,-47.65861233
2.425,-47.65539589
2.426,-47.65530702
2.427,-47.65128845
2.428,-47.65284942
2.429,-47.65653741
2.43,-47.64887619
2.431,-47.65736644
2.432,-47.65732071
2.433,-47.6593411
2.434,-47.6499045
2.435,-47.65292319
2.436,-47.65387092
2.437,-47.65561287
2.438,-47.65543247
2.439,-47.6467808
2.44,-47.66101289
2.441,-47.65646573
2.442,-47.6572858
2.443,-47.63949073
2.444,-47.65139484
2.445,-47.65358814
2.446,-47.65853068
2.447,-47.66329609
2.448,-47.64930466
2.449,-47.65540631
2.45,-47.65002437
