#Exudyn implicit second order time integration sensor output file
#measure Object number = 245
#OutputVariableType = Force
#simulation started = 2022-04-08,00:48:28
#columns contain: time, comma separated sensor values (e.g, x,y,z position coordinates)
#number of sensor values = 1
#Exudyn version = 1.2.34.dev1; Python3.9.11; Windows AVX2 FLOAT64
#
0,0
0.001,0.01531437928
0.002,0.002782507061
0.003,0.001417006717
0.004,-0.005597734541
0.005,-7.683626919e-05
0.006,-0.0001571289499
0.007,-0.001271418757
0.008,0.0008612284705
0.009,0.001692394813
0.01,-0.00135342556
0.011,-0.002186653713
0.012,-0.0004046389109
0.013,-0.0003656019277
0.014,-0.0001366218255
0.015,0.0007774524366
0.016,0.0002324064807
0.017,-0.001153570381
0.018,-0.001180714043
0.019,-0.0004315537241
0.02,-0.0001728351021
0.021,0.0003247880373
0.022,0.0005494424156
0.023,-0.0002094531235
0.024,-0.0008712128005
0.025,-0.0006472315635
0.026,-0.0002427804804
0.027,-4.363792379e-05
0.028,0.0001600533331
0.029,9.385348281e-05
0.03,-0.0003841759071
0.031,-0.0006193510733
0.032,-0.0001684995939
0.033,-0.0001186801544
0.034,0.0001759892034
0.035,0.0001864376032
0.036,9.023885395e-06
0.037,-0.0002690113906
0.038,-0.0002844946679
0.039,-0.0001446525423
0.04,8.57167799e-05
0.041,0.0001499144417
0.042,0.0002080049421
0.043,8.675604618e-05
0.044,-0.0002471760546
0.045,-4.843516672e-05
0.046,8.419651228e-05
0.047,0.000158281017
0.048,0.000181314514
0.049,0.0001213487148
0.05,2.045222781e-05
0.051,-0.09303224233
0.052,-0.1285003602
0.053,-0.1637768873
0.054,-0.1992386581
0.055,-0.2356988188
0.056,-0.2810688902
0.057,-0.3527488836
0.058,-0.4480441743
0.059,-0.5511347708
0.06,-0.6547911598
0.061,-0.7585695994
0.062,-0.8683181235
0.063,-0.9927042156
0.064,-1.136189309
0.065,-1.29278248
0.066,-1.455609317
0.067,-1.619039839
0.068,-1.784411485
0.069,-1.958110868
0.07,-2.142282212
0.071,-2.339711661
0.072,-2.546420746
0.073,-2.753515348
0.074,-2.962765828
0.075,-3.173877665
0.076,-3.391284011
0.077,-3.616320511
0.078,-3.846392226
0.079,-4.082887991
0.08,-4.317016884
0.081,-4.550603221
0.082,-4.78609249
0.083,-5.021265219
0.084,-5.263990182
0.085,-5.506570833
0.086,-5.75109551
0.087,-5.991307991
0.088,-6.232473772
0.089,-6.46957646
0.09,-6.708603739
0.091,-6.944383758
0.092,-7.181460646
0.093,-7.416622657
0.094,-7.648667269
0.095,-7.878612038
0.096,-8.102845041
0.097,-8.324677014
0.098,-8.542791706
0.099,-8.759871434
0.1,-8.971069457
0.101,-9.178777281
0.102,-9.380702321
0.103,-9.578235703
0.104,-9.769424405
0.105,-9.95758372
0.106,-10.14082622
0.107,-10.31989725
0.108,-10.4919477
0.109,-10.65823155
0.11,-10.81736161
0.111,-10.97064906
0.112,-11.11847757
0.113,-11.26143025
0.114,-11.39933607
0.115,-11.5300569
0.116,-11.65040909
0.117,-11.76771233
0.118,-11.88058515
0.119,-11.98504824
0.12,-12.08159936
0.121,-12.17278866
0.122,-12.25509492
0.123,-12.33213978
0.124,-12.40462065
0.125,-12.47013384
0.126,-12.53015592
0.127,-12.58074633
0.128,-12.62539382
0.129,-12.66167463
0.13,-12.68951988
0.131,-12.71248757
0.132,-12.73016549
0.133,-12.74513268
0.134,-12.75236652
0.135,-12.75034038
0.136,-12.73900514
0.137,-12.72354643
0.138,-12.70362466
0.139,-12.67812634
0.14,-12.65285729
0.141,-12.61754852
0.142,-12.57868689
0.143,-12.53051537
0.144,-12.47600185
0.145,-12.41856046
0.146,-12.36174808
0.147,-12.2994733
0.148,-12.23783393
0.149,-12.16157767
0.15,-12.08582156
0.151,-12.00541072
0.152,-11.921825
0.153,-11.842587
0.154,-11.75871898
0.155,-11.66893231
0.156,-11.57700728
0.157,-11.48386864
0.158,-11.38392175
0.159,-11.29013114
0.16,-11.2012922
0.161,-11.10615202
0.162,-11.00810336
0.163,-10.90742103
0.164,-10.80743946
0.165,-10.71516348
0.166,-10.62001784
0.167,-10.52858477
0.168,-10.43456043
0.169,-10.33986455
0.17,-10.25137414
0.171,-10.16030935
0.172,-10.07644428
0.173,-9.992877731
0.174,-9.911945337
0.175,-9.833945469
0.176,-9.758896412
0.177,-9.686858011
0.178,-9.61498201
0.179,-9.555448176
0.18,-9.495189525
0.181,-9.438478497
0.182,-9.379678052
0.183,-9.330767012
0.184,-9.28450029
0.185,-9.238625603
0.186,-9.207589307
0.187,-9.179530958
0.188,-9.156802745
0.189,-9.126359129
0.19,-9.107006864
0.191,-9.09441427
0.192,-9.089202913
0.193,-9.08540119
0.194,-9.089849196
0.195,-9.097632462
0.196,-9.111085497
0.197,-9.128887316
0.198,-9.148380728
0.199,-9.174663918
0.2,-9.208806205
0.201,-9.254415467
0.202,-9.294434885
0.203,-9.345596047
0.204,-9.397849488
0.205,-9.456498911
0.206,-9.514242545
0.207,-9.587030068
0.208,-9.662520628
0.209,-9.739967215
0.21,-9.822583775
0.211,-9.908215729
0.212,-9.995474936
0.213,-10.09064247
0.214,-10.19167905
0.215,-10.29082866
0.216,-10.39521622
0.217,-10.50580081
0.218,-10.62399442
0.219,-10.73280505
0.22,-10.85248707
0.221,-10.96680716
0.222,-11.09865506
0.223,-11.22206072
0.224,-11.35194814
0.225,-11.47993789
0.226,-11.62152663
0.227,-11.75107579
0.228,-11.87952156
0.229,-12.01956652
0.23,-12.15977175
0.231,-12.30029725
0.232,-12.43899977
0.233,-12.58367521
0.234,-12.71885239
0.235,-12.85645965
0.236,-13.00297661
0.237,-13.14123912
0.238,-13.27677841
0.239,-13.42294056
0.24,-13.5665659
0.241,-13.69894264
0.242,-13.83254308
0.243,-13.96190608
0.244,-14.10635135
0.245,-14.2333566
0.246,-14.37561166
0.247,-14.50151446
0.248,-14.62839548
0.249,-14.75481202
0.25,-14.87763664
0.251,-15.0009516
0.252,-15.11216259
0.253,-15.23826168
0.254,-15.34428263
0.255,-15.46285895
0.256,-15.56032691
0.257,-15.67371886
0.258,-15.77897986
0.259,-15.87401859
0.26,-15.97241285
0.261,-16.06110052
0.262,-16.15787512
0.263,-16.24256553
0.264,-16.31878489
0.265,-16.40634426
0.266,-16.4892742
0.267,-16.55963332
0.268,-16.61850325
0.269,-16.68900125
0.27,-16.75363663
0.271,-16.8171148
0.272,-16.88006034
0.273,-16.93169408
0.274,-16.96613471
0.275,-17.02938144
0.276,-17.06566904
0.277,-17.10154613
0.278,-17.14238991
0.279,-17.1717683
0.28,-17.21246927
0.281,-17.23444956
0.282,-17.25496504
0.283,-17.26757919
0.284,-17.30444862
0.285,-17.30987834
0.286,-17.31796742
0.287,-17.33593912
0.288,-17.33912587
0.289,-17.3474272
0.29,-17.34321756
0.291,-17.34449469
0.292,-17.35328519
0.293,-17.33295111
0.294,-17.32403442
0.295,-17.32346394
0.296,-17.30347633
0.297,-17.30518822
0.298,-17.29571129
0.299,-17.25999988
0.3,-17.25983081
0.301,-17.23164094
0.302,-17.21647055
0.303,-17.20044025
0.304,-17.17082733
0.305,-17.15539957
0.306,-17.12614246
0.307,-17.10753907
0.308,-17.07806892
0.309,-17.05591726
0.31,-17.04158713
0.311,-17.01772554
0.312,-16.98588522
0.313,-16.97026572
0.314,-16.93890876
0.315,-16.9130924
0.316,-16.89310834
0.317,-16.87196995
0.318,-16.86281376
0.319,-16.81929589
0.32,-16.8070763
0.321,-16.79638339
0.322,-16.77626443
0.323,-16.75127388
0.324,-16.74908173
0.325,-16.72750628
0.326,-16.70998963
0.327,-16.71525162
0.328,-16.69175288
0.329,-16.70322019
0.33,-16.68591694
0.331,-16.68356892
0.332,-16.68050651
0.333,-16.68303554
0.334,-16.68088233
0.335,-16.68971748
0.336,-16.71927987
0.337,-16.69401095
0.338,-16.71809064
0.339,-16.72244754
0.34,-16.75345813
0.341,-16.75908557
0.342,-16.78464841
0.343,-16.82387607
0.344,-16.83912208
0.345,-16.86965959
0.346,-16.87728304
0.347,-16.93333697
0.348,-16.95620184
0.349,-16.99474491
0.35,-17.03307226
0.351,-17.08620578
0.352,-17.10915962
0.353,-17.17795979
0.354,-17.22061105
0.355,-17.26099999
0.356,-17.32656499
0.357,-17.3593319
0.358,-17.43442873
0.359,-17.49831757
0.36,-17.53596958
0.361,-17.63071561
0.362,-17.66742589
0.363,-17.74524872
0.364,-17.80297164
0.365,-17.88485831
0.366,-17.94865382
0.367,-18.02802662
0.368,-18.11423366
0.369,-18.18559948
0.37,-18.26648748
0.371,-18.33866802
0.372,-18.42786209
0.373,-18.48536678
0.374,-18.59095151
0.375,-18.65839275
0.376,-18.74782731
0.377,-18.83186975
0.378,-18.91637304
0.379,-19.01233085
0.38,-19.08395525
0.381,-19.15797447
0.382,-19.25336988
0.383,-19.35510361
0.384,-19.43128106
0.385,-19.52613938
0.386,-19.61086491
0.387,-19.69309708
0.388,-19.79555463
0.389,-19.8614693
0.39,-19.96093397
0.391,-20.0658691
0.392,-20.10665549
0.393,-20.22785205
0.394,-20.2828549
0.395,-20.40000439
0.396,-20.45295064
0.397,-20.57383585
0.398,-20.61045718
0.399,-20.72061272
0.4,-20.79157416
0.401,-20.88576033
0.402,-20.94582818
0.403,-21.03139698
0.404,-21.11395974
0.405,-21.17510741
0.406,-21.25766671
0.407,-21.332317
0.408,-21.39241313
0.409,-21.45934662
0.41,-21.54273018
0.411,-21.5780194
0.412,-21.68152435
0.413,-21.71522818
0.414,-21.79782377
0.415,-21.83895326
0.416,-21.91797802
0.417,-21.94832448
0.418,-22.04293264
0.419,-22.09006419
0.42,-22.14900332
0.421,-22.20535432
0.422,-22.23149503
0.423,-22.29902986
0.424,-22.3219328
0.425,-22.3817588
0.426,-22.41251759
0.427,-22.47794229
0.428,-22.52394417
0.429,-22.53999498
0.43,-22.60432926
0.431,-22.6162293
0.432,-22.65594508
0.433,-22.69620049
0.434,-22.7321774
0.435,-22.75823542
0.436,-22.79684388
0.437,-22.84285147
0.438,-22.84491747
0.439,-22.88091151
0.44,-22.88925503
0.441,-22.92624179
0.442,-22.94945478
0.443,-22.93982242
0.444,-23.01695908
0.445,-23.00754196
0.446,-23.05227453
0.447,-23.02675503
0.448,-23.0537942
0.449,-23.1003806
0.45,-23.10455819
0.451,-23.12662541
0.452,-23.14266635
0.453,-23.13990328
0.454,-23.19984116
0.455,-23.18417783
0.456,-23.20280119
0.457,-23.20834445
0.458,-23.22700443
0.459,-23.20561624
0.46,-23.27814697
0.461,-23.24742329
0.462,-23.27681939
0.463,-23.31517157
0.464,-23.2909705
0.465,-23.31210236
0.466,-23.33048421
0.467,-23.31793901
0.468,-23.33728703
0.469,-23.36718307
0.47,-23.3715086
0.471,-23.41545477
0.472,-23.4096793
0.473,-23.41626705
0.474,-23.43572375
0.475,-23.46261339
0.476,-23.46097034
0.477,-23.49820503
0.478,-23.51377156
0.479,-23.56005335
0.48,-23.53705177
0.481,-23.57546564
0.482,-23.59859103
0.483,-23.59120657
0.484,-23.64272825
0.485,-23.64255134
0.486,-23.67729241
0.487,-23.74955633
0.488,-23.71912937
0.489,-23.78679272
0.49,-23.76348953
0.491,-23.82990935
0.492,-23.83152596
0.493,-23.8737046
0.494,-23.88230704
0.495,-23.95533415
0.496,-23.9707267
0.497,-23.99144135
0.498,-24.07401976
0.499,-24.07346357
0.5,-24.05163861
0.501,-24.09753803
0.502,-24.13366947
0.503,-24.16865947
0.504,-24.21956683
0.505,-24.25118811
0.506,-24.31591699
0.507,-24.32352106
0.508,-24.34166308
0.509,-24.33337695
0.51,-24.41256345
0.511,-24.40416857
0.512,-24.47916101
0.513,-24.55697587
0.514,-24.54099153
0.515,-24.61708847
0.516,-24.68979742
0.517,-24.66998898
0.518,-24.7272428
0.519,-24.7438339
0.52,-24.78862032
0.521,-24.79081343
0.522,-24.80842968
0.523,-24.82540629
0.524,-24.96546229
0.525,-24.95728365
0.526,-24.96582872
0.527,-25.02164769
0.528,-25.05686275
0.529,-25.06321395
0.53,-25.0873057
0.531,-25.15689319
0.532,-25.21779288
0.533,-25.28318905
0.534,-25.30071323
0.535,-25.34843577
0.536,-25.35736554
0.537,-25.40420849
0.538,-25.44439472
0.539,-25.49872959
0.54,-25.54023937
0.541,-25.62422825
0.542,-25.67056683
0.543,-25.70492413
0.544,-25.75112983
0.545,-25.79809032
0.546,-25.80624247
0.547,-25.88067825
0.548,-25.8539117
0.549,-25.96938044
0.55,-25.99598351
0.551,-26.04732308
0.552,-26.08560098
0.553,-26.19756484
0.554,-26.17350201
0.555,-26.22380027
0.556,-26.2738914
0.557,-26.34552948
0.558,-26.36487848
0.559,-26.40804924
0.56,-26.49474079
0.561,-26.56585037
0.562,-26.64138262
0.563,-26.6344576
0.564,-26.68212236
0.565,-26.70645802
0.566,-26.81646198
0.567,-26.87155355
0.568,-26.92402555
0.569,-26.97527059
0.57,-27.05041029
0.571,-27.07445161
0.572,-27.16690779
0.573,-27.22387579
0.574,-27.22786822
0.575,-27.31600487
0.576,-27.37002019
0.577,-27.42220832
0.578,-27.55736272
0.579,-27.52227002
0.58,-27.59009731
0.581,-27.69334539
0.582,-27.70858838
0.583,-27.76314278
0.584,-27.81122218
0.585,-27.91177687
0.586,-27.93106125
0.587,-27.99519823
0.588,-28.04437371
0.589,-28.09997089
0.59,-28.16845096
0.591,-28.19841604
0.592,-28.24608119
0.593,-28.29229656
0.594,-28.33930803
0.595,-28.40502064
0.596,-28.44916793
0.597,-28.49916136
0.598,-28.55764188
0.599,-28.55496735
0.6,-28.62532699
0.601,-28.60814709
0.602,-28.63351077
0.603,-28.63130944
0.604,-28.6463017
0.605,-28.64058657
0.606,-28.6574133
0.607,-28.64445679
0.608,-28.64926022
0.609,-28.61081831
0.61,-28.62075107
0.611,-28.56478659
0.612,-28.54487058
0.613,-28.46517643
0.614,-28.35979481
0.615,-28.29036516
0.616,-28.22318599
0.617,-28.1768995
0.618,-28.10819725
0.619,-28.01381169
0.62,-27.89808607
0.621,-27.79377538
0.622,-27.74143139
0.623,-27.55318623
0.624,-27.42719444
0.625,-27.31214205
0.626,-27.20421003
0.627,-27.08958987
0.628,-26.9456817
0.629,-26.81268218
0.63,-26.66803073
0.631,-26.5138376
0.632,-26.35080602
0.633,-26.20969923
0.634,-26.04639071
0.635,-25.85633344
0.636,-25.73571373
0.637,-25.57402946
0.638,-25.40819003
0.639,-25.25609356
0.64,-25.08010341
0.641,-24.94461147
0.642,-24.79237017
0.643,-24.54820722
0.644,-24.42869522
0.645,-24.19272958
0.646,-24.09960145
0.647,-23.92380239
0.648,-23.73510975
0.649,-23.5457343
0.65,-23.38521155
0.651,-23.25227489
0.652,-23.07498285
0.653,-22.92924202
0.654,-22.7720171
0.655,-22.60267415
0.656,-22.45481014
0.657,-22.29524004
0.658,-22.18169675
0.659,-22.02529152
0.66,-21.90409377
0.661,-21.73130886
0.662,-21.60829084
0.663,-21.50107043
0.664,-21.34015434
0.665,-21.18950735
0.666,-21.12641963
0.667,-21.0196466
0.668,-20.9197511
0.669,-20.8170876
0.67,-20.70734759
0.671,-20.59237851
0.672,-20.53921734
0.673,-20.38219448
0.674,-20.3822609
0.675,-20.28478398
0.676,-20.22664048
0.677,-20.14275993
0.678,-20.09744447
0.679,-20.06126698
0.68,-19.98949738
0.681,-19.94733668
0.682,-19.89884486
0.683,-19.89993107
0.684,-19.86365967
0.685,-19.86075877
0.686,-19.84067597
0.687,-19.81698006
0.688,-19.85796576
0.689,-19.79836931
0.69,-19.84220403
0.691,-19.85030138
0.692,-19.86561035
0.693,-19.86227906
0.694,-19.90287152
0.695,-19.95855806
0.696,-20.0114183
0.697,-20.02470735
0.698,-20.05050914
0.699,-20.1049001
0.7,-20.15384264
0.701,-20.19909491
0.702,-20.31255812
0.703,-20.33324796
0.704,-20.46141979
0.705,-20.48613267
0.706,-20.56509759
0.707,-20.63493594
0.708,-20.70474681
0.709,-20.82181175
0.71,-20.90796543
0.711,-20.97150411
0.712,-21.06943626
0.713,-21.17582577
0.714,-21.24854799
0.715,-21.35045502
0.716,-21.44878739
0.717,-21.54701349
0.718,-21.70171634
0.719,-21.77534431
0.72,-21.84943766
0.721,-21.96964309
0.722,-22.06701914
0.723,-22.1566877
0.724,-22.27363374
0.725,-22.40538629
0.726,-22.51950887
0.727,-22.61829622
0.728,-22.6929829
0.729,-22.80481398
0.73,-22.92139242
0.731,-22.97454357
0.732,-23.11316008
0.733,-23.16850543
0.734,-23.33755633
0.735,-23.41726182
0.736,-23.49203093
0.737,-23.63994083
0.738,-23.69977294
0.739,-23.76474917
0.74,-23.8385971
0.741,-23.94460246
0.742,-24.02677662
0.743,-24.13900463
0.744,-24.20425176
0.745,-24.29038897
0.746,-24.37423765
0.747,-24.44908033
0.748,-24.48379127
0.749,-24.5751665
0.75,-24.6003511
0.751,-24.72225959
0.752,-24.771999
0.753,-24.8430516
0.754,-24.87639576
0.755,-24.93446029
0.756,-24.95322292
0.757,-24.97010054
0.758,-25.03374164
0.759,-25.11111617
0.76,-25.13615474
0.761,-25.16211393
0.762,-25.20469379
0.763,-25.28186412
0.764,-25.23582671
0.765,-25.25549713
0.766,-25.27981447
0.767,-25.29334383
0.768,-25.35852705
0.769,-25.33077932
0.77,-25.34096314
0.771,-25.37760196
0.772,-25.35114601
0.773,-25.308793
0.774,-25.34882499
0.775,-25.33466446
0.776,-25.3568761
0.777,-25.37433594
0.778,-25.3456947
0.779,-25.30471343
0.78,-25.29322093
0.781,-25.23087014
0.782,-25.22415735
0.783,-25.19601639
0.784,-25.18242674
0.785,-25.16574091
0.786,-25.14760601
0.787,-25.12105438
0.788,-25.08176965
0.789,-25.02504817
0.79,-24.97163388
0.791,-24.91238512
0.792,-24.93354054
0.793,-24.8490311
0.794,-24.83312606
0.795,-24.76329429
0.796,-24.7326796
0.797,-24.66461999
0.798,-24.56960461
0.799,-24.57290094
0.8,-24.5215842
0.801,-24.45424426
0.802,-24.4246699
0.803,-24.39486129
0.804,-24.27249872
0.805,-24.23979355
0.806,-24.15070694
0.807,-24.09622444
0.808,-24.06421924
0.809,-24.0164764
0.81,-23.96301547
0.811,-23.94333034
0.812,-23.81801605
0.813,-23.77986995
0.814,-23.70970354
0.815,-23.64963148
0.816,-23.59430092
0.817,-23.54651847
0.818,-23.49283031
0.819,-23.43946731
0.82,-23.39747373
0.821,-23.34064685
0.822,-23.22173795
0.823,-23.20115179
0.824,-23.15881904
0.825,-23.14903464
0.826,-23.09006803
0.827,-23.08075176
0.828,-22.98714944
0.829,-22.93897485
0.83,-22.89200111
0.831,-22.77453818
0.832,-22.80191726
0.833,-22.7523075
0.834,-22.70387173
0.835,-22.72545679
0.836,-22.71605089
0.837,-22.64361563
0.838,-22.61134116
0.839,-22.5505134
0.84,-22.5183768
0.841,-22.51479348
0.842,-22.47614163
0.843,-22.43853503
0.844,-22.4479457
0.845,-22.43525861
0.846,-22.42901283
0.847,-22.371697
0.848,-22.39019519
0.849,-22.36338899
0.85,-22.37041499
0.851,-22.35521034
0.852,-22.35164769
0.853,-22.37653795
0.854,-22.3206833
0.855,-22.31841672
0.856,-22.31474184
0.857,-22.36022469
0.858,-22.35534508
0.859,-22.34657012
0.86,-22.3867932
0.861,-22.34871253
0.862,-22.38408525
0.863,-22.39500926
0.864,-22.39948625
0.865,-22.39982776
0.866,-22.44596398
0.867,-22.44209916
0.868,-22.487371
0.869,-22.51166867
0.87,-22.52601898
0.871,-22.52237294
0.872,-22.54697253
0.873,-22.54664339
0.874,-22.61055502
0.875,-22.61643611
0.876,-22.62500845
0.877,-22.65587597
0.878,-22.72820673
0.879,-22.75162722
0.88,-22.78713878
0.881,-22.79169622
0.882,-22.81619126
0.883,-22.86124951
0.884,-22.8910839
0.885,-22.887824
0.886,-22.92547331
0.887,-22.93062218
0.888,-22.97653709
0.889,-23.02554935
0.89,-23.06617256
0.891,-23.10856648
0.892,-23.08701496
0.893,-23.15256082
0.894,-23.16628343
0.895,-23.18942097
0.896,-23.19328308
0.897,-23.20770055
0.898,-23.24620585
0.899,-23.30856264
0.9,-23.33648362
0.901,-23.35358126
0.902,-23.38163057
0.903,-23.38960546
0.904,-23.38423663
0.905,-23.41847533
0.906,-23.41715726
0.907,-23.48576309
0.908,-23.49272837
0.909,-23.51968231
0.91,-23.5500371
0.911,-23.56274671
0.912,-23.58658844
0.913,-23.57543546
0.914,-23.57070889
0.915,-23.59169111
0.916,-23.63356686
0.917,-23.64493095
0.918,-23.65536255
0.919,-23.69534661
0.92,-23.67795699
0.921,-23.70784511
0.922,-23.67563239
0.923,-23.69336355
0.924,-23.73852816
0.925,-23.71369774
0.926,-23.73723672
0.927,-23.76760252
0.928,-23.75089688
0.929,-23.73528709
0.93,-23.73141865
0.931,-23.73794406
0.932,-23.77042723
0.933,-23.78216274
0.934,-23.77439121
0.935,-23.76466807
0.936,-23.80913628
0.937,-23.76164065
0.938,-23.75754094
0.939,-23.7581455
0.94,-23.75428363
0.941,-23.76615843
0.942,-23.77355639
0.943,-23.76291403
0.944,-23.7552269
0.945,-23.78024687
0.946,-23.73761217
0.947,-23.72658729
0.948,-23.72162041
0.949,-23.72386191
0.95,-23.75405576
0.951,-23.72280397
0.952,-23.74697117
0.953,-23.69833464
0.954,-23.69266195
0.955,-23.65132666
0.956,-23.64327004
0.957,-23.68202055
0.958,-23.6750814
0.959,-23.64746838
0.96,-23.65684229
0.961,-23.66023722
0.962,-23.6474161
0.963,-23.61710158
0.964,-23.58343411
0.965,-23.55930204
0.966,-23.58301317
0.967,-23.54502424
0.968,-23.54652057
0.969,-23.55756358
0.97,-23.54461705
0.971,-23.52200833
0.972,-23.53682202
0.973,-23.50405426
0.974,-23.50331113
0.975,-23.47119289
0.976,-23.47882752
0.977,-23.46719898
0.978,-23.44947543
0.979,-23.41671707
0.98,-23.40233236
0.981,-23.41065312
0.982,-23.39807651
0.983,-23.42231205
0.984,-23.39776101
0.985,-23.41573117
0.986,-23.37105304
0.987,-23.35089674
0.988,-23.34683469
0.989,-23.31461908
0.99,-23.30513668
0.991,-23.31851042
0.992,-23.3074299
0.993,-23.31551866
0.994,-23.31832992
0.995,-23.33539436
0.996,-23.27497712
0.997,-23.29446048
0.998,-23.25370151
0.999,-23.26109021
1,-23.25092092
1.001,-23.25243226
1.002,-23.26865241
1.003,-23.25904496
1.004,-23.24061354
1.005,-23.24332742
1.006,-23.24692295
1.007,-23.21370853
1.008,-23.21051469
1.009,-23.22738339
1.01,-23.21646259
1.011,-23.23111778
1.012,-23.20412738
1.013,-23.21155328
1.014,-23.21253353
1.015,-23.23011382
1.016,-23.22639835
1.017,-23.19124783
1.018,-23.22160368
1.019,-23.23529899
1.02,-23.19800941
1.021,-23.20394897
1.022,-23.22641027
1.023,-23.19924309
1.024,-23.23211453
1.025,-23.24698663
1.026,-23.2308169
1.027,-23.24862476
1.028,-23.26154276
1.029,-23.22622927
1.03,-23.23849922
1.031,-23.25705924
1.032,-23.22765249
1.033,-23.28658896
1.034,-23.2644825
1.035,-23.28864498
1.036,-23.29007378
1.037,-23.28469463
1.038,-23.29828711
1.039,-23.31488396
1.04,-23.33628428
1.041,-23.30829618
1.042,-23.3455285
1.043,-23.34084996
1.044,-23.38597021
1.045,-23.35975098
1.046,-23.37023761
1.047,-23.38197904
1.048,-23.4176177
1.049,-23.46031796
1.05,-23.43428841
1.051,-23.4592483
1.052,-23.48508942
1.053,-23.471547
1.054,-23.49803085
1.055,-23.53414835
1.056,-23.55108777
1.057,-23.54869573
1.058,-23.59985145
1.059,-23.58740371
1.06,-23.62660502
1.061,-23.62853401
1.062,-23.63321742
1.063,-23.67030289
1.064,-23.73051715
1.065,-23.73999099
1.066,-23.76332073
1.067,-23.7874469
1.068,-23.80729052
1.069,-23.83749757
1.07,-23.83785261
1.071,-23.86730439
1.072,-23.89838901
1.073,-23.93555631
1.074,-23.977049
1.075,-24.0237982
1.076,-24.03801846
1.077,-24.08846806
1.078,-24.09286519
1.079,-24.0843315
1.08,-24.15475575
1.081,-24.20140979
1.082,-24.22833979
1.083,-24.27024854
1.084,-24.28562887
1.085,-24.35645839
1.086,-24.37365413
1.087,-24.40608404
1.088,-24.4320256
1.089,-24.51133519
1.09,-24.50522852
1.091,-24.56997108
1.092,-24.61627253
1.093,-24.63984139
1.094,-24.69539337
1.095,-24.71542712
1.096,-24.74406337
1.097,-24.82966145
1.098,-24.87630601
1.099,-24.90545695
1.1,-24.96131825
1.101,-25.03850871
1.102,-25.06379519
1.103,-25.08250625
1.104,-25.12773146
1.105,-25.1637898
1.106,-25.25865673
1.107,-25.29424585
1.108,-25.35705372
1.109,-25.39608649
1.11,-25.45647856
1.111,-25.52183297
1.112,-25.56531605
1.113,-25.59187353
1.114,-25.66206663
1.115,-25.70011824
1.116,-25.78653397
1.117,-25.83133727
1.118,-25.89602695
1.119,-25.9215872
1.12,-25.99239036
1.121,-26.03787697
1.122,-26.12370749
1.123,-26.17015652
1.124,-26.20701252
1.125,-26.29272633
1.126,-26.37807106
1.127,-26.40863403
1.128,-26.45169995
1.129,-26.51996891
1.13,-26.58171712
1.131,-26.64165093
1.132,-26.72021007
1.133,-26.76197599
1.134,-26.82285855
1.135,-26.91330745
1.136,-26.94004404
1.137,-27.01741997
1.138,-27.0872011
1.139,-27.13934221
1.14,-27.21291955
1.141,-27.26586695
1.142,-27.3680904
1.143,-27.41915062
1.144,-27.44610503
1.145,-27.52084888
1.146,-27.57728728
1.147,-27.65024294
1.148,-27.72249494
1.149,-27.78056891
1.15,-27.86242341
1.151,-27.97297264
1.152,-28.00013566
1.153,-28.04139853
1.154,-28.11087837
1.155,-28.17186864
1.156,-28.22352819
1.157,-28.32647152
1.158,-28.40385265
1.159,-28.45400225
1.16,-28.53967326
1.161,-28.56090117
1.162,-28.65970337
1.163,-28.72096148
1.164,-28.76459845
1.165,-28.82253171
1.166,-28.91870511
1.167,-29.02261041
1.168,-29.05759495
1.169,-29.13535071
1.17,-29.16397042
1.171,-29.2657354
1.172,-29.34676917
1.173,-29.38692279
1.174,-29.46782398
1.175,-29.51990305
1.176,-29.56963813
1.177,-29.65282012
1.178,-29.71766255
1.179,-29.80826003
1.18,-29.88519203
1.181,-29.94627965
1.182,-30.02760879
1.183,-30.09354052
1.184,-30.11815479
1.185,-30.18918207
1.186,-30.26699879
1.187,-30.34528666
1.188,-30.40328172
1.189,-30.49787039
1.19,-30.57180742
1.191,-30.62911974
1.192,-30.71055952
1.193,-30.76273843
1.194,-30.80234736
1.195,-30.87423795
1.196,-30.93782892
1.197,-31.02523589
1.198,-31.10909627
1.199,-31.21728344
1.2,-31.26029915
1.201,-31.3188629
1.202,-31.3762593
1.203,-31.43072379
1.204,-31.5159789
1.205,-31.59246571
1.206,-31.66900604
1.207,-31.74934524
1.208,-31.81255376
1.209,-31.87140057
1.21,-31.95027165
1.211,-31.98651809
1.212,-32.08089164
1.213,-32.14700526
1.214,-32.22171915
1.215,-32.29646585
1.216,-32.36537741
1.217,-32.43072864
1.218,-32.51681538
1.219,-32.58799434
1.22,-32.64173462
1.221,-32.69400578
1.222,-32.82580858
1.223,-32.89981649
1.224,-32.92916971
1.225,-33.02922262
1.226,-33.06809047
1.227,-33.15289494
1.228,-33.22027439
1.229,-33.2975091
1.23,-33.38866152
1.231,-33.46686516
1.232,-33.53476079
1.233,-33.58094058
1.234,-33.64477373
1.235,-33.71578764
1.236,-33.79044241
1.237,-33.9012237
1.238,-33.96007157
1.239,-34.01853826
1.24,-34.10767577
1.241,-34.17977906
1.242,-34.27073966
1.243,-34.31010347
1.244,-34.3547405
1.245,-34.47253859
1.246,-34.57780515
1.247,-34.6163145
1.248,-34.71225433
1.249,-34.77262331
1.25,-34.84515768
1.251,-34.92942838
1.252,-34.99239305
1.253,-35.0495086
1.254,-35.13294493
1.255,-35.23046922
1.256,-35.29881544
1.257,-35.34056121
1.258,-35.44397034
1.259,-35.53002495
1.26,-35.58564041
1.261,-35.70464702
1.262,-35.74755717
1.263,-35.82087611
1.264,-35.87629415
1.265,-35.96366447
1.266,-36.03549416
1.267,-36.10229673
1.268,-36.22653445
1.269,-36.29075599
1.27,-36.3698708
1.271,-36.45091519
1.272,-36.53005987
1.273,-36.56980669
1.274,-36.65255861
1.275,-36.72640585
1.276,-36.82020275
1.277,-36.9157405
1.278,-36.98366728
1.279,-37.05119563
1.28,-37.14439675
1.281,-37.20544321
1.282,-37.26727645
1.283,-37.31884241
1.284,-37.40825621
1.285,-37.50952316
1.286,-37.6170762
1.287,-37.65711266
1.288,-37.72180951
1.289,-37.82434391
1.29,-37.90722606
1.291,-37.94264947
1.292,-38.0214212
1.293,-38.10408743
1.294,-38.17103364
1.295,-38.26498497
1.296,-38.34470507
1.297,-38.41204245
1.298,-38.50133975
1.299,-38.56217602
1.3,-38.66309902
1.301,-38.71306662
1.302,-38.77723525
1.303,-38.86557412
1.304,-38.92331435
1.305,-39.01502158
1.306,-39.11868591
1.307,-39.17601938
1.308,-39.26875379
1.309,-39.32328474
1.31,-39.36301226
1.311,-39.4560018
1.312,-39.54672274
1.313,-39.60952867
1.314,-39.71168922
1.315,-39.77665244
1.316,-39.83349849
1.317,-39.9405147
1.318,-39.99493541
1.319,-40.04801509
1.32,-40.12017473
1.321,-40.20895133
1.322,-40.28488912
1.323,-40.36703239
1.324,-40.44227979
1.325,-40.5178759
1.326,-40.57101207
1.327,-40.64967842
1.328,-40.73446861
1.329,-40.76288893
1.33,-40.87005362
1.331,-40.93051417
1.332,-41.02022538
1.333,-41.07639995
1.334,-41.1412276
1.335,-41.24412375
1.336,-41.31155747
1.337,-41.38536037
1.338,-41.41866352
1.339,-41.46727913
1.34,-41.55625423
1.341,-41.64212308
1.342,-41.69558529
1.343,-41.77018032
1.344,-41.86783533
1.345,-41.93602109
1.346,-41.99256565
1.347,-42.0221768
1.348,-42.11372664
1.349,-42.15934441
1.35,-42.21994737
1.351,-42.2941876
1.352,-42.39604477
1.353,-42.48073215
1.354,-42.52908732
1.355,-42.57477094
1.356,-42.61100294
1.357,-42.70635416
1.358,-42.75996448
1.359,-42.79396597
1.36,-42.89202983
1.361,-42.93456118
1.362,-43.02324422
1.363,-43.12202421
1.364,-43.15506738
1.365,-43.18900465
1.366,-43.29276049
1.367,-43.31463584
1.368,-43.37219816
1.369,-43.41424113
1.37,-43.50211515
1.371,-43.58873603
1.372,-43.63641669
1.373,-43.68689483
1.374,-43.7648176
1.375,-43.81158459
1.376,-43.84270111
1.377,-43.90178946
1.378,-43.97886089
1.379,-44.01593484
1.38,-44.09042753
1.381,-44.14037838
1.382,-44.20882876
1.383,-44.26584055
1.384,-44.32024272
1.385,-44.35584168
1.386,-44.40340464
1.387,-44.44898457
1.388,-44.51542483
1.389,-44.58411988
1.39,-44.62902882
1.391,-44.68444061
1.392,-44.77155696
1.393,-44.79479197
1.394,-44.82561465
1.395,-44.84506012
1.396,-44.92949494
1.397,-44.99218498
1.398,-45.04277001
1.399,-45.10691409
1.4,-45.16422215
1.401,-45.18759814
1.402,-45.21802997
1.403,-45.29407177
1.404,-45.32538196
1.405,-45.35646192
1.406,-45.40968475
1.407,-45.45269503
1.408,-45.52136408
1.409,-45.55832387
1.41,-45.62481871
1.411,-45.65109627
1.412,-45.6781228
1.413,-45.7218738
1.414,-45.76976372
1.415,-45.79654172
1.416,-45.84798594
1.417,-45.9094978
1.418,-45.94187635
1.419,-45.97503969
1.42,-46.04258175
1.421,-46.08076022
1.422,-46.11648988
1.423,-46.14681613
1.424,-46.1708605
1.425,-46.2131406
1.426,-46.2740105
1.427,-46.31000388
1.428,-46.34770771
1.429,-46.36750213
1.43,-46.42050591
1.431,-46.45146851
1.432,-46.48206802
1.433,-46.53053277
1.434,-46.59806023
1.435,-46.60063591
1.436,-46.64408857
1.437,-46.6920058
1.438,-46.70578387
1.439,-46.7334793
1.44,-46.76497975
1.441,-46.79251222
1.442,-46.83028803
1.443,-46.84788228
1.444,-46.908928
1.445,-46.95559756
1.446,-46.96497356
1.447,-47.01932971
1.448,-47.0937756
1.449,-47.04600761
1.45,-47.07797447
1.451,-47.10171282
1.452,-47.14629063
1.453,-47.18216533
1.454,-47.22144642
1.455,-47.2466726
1.456,-47.28010263
1.457,-47.32349071
1.458,-47.31683872
1.459,-47.33808201
1.46,-47.33488866
1.461,-47.37848784
1.462,-47.44200233
1.463,-47.46517086
1.464,-47.49537739
1.465,-47.50691555
1.466,-47.5516
1.467,-47.53059484
1.468,-47.53865336
1.469,-47.54493444
1.47,-47.60913027
1.471,-47.64739563
1.472,-47.65151806
1.473,-47.66048199
1.474,-47.67405469
1.475,-47.7270515
1.476,-47.72763708
1.477,-47.74331101
1.478,-47.74741369
1.479,-47.77475242
1.48,-47.81370294
1.481,-47.81307896
1.482,-47.80338239
1.483,-47.81861478
1.484,-47.8561927
1.485,-47.87140045
1.486,-47.87138635
1.487,-47.88049664
1.488,-47.93875332
1.489,-47.95031278
1.49,-47.92891973
1.491,-47.95848371
1.492,-47.97255282
1.493,-47.97282819
1.494,-47.96912326
1.495,-47.97935815
1.496,-47.96934035
1.497,-47.99773819
1.498,-48.02604226
1.499,-48.02631314
1.5,-48.05383383
1.501,-48.05110737
1.502,-48.05941785
1.503,-48.03461153
1.504,-48.02036674
1.505,-48.04638718
1.506,-48.06364447
1.507,-48.08105528
1.508,-48.07320183
1.509,-48.07533534
1.51,-48.06652227
1.511,-48.08502024
1.512,-48.08262167
1.513,-48.04784603
1.514,-48.05098582
1.515,-48.08131654
1.516,-48.07808537
1.517,-48.06486138
1.518,-48.06507004
1.519,-48.09130148
1.52,-48.07292534
1.521,-48.05183656
1.522,-48.02979017
1.523,-48.04778624
1.524,-48.06304291
1.525,-48.03613588
1.526,-47.99911795
1.527,-48.02250436
1.528,-48.02264087
1.529,-48.04024895
1.53,-48.01029281
1.531,-47.99758506
1.532,-48.00012774
1.533,-47.99179256
1.534,-47.97394759
1.535,-47.95891638
1.536,-47.96178851
1.537,-47.96962914
1.538,-47.94811106
1.539,-47.93161992
1.54,-47.90680209
1.541,-47.89870388
1.542,-47.91605292
1.543,-47.90913274
1.544,-47.87705859
1.545,-47.88649239
1.546,-47.89107603
1.547,-47.8534108
1.548,-47.8359256
1.549,-47.82771399
1.55,-47.80116247
1.551,-47.79200348
1.552,-47.79396131
1.553,-47.79431926
1.554,-47.79276148
1.555,-47.78364688
1.556,-47.75942524
1.557,-47.74386514
1.558,-47.71610826
1.559,-47.68699047
1.56,-47.7067506
1.561,-47.70471347
1.562,-47.68265602
1.563,-47.68316577
1.564,-47.68470572
1.565,-47.68273032
1.566,-47.64628026
1.567,-47.62698865
1.568,-47.61057271
1.569,-47.58525566
1.57,-47.60579219
1.571,-47.58995638
1.572,-47.58932563
1.573,-47.60112618
1.574,-47.57031873
1.575,-47.5647028
1.576,-47.5504712
1.577,-47.5361175
1.578,-47.51719097
1.579,-47.52261783
1.58,-47.51688475
1.581,-47.50207353
1.582,-47.52192043
1.583,-47.51528046
1.584,-47.49535999
1.585,-47.48265642
1.586,-47.46362622
1.587,-47.47953395
1.588,-47.45930069
1.589,-47.46942813
1.59,-47.47553172
1.591,-47.4663876
1.592,-47.45030607
1.593,-47.42540364
1.594,-47.44259529
1.595,-47.42855331
1.596,-47.4340691
1.597,-47.45010363
1.598,-47.45454318
1.599,-47.42361842
1.6,-47.43748934
1.601,-47.44252268
1.602,-47.43441116
1.603,-47.41783428
1.604,-47.40241877
1.605,-47.40360132
1.606,-47.45178872
1.607,-47.45294457
1.608,-47.44160827
1.609,-47.45662728
1.61,-47.45170695
1.611,-47.43908904
1.612,-47.41845888
1.613,-47.41702868
1.614,-47.4296602
1.615,-47.45249702
1.616,-47.46492086
1.617,-47.45704224
1.618,-47.47626923
1.619,-47.47784992
1.62,-47.47796318
1.621,-47.46038565
1.622,-47.45665517
1.623,-47.47725041
1.624,-47.50388564
1.625,-47.49608344
1.626,-47.49023311
1.627,-47.49353298
1.628,-47.52781133
1.629,-47.49802785
1.63,-47.50546375
1.631,-47.50918079
1.632,-47.53448465
1.633,-47.5551963
1.634,-47.5383597
1.635,-47.53514844
1.636,-47.56688948
1.637,-47.58208059
1.638,-47.57295119
1.639,-47.57425926
1.64,-47.57468817
1.641,-47.57545714
1.642,-47.61072676
1.643,-47.60933051
1.644,-47.61311061
1.645,-47.62881841
1.646,-47.63647246
1.647,-47.63528337
1.648,-47.63355402
1.649,-47.62656419
1.65,-47.64414564
1.651,-47.68265388
1.652,-47.68279161
1.653,-47.67714509
1.654,-47.69877511
1.655,-47.70846196
1.656,-47.69492682
1.657,-47.6768933
1.658,-47.68054119
1.659,-47.71279631
1.66,-47.73818785
1.661,-47.7375923
1.662,-47.7502941
1.663,-47.75672563
1.664,-47.75569604
1.665,-47.74400508
1.666,-47.75629148
1.667,-47.75092338
1.668,-47.75065184
1.669,-47.79104004
1.67,-47.78074244
1.671,-47.7683649
1.672,-47.79164317
1.673,-47.80454927
1.674,-47.80944245
1.675,-47.79266897
1.676,-47.80444346
1.677,-47.80074226
1.678,-47.81763593
1.679,-47.81967017
1.68,-47.81725319
1.681,-47.83730451
1.682,-47.82537092
1.683,-47.80976539
1.684,-47.83425586
1.685,-47.8310452
1.686,-47.80614391
1.687,-47.83392278
1.688,-47.84350979
1.689,-47.84983564
1.69,-47.84941886
1.691,-47.85394716
1.692,-47.84205856
1.693,-47.84517915
1.694,-47.83267893
1.695,-47.84298086
1.696,-47.86605862
1.697,-47.8504281
1.698,-47.84758934
1.699,-47.85342641
1.7,-47.83657478
1.701,-47.82032025
1.702,-47.82614268
1.703,-47.83446016
1.704,-47.82231571
1.705,-47.8553497
1.706,-47.84451683
1.707,-47.85411649
1.708,-47.81940387
1.709,-47.82521661
1.71,-47.81811145
1.711,-47.82219169
1.712,-47.80466316
1.713,-47.78893303
1.714,-47.81825961
1.715,-47.82114338
1.716,-47.79071825
1.717,-47.8188973
1.718,-47.82056592
1.719,-47.79918641
1.72,-47.7921446
1.721,-47.77568727
1.722,-47.76719862
1.723,-47.7844251
1.724,-47.77760958
1.725,-47.7742777
1.726,-47.76012096
1.727,-47.76877026
1.728,-47.76146739
1.729,-47.7495752
1.73,-47.73549254
1.731,-47.71773706
1.732,-47.74958608
1.733,-47.75261657
1.734,-47.74137326
1.735,-47.7283689
1.736,-47.72152628
1.737,-47.72667767
1.738,-47.71490213
1.739,-47.69813191
1.74,-47.67373978
1.741,-47.71404047
1.742,-47.71274531
1.743,-47.69345487
1.744,-47.68820664
1.745,-47.68883795
1.746,-47.680635
1.747,-47.67337109
1.748,-47.66662443
1.749,-47.64663149
1.75,-47.65996998
1.751,-47.66608158
1.752,-47.66333569
1.753,-47.66676616
1.754,-47.66093521
1.755,-47.64167803
1.756,-47.62925716
1.757,-47.61251669
1.758,-47.59510697
1.759,-47.63044716
1.76,-47.64133286
1.761,-47.63735868
1.762,-47.62529137
1.763,-47.62946117
1.764,-47.61321263
1.765,-47.60880295
1.766,-47.59013984
1.767,-47.55817648
1.768,-47.60900523
1.769,-47.5979094
1.77,-47.59743039
1.771,-47.60923926
1.772,-47.61407725
1.773,-47.59086333
1.774,-47.57832924
1.775,-47.58547802
1.776,-47.56387181
1.777,-47.58998543
1.778,-47.59465613
1.779,-47.58236496
1.78,-47.57819733
1.781,-47.58057068
1.782,-47.58677467
1.783,-47.58187423
1.784,-47.55947698
1.785,-47.55804564
1.786,-47.58682046
1.787,-47.57497305
1.788,-47.57600851
1.789,-47.59268073
1.79,-47.59510663
1.791,-47.58373905
1.792,-47.56692092
1.793,-47.56742771
1.794,-47.56655404
1.795,-47.58239406
1.796,-47.58894508
1.797,-47.59268443
1.798,-47.5820683
1.799,-47.58343039
1.8,-47.60638231
1.801,-47.57529415
1.802,-47.57788433
1.803,-47.56859546
1.804,-47.61106812
1.805,-47.59921455
1.806,-47.61534607
1.807,-47.60915341
1.808,-47.61512565
1.809,-47.61471347
1.81,-47.57386769
1.811,-47.59324292
1.812,-47.59627217
1.813,-47.61506202
1.814,-47.62229695
1.815,-47.62817036
1.816,-47.624672
1.817,-47.61759278
1.818,-47.63987931
1.819,-47.63394071
1.82,-47.63747745
1.821,-47.61579549
1.822,-47.61964499
1.823,-47.64379767
1.824,-47.65284594
1.825,-47.63011258
1.826,-47.67107802
1.827,-47.67692992
1.828,-47.64980178
1.829,-47.65498855
1.83,-47.64296324
1.831,-47.66639877
1.832,-47.66978105
1.833,-47.67397481
1.834,-47.66577459
1.835,-47.68731321
1.836,-47.69425226
1.837,-47.69193032
1.838,-47.68759674
1.839,-47.66424249
1.84,-47.68273727
1.841,-47.70113649
1.842,-47.70050038
1.843,-47.71313067
1.844,-47.70979949
1.845,-47.70963534
1.846,-47.7006887
1.847,-47.70509882
1.848,-47.69710842
1.849,-47.72311753
1.85,-47.74394899
1.851,-47.73187999
1.852,-47.71530821
1.853,-47.72658189
1.854,-47.73473624
1.855,-47.72267335
1.856,-47.7112338
1.857,-47.71679844
1.858,-47.73045331
1.859,-47.74601269
1.86,-47.74539346
1.861,-47.74230282
1.862,-47.75603935
1.863,-47.75331303
1.864,-47.74720935
1.865,-47.73690695
1.866,-47.71346129
1.867,-47.73515504
1.868,-47.75990838
1.869,-47.76037278
1.87,-47.74745043
1.871,-47.7528724
1.872,-47.77828567
1.873,-47.76231977
1.874,-47.76183628
1.875,-47.71844428
1.876,-47.73067084
1.877,-47.75943956
1.878,-47.75646403
1.879,-47.75864196
1.88,-47.76846778
1.881,-47.78485935
1.882,-47.74012044
1.883,-47.74883961
1.884,-47.73048882
1.885,-47.75226977
1.886,-47.76401783
1.887,-47.75839022
1.888,-47.72891754
1.889,-47.73961914
1.89,-47.76145157
1.891,-47.76110233
1.892,-47.74607797
1.893,-47.71796182
1.894,-47.73760701
1.895,-47.76751303
1.896,-47.74692899
1.897,-47.72433793
1.898,-47.74297611
1.899,-47.75528776
1.9,-47.71652105
1.901,-47.72760275
1.902,-47.71607352
1.903,-47.73185838
1.904,-47.74598324
1.905,-47.73714019
1.906,-47.7292352
1.907,-47.72239399
1.908,-47.72626278
1.909,-47.71858817
1.91,-47.70964198
1.911,-47.68737933
1.912,-47.69900124
1.913,-47.73118694
1.914,-47.71684957
1.915,-47.71902423
1.916,-47.7139584
1.917,-47.72965571
1.918,-47.69824011
1.919,-47.68246249
1.92,-47.67089272
1.921,-47.68982248
1.922,-47.71815645
1.923,-47.69928292
1.924,-47.69462932
1.925,-47.68627739
1.926,-47.68808426
1.927,-47.67947663
1.928,-47.68570613
1.929,-47.66139926
1.93,-47.65992217
1.931,-47.67220135
1.932,-47.6773894
1.933,-47.67399813
1.934,-47.67230113
1.935,-47.70208195
1.936,-47.67084815
1.937,-47.66520582
1.938,-47.6453219
1.939,-47.65939201
1.94,-47.66041328
1.941,-47.65134723
1.942,-47.6487021
1.943,-47.65842345
1.944,-47.67201694
1.945,-47.64590319
1.946,-47.65583322
1.947,-47.64964278
1.948,-47.63335108
1.949,-47.65625322
1.95,-47.65336022
1.951,-47.64950649
1.952,-47.65734764
1.953,-47.64813605
1.954,-47.62478657
1.955,-47.64092945
1.956,-47.63527476
1.957,-47.62256247
1.958,-47.65383705
1.959,-47.6564072
1.96,-47.65097098
1.961,-47.63464909
1.962,-47.63563267
1.963,-47.62522623
1.964,-47.64047321
1.965,-47.62794703
1.966,-47.62313175
1.967,-47.63891075
1.968,-47.64957875
1.969,-47.64202276
1.97,-47.6429813
1.971,-47.64748783
1.972,-47.62326951
1.973,-47.64944971
1.974,-47.62988888
1.975,-47.6067391
1.976,-47.64932974
1.977,-47.65635374
1.978,-47.64835892
1.979,-47.64553152
1.98,-47.66050351
1.981,-47.64785763
1.982,-47.64996668
1.983,-47.62210465
1.984,-47.61116952
1.985,-47.64652881
1.986,-47.64638672
1.987,-47.64266211
1.988,-47.66256001
1.989,-47.67746708
1.99,-47.66840338
1.991,-47.65905815
1.992,-47.63718033
1.993,-47.63928864
1.994,-47.66703895
1.995,-47.66580049
1.996,-47.65042459
1.997,-47.64877968
1.998,-47.65635165
1.999,-47.66619285
2,-47.68594607
2.001,-47.65169331
2.002,-47.65339529
2.003,-47.67506358
2.004,-47.68246331
2.005,-47.65971808
2.006,-47.66778041
2.007,-47.68401636
2.008,-47.68018997
2.009,-47.67926867
2.01,-47.65799526
2.011,-47.67354854
2.012,-47.69118649
2.013,-47.68134639
2.014,-47.675682
2.015,-47.68102516
2.016,-47.68716388
2.017,-47.68797172
2.018,-47.70501671
2.019,-47.67161026
2.02,-47.65632422
2.021,-47.69740801
2.022,-47.70655403
2.023,-47.68606039
2.024,-47.68642229
2.025,-47.70835254
2.026,-47.72137478
2.027,-47.7034813
2.028,-47.66429393
2.029,-47.66774031
2.03,-47.70869325
2.031,-47.71925081
2.032,-47.70261303
2.033,-47.7092786
2.034,-47.72002056
2.035,-47.71597423
2.036,-47.71551176
2.037,-47.68844707
2.038,-47.69209774
2.039,-47.70749056
2.04,-47.70422285
2.041,-47.70249755
2.042,-47.70110841
2.043,-47.73010602
2.044,-47.72945095
2.045,-47.72082446
2.046,-47.69189336
2.047,-47.69527893
2.048,-47.72458454
2.049,-47.72672111
2.05,-47.70046614
2.051,-47.7008578
2.052,-47.72039053
2.053,-47.73081194
2.054,-47.71933018
2.055,-47.70208548
2.056,-47.69632798
2.057,-47.7040643
2.058,-47.72023988
2.059,-47.71587894
2.06,-47.71044501
2.061,-47.71744084
2.062,-47.72858864
2.063,-47.72944997
2.064,-47.7012212
2.065,-47.69203198
2.066,-47.71335969
2.067,-47.72703721
2.068,-47.71487214
2.069,-47.71733828
2.07,-47.7068576
2.071,-47.71339297
2.072,-47.72889132
2.073,-47.69476623
2.074,-47.68512241
2.075,-47.71145733
2.076,-47.72439043
2.077,-47.71820914
2.078,-47.70516672
2.079,-47.71379814
2.08,-47.71462519
2.081,-47.72015889
2.082,-47.68765882
2.083,-47.67671099
2.084,-47.69022169
2.085,-47.71103866
2.086,-47.7145141
2.087,-47.69944678
2.088,-47.7005582
2.089,-47.7149842
2.09,-47.72898323
2.091,-47.69881459
2.092,-47.66927188
2.093,-47.67884395
2.094,-47.70575389
2.095,-47.69476799
2.096,-47.6927789
2.097,-47.70737514
2.098,-47.70123325
2.099,-47.71509579
2.1,-47.67984855
2.101,-47.66633604
2.102,-47.68046182
2.103,-47.70199139
2.104,-47.69980476
2.105,-47.68392001
2.106,-47.68864409
2.107,-47.69526683
2.108,-47.71165755
2.109,-47.68941942
2.11,-47.66661767
2.111,-47.66762278
2.112,-47.69614465
2.113,-47.6900076
2.114,-47.66806844
2.115,-47.68258913
2.116,-47.6936141
2.117,-47.70644083
2.118,-47.67094084
2.119,-47.65134529
2.12,-47.69608539
2.121,-47.70090112
2.122,-47.67764232
2.123,-47.66519349
2.124,-47.68315086
2.125,-47.68569781
2.126,-47.70139407
2.127,-47.67226808
2.128,-47.64771128
2.129,-47.65210991
2.13,-47.6823194
2.131,-47.67863898
2.132,-47.66981136
2.133,-47.68172658
2.134,-47.69400282
2.135,-47.711993
2.136,-47.6502108
2.137,-47.63068202
2.138,-47.6670276
2.139,-47.680147
2.14,-47.67287973
2.141,-47.66492665
2.142,-47.68479699
2.143,-47.6867299
2.144,-47.69548322
2.145,-47.65517178
2.146,-47.64820458
2.147,-47.67210912
2.148,-47.67601138
2.149,-47.66472278
2.15,-47.6590806
2.151,-47.67185124
2.152,-47.69071196
2.153,-47.68860941
2.154,-47.65374441
2.155,-47.64180636
2.156,-47.66654274
2.157,-47.67789393
2.158,-47.67146183
2.159,-47.65561862
2.16,-47.66685027
2.161,-47.69552448
2.162,-47.69447388
2.163,-47.66412306
2.164,-47.65800392
2.165,-47.66071444
2.166,-47.66560414
2.167,-47.66376821
2.168,-47.67012117
2.169,-47.68553256
2.17,-47.6961847
2.171,-47.68531894
2.172,-47.65561344
2.173,-47.64167826
2.174,-47.66152509
2.175,-47.68839554
2.176,-47.67978823
2.177,-47.66676255
2.178,-47.68770642
2.179,-47.69639565
2.18,-47.69596534
2.181,-47.66458885
2.182,-47.6418963
2.183,-47.66309489
2.184,-47.68497268
2.185,-47.68038133
2.186,-47.6717836
2.187,-47.67743266
2.188,-47.70349082
2.189,-47.69721585
2.19,-47.67541439
2.191,-47.65771446
2.192,-47.67206531
2.193,-47.68811151
2.194,-47.67933034
2.195,-47.66797082
2.196,-47.68166132
2.197,-47.7009423
2.198,-47.71119699
2.199,-47.68874943
2.2,-47.65971575
2.201,-47.66763118
2.202,-47.6780757
2.203,-47.68847792
2.204,-47.67015063
2.205,-47.69302072
2.206,-47.71923061
2.207,-47.72227809
2.208,-47.67801434
2.209,-47.65634532
2.21,-47.67313595
2.211,-47.69248514
2.212,-47.69498786
2.213,-47.68927283
2.214,-47.68436762
2.215,-47.69888517
2.216,-47.71914686
2.217,-47.69580688
2.218,-47.67232206
2.219,-47.6863027
2.22,-47.69071007
2.221,-47.71092139
2.222,-47.69661792
2.223,-47.68679416
2.224,-47.70789896
2.225,-47.72546671
2.226,-47.68777455
2.227,-47.65916568
2.228,-47.67758299
2.229,-47.70022385
2.23,-47.71315808
2.231,-47.69021966
2.232,-47.6892899
2.233,-47.72291424
2.234,-47.73213797
2.235,-47.69461316
2.236,-47.68068997
2.237,-47.67117443
2.238,-47.68166263
2.239,-47.70474817
2.24,-47.68706023
2.241,-47.6990273
2.242,-47.71448472
2.243,-47.7421451
2.244,-47.71000311
2.245,-47.66725801
2.246,-47.66646784
2.247,-47.70734223
2.248,-47.71383253
2.249,-47.67787196
2.25,-47.69498481
2.251,-47.72634777
2.252,-47.72413718
2.253,-47.70708024
2.254,-47.67249481
2.255,-47.67934338
2.256,-47.69882727
2.257,-47.71154208
2.258,-47.68572493
2.259,-47.6925953
2.26,-47.7128091
2.261,-47.71983973
2.262,-47.70343896
2.263,-47.67790544
2.264,-47.68121098
2.265,-47.7127507
2.266,-47.70927466
2.267,-47.68615432
2.268,-47.68611356
2.269,-47.6989336
2.27,-47.71700361
2.271,-47.70281018
2.272,-47.66884279
2.273,-47.68592619
2.274,-47.70520647
2.275,-47.70396092
2.276,-47.67705946
2.277,-47.70028736
2.278,-47.71474395
2.279,-47.71376912
2.28,-47.68295514
2.281,-47.66034483
2.282,-47.66142029
2.283,-47.67633414
2.284,-47.70142025
2.285,-47.68136596
2.286,-47.68421042
2.287,-47.71020982
2.288,-47.71646957
2.289,-47.70040336
2.29,-47.66372643
2.291,-47.66669638
2.292,-47.67919754
2.293,-47.69262476
2.294,-47.67753361
2.295,-47.69017524
2.296,-47.71068648
2.297,-47.70244239
2.298,-47.67884945
2.299,-47.66266431
2.3,-47.67682861
2.301,-47.67764889
2.302,-47.68727734
2.303,-47.66576155
2.304,-47.68004374
2.305,-47.70553574
2.306,-47.69836982
2.307,-47.68358054
2.308,-47.67287396
2.309,-47.66789013
2.31,-47.66995695
2.311,-47.68210938
2.312,-47.65569156
2.313,-47.66512076
2.314,-47.6958526
2.315,-47.6957172
2.316,-47.6805293
2.317,-47.65671424
2.318,-47.66301162
2.319,-47.6729525
2.32,-47.69165622
2.321,-47.66414581
2.322,-47.68423327
2.323,-47.69053093
2.324,-47.67598292
2.325,-47.67708879
2.326,-47.66024493
2.327,-47.65505508
2.328,-47.66778428
2.329,-47.6873075
2.33,-47.67532167
2.331,-47.68805439
2.332,-47.69981121
2.333,-47.68737024
2.334,-47.67279358
2.335,-47.64813251
2.336,-47.64570428
2.337,-47.6713358
2.338,-47.69586926
2.339,-47.66563252
2.34,-47.67013905
2.341,-47.68290078
2.342,-47.70284758
2.343,-47.68593262
2.344,-47.65450794
2.345,-47.6591444
2.346,-47.66335319
2.347,-47.68858726
2.348,-47.66955345
2.349,-47.67871351
2.35,-47.70274894
2.351,-47.69810499
2.352,-47.69371214
2.353,-47.6644052
2.354,-47.64467753
2.355,-47.65640152
2.356,-47.68871504
2.357,-47.67057728
2.358,-47.66487298
2.359,-47.70398311
2.36,-47.71372194
2.361,-47.69778501
2.362,-47.66135059
2.363,-47.66173542
2.364,-47.6790445
2.365,-47.68856523
2.366,-47.67712896
2.367,-47.67189947
2.368,-47.69163974
2.369,-47.69390347
2.37,-47.68883588
2.371,-47.66238701
2.372,-47.66382126
2.373,-47.68120918
2.374,-47.71387436
2.375,-47.69347732
2.376,-47.67221597
2.377,-47.68544696
2.378,-47.69032054
2.379,-47.70287128
2.38,-47.66963666
2.381,-47.65948615
2.382,-47.6793644
2.383,-47.7118847
2.384,-47.6858152
2.385,-47.67807425
2.386,-47.70543065
2.387,-47.70724052
2.388,-47.71019865
2.389,-47.66430707
2.39,-47.65759851
2.391,-47.67246753
2.392,-47.70310585
2.393,-47.69379743
2.394,-47.68288817
2.395,-47.7021771
2.396,-47.70685364
2.397,-47.72158565
2.398,-47.67432229
2.399,-47.65056236
2.4,-47.67124246
2.401,-47.71095782
2.402,-47.6798138
2.403,-47.68884397
2.404,-47.71668684
2.405,-47.72415938
2.406,-47.71574826
2.407,-47.67239262
2.408,-47.66175034
2.409,-47.68798242
2.41,-47.70706541
2.411,-47.67507729
2.412,-47.67395871
2.413,-47.69169094
2.414,-47.70516715
2.415,-47.71620054
2.416,-47.68618412
2.417,-47.68778642
2.418,-47.68332627
2.419,-47.70061327
2.42,-47.68174713
2.421,-47.68118131
2.422,-47.69195419
2.423,-47.70476661
2.424,-47.71138555
2.425,-47.68148045
2.426,-47.6726139
2.427,-47.68290615
2.428,-47.70192576
2.429,-47.68539877
2.43,-47.68473246
2.431,-47.70752227
2.432,-47.70443482
2.433,-47.70866117
2.434,-47.67847381
2.435,-47.67545716
2.436,-47.67773887
2.437,-47.69753324
2.438,-47.68628307
2.439,-47.69406967
2.44,-47.70065906
2.441,-47.70101886
2.442,-47.70212573
2.443,-47.67109136
2.444,-47.66138164
2.445,-47.66567419
2.446,-47.70737417
2.447,-47.69319788
2.448,-47.69298985
2.449,-47.69678935
2.45,-47.69668617
