#Exudyn implicit second order time integration sensor output file
#measure Object number = 245
#OutputVariableType = Force
#simulation started = 2022-04-08,00:49:04
#columns contain: time, comma separated sensor values (e.g, x,y,z position coordinates)
#number of sensor values = 1
#Exudyn version = 1.2.34.dev1; Python3.9.11; Windows AVX2 FLOAT64
#
0,0
0.001,-3.046576087e-05
0.002,0.001865213171
0.003,0.001113215434
0.004,-0.001721462804
0.005,0.0002191096656
0.006,0.0002339313141
0.007,0.0004744492707
0.008,0.0007258149655
0.009,0.0007806145489
0.01,0.0001011220827
0.011,-0.0003596019817
0.012,4.796206455e-06
0.013,0.0002205237632
0.014,0.0004899429192
0.015,0.0007193693154
0.016,0.000287278849
0.017,-0.0001669531787
0.018,-0.0002297363622
0.019,6.395288177e-05
0.02,0.0002957377272
0.021,0.0004343596896
0.022,0.0003063190869
0.023,0.0001477881554
0.024,-0.0001741350027
0.025,-0.0001586300379
0.026,8.402275229e-05
0.027,0.0002973038908
0.028,0.0001927069898
0.029,0.000252560641
0.03,-0.0001601778866
0.031,-0.0001457010356
0.032,2.735830888e-06
0.033,0.0001235156661
0.034,0.0002128196298
0.035,0.0001978779417
0.036,-1.727822479e-05
0.037,-0.00019450284
0.038,-0.0001681417095
0.039,-0.0001191732276
0.04,-1.724937534e-05
0.041,0.0001240126233
0.042,5.834931167e-05
0.043,-0.0001367187292
0.044,-0.0002845150633
0.045,-0.0002413178704
0.046,-0.0001243963742
0.047,-0.0001705239536
0.048,-2.604644698e-05
0.049,-0.000175592033
0.05,-0.0001992122398
0.051,-0.09326862782
0.052,-0.1288335793
0.053,-0.1643342267
0.054,-0.1997024473
0.055,-0.2359576913
0.056,-0.2814904713
0.057,-0.3532395011
0.058,-0.4485106871
0.059,-0.5515880121
0.06,-0.65524678
0.061,-0.7594104518
0.062,-0.8691388078
0.063,-0.9940813801
0.064,-1.137854597
0.065,-1.293971695
0.066,-1.45645674
0.067,-1.619640247
0.068,-1.785854173
0.069,-1.959355854
0.07,-2.143433961
0.071,-2.341149835
0.072,-2.547426312
0.073,-2.75401377
0.074,-2.963759405
0.075,-3.175228583
0.076,-3.392423211
0.077,-3.617744509
0.078,-3.847590451
0.079,-4.084089915
0.08,-4.317936408
0.081,-4.551591176
0.082,-4.787001559
0.083,-5.021897415
0.084,-5.265238029
0.085,-5.507759217
0.086,-5.752148062
0.087,-5.992066398
0.088,-6.233453552
0.089,-6.470456824
0.09,-6.708817868
0.091,-6.945333247
0.092,-7.181853573
0.093,-7.417628883
0.094,-7.648406671
0.095,-7.879215561
0.096,-8.102952763
0.097,-8.326185152
0.098,-8.543352472
0.099,-8.760987229
0.1,-8.970788736
0.101,-9.179404588
0.102,-9.381385207
0.103,-9.578783739
0.104,-9.768684909
0.105,-9.957452844
0.106,-10.13931316
0.107,-10.31923458
0.108,-10.49100357
0.109,-10.65713281
0.11,-10.81590476
0.111,-10.97127581
0.112,-11.11882602
0.113,-11.26033824
0.114,-11.3981283
0.115,-11.52946538
0.116,-11.65017079
0.117,-11.76813715
0.118,-11.87995002
0.119,-11.98529504
0.12,-12.0802724
0.121,-12.17249615
0.122,-12.25524626
0.123,-12.33217079
0.124,-12.40237381
0.125,-12.46906313
0.126,-12.53005393
0.127,-12.58080344
0.128,-12.6259326
0.129,-12.66131609
0.13,-12.68895141
0.131,-12.7114355
0.132,-12.72964659
0.133,-12.74579912
0.134,-12.75123619
0.135,-12.75016357
0.136,-12.73948927
0.137,-12.72340768
0.138,-12.70173731
0.139,-12.67689059
0.14,-12.65191975
0.141,-12.61742924
0.142,-12.57818146
0.143,-12.53102978
0.144,-12.47646119
0.145,-12.41711497
0.146,-12.36119855
0.147,-12.30016737
0.148,-12.2374532
0.149,-12.1623145
0.15,-12.084349
0.151,-12.00458621
0.152,-11.92205407
0.153,-11.84294906
0.154,-11.75796819
0.155,-11.66860441
0.156,-11.57545979
0.157,-11.48338238
0.158,-11.38459106
0.159,-11.28916721
0.16,-11.20047555
0.161,-11.10559729
0.162,-11.00739122
0.163,-10.9054945
0.164,-10.80782611
0.165,-10.71497628
0.166,-10.61963564
0.167,-10.52814712
0.168,-10.43417516
0.169,-10.33962535
0.17,-10.25051157
0.171,-10.15907033
0.172,-10.07646683
0.173,-9.992312758
0.174,-9.911239379
0.175,-9.834681663
0.176,-9.758471662
0.177,-9.685762093
0.178,-9.614523213
0.179,-9.554794009
0.18,-9.495863086
0.181,-9.438134798
0.182,-9.379367225
0.183,-9.330541789
0.184,-9.284553808
0.185,-9.240936475
0.186,-9.208905788
0.187,-9.178742623
0.188,-9.154619513
0.189,-9.126352846
0.19,-9.107999367
0.191,-9.093266298
0.192,-9.088518657
0.193,-9.084314719
0.194,-9.090548914
0.195,-9.099092408
0.196,-9.111001633
0.197,-9.125551168
0.198,-9.14774645
0.199,-9.17644314
0.2,-9.208544006
0.201,-9.256252256
0.202,-9.293198245
0.203,-9.342407314
0.204,-9.396938865
0.205,-9.45737241
0.206,-9.519060557
0.207,-9.586600946
0.208,-9.663069493
0.209,-9.740474014
0.21,-9.821985116
0.211,-9.906370193
0.212,-9.996466921
0.213,-10.09128838
0.214,-10.19011821
0.215,-10.29457386
0.216,-10.39777201
0.217,-10.50625422
0.218,-10.62223005
0.219,-10.73514413
0.22,-10.85284858
0.221,-10.9688075
0.222,-11.10057693
0.223,-11.22688935
0.224,-11.35654444
0.225,-11.48273206
0.226,-11.62089522
0.227,-11.75054576
0.228,-11.88284522
0.229,-12.01968253
0.23,-12.15980536
0.231,-12.30290847
0.232,-12.44235789
0.233,-12.58254729
0.234,-12.7221983
0.235,-12.85478471
0.236,-12.99898562
0.237,-13.14024916
0.238,-13.27620531
0.239,-13.41876551
0.24,-13.56788397
0.241,-13.7033432
0.242,-13.83102525
0.243,-13.96599091
0.244,-14.1067493
0.245,-14.23342454
0.246,-14.37504045
0.247,-14.50147586
0.248,-14.62969199
0.249,-14.75561614
0.25,-14.87629409
0.251,-14.99633886
0.252,-15.11480497
0.253,-15.23449527
0.254,-15.34287176
0.255,-15.4611559
0.256,-15.5651757
0.257,-15.67235022
0.258,-15.77744962
0.259,-15.87656067
0.26,-15.96639215
0.261,-16.06280873
0.262,-16.15731567
0.263,-16.23972789
0.264,-16.31812816
0.265,-16.40956681
0.266,-16.49051621
0.267,-16.55802774
0.268,-16.62066832
0.269,-16.69216759
0.27,-16.75896311
0.271,-16.81937115
0.272,-16.88188832
0.273,-16.92879574
0.274,-16.97183863
0.275,-17.02802471
0.276,-17.06354948
0.277,-17.10383272
0.278,-17.14636912
0.279,-17.1772105
0.28,-17.20709484
0.281,-17.23491883
0.282,-17.25444507
0.283,-17.27582925
0.284,-17.29942809
0.285,-17.31114516
0.286,-17.32399545
0.287,-17.32546621
0.288,-17.34607043
0.289,-17.34582123
0.29,-17.34331273
0.291,-17.3373575
0.292,-17.35697784
0.293,-17.33215577
0.294,-17.32279681
0.295,-17.32585702
0.296,-17.31057146
0.297,-17.30583752
0.298,-17.28879022
0.299,-17.25804223
0.3,-17.26308653
0.301,-17.23519587
0.302,-17.21126442
0.303,-17.19818259
0.304,-17.17745167
0.305,-17.15788776
0.306,-17.12989078
0.307,-17.09942808
0.308,-17.08902817
0.309,-17.06201543
0.31,-17.03906809
0.311,-17.01666502
0.312,-16.98966232
0.313,-16.96986807
0.314,-16.9269147
0.315,-16.91935312
0.316,-16.88498932
0.317,-16.8691197
0.318,-16.85810524
0.319,-16.83646727
0.32,-16.8024276
0.321,-16.78766499
0.322,-16.77764086
0.323,-16.75650313
0.324,-16.74632006
0.325,-16.72498683
0.326,-16.71389138
0.327,-16.72101682
0.328,-16.68840425
0.329,-16.70049825
0.33,-16.6829028
0.331,-16.68488123
0.332,-16.67655762
0.333,-16.67972933
0.334,-16.67691165
0.335,-16.69922564
0.336,-16.71855157
0.337,-16.6982057
0.338,-16.72904273
0.339,-16.73279606
0.34,-16.74651892
0.341,-16.7476588
0.342,-16.78870397
0.343,-16.80484705
0.344,-16.83841619
0.345,-16.87574993
0.346,-16.892512
0.347,-16.92638331
0.348,-16.96117256
0.349,-16.99505294
0.35,-17.03534572
0.351,-17.08647606
0.352,-17.10926247
0.353,-17.17889781
0.354,-17.21526401
0.355,-17.26881621
0.356,-17.33091048
0.357,-17.35700798
0.358,-17.44867979
0.359,-17.48354635
0.36,-17.54220909
0.361,-17.634983
0.362,-17.68005418
0.363,-17.75277386
0.364,-17.8132417
0.365,-17.89656516
0.366,-17.9401813
0.367,-18.03291966
0.368,-18.10307212
0.369,-18.18776418
0.37,-18.24058677
0.371,-18.34376763
0.372,-18.40482527
0.373,-18.49381391
0.374,-18.58102677
0.375,-18.65161391
0.376,-18.74631637
0.377,-18.82780388
0.378,-18.90896638
0.379,-19.0096202
0.38,-19.07648165
0.381,-19.17545895
0.382,-19.25454749
0.383,-19.35171122
0.384,-19.4240993
0.385,-19.53462826
0.386,-19.60440231
0.387,-19.71141281
0.388,-19.79095031
0.389,-19.86249854
0.39,-19.95455782
0.391,-20.06198149
0.392,-20.11412102
0.393,-20.23311882
0.394,-20.30654077
0.395,-20.39280775
0.396,-20.45295085
0.397,-20.56522142
0.398,-20.60587723
0.399,-20.73348962
0.4,-20.76603998
0.401,-20.89797339
0.402,-20.9334077
0.403,-21.04521425
0.404,-21.10403568
0.405,-21.18319914
0.406,-21.25868776
0.407,-21.32119962
0.408,-21.40069738
0.409,-21.46848352
0.41,-21.54289444
0.411,-21.5988644
0.412,-21.68688835
0.413,-21.74339135
0.414,-21.78983996
0.415,-21.88001783
0.416,-21.89571033
0.417,-21.97326801
0.418,-22.01847247
0.419,-22.08634736
0.42,-22.1357071
0.421,-22.18954324
0.422,-22.22711023
0.423,-22.30534706
0.424,-22.32474217
0.425,-22.39499906
0.426,-22.42052555
0.427,-22.48713045
0.428,-22.49813198
0.429,-22.5789504
0.43,-22.57355493
0.431,-22.65473107
0.432,-22.63708086
0.433,-22.70196607
0.434,-22.73098321
0.435,-22.74823768
0.436,-22.81439517
0.437,-22.82613408
0.438,-22.85942568
0.439,-22.88518373
0.44,-22.90212093
0.441,-22.90558695
0.442,-22.94955105
0.443,-22.95710168
0.444,-23.0088072
0.445,-23.02160115
0.446,-23.04672481
0.447,-23.05095968
0.448,-23.07421855
0.449,-23.08516581
0.45,-23.1167183
0.451,-23.13125973
0.452,-23.12822408
0.453,-23.18390628
0.454,-23.15809482
0.455,-23.19479513
0.456,-23.18151306
0.457,-23.21266939
0.458,-23.2252229
0.459,-23.21900468
0.46,-23.25185875
0.461,-23.2777819
0.462,-23.26983125
0.463,-23.30735979
0.464,-23.30417249
0.465,-23.2898329
0.466,-23.33552235
0.467,-23.34141244
0.468,-23.33574587
0.469,-23.38961049
0.47,-23.39201372
0.471,-23.36884179
0.472,-23.42535969
0.473,-23.41083148
0.474,-23.44986096
0.475,-23.43119778
0.476,-23.48796022
0.477,-23.4738272
0.478,-23.5256315
0.479,-23.53989665
0.48,-23.55384676
0.481,-23.56474823
0.482,-23.58566257
0.483,-23.60033396
0.484,-23.62779336
0.485,-23.65039952
0.486,-23.68940992
0.487,-23.71288846
0.488,-23.76315999
0.489,-23.72675763
0.49,-23.82236356
0.491,-23.79525252
0.492,-23.83451099
0.493,-23.88983959
0.494,-23.91146177
0.495,-23.93467249
0.496,-24.00103303
0.497,-24.01512278
0.498,-24.03443628
0.499,-24.10326022
0.5,-24.05255957
