#Exudyn implicit second order time integration sensor output file
#measure Object number = 245
#OutputVariableType = Force
#simulation started = 2022-04-08,00:48:29
#columns contain: time, comma separated sensor values (e.g, x,y,z position coordinates)
#number of sensor values = 1
#Exudyn version = 1.2.34.dev1; Python3.9.11; Windows AVX2 FLOAT64
#
0,0
0.001,-3.046576087e-05
0.002,0.001865213171
0.003,0.001113215434
0.004,-0.001721462804
0.005,0.0002191096656
0.006,0.0002339313141
0.007,0.0004744492707
0.008,0.0007258149655
0.009,0.0007806145489
0.01,0.0001011220827
0.011,-0.0003596019817
0.012,4.796206455e-06
0.013,0.0002205237632
0.014,0.0004899429192
0.015,0.0007193693154
0.016,0.000287278849
0.017,-0.0001669531787
0.018,-0.0002297363622
0.019,6.395288177e-05
0.02,0.0002957377272
0.021,0.0004343596896
0.022,0.0003063190869
0.023,0.0001477881554
0.024,-0.0001741350027
0.025,-0.0001586300379
0.026,8.402275229e-05
0.027,0.0002973038908
0.028,0.0001927069898
0.029,0.000252560641
0.03,-0.0001601778866
0.031,-0.0001457010356
0.032,2.735830888e-06
0.033,0.0001235156661
0.034,0.0002128196298
0.035,0.0001978779417
0.036,-1.727822479e-05
0.037,-0.00019450284
0.038,-0.0001681417095
0.039,-0.0001191732276
0.04,-1.724937534e-05
0.041,0.0001240126233
0.042,5.834931167e-05
0.043,-0.0001367187292
0.044,-0.0002845150633
0.045,-0.0002413178704
0.046,-0.0001243963742
0.047,-0.0001705239536
0.048,-2.604644698e-05
0.049,-0.000175592033
0.05,-0.0001992122398
0.051,-0.09326862782
0.052,-0.1288335793
0.053,-0.1643342267
0.054,-0.1997024473
0.055,-0.2359576913
0.056,-0.2814904713
0.057,-0.3532395011
0.058,-0.4485106871
0.059,-0.5515880121
0.06,-0.65524678
0.061,-0.7594104518
0.062,-0.8691388078
0.063,-0.9940813801
0.064,-1.137854597
0.065,-1.293971695
0.066,-1.45645674
0.067,-1.619640247
0.068,-1.785854173
0.069,-1.959355854
0.07,-2.143433961
0.071,-2.341149835
0.072,-2.547426312
0.073,-2.75401377
0.074,-2.963759405
0.075,-3.175228583
0.076,-3.392423211
0.077,-3.617744509
0.078,-3.847590451
0.079,-4.084089915
0.08,-4.317936408
0.081,-4.551591176
0.082,-4.787001559
0.083,-5.021897415
0.084,-5.265238029
0.085,-5.507759217
0.086,-5.752148062
0.087,-5.992066398
0.088,-6.233453552
0.089,-6.470456824
0.09,-6.708817868
0.091,-6.945333247
0.092,-7.181853573
0.093,-7.417628883
0.094,-7.648406671
0.095,-7.879215561
0.096,-8.102952763
0.097,-8.326185152
0.098,-8.543352472
0.099,-8.760987229
0.1,-8.970788736
0.101,-9.179404588
0.102,-9.381385207
0.103,-9.578783739
0.104,-9.768684909
0.105,-9.957452844
0.106,-10.13931316
0.107,-10.31923458
0.108,-10.49100357
0.109,-10.65713281
0.11,-10.81590476
0.111,-10.97127581
0.112,-11.11882602
0.113,-11.26033824
0.114,-11.3981283
0.115,-11.52946538
0.116,-11.65017079
0.117,-11.76813715
0.118,-11.87995002
0.119,-11.98529504
0.12,-12.0802724
0.121,-12.17249615
0.122,-12.25524626
0.123,-12.33217079
0.124,-12.40237381
0.125,-12.46906313
0.126,-12.53005393
0.127,-12.58080344
0.128,-12.6259326
0.129,-12.66131609
0.13,-12.68895141
0.131,-12.7114355
0.132,-12.72964659
0.133,-12.74579912
0.134,-12.75123619
0.135,-12.75016357
0.136,-12.73948927
0.137,-12.72340768
0.138,-12.70173731
0.139,-12.67689059
0.14,-12.65191975
0.141,-12.61742924
0.142,-12.57818146
0.143,-12.53102978
0.144,-12.47646119
0.145,-12.41711497
0.146,-12.36119855
0.147,-12.30016737
0.148,-12.2374532
0.149,-12.1623145
0.15,-12.084349
0.151,-12.00458621
0.152,-11.92205407
0.153,-11.84294906
0.154,-11.75796819
0.155,-11.66860441
0.156,-11.57545979
0.157,-11.48338238
0.158,-11.38459106
0.159,-11.28916721
0.16,-11.20047555
0.161,-11.10559729
0.162,-11.00739122
0.163,-10.9054945
0.164,-10.80782611
0.165,-10.71497628
0.166,-10.61963564
0.167,-10.52814712
0.168,-10.43417516
0.169,-10.33962535
0.17,-10.25051157
0.171,-10.15907033
0.172,-10.07646683
0.173,-9.992312758
0.174,-9.911239379
0.175,-9.834681663
0.176,-9.758471662
0.177,-9.685762093
0.178,-9.614523213
0.179,-9.554794009
0.18,-9.495863086
0.181,-9.438134798
0.182,-9.379367225
0.183,-9.330541789
0.184,-9.284553808
0.185,-9.240936475
0.186,-9.208905788
0.187,-9.178742623
0.188,-9.154619513
0.189,-9.126352846
0.19,-9.107999367
0.191,-9.093266298
0.192,-9.088518657
0.193,-9.084314719
0.194,-9.090548914
0.195,-9.099092408
0.196,-9.111001633
0.197,-9.125551168
0.198,-9.14774645
0.199,-9.17644314
0.2,-9.208544006
0.201,-9.256252256
0.202,-9.293198245
0.203,-9.342407314
0.204,-9.396938865
0.205,-9.45737241
0.206,-9.519060557
0.207,-9.586600946
0.208,-9.663069493
0.209,-9.740474014
0.21,-9.821985116
0.211,-9.906370193
0.212,-9.996466921
0.213,-10.09128838
0.214,-10.19011821
0.215,-10.29457386
0.216,-10.39777201
0.217,-10.50625422
0.218,-10.62223005
0.219,-10.73514413
0.22,-10.85284858
0.221,-10.9688075
0.222,-11.10057693
0.223,-11.22688935
0.224,-11.35654444
0.225,-11.48273206
0.226,-11.62089522
0.227,-11.75054576
0.228,-11.88284522
0.229,-12.01968253
0.23,-12.15980536
0.231,-12.30290847
0.232,-12.44235789
0.233,-12.58254729
0.234,-12.7221983
0.235,-12.85478471
0.236,-12.99898562
0.237,-13.14024916
0.238,-13.27620531
0.239,-13.41876551
0.24,-13.56788397
0.241,-13.7033432
0.242,-13.83102525
0.243,-13.96599091
0.244,-14.1067493
0.245,-14.23342454
0.246,-14.37504045
0.247,-14.50147586
0.248,-14.62969199
0.249,-14.75561614
0.25,-14.87629409
0.251,-14.99633886
0.252,-15.11480497
0.253,-15.23449527
0.254,-15.34287176
0.255,-15.4611559
0.256,-15.5651757
0.257,-15.67235022
0.258,-15.77744962
0.259,-15.87656067
0.26,-15.96639215
0.261,-16.06280873
0.262,-16.15731567
0.263,-16.23972789
0.264,-16.31812816
0.265,-16.40956681
0.266,-16.49051621
0.267,-16.55802774
0.268,-16.62066832
0.269,-16.69216759
0.27,-16.75896311
0.271,-16.81937115
0.272,-16.88188832
0.273,-16.92879574
0.274,-16.97183863
0.275,-17.02802471
0.276,-17.06354948
0.277,-17.10383272
0.278,-17.14636912
0.279,-17.1772105
0.28,-17.20709484
0.281,-17.23491883
0.282,-17.25444507
0.283,-17.27582925
0.284,-17.29942809
0.285,-17.31114516
0.286,-17.32399545
0.287,-17.32546621
0.288,-17.34607043
0.289,-17.34582123
0.29,-17.34331273
0.291,-17.3373575
0.292,-17.35697784
0.293,-17.33215577
0.294,-17.32279681
0.295,-17.32585702
0.296,-17.31057146
0.297,-17.30583752
0.298,-17.28879022
0.299,-17.25804223
0.3,-17.26308653
0.301,-17.23519587
0.302,-17.21126442
0.303,-17.19818259
0.304,-17.17745167
0.305,-17.15788776
0.306,-17.12989078
0.307,-17.09942808
0.308,-17.08902817
0.309,-17.06201543
0.31,-17.03906809
0.311,-17.01666502
0.312,-16.98966232
0.313,-16.96986807
0.314,-16.9269147
0.315,-16.91935312
0.316,-16.88498932
0.317,-16.8691197
0.318,-16.85810524
0.319,-16.83646727
0.32,-16.8024276
0.321,-16.78766499
0.322,-16.77764086
0.323,-16.75650313
0.324,-16.74632006
0.325,-16.72498683
0.326,-16.71389138
0.327,-16.72101682
0.328,-16.68840425
0.329,-16.70049825
0.33,-16.6829028
0.331,-16.68488123
0.332,-16.67655762
0.333,-16.67972933
0.334,-16.67691165
0.335,-16.69922564
0.336,-16.71855157
0.337,-16.6982057
0.338,-16.72904273
0.339,-16.73279606
0.34,-16.74651892
0.341,-16.7476588
0.342,-16.78870397
0.343,-16.80484705
0.344,-16.83841619
0.345,-16.87574993
0.346,-16.892512
0.347,-16.92638331
0.348,-16.96117256
0.349,-16.99505294
0.35,-17.03534572
0.351,-17.08647606
0.352,-17.10926247
0.353,-17.17889781
0.354,-17.21526401
0.355,-17.26881621
0.356,-17.33091048
0.357,-17.35700798
0.358,-17.44867979
0.359,-17.48354635
0.36,-17.54220909
0.361,-17.634983
0.362,-17.68005418
0.363,-17.75277386
0.364,-17.8132417
0.365,-17.89656516
0.366,-17.9401813
0.367,-18.03291966
0.368,-18.10307212
0.369,-18.18776418
0.37,-18.24058677
0.371,-18.34376763
0.372,-18.40482527
0.373,-18.49381391
0.374,-18.58102677
0.375,-18.65161391
0.376,-18.74631637
0.377,-18.82780388
0.378,-18.90896638
0.379,-19.0096202
0.38,-19.07648165
0.381,-19.17545895
0.382,-19.25454749
0.383,-19.35171122
0.384,-19.4240993
0.385,-19.53462826
0.386,-19.60440231
0.387,-19.71141281
0.388,-19.79095031
0.389,-19.86249854
0.39,-19.95455782
0.391,-20.06198149
0.392,-20.11412102
0.393,-20.23311882
0.394,-20.30654077
0.395,-20.39280775
0.396,-20.45295085
0.397,-20.56522142
0.398,-20.60587723
0.399,-20.73348962
0.4,-20.76603998
0.401,-20.89797339
0.402,-20.9334077
0.403,-21.04521425
0.404,-21.10403568
0.405,-21.18319914
0.406,-21.25868776
0.407,-21.32119962
0.408,-21.40069738
0.409,-21.46848352
0.41,-21.54289444
0.411,-21.5988644
0.412,-21.68688835
0.413,-21.74339135
0.414,-21.78983996
0.415,-21.88001783
0.416,-21.89571033
0.417,-21.97326801
0.418,-22.01847247
0.419,-22.08634736
0.42,-22.1357071
0.421,-22.18954324
0.422,-22.22711023
0.423,-22.30534706
0.424,-22.32474217
0.425,-22.39499906
0.426,-22.42052555
0.427,-22.48713045
0.428,-22.49813198
0.429,-22.5789504
0.43,-22.57355493
0.431,-22.65473107
0.432,-22.63708086
0.433,-22.70196607
0.434,-22.73098321
0.435,-22.74823768
0.436,-22.81439517
0.437,-22.82613408
0.438,-22.85942568
0.439,-22.88518373
0.44,-22.90212093
0.441,-22.90558695
0.442,-22.94955105
0.443,-22.95710168
0.444,-23.0088072
0.445,-23.02160115
0.446,-23.04672481
0.447,-23.05095968
0.448,-23.07421855
0.449,-23.08516581
0.45,-23.1167183
0.451,-23.13125973
0.452,-23.12822408
0.453,-23.18390628
0.454,-23.15809482
0.455,-23.19479513
0.456,-23.18151306
0.457,-23.21266939
0.458,-23.2252229
0.459,-23.21900468
0.46,-23.25185875
0.461,-23.2777819
0.462,-23.26983125
0.463,-23.30735979
0.464,-23.30417249
0.465,-23.2898329
0.466,-23.33552235
0.467,-23.34141244
0.468,-23.33574587
0.469,-23.38961049
0.47,-23.39201372
0.471,-23.36884179
0.472,-23.42535969
0.473,-23.41083148
0.474,-23.44986096
0.475,-23.43119778
0.476,-23.48796022
0.477,-23.4738272
0.478,-23.5256315
0.479,-23.53989665
0.48,-23.55384676
0.481,-23.56474823
0.482,-23.58566257
0.483,-23.60033396
0.484,-23.62779336
0.485,-23.65039952
0.486,-23.68940992
0.487,-23.71288846
0.488,-23.76315999
0.489,-23.72675763
0.49,-23.82236356
0.491,-23.79525252
0.492,-23.83451099
0.493,-23.88983959
0.494,-23.91146177
0.495,-23.93467249
0.496,-24.00103303
0.497,-24.01512278
0.498,-24.03443628
0.499,-24.10326022
0.5,-24.05255957
0.501,-24.09552065
0.502,-24.13198115
0.503,-24.20231136
0.504,-24.20823071
0.505,-24.26469212
0.506,-24.3065805
0.507,-24.34283096
0.508,-24.31524911
0.509,-24.37657882
0.51,-24.37859027
0.511,-24.41853054
0.512,-24.47880153
0.513,-24.5109609
0.514,-24.59272238
0.515,-24.62200992
0.516,-24.62697058
0.517,-24.73764136
0.518,-24.70325042
0.519,-24.762911
0.52,-24.78070691
0.521,-24.78882956
0.522,-24.78908047
0.523,-24.88775635
0.524,-24.90990652
0.525,-24.97044282
0.526,-25.00223396
0.527,-24.99732415
0.528,-25.05656649
0.529,-25.07139398
0.53,-25.10670422
0.531,-25.12730083
0.532,-25.21916619
0.533,-25.26962213
0.534,-25.30266555
0.535,-25.33494018
0.536,-25.3737339
0.537,-25.38836832
0.538,-25.44614116
0.539,-25.47847611
0.54,-25.56450659
0.541,-25.60045137
0.542,-25.64785786
0.543,-25.73966648
0.544,-25.76999346
0.545,-25.78452076
0.546,-25.83494985
0.547,-25.85231085
0.548,-25.90759767
0.549,-25.94916812
0.55,-25.99661278
0.551,-26.02749052
0.552,-26.14734011
0.553,-26.12835286
0.554,-26.19973928
0.555,-26.25731801
0.556,-26.27064107
0.557,-26.32129857
0.558,-26.34258833
0.559,-26.45678137
0.56,-26.49411703
0.561,-26.54644634
0.562,-26.61799278
0.563,-26.66240367
0.564,-26.68009802
0.565,-26.75977414
0.566,-26.77847343
0.567,-26.86975702
0.568,-26.92175354
0.569,-27.02024031
0.57,-27.0236601
0.571,-27.07406422
0.572,-27.158857
0.573,-27.21060572
0.574,-27.25582698
0.575,-27.32620877
0.576,-27.34431363
0.577,-27.46039861
0.578,-27.48445616
0.579,-27.55779871
0.58,-27.60084472
0.581,-27.70134591
0.582,-27.67794274
0.583,-27.74550148
0.584,-27.83265358
0.585,-27.87688465
0.586,-27.93906289
0.587,-27.9828158
0.588,-28.06734196
0.589,-28.07740838
0.59,-28.15057517
0.591,-28.18867189
0.592,-28.24358125
0.593,-28.30648898
0.594,-28.3509744
0.595,-28.36695201
0.596,-28.45312462
0.597,-28.4975671
0.598,-28.56914781
0.599,-28.56375585
0.6,-28.62976248
0.601,-28.60501842
0.602,-28.63857357
0.603,-28.62977195
0.604,-28.63468931
0.605,-28.6249957
0.606,-28.69567571
0.607,-28.63764267
0.608,-28.63075167
0.609,-28.66194835
0.61,-28.59526471
0.611,-28.57025977
0.612,-28.51307073
0.613,-28.44025468
0.614,-28.34891588
0.615,-28.3040136
0.616,-28.24679674
0.617,-28.16322121
0.618,-28.11294504
0.619,-27.98113749
0.62,-27.8871278
0.621,-27.81494441
0.622,-27.72125007
0.623,-27.55349998
0.624,-27.4436914
0.625,-27.3055393
0.626,-27.18793898
0.627,-27.06122957
0.628,-26.96489848
0.629,-26.81535219
0.63,-26.66649746
0.631,-26.51194626
0.632,-26.35833717
0.633,-26.18416839
0.634,-26.06694853
0.635,-25.88202777
0.636,-25.71715994
0.637,-25.57739566
0.638,-25.43048495
0.639,-25.21338498
0.64,-25.09158624
0.641,-24.87372831
0.642,-24.77187019
0.643,-24.58082843
0.644,-24.40707478
0.645,-24.22945907
0.646,-24.09464385
0.647,-23.90139722
0.648,-23.72615905
0.649,-23.59183549
0.65,-23.40733464
0.651,-23.24255039
0.652,-23.08451763
0.653,-22.93140071
0.654,-22.74887154
0.655,-22.58281998
0.656,-22.43558015
0.657,-22.28954796
0.658,-22.15292661
0.659,-22.01032701
0.66,-21.86163424
0.661,-21.76676996
0.662,-21.64784672
0.663,-21.4782864
0.664,-21.33857034
0.665,-21.24944048
0.666,-21.13895054
0.667,-20.98645753
0.668,-20.91549314
0.669,-20.75983636
0.67,-20.74197262
0.671,-20.60219468
0.672,-20.52230386
0.673,-20.43077825
0.674,-20.35419269
0.675,-20.27586779
0.676,-20.19936666
0.677,-20.14150207
0.678,-20.08348127
0.679,-20.05319197
0.68,-19.98133147
0.681,-19.93228571
0.682,-19.89989587
0.683,-19.88894913
0.684,-19.87926675
0.685,-19.85174554
0.686,-19.85671926
0.687,-19.84229202
0.688,-19.82238379
0.689,-19.82276878
0.69,-19.84981257
0.691,-19.8537165
0.692,-19.87086338
0.693,-19.86514981
0.694,-19.93325527
0.695,-19.96640899
0.696,-20.00570428
0.697,-19.9905986
0.698,-20.09128094
0.699,-20.09446383
0.7,-20.2020955
0.701,-20.20285599
0.702,-20.27038354
0.703,-20.38037707
0.704,-20.41913996
0.705,-20.47059556
0.706,-20.55853586
0.707,-20.63718108
0.708,-20.69621873
0.709,-20.81296962
0.71,-20.88468003
0.711,-20.98369718
0.712,-21.10417763
0.713,-21.16211774
0.714,-21.26972545
0.715,-21.35512377
0.716,-21.46920723
0.717,-21.55883341
0.718,-21.67271682
0.719,-21.76341597
0.72,-21.87730293
0.721,-21.96923818
0.722,-22.08704356
0.723,-22.18574499
0.724,-22.29830186
0.725,-22.37014619
0.726,-22.51332385
0.727,-22.57415001
0.728,-22.72952853
0.729,-22.78005998
0.73,-22.91275852
0.731,-22.96729991
0.732,-23.08562225
0.733,-23.21428844
0.734,-23.31270683
0.735,-23.4348698
0.736,-23.53536389
0.737,-23.63501788
0.738,-23.68211315
0.739,-23.8082481
0.74,-23.83929773
0.741,-23.93427301
0.742,-24.05553517
0.743,-24.13258205
0.744,-24.19840918
0.745,-24.30245688
0.746,-24.37092127
0.747,-24.45446458
0.748,-24.47373101
0.749,-24.55458482
0.75,-24.62667526
0.751,-24.7226988
0.752,-24.77109845
0.753,-24.82896105
0.754,-24.89077862
0.755,-24.93439524
0.756,-24.97405148
0.757,-25.00949471
0.758,-25.07607281
0.759,-25.08865949
0.76,-25.10363847
0.761,-25.16924693
0.762,-25.20066051
0.763,-25.24269671
0.764,-25.23704873
0.765,-25.26775269
0.766,-25.31431601
0.767,-25.3316328
0.768,-25.30367962
0.769,-25.34139298
0.77,-25.34746208
0.771,-25.37502813
0.772,-25.36466657
0.773,-25.34895799
0.774,-25.33374759
0.775,-25.35628126
0.776,-25.34390141
0.777,-25.32677273
0.778,-25.30742242
0.779,-25.27445963
0.78,-25.27698557
0.781,-25.24960108
0.782,-25.23534296
0.783,-25.22525221
0.784,-25.20244328
0.785,-25.19972363
0.786,-25.14045304
0.787,-25.10729935
0.788,-25.03899937
0.789,-25.00481232
0.79,-24.97636341
0.791,-24.91658519
0.792,-24.9182279
0.793,-24.85819043
0.794,-24.82231852
0.795,-24.77604136
0.796,-24.70952639
0.797,-24.62821249
0.798,-24.59623125
0.799,-24.55334466
0.8,-24.50984094
0.801,-24.47254861
0.802,-24.4247875
0.803,-24.37888182
0.804,-24.32094886
0.805,-24.20879718
0.806,-24.17405945
0.807,-24.10553968
0.808,-24.05676562
0.809,-23.99766853
0.81,-23.94666335
0.811,-23.90480129
0.812,-23.8518568
0.813,-23.74846285
0.814,-23.71771178
0.815,-23.64807523
0.816,-23.63978228
0.817,-23.52951262
0.818,-23.50580609
0.819,-23.46332993
0.82,-23.42170095
0.821,-23.30664788
0.822,-23.25975451
0.823,-23.22523565
0.824,-23.14323033
0.825,-23.14085645
0.826,-23.06820076
0.827,-23.04945109
0.828,-22.99409515
0.829,-22.92911844
0.83,-22.85367829
0.831,-22.8588023
0.832,-22.77976224
0.833,-22.75313982
0.834,-22.74803369
0.835,-22.73870085
0.836,-22.67610091
0.837,-22.6403527
0.838,-22.57377816
0.839,-22.57293464
0.84,-22.53032534
0.841,-22.51460233
0.842,-22.49665159
0.843,-22.46411532
0.844,-22.47695774
0.845,-22.41130299
0.846,-22.41052509
0.847,-22.36262624
0.848,-22.3557631
0.849,-22.37537434
0.85,-22.38359837
0.851,-22.38261371
0.852,-22.34280525
0.853,-22.36505667
0.854,-22.29630818
0.855,-22.34363669
0.856,-22.31063879
0.857,-22.33277262
0.858,-22.34498886
0.859,-22.39031946
0.86,-22.37347649
0.861,-22.40682171
0.862,-22.36320744
0.863,-22.3828863
0.864,-22.37749216
0.865,-22.41941354
0.866,-22.41815932
0.867,-22.46886139
0.868,-22.44325025
0.869,-22.49815748
0.87,-22.49915003
0.871,-22.5578534
0.872,-22.56136717
0.873,-22.57460281
0.874,-22.61185739
0.875,-22.62887123
0.876,-22.64076785
0.877,-22.69227654
0.878,-22.71578156
0.879,-22.71545694
0.88,-22.72825709
0.881,-22.80265793
0.882,-22.82193411
0.883,-22.87498095
0.884,-22.87517959
0.885,-22.90337845
0.886,-22.94334636
0.887,-22.95880803
0.888,-22.96678923
0.889,-22.99539383
0.89,-23.02539121
0.891,-23.07997883
0.892,-23.10564437
0.893,-23.15829882
0.894,-23.19055344
0.895,-23.20918041
0.896,-23.1845282
0.897,-23.23104417
0.898,-23.24302215
0.899,-23.27161622
0.9,-23.29112893
0.901,-23.36056546
0.902,-23.3957505
0.903,-23.42040783
0.904,-23.41059003
0.905,-23.41507148
0.906,-23.41660654
0.907,-23.47589213
0.908,-23.46271005
0.909,-23.4955317
0.91,-23.52449937
0.911,-23.56096967
0.912,-23.59116231
0.913,-23.57012747
0.914,-23.62598327
0.915,-23.59623667
0.916,-23.63981925
0.917,-23.62077043
0.918,-23.65604194
0.919,-23.64080309
0.92,-23.66307804
0.921,-23.6847845
0.922,-23.71105172
0.923,-23.70901215
0.924,-23.73460082
0.925,-23.72744264
0.926,-23.75751926
0.927,-23.71135508
0.928,-23.73595801
0.929,-23.69818426
0.93,-23.72013198
0.931,-23.7706618
0.932,-23.79295715
0.933,-23.7796927
0.934,-23.79449464
0.935,-23.79395521
0.936,-23.79309874
0.937,-23.75556218
0.938,-23.72949445
0.939,-23.71111734
0.94,-23.75118721
0.941,-23.74617037
0.942,-23.77801108
0.943,-23.76362487
0.944,-23.78569812
0.945,-23.78910573
0.946,-23.76768704
0.947,-23.70255784
0.948,-23.69579742
0.949,-23.69764922
0.95,-23.70281831
0.951,-23.71748587
0.952,-23.7457369
0.953,-23.72925605
0.954,-23.69036567
0.955,-23.69306374
0.956,-23.70121033
0.957,-23.65112737
0.958,-23.63029079
0.959,-23.61979316
0.96,-23.60556952
0.961,-23.63145763
0.962,-23.63580044
0.963,-23.59812099
0.964,-23.64146522
0.965,-23.61577203
0.966,-23.61723176
0.967,-23.56182435
0.968,-23.54244434
0.969,-23.51881467
0.97,-23.49757621
0.971,-23.4982135
0.972,-23.51086171
0.973,-23.54349024
0.974,-23.50258317
0.975,-23.53623979
0.976,-23.49523639
0.977,-23.4775634
0.978,-23.41091867
0.979,-23.39781174
0.98,-23.38901586
0.981,-23.38647133
0.982,-23.37754878
0.983,-23.45554978
0.984,-23.42419591
0.985,-23.43115731
0.986,-23.39956164
0.987,-23.48194353
0.988,-23.31324041
0.989,-23.33507418
0.99,-23.28167666
0.991,-23.29370307
0.992,-23.31155076
0.993,-23.32563294
0.994,-23.34335754
0.995,-23.33237723
0.996,-23.31868246
0.997,-23.31094969
0.998,-23.26941083
0.999,-23.24718786
1,-23.21506797
1.001,-23.24172583
1.002,-23.2148818
1.003,-23.26187104
1.004,-23.27079921
1.005,-23.26113225
1.006,-23.26348181
1.007,-23.26581632
1.008,-23.26296461
1.009,-23.19741981
1.01,-23.20891187
1.011,-23.17832451
1.012,-23.15240213
1.013,-23.19779923
1.014,-23.22897026
1.015,-23.25636876
1.016,-23.23829457
1.017,-23.25915042
1.018,-23.25116244
1.019,-23.24142213
1.02,-23.15852825
1.021,-23.14682585
1.022,-23.17698338
1.023,-23.19837174
1.024,-23.23960444
1.025,-23.2839573
1.026,-23.2798117
1.027,-23.28011894
1.028,-23.26221564
1.029,-23.24346903
1.03,-23.21759066
1.031,-23.19801539
1.032,-23.23092669
1.033,-23.21951451
1.034,-23.3030784
1.035,-23.30845136
1.036,-23.30915508
1.037,-23.31130712
1.038,-23.35080182
1.039,-23.31936479
1.04,-23.31618995
1.041,-23.28765524
1.042,-23.28452568
1.043,-23.320469
1.044,-23.34099431
1.045,-23.36674209
1.046,-23.42212358
1.047,-23.42654468
1.048,-23.463491
1.049,-23.43590505
1.05,-23.46431857
1.051,-23.43989623
1.052,-23.41562494
1.053,-23.44266718
1.054,-23.45175236
1.055,-23.50935661
1.056,-23.58044247
1.057,-23.58584787
1.058,-23.63252996
1.059,-23.6420201
1.06,-23.75640023
1.061,-23.58271858
1.062,-23.6205945
1.063,-23.61016297
1.064,-23.6599193
1.065,-23.71205202
1.066,-23.77198005
1.067,-23.82519774
1.068,-23.84723162
1.069,-23.86774776
1.07,-23.85908639
1.071,-23.83934347
1.072,-23.85351721
1.073,-23.8739993
1.074,-23.92152089
1.075,-23.97655615
1.076,-24.06978186
1.077,-24.10593017
1.078,-24.11924366
1.079,-24.13773164
1.08,-24.16592508
1.081,-24.18936663
1.082,-24.18559032
1.083,-24.21242847
1.084,-24.27155597
1.085,-24.3043706
1.086,-24.39202594
1.087,-24.41165542
1.088,-24.47464546
1.089,-24.53629115
1.09,-24.52507301
1.091,-24.56798378
1.092,-24.55430611
1.093,-24.61562303
1.094,-24.63203825
1.095,-24.72306769
1.096,-24.79658695
1.097,-24.86802242
1.098,-24.89539534
1.099,-24.95283203
1.1,-24.96430303
1.101,-24.99612423
1.102,-25.00473037
1.103,-25.04778227
1.104,-25.07324606
1.105,-25.22244868
1.106,-25.26861716
1.107,-25.3325335
1.108,-25.40614187
1.109,-25.43902764
1.11,-25.42898622
1.111,-25.45622265
1.112,-25.49517636
1.113,-25.5721725
1.114,-25.64077379
1.115,-25.75087655
1.116,-25.80732217
1.117,-25.89505564
1.118,-25.92309693
1.119,-25.90817633
1.12,-25.9446133
1.121,-25.98262648
1.122,-26.0915464
1.123,-26.15774631
1.124,-26.26895547
1.125,-26.3210307
1.126,-26.41380865
1.127,-26.42422551
1.128,-26.44459929
1.129,-26.46879535
1.13,-26.53116165
1.131,-26.61821838
1.132,-26.73377877
1.133,-26.81351597
1.134,-26.89145745
1.135,-26.9021349
1.136,-26.98757675
1.137,-26.99465918
1.138,-27.03537765
1.139,-27.08747755
1.14,-27.19365133
1.141,-27.29800666
1.142,-27.38907094
1.143,-27.44242374
1.144,-27.4727447
1.145,-27.50701069
1.146,-27.55899574
1.147,-27.61069485
1.148,-27.69888262
1.149,-27.83817649
1.15,-27.88941068
1.151,-27.96284762
1.152,-27.99640604
1.153,-28.15996953
1.154,-28.06471918
1.155,-28.14209113
1.156,-28.20661375
1.157,-28.33644254
1.158,-28.46035741
1.159,-28.47220288
1.16,-28.55529726
1.161,-28.56831662
1.162,-28.60080818
1.163,-28.65919758
1.164,-28.7587874
1.165,-28.84323825
1.166,-28.98344182
1.167,-29.02901088
1.168,-29.07775637
1.169,-29.11519675
1.17,-29.14076466
1.171,-29.20746713
1.172,-29.31204648
1.173,-29.40296534
1.174,-29.52487792
1.175,-29.56516552
1.176,-29.56301998
1.177,-29.64678893
1.178,-29.70903808
1.179,-29.76665552
1.18,-29.88992394
1.181,-29.97628493
1.182,-30.04242457
1.183,-30.132525
1.184,-30.09019241
1.185,-30.16238694
1.186,-30.21194075
1.187,-30.30915123
1.188,-30.42704031
1.189,-30.51366548
1.19,-30.63633413
1.191,-30.64754027
1.192,-30.66604996
1.193,-30.72346819
1.194,-30.7809555
1.195,-30.88774249
1.196,-30.98550524
1.197,-31.05200058
1.198,-31.12589575
1.199,-31.16163299
1.2,-31.21650936
1.201,-31.27343723
1.202,-31.39378849
1.203,-31.47390947
1.204,-31.54367783
1.205,-31.620847
1.206,-31.64991799
1.207,-31.69613265
1.208,-31.75199052
1.209,-31.87195815
1.21,-31.9726501
1.211,-32.03660593
1.212,-32.07409227
1.213,-32.14931399
1.214,-32.20565881
1.215,-32.26830497
1.216,-32.36420049
1.217,-32.4737207
1.218,-32.55791308
1.219,-32.55934714
1.22,-32.63328695
1.221,-32.68660525
1.222,-32.79566375
1.223,-32.88178299
1.224,-32.9552317
1.225,-32.99543344
1.226,-33.04800272
1.227,-33.11563597
1.228,-33.20759517
1.229,-33.31753843
1.23,-33.41026141
1.231,-33.49204317
1.232,-33.5283885
1.233,-33.53762059
1.234,-33.60502106
1.235,-33.6962224
1.236,-33.80381884
1.237,-33.92125996
1.238,-33.98943594
1.239,-34.03071392
1.24,-34.05262504
1.241,-34.14021587
1.242,-34.25087302
1.243,-34.34807226
1.244,-34.411444
1.245,-34.46973295
1.246,-34.56876854
1.247,-34.59113035
1.248,-34.66991579
1.249,-34.78488915
1.25,-34.84989223
1.251,-34.92693906
1.252,-34.95484557
1.253,-35.03887235
1.254,-35.11357128
1.255,-35.23827309
1.256,-35.3229703
1.257,-35.35444919
1.258,-35.40417412
1.259,-35.48178341
1.26,-35.59440246
1.261,-35.70436734
1.262,-35.79217352
1.263,-35.84318932
1.264,-35.87960857
1.265,-35.93975833
1.266,-36.03176742
1.267,-36.11740171
1.268,-36.23342678
1.269,-36.29246637
1.27,-36.30073295
1.271,-36.39815241
1.272,-36.51733291
1.273,-36.60486142
1.274,-36.65610245
1.275,-36.75092072
1.276,-36.79797433
1.277,-36.87140673
1.278,-36.96834498
1.279,-37.078482
1.28,-37.16189876
1.281,-37.17178584
1.282,-37.25005385
1.283,-37.31612269
1.284,-37.45125727
1.285,-37.57391681
1.286,-37.61165889
1.287,-37.60961555
1.288,-37.6539841
1.289,-37.77336904
1.29,-37.90293973
1.291,-37.99758137
1.292,-38.024089
1.293,-38.06920172
1.294,-38.15730467
1.295,-38.28793163
1.296,-38.36777412
1.297,-38.4086754
1.298,-38.49546656
1.299,-38.54899098
1.3,-38.65328097
1.301,-38.73428431
1.302,-38.79281129
1.303,-38.85386509
1.304,-38.9291366
1.305,-39.01065508
1.306,-39.11719182
1.307,-39.21538475
1.308,-39.27223923
1.309,-39.28904421
1.31,-39.34552604
1.311,-39.44918777
1.312,-39.56600769
1.313,-39.62070727
1.314,-39.68210006
1.315,-39.75474227
1.316,-39.83289887
1.317,-39.96131016
1.318,-40.02954018
1.319,-40.06745315
1.32,-40.08953811
1.321,-40.18403518
1.322,-40.28545645
1.323,-40.39478997
1.324,-40.43333451
1.325,-40.50920435
1.326,-40.59652556
1.327,-40.6867786
1.328,-40.73855351
1.329,-40.77081569
1.33,-40.82157283
1.331,-40.91315292
1.332,-41.01829096
1.333,-41.10506654
1.334,-41.15421481
1.335,-41.19535697
1.336,-41.25119948
1.337,-41.36912805
1.338,-41.44310634
1.339,-41.51540669
1.34,-41.54479475
1.341,-41.61122331
1.342,-41.69819961
1.343,-41.78624869
1.344,-41.86696799
1.345,-41.90515677
1.346,-41.94301156
1.347,-42.03735516
1.348,-42.12083987
1.349,-42.22282643
1.35,-42.22527219
1.351,-42.30107809
1.352,-42.39557089
1.353,-42.49663015
1.354,-42.53795472
1.355,-42.55381719
1.356,-42.61503181
1.357,-42.72266798
1.358,-42.7843847
1.359,-42.82606739
1.36,-42.85985554
1.361,-42.91888087
1.362,-43.02613783
1.363,-43.13431833
1.364,-43.17225143
1.365,-43.16605918
1.366,-43.25074789
1.367,-43.34489651
1.368,-43.41442283
1.369,-43.43608862
1.37,-43.47497029
1.371,-43.53682265
1.372,-43.61922232
1.373,-43.68968799
1.374,-43.71570717
1.375,-43.79908609
1.376,-43.86979377
1.377,-43.89922429
1.378,-43.95908098
1.379,-44.00927778
1.38,-44.0817484
1.381,-44.15529799
1.382,-44.21060271
1.383,-44.26713155
1.384,-44.27941518
1.385,-44.33755326
1.386,-44.40855042
1.387,-44.44457515
1.388,-44.48505522
1.389,-44.55772687
1.39,-44.60482795
1.391,-44.69770646
1.392,-44.77506649
1.393,-44.79514114
1.394,-44.84345278
1.395,-44.87747548
1.396,-44.94875697
1.397,-45.00040845
1.398,-45.00734115
1.399,-45.06613029
1.4,-45.12050784
1.401,-45.1847178
1.402,-45.2159083
1.403,-45.30378837
1.404,-45.32174532
1.405,-45.380784
1.406,-45.40469072
1.407,-45.43793603
1.408,-45.52325894
1.409,-45.58616021
1.41,-45.65286561
1.411,-45.686912
1.412,-45.66010903
1.413,-45.72237679
1.414,-45.80360496
1.415,-45.80277182
1.416,-45.79119625
1.417,-45.89277266
1.418,-45.95132977
1.419,-46.03390376
1.42,-46.04562568
1.421,-46.09273908
1.422,-46.10135186
1.423,-46.15897182
1.424,-46.19235987
1.425,-46.20437662
1.426,-46.2758458
1.427,-46.3283952
1.428,-46.37362047
1.429,-46.38597742
1.43,-46.39140841
1.431,-46.46961679
1.432,-46.50032172
1.433,-46.52363993
1.434,-46.5412926
1.435,-46.60666824
1.436,-46.65521195
1.437,-46.71339427
1.438,-46.70330208
1.439,-46.72835565
1.44,-46.76081355
1.441,-46.81408008
1.442,-46.8343779
1.443,-46.84892046
1.444,-46.93679269
1.445,-46.97518188
1.446,-46.98818572
1.447,-46.98026834
1.448,-47.01173009
1.449,-47.06784468
1.45,-47.10619567
1.451,-47.11295075
1.452,-47.1109668
1.453,-47.17370346
1.454,-47.23344707
1.455,-47.2495368
1.456,-47.26791399
1.457,-47.30162211
1.458,-47.34008536
1.459,-47.33312126
1.46,-47.32451931
1.461,-47.38425893
1.462,-47.46104016
1.463,-47.47700004
1.464,-47.48314407
1.465,-47.46348731
1.466,-47.49511742
1.467,-47.53141254
1.468,-47.56666701
1.469,-47.55932955
1.47,-47.59875963
1.471,-47.62836797
1.472,-47.65794148
1.473,-47.65617152
1.474,-47.64302586
1.475,-47.72044398
1.476,-47.74411168
1.477,-47.72912331
1.478,-47.73974599
1.479,-47.79926247
1.48,-47.8132064
1.481,-47.8021991
1.482,-47.80726782
1.483,-47.84528154
1.484,-47.87150432
1.485,-47.86563247
1.486,-47.86170494
1.487,-47.90176397
1.488,-47.9207516
1.489,-48.12044136
1.49,-47.93213062
1.491,-47.92684782
1.492,-47.95198632
1.493,-47.98547538
1.494,-47.97209645
1.495,-47.94878524
1.496,-47.99635933
1.497,-48.03213916
1.498,-48.01147841
1.499,-48.02241352
1.5,-48.04327444
1.501,-48.07576583
1.502,-48.07339807
1.503,-48.00238066
1.504,-48.02972662
1.505,-48.06318442
1.506,-48.02592443
1.507,-48.01797027
1.508,-48.06825514
1.509,-48.08414512
1.51,-48.11330171
1.511,-48.08084594
1.512,-48.04438127
1.513,-48.07304138
1.514,-48.07793545
1.515,-48.03435976
1.516,-48.03661456
1.517,-48.0526961
1.518,-48.07291472
1.519,-48.13086982
1.52,-48.1029349
1.521,-48.03799264
1.522,-48.07499618
1.523,-48.07110294
1.524,-47.99784271
1.525,-47.98747075
1.526,-48.00506154
1.527,-48.06302327
1.528,-48.05606655
1.529,-48.02160166
1.53,-47.98206757
1.531,-48.02363042
1.532,-47.9573259
1.533,-47.9276591
1.534,-47.98561688
1.535,-47.97278288
1.536,-47.98794549
1.537,-47.99080489
1.538,-47.96100715
1.539,-47.92876571
1.54,-47.93999434
1.541,-47.89407252
1.542,-47.86930963
1.543,-47.86292113
1.544,-47.86512852
1.545,-47.89868268
1.546,-47.87700535
1.547,-47.8324168
1.548,-47.84673416
1.549,-47.84428378
1.55,-47.76572982
1.551,-47.76474537
1.552,-47.79692267
1.553,-47.79451419
1.554,-47.81018678
1.555,-47.77616419
1.556,-47.76367985
1.557,-47.75181934
1.558,-47.70961969
1.559,-47.68459553
1.56,-47.68549174
1.561,-47.67119385
1.562,-47.67759504
1.563,-47.69238026
1.564,-47.67502722
1.565,-47.67457457
1.566,-47.66017249
1.567,-47.60850909
1.568,-47.57809554
1.569,-47.57784524
1.57,-47.5855343
1.571,-47.59961116
1.572,-47.60195654
1.573,-47.58884752
1.574,-47.59077042
1.575,-47.57352372
1.576,-47.5179682
1.577,-47.51598913
1.578,-47.537312
1.579,-47.52241812
1.58,-47.53614125
1.581,-47.51569896
1.582,-47.51464743
1.583,-47.50746641
1.584,-47.48556509
1.585,-47.45973634
1.586,-47.47890738
1.587,-47.45345444
1.588,-47.45277635
1.589,-47.48608337
1.59,-47.47287522
1.591,-47.48357003
1.592,-47.49253263
1.593,-47.43157385
1.594,-47.40755136
1.595,-47.45436087
1.596,-47.43327935
1.597,-47.43828292
1.598,-47.44775799
1.599,-47.45084008
1.6,-47.4644278
1.601,-47.46132644
1.602,-47.40411318
1.603,-47.39120864
1.604,-47.42086226
1.605,-47.4114368
1.606,-47.44142197
1.607,-47.47076181
1.608,-47.44631703
1.609,-47.47065915
1.61,-47.48749634
1.611,-47.41084196
1.612,-47.40755646
1.613,-47.43560959
1.614,-47.41981105
1.615,-47.42584215
1.616,-47.46517072
1.617,-47.48348571
1.618,-47.50240853
1.619,-47.50348638
1.62,-47.43583088
1.621,-47.45259017
1.622,-47.47808848
1.623,-47.44479562
1.624,-47.46855132
1.625,-47.49936259
1.626,-47.49803865
1.627,-47.53285061
1.628,-47.53517685
1.629,-47.48544618
1.63,-47.49834218
1.631,-47.53302137
1.632,-47.51807467
1.633,-47.52657708
1.634,-47.52836243
1.635,-47.56708891
1.636,-47.58970873
1.637,-47.59389244
1.638,-47.54837407
1.639,-47.57317569
1.64,-47.58173566
1.641,-47.55359463
1.642,-47.57915412
1.643,-47.62709873
1.644,-47.63292355
1.645,-47.64336343
1.646,-47.64897003
1.647,-47.61337926
1.648,-47.62679287
1.649,-47.64102675
1.65,-47.6398029
1.651,-47.688157
1.652,-47.66341716
1.653,-47.70332534
1.654,-47.72497339
1.655,-47.70203756
1.656,-47.66755642
1.657,-47.69846604
1.658,-47.70553899
1.659,-47.69207455
1.66,-47.71627239
1.661,-47.72867897
1.662,-47.75722569
1.663,-47.77650293
1.664,-47.78292631
1.665,-47.74912266
1.666,-47.7576939
1.667,-47.7479596
1.668,-47.76805693
1.669,-47.78513874
1.67,-47.76611479
1.671,-47.78296385
1.672,-47.83001061
1.673,-47.84617118
1.674,-47.79762259
1.675,-47.80215558
1.676,-47.80110363
1.677,-47.82359945
1.678,-47.80735077
1.679,-47.80868946
1.68,-47.82970029
1.681,-47.86075873
1.682,-47.85187703
1.683,-47.84089509
1.684,-47.82635491
1.685,-47.83336712
1.686,-47.84503378
1.687,-47.83288287
1.688,-47.835312
1.689,-47.85267214
1.69,-47.88303103
1.691,-47.87198359
1.692,-47.84138156
1.693,-47.83117006
1.694,-47.86534149
1.695,-47.86843797
1.696,-47.83236413
1.697,-47.82832814
1.698,-47.85023697
1.699,-47.8638693
1.7,-47.85942164
1.701,-47.83716564
1.702,-47.82438851
1.703,-47.86234307
1.704,-47.85028976
1.705,-47.8261429
1.706,-47.83081129
1.707,-47.84963911
1.708,-47.86846939
1.709,-47.86991798
1.71,-47.82889853
1.711,-47.80667047
1.712,-47.82180057
1.713,-47.78700499
1.714,-47.78812815
1.715,-47.82468156
1.716,-47.82921895
1.717,-47.82252856
1.718,-47.81381652
1.719,-47.80002854
1.72,-47.79260999
1.721,-47.79577476
1.722,-47.75490975
1.723,-47.76251283
1.724,-47.78501315
1.725,-47.79562356
1.726,-47.7921175
1.727,-47.79677908
1.728,-47.74883786
1.729,-47.75885151
1.73,-47.75438688
1.731,-47.70147363
1.732,-47.7289162
1.733,-47.74879759
1.734,-47.74667525
1.735,-47.74744061
1.736,-47.73612473
1.737,-47.71215781
1.738,-47.72271734
1.739,-47.70520631
1.74,-47.67230495
1.741,-47.69908763
1.742,-47.70470722
1.743,-47.70106029
1.744,-47.70808286
1.745,-47.70469348
1.746,-47.67476842
1.747,-47.67812058
1.748,-47.65564306
1.749,-47.6248063
1.75,-47.6509038
1.751,-47.67392469
1.752,-47.67162835
1.753,-47.67882465
1.754,-47.66474268
1.755,-47.63512101
1.756,-47.62553408
1.757,-47.60771221
1.758,-47.59116763
1.759,-47.63060742
1.76,-47.63274575
1.761,-47.6421057
1.762,-47.65821997
1.763,-47.67373148
1.764,-47.60999586
1.765,-47.59301384
1.766,-47.58285264
1.767,-47.58034386
1.768,-47.58789914
1.769,-47.59183433
1.77,-47.61185858
1.771,-47.63569214
1.772,-47.62859859
1.773,-47.59003756
1.774,-47.57592813
1.775,-47.56691006
1.776,-47.58349985
1.777,-47.55726309
1.778,-47.58457418
1.779,-47.59638846
1.78,-47.61674227
1.781,-47.62748222
1.782,-47.59015668
1.783,-47.56214623
1.784,-47.56532846
1.785,-47.58344583
1.786,-47.54103753
1.787,-47.56751152
1.788,-47.59031025
1.789,-47.60676174
1.79,-47.61416368
1.791,-47.58412086
1.792,-47.56584977
1.793,-47.58013484
1.794,-47.5898533
1.795,-47.54609818
1.796,-47.5734749
1.797,-47.59814714
1.798,-47.62070382
1.799,-47.61576297
1.8,-47.58114145
1.801,-47.56021554
1.802,-47.58551886
1.803,-47.59862649
1.804,-47.57681186
1.805,-47.5931587
1.806,-47.62205522
1.807,-47.63438841
1.808,-47.62534197
1.809,-47.58743707
1.81,-47.58298522
1.811,-47.60722776
1.812,-47.61902491
1.813,-47.59041562
1.814,-47.61097843
1.815,-47.62258484
1.816,-47.64623838
1.817,-47.6540119
1.818,-47.62699033
1.819,-47.61890827
1.82,-47.6363093
1.821,-47.61935449
1.822,-47.60775031
1.823,-47.62742728
1.824,-47.65815916
1.825,-47.6766773
1.826,-47.66763364
1.827,-47.64230773
1.828,-47.64765722
1.829,-47.65514351
1.83,-47.64607581
1.831,-47.64752912
1.832,-47.65528876
1.833,-47.68139264
1.834,-47.69950834
1.835,-47.70546535
1.836,-47.67026469
1.837,-47.67937665
1.838,-47.6813166
1.839,-47.68004744
1.84,-47.68151793
1.841,-47.69579802
1.842,-47.70987562
1.843,-47.71639466
1.844,-47.71000176
1.845,-47.69263508
1.846,-47.70110035
1.847,-47.70964716
1.848,-47.71052001
1.849,-47.7412532
1.85,-47.7250553
1.851,-47.72701647
1.852,-47.73598925
1.853,-47.74616942
1.854,-47.73339791
1.855,-47.71453614
1.856,-47.71681434
1.857,-47.72582205
1.858,-47.7389426
1.859,-47.74799053
1.86,-47.74807459
1.861,-47.76534226
1.862,-47.77443486
1.863,-47.75989818
1.864,-47.74074111
1.865,-47.72307577
1.866,-47.73759052
1.867,-47.74029542
1.868,-47.75683998
1.869,-47.76208513
1.87,-47.76090542
1.871,-47.79811017
1.872,-47.78775765
1.873,-47.7442088
1.874,-47.72211167
1.875,-47.74802344
1.876,-47.75071065
1.877,-47.74989413
1.878,-47.76176339
1.879,-47.78441109
1.88,-47.79182547
1.881,-47.77991545
1.882,-47.74665477
1.883,-47.74362369
1.884,-47.75789403
1.885,-47.74075399
1.886,-47.73377904
1.887,-47.73449139
1.888,-47.75784294
1.889,-47.78174413
1.89,-47.78010788
1.891,-47.7477088
1.892,-47.73721711
1.893,-47.75354836
1.894,-47.73396368
1.895,-47.72098356
1.896,-47.73163796
1.897,-47.74681904
1.898,-47.76609253
1.899,-47.7472022
1.9,-47.72595725
1.901,-47.73004772
1.902,-47.7331144
1.903,-47.70595927
1.904,-47.71039581
1.905,-47.72593435
1.906,-47.75036404
1.907,-47.74551614
1.908,-47.73001346
1.909,-47.70278772
1.91,-47.71391788
1.911,-47.70444199
1.912,-47.68043853
1.913,-47.69869411
1.914,-47.7205101
1.915,-47.73613613
1.916,-47.72618986
1.917,-47.71249636
1.918,-47.67633711
1.919,-47.69101542
1.92,-47.69026388
1.921,-47.66538111
1.922,-47.67847493
1.923,-47.69694533
1.924,-47.7041762
1.925,-47.70556966
1.926,-47.70407265
1.927,-47.67306947
1.928,-47.68346632
1.929,-47.65284805
1.93,-47.62978616
1.931,-47.64010234
1.932,-47.68293878
1.933,-47.69686546
1.934,-47.68895091
1.935,-47.68437685
1.936,-47.67747986
1.937,-47.66853389
1.938,-47.64379492
1.939,-47.62674698
1.94,-47.64276415
1.941,-47.65755231
1.942,-47.67434371
1.943,-47.67178896
1.944,-47.67516302
1.945,-47.65801903
1.946,-47.64969327
1.947,-47.64884352
1.948,-47.62555871
1.949,-47.64552375
1.95,-47.65881941
1.951,-47.67853824
1.952,-47.66126423
1.953,-47.6548379
1.954,-47.64484552
1.955,-47.63512195
1.956,-47.63575525
1.957,-47.64070997
1.958,-47.64915122
1.959,-47.65149321
1.96,-47.65179084
1.961,-47.67018375
1.962,-47.6652234
1.963,-47.64169284
1.964,-47.61796454
1.965,-47.634317
1.966,-47.6334898
1.967,-47.63249333
1.968,-47.65089857
1.969,-47.66420392
1.97,-47.66771557
1.971,-47.66397223
1.972,-47.64275035
1.973,-47.62279922
1.974,-47.63173391
1.975,-47.61227077
1.976,-47.63064788
1.977,-47.6557798
1.978,-47.65641999
1.979,-47.67968445
1.98,-47.68653183
1.981,-47.65258772
1.982,-47.62466571
1.983,-47.63464836
1.984,-47.61530164
1.985,-47.61461367
1.986,-47.64881586
1.987,-47.66154085
1.988,-47.69248032
1.989,-47.68248433
1.99,-47.64211071
1.991,-47.65196573
1.992,-47.6584814
1.993,-47.64135654
1.994,-47.63729761
1.995,-47.64553485
1.996,-47.6500128
1.997,-47.67136814
1.998,-47.68465961
1.999,-47.65566419
2,-47.65034048
2.001,-47.66010035
2.002,-47.65410548
2.003,-47.64790419
2.004,-47.63931598
2.005,-47.66421694
2.006,-47.69217442
2.007,-47.69225026
2.008,-47.65414688
2.009,-47.65648258
2.01,-47.67930323
2.011,-47.65828258
2.012,-47.65987342
2.013,-47.65775153
2.014,-47.68351823
2.015,-47.71029912
2.016,-47.70725774
2.017,-47.66380331
2.018,-47.67180478
2.019,-47.67040982
2.02,-47.67165986
2.021,-47.67297106
2.022,-47.68301416
2.023,-47.70602402
2.024,-47.72737365
2.025,-47.72309461
2.026,-47.67860014
2.027,-47.6633995
2.028,-47.66611187
2.029,-47.67488903
2.03,-47.68108047
2.031,-47.68850955
2.032,-47.71333371
2.033,-47.73068067
2.034,-47.74236425
2.035,-47.70502439
2.036,-47.68977497
2.037,-47.6899393
2.038,-47.68423348
2.039,-47.67198002
2.04,-47.68530575
2.041,-47.7129912
2.042,-47.72950528
2.043,-47.73500511
2.044,-47.71689981
2.045,-47.70450808
2.046,-47.69968237
2.047,-47.6994018
2.048,-47.68420115
2.049,-47.69636267
2.05,-47.71955958
2.051,-47.72461187
2.052,-47.74885546
2.053,-47.72294366
2.054,-47.69890471
2.055,-47.69886193
2.056,-47.7023764
2.057,-47.68447472
2.058,-47.69678363
2.059,-47.72828107
2.06,-47.73263063
2.061,-47.73740351
2.062,-47.71398024
2.063,-47.70050943
2.064,-47.71411584
2.065,-47.7024071
2.066,-47.70654161
2.067,-47.7251752
2.068,-47.71582904
2.069,-47.72204257
2.07,-47.73531222
2.071,-47.70866601
2.072,-47.68641471
2.073,-47.69616974
2.074,-47.69736852
2.075,-47.69531189
2.076,-47.71482938
2.077,-47.72284073
2.078,-47.7218535
2.079,-47.73332865
2.08,-47.70274151
2.081,-47.69730659
2.082,-47.70155794
2.083,-47.67366652
2.084,-47.66742889
2.085,-47.70691751
2.086,-47.71179866
2.087,-47.70672595
2.088,-47.73322115
2.089,-47.71607626
2.09,-47.69916586
2.091,-47.68845207
2.092,-47.66836935
2.093,-47.66529671
2.094,-47.69171353
2.095,-47.70492543
2.096,-47.7149231
2.097,-47.71384278
2.098,-47.68488312
2.099,-47.70481022
2.1,-47.68882533
2.101,-47.67391364
2.102,-47.66465734
2.103,-47.68258519
2.104,-47.69734117
2.105,-47.68663014
2.106,-47.69593993
2.107,-47.687938
2.108,-47.70815684
2.109,-47.67981573
2.11,-47.66366387
2.111,-47.66733796
2.112,-47.65797841
2.113,-47.68414687
2.114,-47.68258353
2.115,-47.69469085
2.116,-47.67032794
2.117,-47.68625373
2.118,-47.67333083
2.119,-47.66001444
2.12,-47.66813768
2.121,-47.66973788
2.122,-47.6857226
2.123,-47.67986314
2.124,-47.70390753
2.125,-47.68068893
2.126,-47.67651843
2.127,-47.64385686
2.128,-47.63966053
2.129,-47.6440541
2.13,-47.66528638
2.131,-47.68419056
2.132,-47.69584587
2.133,-47.70324344
2.134,-47.69195459
2.135,-47.68234547
2.136,-47.64773866
2.137,-47.64159472
2.138,-47.64666083
2.139,-47.6488364
2.14,-47.67353343
2.141,-47.68195733
2.142,-47.70772642
2.143,-47.69622379
2.144,-47.68365059
2.145,-47.65348758
2.146,-47.65121657
2.147,-47.64371431
2.148,-47.6319838
2.149,-47.66311155
2.15,-47.6758144
2.151,-47.70275681
2.152,-47.6909417
2.153,-47.68129728
2.154,-47.66083428
2.155,-47.65734235
2.156,-47.64195917
2.157,-47.63267039
2.158,-47.65841785
2.159,-47.673707
2.16,-47.7011153
2.161,-47.68531514
2.162,-47.68258755
2.163,-47.65837823
2.164,-47.66372733
2.165,-47.6414342
2.166,-47.6410746
2.167,-47.66566645
2.168,-47.68743995
2.169,-47.7017825
2.17,-47.6755083
2.171,-47.6555735
2.172,-47.65841929
2.173,-47.66986715
2.174,-47.64654019
2.175,-47.66381095
2.176,-47.68050556
2.177,-47.68688514
2.178,-47.70205583
2.179,-47.69485885
2.18,-47.65081579
2.181,-47.65280315
2.182,-47.65595897
2.183,-47.6405722
2.184,-47.65730112
2.185,-47.67510474
2.186,-47.69130059
2.187,-47.70172743
2.188,-47.69182767
2.189,-47.67097933
2.19,-47.66824304
2.191,-47.67008104
2.192,-47.6311609
2.193,-47.65798423
2.194,-47.68690118
2.195,-47.68436073
2.196,-47.69400235
2.197,-47.70439533
2.198,-47.6835349
2.199,-47.66897055
2.2,-47.66434772
2.201,-47.64609921
2.202,-47.66232676
2.203,-47.68548591
2.204,-47.68804382
2.205,-47.71204252
2.206,-47.69395433
2.207,-47.69373142
2.208,-47.67807405
2.209,-47.67256014
2.21,-47.67682664
2.211,-47.66114196
2.212,-47.68831788
2.213,-47.69629285
2.214,-47.70144846
2.215,-47.70032456
2.216,-47.71085885
2.217,-47.67578383
2.218,-47.67159541
2.219,-47.69403539
2.22,-47.69745081
2.221,-47.7017773
2.222,-47.69463591
2.223,-47.71032006
2.224,-47.6978798
2.225,-47.70514479
2.226,-47.66737603
2.227,-47.67086196
2.228,-47.6893244
2.229,-47.68656563
2.23,-47.69960069
2.231,-47.70065507
2.232,-47.72809039
2.233,-47.73902768
2.234,-47.7273005
2.235,-47.67656273
2.236,-47.66402873
2.237,-47.67525409
2.238,-47.67573639
2.239,-47.70419227
2.24,-47.70546941
2.241,-47.72245222
2.242,-47.74114483
2.243,-47.72321212
2.244,-47.67572095
2.245,-47.67547536
2.246,-47.68006648
2.247,-47.66452787
2.248,-47.70000066
2.249,-47.68783205
2.25,-47.72577364
2.251,-47.74273028
2.252,-47.72989229
2.253,-47.67758685
2.254,-47.67971555
2.255,-47.68039817
2.256,-47.66285219
2.257,-47.69318417
2.258,-47.68531957
2.259,-47.70689713
2.26,-47.72727783
2.261,-47.71279274
2.262,-47.6904323
2.263,-47.68960891
2.264,-47.6820042
2.265,-47.6704672
2.266,-47.6866793
2.267,-47.67642243
2.268,-47.70248591
2.269,-47.7171008
2.27,-47.7047745
2.271,-47.67676986
2.272,-47.68198036
2.273,-47.67401182
2.274,-47.66312507
2.275,-47.6881495
2.276,-47.69517292
2.277,-47.72201763
2.278,-47.71574362
2.279,-47.68746402
2.28,-47.66147079
2.281,-47.67506887
2.282,-47.66043348
2.283,-47.65702172
2.284,-47.68866226
2.285,-47.6970666
2.286,-47.70706795
2.287,-47.71481344
2.288,-47.6995642
2.289,-47.66834949
2.29,-47.65942157
2.291,-47.65421073
2.292,-47.65510411
2.293,-47.68083103
2.294,-47.69528279
2.295,-47.70511278
2.296,-47.69862864
2.297,-47.69305402
2.298,-47.67213332
2.299,-47.67375092
2.3,-47.65119402
2.301,-47.63011756
2.302,-47.66501198
2.303,-47.68866015
2.304,-47.69149629
2.305,-47.70035254
2.306,-47.70877305
2.307,-47.68662942
2.308,-47.66886981
2.309,-47.6574503
2.31,-47.63648247
2.311,-47.66689266
2.312,-47.67063994
2.313,-47.69266616
2.314,-47.69523465
2.315,-47.68948795
2.316,-47.66615801
2.317,-47.67127358
2.318,-47.67026592
2.319,-47.65125488
2.32,-47.67630734
2.321,-47.68565856
2.322,-47.69873841
2.323,-47.69212074
2.324,-47.68149429
2.325,-47.66322123
2.326,-47.66015522
2.327,-47.65734625
2.328,-47.66826229
2.329,-47.68984959
2.33,-47.68798221
2.331,-47.69060067
2.332,-47.70622716
2.333,-47.69019791
2.334,-47.64896735
2.335,-47.65992476
2.336,-47.66521926
2.337,-47.66080313
2.338,-47.6733771
2.339,-47.67210576
2.34,-47.70215817
2.341,-47.72352837
2.342,-47.70734681
2.343,-47.66224915
2.344,-47.65651011
2.345,-47.64763978
2.346,-47.64485825
2.347,-47.67349617
2.348,-47.67952078
2.349,-47.7039958
2.35,-47.73258031
2.351,-47.71686847
2.352,-47.66174731
2.353,-47.65610035
2.354,-47.65742765
2.355,-47.63902125
2.356,-47.66710131
2.357,-47.66253333
2.358,-47.69264223
2.359,-47.72134719
2.36,-47.71668698
2.361,-47.66731107
2.362,-47.67441823
2.363,-47.67243074
2.364,-47.65844175
2.365,-47.65314788
2.366,-47.66891367
2.367,-47.68980906
2.368,-47.70857176
2.369,-47.69039464
2.37,-47.66869478
2.371,-47.67389021
2.372,-47.68097571
2.373,-47.66997372
2.374,-47.66535784
2.375,-47.67097174
2.376,-47.69305656
2.377,-47.7117131
2.378,-47.6964251
2.379,-47.66099125
2.38,-47.66360505
2.381,-47.67274093
2.382,-47.66143843
2.383,-47.68364508
2.384,-47.67648784
2.385,-47.70324222
2.386,-47.72564416
2.387,-47.70181006
2.388,-47.65277023
2.389,-47.66108638
2.39,-47.66419508
2.391,-47.66692595
2.392,-47.68292959
2.393,-47.68932073
2.394,-47.70467571
2.395,-47.72974427
2.396,-47.70919947
2.397,-47.67190571
2.398,-47.65690411
2.399,-47.65160331
2.4,-47.64775762
2.401,-47.6819164
2.402,-47.68164073
2.403,-47.70714448
2.404,-47.73102501
2.405,-47.71193255
2.406,-47.68147986
2.407,-47.67331946
2.408,-47.68287889
2.409,-47.65207786
2.41,-47.64991626
2.411,-47.67125325
2.412,-47.68872703
2.413,-47.71702251
2.414,-47.71079543
2.415,-47.70008923
2.416,-47.68157041
2.417,-47.67882381
2.418,-47.66380721
2.419,-47.66704324
2.42,-47.67535074
2.421,-47.69143113
2.422,-47.71477092
2.423,-47.7077081
2.424,-47.6765333
2.425,-47.67748026
2.426,-47.68715006
2.427,-47.66844361
2.428,-47.67826831
2.429,-47.67617481
2.43,-47.70219304
2.431,-47.71736733
2.432,-47.69584007
2.433,-47.67486027
2.434,-47.67565378
2.435,-47.67843047
2.436,-47.66746241
2.437,-47.68906194
2.438,-47.70269721
2.439,-47.68922261
2.44,-47.7122894
2.441,-47.70509594
2.442,-47.66217421
2.443,-47.65573666
2.444,-47.67528672
2.445,-47.66512371
2.446,-47.68529775
2.447,-47.6858095
2.448,-47.69067421
2.449,-47.7175201
2.45,-47.72147816
