#Exudyn implicit second order time integration sensor output file
#measure Object number = 125
#OutputVariableType = Force
#simulation started = 2022-04-08,00:48:27
#columns contain: time, comma separated sensor values (e.g, x,y,z position coordinates)
#number of sensor values = 1
#Exudyn version = 1.2.34.dev1; Python3.9.11; Windows AVX2 FLOAT64
#
0,0
0.001,0.0002824624925
0.002,0.001051633975
0.003,0.001618683572
0.004,-0.001644508496
0.005,-8.25976978e-05
0.006,0.000144624973
0.007,6.094456682e-05
0.008,0.00066076094
0.009,0.0009208397607
0.01,-1.173058765e-05
0.011,-0.0004719529693
0.012,-0.000188525664
0.013,5.754742938e-05
0.014,0.0003810182967
0.015,0.0006254625818
0.016,0.0003611480563
0.017,-0.0001074615087
0.018,-0.0002251891036
0.019,-3.823920185e-05
0.02,0.0001767173408
0.021,0.0003859588999
0.022,0.0003868143786
0.023,0.0001396373757
0.024,-8.98565208e-05
0.025,-0.0001025294582
0.026,3.046690247e-05
0.027,0.0002206474895
0.028,0.0003100135623
0.029,0.0002120589684
0.03,2.636925267e-05
0.031,-8.239358036e-05
0.032,-4.726024408e-05
0.033,8.469963594e-05
0.034,0.0002075836693
0.035,0.0002036599055
0.036,0.0001051946188
0.037,-1.338690762e-05
0.038,-4.81928707e-05
0.039,3.966091804e-06
0.04,0.0001046603145
0.041,0.0001564864145
0.042,0.0001263208875
0.043,3.182959053e-05
0.044,-3.062618667e-05
0.045,-3.179629963e-05
0.046,3.693684554e-05
0.047,9.992438871e-05
0.048,0.0001075391801
0.049,5.39445833e-05
0.05,-4.426984705e-06
0.051,-0.09295996241
0.052,-0.1284871909
0.053,-0.1640139322
0.054,-0.1995622642
0.055,-0.2358762186
0.056,-0.2814833791
0.057,-0.3531378944
0.058,-0.4477921448
0.059,-0.5507523406
0.06,-0.6546174939
0.061,-0.758975751
0.062,-0.8687913961
0.063,-0.9933967722
0.064,-1.137348234
0.065,-1.295072315
0.066,-1.455731839
0.067,-1.619566308
0.068,-1.78572423
0.069,-1.959795186
0.07,-2.146207846
0.071,-2.343533781
0.072,-2.548968868
0.073,-2.755404094
0.074,-2.964671527
0.075,-3.172827895
0.076,-3.392390499
0.077,-3.620900563
0.078,-3.856035333
0.079,-4.085684606
0.08,-4.319920981
0.081,-4.553779111
0.082,-4.785650125
0.083,-5.029402896
0.084,-5.273945148
0.085,-5.520036832
0.086,-5.757837339
0.087,-5.999242557
0.088,-6.23843986
0.089,-6.472157493
0.09,-6.71187285
0.091,-6.954529585
0.092,-7.19215609
0.093,-7.423334593
0.094,-7.655163614
0.095,-7.882423569
0.096,-8.106886762
0.097,-8.324508267
0.098,-8.547994218
0.099,-8.766215387
0.1,-8.976365355
0.101,-9.184355026
0.102,-9.384398184
0.103,-9.582714598
0.104,-9.770186452
0.105,-9.960153483
0.106,-10.14900051
0.107,-10.32871163
0.108,-10.49868652
0.109,-10.65978139
0.11,-10.8200246
0.111,-10.973587
0.112,-11.12431178
0.113,-11.26532699
0.114,-11.402439
0.115,-11.53195943
0.116,-11.65378281
0.117,-11.76983761
0.118,-11.87910168
0.119,-11.98482596
0.12,-12.08383679
0.121,-12.17275199
0.122,-12.25726578
0.123,-12.33387186
0.124,-12.40508913
0.125,-12.47243667
0.126,-12.53120068
0.127,-12.58341086
0.128,-12.62777079
0.129,-12.66423952
0.13,-12.69408724
0.131,-12.71806501
0.132,-12.73819015
0.133,-12.75273132
0.134,-12.75737009
0.135,-12.75450906
0.136,-12.7459498
0.137,-12.73056584
0.138,-12.71625618
0.139,-12.69357091
0.14,-12.66542308
0.141,-12.62929339
0.142,-12.58839491
0.143,-12.54148714
0.144,-12.49556075
0.145,-12.43930169
0.146,-12.38351812
0.147,-12.3201856
0.148,-12.24694961
0.149,-12.17634025
0.15,-12.10077141
0.151,-12.02682906
0.152,-11.94816594
0.153,-11.86446002
0.154,-11.78500258
0.155,-11.68893656
0.156,-11.5951
0.157,-11.50271949
0.158,-11.41019774
0.159,-11.31712
0.16,-11.22003377
0.161,-11.12396073
0.162,-11.02432625
0.163,-10.9252907
0.164,-10.83063442
0.165,-10.73985874
0.166,-10.64162134
0.167,-10.5449284
0.168,-10.44615355
0.169,-10.35074089
0.17,-10.2612799
0.171,-10.17790487
0.172,-10.09157872
0.173,-10.00659431
0.174,-9.923379073
0.175,-9.845769708
0.176,-9.764942442
0.177,-9.693904014
0.178,-9.629173066
0.179,-9.560695968
0.18,-9.501452951
0.181,-9.446679265
0.182,-9.392443374
0.183,-9.340170378
0.184,-9.296141133
0.185,-9.256412048
0.186,-9.22787681
0.187,-9.187562192
0.188,-9.158437573
0.189,-9.136839792
0.19,-9.120734924
0.191,-9.111491356
0.192,-9.10444958
0.193,-9.106595534
0.194,-9.104077405
0.195,-9.109013584
0.196,-9.116912366
0.197,-9.137999061
0.198,-9.158544022
0.199,-9.191928924
0.2,-9.226246373
0.201,-9.263916131
0.202,-9.302886175
0.203,-9.344262226
0.204,-9.401547808
0.205,-9.458295635
0.206,-9.520486941
0.207,-9.590696391
0.208,-9.665169423
0.209,-9.738730863
0.21,-9.820744043
0.211,-9.906511936
0.212,-9.992319191
0.213,-10.08708407
0.214,-10.18998029
0.215,-10.29753921
0.216,-10.40081962
0.217,-10.50468938
0.218,-10.61512487
0.219,-10.73025617
0.22,-10.84512385
0.221,-10.97127559
0.222,-11.10263815
0.223,-11.23298537
0.224,-11.353443
0.225,-11.47985834
0.226,-11.60943251
0.227,-11.74668743
0.228,-11.87554164
0.229,-12.01584791
0.23,-12.15988175
0.231,-12.29924911
0.232,-12.43684936
0.233,-12.57253013
0.234,-12.70625822
0.235,-12.84010086
0.236,-12.98636791
0.237,-13.13612848
0.238,-13.26737738
0.239,-13.41352126
0.24,-13.55004049
0.241,-13.67869086
0.242,-13.81843262
0.243,-13.96164595
0.244,-14.09786793
0.245,-14.22751969
0.246,-14.36138525
0.247,-14.48527163
0.248,-14.6263525
0.249,-14.75345835
0.25,-14.86464927
0.251,-14.98960162
0.252,-15.10983419
0.253,-15.2196854
0.254,-15.3401758
0.255,-15.46950701
0.256,-15.57556919
0.257,-15.67512693
0.258,-15.7725876
0.259,-15.86704366
0.26,-15.95085051
0.261,-16.05044813
0.262,-16.16035292
0.263,-16.2585828
0.264,-16.33347506
0.265,-16.40567855
0.266,-16.48435683
0.267,-16.54685376
0.268,-16.62749831
0.269,-16.69747672
0.27,-16.76828245
0.271,-16.83923729
0.272,-16.90097038
0.273,-16.94522601
0.274,-16.98554661
0.275,-17.02450724
0.276,-17.05870298
0.277,-17.11385956
0.278,-17.16960754
0.279,-17.20412301
0.28,-17.23468283
0.281,-17.23813563
0.282,-17.26207631
0.283,-17.28120565
0.284,-17.30275108
0.285,-17.33322806
0.286,-17.36291171
0.287,-17.37391828
0.288,-17.35797296
0.289,-17.37738696
0.29,-17.36852718
0.291,-17.35770307
0.292,-17.37068257
0.293,-17.38039537
0.294,-17.38649532
0.295,-17.36964281
0.296,-17.3553935
0.297,-17.33148181
0.298,-17.31152069
0.299,-17.30254262
0.3,-17.29274886
0.301,-17.27830004
0.302,-17.24660359
0.303,-17.23677208
0.304,-17.20665199
0.305,-17.18905949
0.306,-17.15984247
0.307,-17.14262861
0.308,-17.11847868
0.309,-17.10963631
0.31,-17.07997638
0.311,-17.06938662
0.312,-17.04439123
0.313,-17.00912865
0.314,-16.99345455
0.315,-16.95184505
0.316,-16.93022688
0.317,-16.90883857
0.318,-16.88366317
0.319,-16.88182802
0.32,-16.86213821
0.321,-16.85858887
0.322,-16.81488271
0.323,-16.78300517
0.324,-16.76554562
0.325,-16.76530289
0.326,-16.76606741
0.327,-16.76379493
0.328,-16.75437328
0.329,-16.74626768
0.33,-16.72648134
0.331,-16.71307326
0.332,-16.71489458
0.333,-16.70910672
0.334,-16.71329497
0.335,-16.73919684
0.336,-16.74377393
0.337,-16.74510087
0.338,-16.75457434
0.339,-16.76094488
0.34,-16.75270179
0.341,-16.79210733
0.342,-16.81921986
0.343,-16.84565373
0.344,-16.85911788
0.345,-16.87248888
0.346,-16.92604966
0.347,-16.95010541
0.348,-16.97300147
0.349,-16.9994841
0.35,-17.06104382
0.351,-17.10409247
0.352,-17.14692251
0.353,-17.20464218
0.354,-17.23407747
0.355,-17.27486235
0.356,-17.29922777
0.357,-17.36966857
0.358,-17.44235177
0.359,-17.48959545
0.36,-17.56134548
0.361,-17.62648049
0.362,-17.71129589
0.363,-17.7535289
0.364,-17.8184544
0.365,-17.86186098
0.366,-17.95256312
0.367,-18.04361423
0.368,-18.11333804
0.369,-18.17098938
0.37,-18.27848146
0.371,-18.32648836
0.372,-18.40269259
0.373,-18.45889213
0.374,-18.5588416
0.375,-18.67095122
0.376,-18.73360807
0.377,-18.83899372
0.378,-18.91956574
0.379,-19.01115031
0.38,-19.0457146
0.381,-19.12613841
0.382,-19.26874006
0.383,-19.32334522
0.384,-19.41297538
0.385,-19.52903578
0.386,-19.62572704
0.387,-19.67724175
0.388,-19.752564
0.389,-19.84551151
0.39,-19.94680715
0.391,-20.00792183
0.392,-20.1272803
0.393,-20.23575595
0.394,-20.28660732
0.395,-20.37431188
0.396,-20.44434422
0.397,-20.52609058
0.398,-20.61800571
0.399,-20.72435997
0.4,-20.77581882
0.401,-20.85995274
0.402,-20.96920364
0.403,-21.03533575
0.404,-21.07680792
0.405,-21.14995636
0.406,-21.23830383
0.407,-21.31962886
0.408,-21.4021119
0.409,-21.44407808
0.41,-21.53563967
0.411,-21.59839727
0.412,-21.65502882
0.413,-21.71797176
0.414,-21.7871251
0.415,-21.80501639
0.416,-21.90634798
0.417,-21.96975981
0.418,-22.0422001
0.419,-22.11558959
0.42,-22.16417895
0.421,-22.19764754
0.422,-22.22335536
0.423,-22.3025251
0.424,-22.34364524
0.425,-22.37817056
0.426,-22.43622878
0.427,-22.53416867
0.428,-22.54327909
0.429,-22.56079989
0.43,-22.59132044
0.431,-22.6151251
0.432,-22.69701929
0.433,-22.71399956
0.434,-22.73796571
0.435,-22.79328783
0.436,-22.82125403
0.437,-22.86691719
0.438,-22.84762545
0.439,-22.90904088
0.44,-22.93013247
0.441,-22.92633652
0.442,-22.98957052
0.443,-22.99974709
0.444,-23.02500175
0.445,-23.04058207
0.446,-23.07339409
0.447,-23.09017338
0.448,-23.13227331
0.449,-23.11832017
0.45,-23.13275197
0.451,-23.16623824
0.452,-23.19855697
0.453,-23.21836188
0.454,-23.19849381
0.455,-23.22281619
0.456,-23.21866852
0.457,-23.26369241
0.458,-23.27655437
0.459,-23.28429331
0.46,-23.30587769
0.461,-23.32782751
0.462,-23.31069622
0.463,-23.34824629
0.464,-23.30524067
0.465,-23.36168711
0.466,-23.34798203
0.467,-23.36519658
0.468,-23.41613713
0.469,-23.40996966
0.47,-23.42266814
0.471,-23.43827693
0.472,-23.48005188
0.473,-23.43714963
0.474,-23.45171233
0.475,-23.50734826
0.476,-23.50150811
0.477,-23.56622564
0.478,-23.55781445
0.479,-23.54630626
0.48,-23.62009804
0.481,-23.58618774
0.482,-23.5856627
0.483,-23.66498237
0.484,-23.7080042
0.485,-23.64691526
0.486,-23.76123254
0.487,-23.79179431
0.488,-23.78800045
0.489,-23.76311465
0.49,-23.80549928
0.491,-23.8615308
0.492,-23.88679348
0.493,-23.90738872
0.494,-23.89268468
0.495,-24.01295583
0.496,-24.01494186
0.497,-24.00468382
0.498,-24.09684294
0.499,-24.12922185
0.5,-24.12467748
0.501,-24.13182843
0.502,-24.19997644
0.503,-24.22437129
0.504,-24.25280438
0.505,-24.33961789
0.506,-24.30050719
0.507,-24.34353357
0.508,-24.3881521
0.509,-24.37343529
0.51,-24.42413268
0.511,-24.47089856
0.512,-24.52849155
0.513,-24.58619078
0.514,-24.63733436
0.515,-24.62935257
0.516,-24.66582578
0.517,-24.74231937
0.518,-24.75801456
0.519,-24.71841408
0.52,-24.81307594
0.521,-24.85843695
0.522,-24.89862345
0.523,-24.9117854
0.524,-24.95248105
0.525,-24.97479921
0.526,-25.11295133
0.527,-25.05606515
0.528,-25.03171241
0.529,-25.21124987
0.53,-25.17933035
0.531,-25.2098966
0.532,-25.32476221
0.533,-25.30191913
0.534,-25.34344696
0.535,-25.39814186
0.536,-25.45851446
0.537,-25.49187265
0.538,-25.534446
0.539,-25.59880505
0.54,-25.60717085
0.541,-25.72302372
0.542,-25.77630531
0.543,-25.80009373
0.544,-25.78204533
0.545,-25.89499982
0.546,-25.97637765
0.547,-25.9675164
0.548,-26.00294583
0.549,-26.01780522
0.55,-26.04024806
0.551,-26.18101156
0.552,-26.13837311
0.553,-26.23066918
0.554,-26.29846643
0.555,-26.30824359
0.556,-26.40674407
0.557,-26.47184554
0.558,-26.4026402
0.559,-26.52555438
0.56,-26.6446516
0.561,-26.59895307
0.562,-26.65720802
0.563,-26.72597446
0.564,-26.77205202
0.565,-26.83159609
0.566,-26.95424581
0.567,-26.9370432
0.568,-27.00685237
0.569,-27.06326565
0.57,-27.11555431
0.571,-27.18851657
0.572,-27.23789494
0.573,-27.26221968
0.574,-27.33542632
0.575,-27.42076625
0.576,-27.46200103
0.577,-27.50173383
0.578,-27.57297194
0.579,-27.65811845
0.58,-27.67713243
0.581,-27.70635501
0.582,-27.7891471
0.583,-27.83214246
0.584,-27.87445107
0.585,-27.94789783
0.586,-28.07725404
0.587,-28.05775961
0.588,-28.10198908
0.589,-28.15028204
0.59,-28.18990456
0.591,-28.3292693
0.592,-28.21671828
0.593,-28.30560605
0.594,-28.43131735
0.595,-28.51785639
0.596,-28.5195963
0.597,-28.52033124
0.598,-28.61682105
0.599,-28.55716152
0.6,-28.7081269
0.601,-28.59721674
0.602,-28.68137366
0.603,-28.72159465
0.604,-28.70612663
0.605,-28.75791605
0.606,-28.63062707
0.607,-28.69474086
0.608,-28.63437059
0.609,-28.65499996
0.61,-28.61907719
0.611,-28.62795598
0.612,-28.44594025
0.613,-28.46971603
0.614,-28.43894872
0.615,-28.32592703
0.616,-28.27266299
0.617,-28.17613068
0.618,-28.14517402
0.619,-27.97995031
0.62,-27.97456805
0.621,-27.70723492
0.622,-27.66684941
0.623,-27.59554246
0.624,-27.43213525
0.625,-27.34598923
0.626,-27.23570604
0.627,-27.12082951
0.628,-26.8870048
0.629,-26.8514574
0.63,-26.57336416
0.631,-26.42709359
0.632,-26.37321659
0.633,-26.16908825
0.634,-26.07829839
0.635,-25.88590516
0.636,-25.78308477
0.637,-25.49166738
0.638,-25.41146359
0.639,-25.21335529
0.64,-25.03230076
0.641,-24.84721744
0.642,-24.79755953
0.643,-24.55962096
0.644,-24.41513192
0.645,-24.24523353
0.646,-24.0089543
0.647,-23.85369225
0.648,-23.67557739
0.649,-23.53687984
0.65,-23.34182316
0.651,-23.34680337
0.652,-23.04393839
0.653,-22.96673945
0.654,-22.71972317
0.655,-22.5065544
0.656,-22.40151034
0.657,-22.23157443
0.658,-22.17476198
0.659,-22.03675849
0.66,-22.01749787
0.661,-21.72262714
0.662,-21.6675549
0.663,-21.39306606
0.664,-21.36218876
0.665,-21.11599175
0.666,-21.06601385
0.667,-21.07688793
0.668,-20.94718836
0.669,-20.89297457
0.67,-20.779245
0.671,-20.59137699
0.672,-20.45516541
0.673,-20.37459402
0.674,-20.28532335
0.675,-20.34595887
0.676,-20.22509443
0.677,-20.25181071
0.678,-20.19403637
0.679,-20.09030049
0.68,-19.95287247
0.681,-19.90560442
0.682,-19.81849483
0.683,-19.93544445
0.684,-19.95038491
0.685,-19.94902317
0.686,-19.98309246
0.687,-19.8883933
0.688,-19.84513951
0.689,-19.811917
0.69,-19.80912811
0.691,-19.77515418
0.692,-19.98159575
0.693,-19.95601051
0.694,-20.13393791
0.695,-20.01608867
0.696,-20.05249244
0.697,-20.0426625
0.698,-20.05860958
0.699,-20.12606753
0.7,-20.19359641
0.701,-20.3350257
0.702,-20.44151998
0.703,-20.47822935
0.704,-20.54920518
0.705,-20.50022652
0.706,-20.54708761
0.707,-20.64340575
0.708,-20.78754028
0.709,-20.87962345
0.71,-21.08060606
0.711,-21.13988521
0.712,-21.15456245
0.713,-21.33176523
0.714,-21.22277786
0.715,-21.36106855
0.716,-21.41238241
0.717,-21.63412508
0.718,-21.77332421
0.719,-22.01227526
0.72,-22.00197735
0.721,-22.04092951
0.722,-22.19395167
0.723,-22.12356166
0.724,-22.28671405
0.725,-22.31420486
0.726,-22.63641498
0.727,-22.70093861
0.728,-22.91042761
0.729,-22.97393743
0.73,-23.01142369
0.731,-23.02278954
0.732,-23.1441383
0.733,-23.16170154
0.734,-23.31423886
0.735,-23.5558488
0.736,-23.59008955
0.737,-23.753052
0.738,-23.84533601
0.739,-23.88505171
0.74,-23.86094197
0.741,-23.96572996
0.742,-23.94963487
0.743,-24.18573955
0.744,-24.30874511
0.745,-24.37938545
0.746,-24.4989048
0.747,-24.48838974
0.748,-24.58639181
0.749,-24.5370293
0.75,-24.67878282
0.751,-24.57615868
0.752,-24.83945866
0.753,-24.83605587
0.754,-25.0078583
0.755,-25.03877922
0.756,-25.00439458
0.757,-25.01720982
0.758,-24.98887204
0.759,-25.15333696
0.76,-25.10085967
0.761,-25.20778951
0.762,-25.26159799
0.763,-25.4169936
0.764,-25.31004732
0.765,-25.33172602
0.766,-25.26858489
0.767,-25.26124705
0.768,-25.3920451
0.769,-25.32993652
0.77,-25.36636148
0.771,-25.41837586
0.772,-25.4312111
0.773,-25.35056564
0.774,-25.4225589
0.775,-25.29764986
0.776,-25.33306968
0.777,-25.36363579
0.778,-25.33783202
0.779,-25.36027204
0.78,-25.26915571
0.781,-25.30072734
0.782,-25.20084643
0.783,-25.25917394
0.784,-25.12830171
0.785,-25.23224071
0.786,-25.14890508
0.787,-25.14815299
0.788,-25.16171114
0.789,-25.00298214
0.79,-24.98500098
0.791,-24.81350604
0.792,-24.85671218
0.793,-24.84985622
0.794,-24.86139083
0.795,-24.77934584
0.796,-24.81200852
0.797,-24.69698099
0.798,-24.59954004
0.799,-24.57232565
0.8,-24.47948567
0.801,-24.46648353
0.802,-24.41977023
0.803,-24.38768157
0.804,-24.33196026
0.805,-24.29573356
0.806,-24.10742998
0.807,-24.13320938
0.808,-24.04746747
0.809,-24.04481017
0.81,-23.89315632
0.811,-23.95501661
0.812,-23.9229614
0.813,-23.80199262
0.814,-23.68935265
0.815,-23.58241922
0.816,-23.6034103
0.817,-23.54065257
0.818,-23.52868014
0.819,-23.45854366
0.82,-23.46165562
0.821,-23.42280634
0.822,-23.24934795
0.823,-23.2044165
0.824,-23.14642489
0.825,-23.10834937
0.826,-23.13242161
0.827,-23.08393199
0.828,-23.06922384
0.829,-22.98800742
0.83,-22.93750199
0.831,-22.77698382
0.832,-22.79236874
0.833,-22.79015832
0.834,-22.71745829
0.835,-22.83181062
0.836,-22.68295766
0.837,-22.82190302
0.838,-22.63617319
0.839,-22.58508402
0.84,-22.44621302
0.841,-22.52327568
0.842,-22.48174178
0.843,-22.54350411
0.844,-22.53265598
0.845,-22.4528562
0.846,-22.62494614
0.847,-22.41146589
0.848,-22.38289915
0.849,-22.27775867
0.85,-22.37969633
0.851,-22.36333075
0.852,-22.50096957
0.853,-22.40675449
0.854,-22.46707441
0.855,-22.37774765
0.856,-22.36166157
0.857,-22.35455954
0.858,-22.38058405
0.859,-22.44438338
0.86,-22.39412263
0.861,-22.53270841
0.862,-22.53536221
0.863,-22.53201395
0.864,-22.35293797
0.865,-22.4839642
0.866,-22.36632249
0.867,-22.56067127
0.868,-22.57045024
0.869,-22.54729273
0.87,-22.66840051
0.871,-22.68215099
0.872,-22.68169917
0.873,-22.51591457
0.874,-22.65322814
0.875,-22.55011287
0.876,-22.7640063
0.877,-22.76116662
0.878,-22.80364518
0.879,-22.91317712
0.88,-22.89048536
0.881,-22.84454607
0.882,-22.92367902
0.883,-22.86649457
0.884,-22.82655434
0.885,-22.94850403
0.886,-23.06800674
0.887,-23.1157469
0.888,-23.11337645
0.889,-23.11601025
0.89,-23.07801863
0.891,-23.11124888
0.892,-23.11330275
0.893,-23.14182766
0.894,-23.14476692
0.895,-23.32225914
0.896,-23.31239177
0.897,-23.34672186
0.898,-23.38194905
0.899,-23.25956932
0.9,-23.33932827
0.901,-23.35688902
0.902,-23.39746608
0.903,-23.37433275
0.904,-23.53801374
0.905,-23.50365139
0.906,-23.5465581
0.907,-23.52700081
0.908,-23.4683881
0.909,-23.49973043
0.91,-23.5417995
0.911,-23.61552553
0.912,-23.61741705
0.913,-23.66609972
0.914,-23.63823352
0.915,-23.67314025
0.916,-23.65155121
0.917,-23.64893412
0.918,-23.62686522
0.919,-23.64374186
0.92,-23.68948134
0.921,-23.73063587
0.922,-23.7902935
0.923,-23.76027608
0.924,-23.78520145
0.925,-23.77327294
0.926,-23.7841991
0.927,-23.66814532
0.928,-23.72210324
0.929,-23.69855745
0.93,-23.73309301
0.931,-23.81148036
0.932,-23.90521163
0.933,-23.75914535
0.934,-23.83534065
0.935,-23.81427372
0.936,-23.74285673
0.937,-23.77221375
0.938,-23.71619684
0.939,-23.75075902
0.94,-23.75802576
0.941,-23.83645128
0.942,-23.75986683
0.943,-23.85978654
0.944,-23.82535702
0.945,-23.78968045
0.946,-23.71220565
0.947,-23.71077376
0.948,-23.69171677
0.949,-23.66075254
0.95,-23.80554059
0.951,-23.70874656
0.952,-23.78283316
0.953,-23.72488069
0.954,-23.70850151
0.955,-23.54631602
0.956,-23.68349709
0.957,-23.66415173
0.958,-23.62466889
0.959,-23.76308566
0.96,-23.64347012
0.961,-23.71347583
0.962,-23.63923615
0.963,-23.57970182
0.964,-23.5429519
0.965,-23.66699587
0.966,-23.56654108
0.967,-23.60365791
0.968,-23.62355803
0.969,-23.58301099
0.97,-23.54268617
0.971,-23.53516962
0.972,-23.43450402
0.973,-23.53284108
0.974,-23.51474161
0.975,-23.50995818
0.976,-23.55031558
0.977,-23.50547284
0.978,-23.5321878
0.979,-23.35774886
0.98,-23.42292181
0.981,-23.3493509
0.982,-23.48374458
0.983,-23.41979696
0.984,-23.50661134
0.985,-23.48703325
0.986,-23.40628938
0.987,-23.45042227
0.988,-23.1942517
0.989,-23.35514422
0.99,-23.24842069
0.991,-23.40866377
0.992,-23.39651218
0.993,-23.4493968
0.994,-23.43048316
0.995,-23.35821249
0.996,-23.3115337
0.997,-23.20532905
0.998,-23.30807568
0.999,-23.223381
1,-23.35318896
1.001,-23.36905179
1.002,-23.35004182
1.003,-23.39439669
1.004,-23.27299852
1.005,-23.19653482
1.006,-23.29135816
1.007,-23.20479467
1.008,-23.21721442
1.009,-23.26107606
1.01,-23.38427026
1.011,-23.33804763
1.012,-23.33979583
1.013,-23.23351341
1.014,-23.19908507
1.015,-23.27766711
1.016,-23.16930025
1.017,-23.31944592
1.018,-23.20997947
1.019,-23.39310789
1.02,-23.31326883
1.021,-23.24453157
1.022,-23.26194852
1.023,-23.16559471
1.024,-23.28967086
1.025,-23.23078446
1.026,-23.34756933
1.027,-23.28376543
1.028,-23.38078505
1.029,-23.27876127
1.03,-23.22474256
1.031,-23.37329673
1.032,-23.25844303
1.033,-23.29309442
1.034,-23.29411597
1.035,-23.37562931
1.036,-23.42004204
1.037,-23.41919123
1.038,-23.32506069
1.039,-23.36996557
1.04,-23.43186509
1.041,-23.37756779
1.042,-23.36942125
1.043,-23.39292867
1.044,-23.41655356
1.045,-23.48203053
1.046,-23.40505239
1.047,-23.52000087
1.048,-23.41412111
1.049,-23.53277619
1.05,-23.59178849
1.051,-23.4785604
1.052,-23.52749312
1.053,-23.51017327
1.054,-23.5270028
1.055,-23.52829684
1.056,-23.6800144
1.057,-23.54327405
1.058,-23.65677082
1.059,-23.71850035
1.06,-23.66595935
1.061,-23.69608493
1.062,-23.65445645
1.063,-23.65119386
1.064,-23.691118
1.065,-23.81317448
1.066,-23.78187824
1.067,-23.90996366
1.068,-23.84888776
1.069,-23.88340628
1.07,-23.86371493
1.071,-23.86357117
1.072,-23.87632708
1.073,-23.95287635
1.074,-24.02813183
1.075,-24.06959548
1.076,-24.07373878
1.077,-24.15107992
1.078,-24.10762886
1.079,-24.0428975
1.08,-24.18276591
1.081,-24.17195919
1.082,-24.20061202
1.083,-24.30580215
1.084,-24.42402693
1.085,-24.38626559
1.086,-24.49592928
1.087,-24.31787276
1.088,-24.39718464
1.089,-24.49507551
1.09,-24.52064112
1.091,-24.57529388
1.092,-24.67650571
1.093,-24.77506888
1.094,-24.70846979
1.095,-24.84601824
1.096,-24.67688237
1.097,-24.78457673
1.098,-24.79597508
1.099,-24.93507875
1.1,-25.03653459
1.101,-25.06461998
1.102,-25.19019776
1.103,-25.05729414
1.104,-25.24795088
1.105,-25.09989524
1.106,-25.23735805
1.107,-25.19313537
1.108,-25.44894911
1.109,-25.53493713
1.11,-25.52497986
1.111,-25.64051065
1.112,-25.52986033
1.113,-25.62595058
1.114,-25.56236361
1.115,-25.70309004
1.116,-25.70050057
1.117,-25.95202403
1.118,-25.9983866
1.119,-26.03302413
1.12,-26.13269501
1.121,-26.01476634
1.122,-26.08205602
1.123,-26.08617375
1.124,-26.23142605
1.125,-26.23244036
1.126,-26.49228023
1.127,-26.40846256
1.128,-26.54480619
1.129,-26.59847634
1.13,-26.59680407
1.131,-26.62405564
1.132,-26.57824199
1.133,-26.80232701
1.134,-26.8105221
1.135,-27.01473422
1.136,-26.96583609
1.137,-27.08642217
1.138,-27.13221154
1.139,-27.15778672
1.14,-27.18627186
1.141,-27.19941018
1.142,-27.45725638
1.143,-27.34003351
1.144,-27.58988356
1.145,-27.58842285
1.146,-27.6519824
1.147,-27.68683164
1.148,-27.75099448
1.149,-27.7994994
1.15,-27.8255951
1.151,-27.99043193
1.152,-27.87570305
1.153,-28.17338586
1.154,-28.20074475
1.155,-28.29126874
1.156,-28.23277064
1.157,-28.39925458
1.158,-28.40353367
1.159,-28.47993265
1.16,-28.50910515
1.161,-28.4833897
1.162,-28.75222198
1.163,-28.73955816
1.164,-28.96522255
1.165,-28.93441201
1.166,-29.05078222
1.167,-28.98807016
1.168,-29.04688276
1.169,-29.12019815
1.17,-29.09967943
1.171,-29.34192403
1.172,-29.30391485
1.173,-29.58834087
1.174,-29.61095245
1.175,-29.57846554
1.176,-29.59848823
1.177,-29.67230702
1.178,-29.66300876
1.179,-29.76079253
1.18,-29.90222638
1.181,-29.96604684
1.182,-30.18135221
1.183,-30.2647432
1.184,-30.15487866
1.185,-30.18330736
1.186,-30.2491548
1.187,-30.25982961
1.188,-30.38340255
1.189,-30.54334173
1.19,-30.65060562
1.191,-30.72897923
1.192,-30.84855651
1.193,-30.74369537
1.194,-30.82955965
1.195,-30.80597667
1.196,-30.90686517
1.197,-31.00574335
1.198,-31.14322166
1.199,-31.29872137
1.2,-31.2661018
1.201,-31.53795183
1.202,-31.33465677
1.203,-31.45713757
1.204,-31.39232249
1.205,-31.54397898
1.206,-31.70794223
1.207,-31.74282372
1.208,-31.90367992
1.209,-31.91478342
1.21,-32.04199872
1.211,-32.01499244
1.212,-32.15125946
1.213,-32.14928696
1.214,-32.16043364
1.215,-32.35315372
1.216,-32.36917716
1.217,-32.47976731
1.218,-32.53690388
1.219,-32.7000562
1.22,-32.63666266
1.221,-32.84183065
1.222,-32.86226003
1.223,-32.72946573
1.224,-32.95263832
1.225,-32.99104749
1.226,-33.1555224
1.227,-33.15762671
1.228,-33.28861131
1.229,-33.41805292
1.23,-33.47651188
1.231,-33.5332748
1.232,-33.43892339
1.233,-33.53743433
1.234,-33.67894406
1.235,-33.74290442
1.236,-33.85051899
1.237,-33.96078814
1.238,-34.07962702
1.239,-34.17563509
1.24,-34.11078011
1.241,-34.16089507
1.242,-34.08238928
1.243,-34.24969143
1.244,-34.34350486
1.245,-34.58799225
1.246,-34.65645507
1.247,-34.68114325
1.248,-34.88361253
1.249,-34.80835042
1.25,-34.83251458
1.251,-34.79170183
1.252,-34.95455765
1.253,-35.08936929
1.254,-35.28794373
1.255,-35.37893072
1.256,-35.27037414
1.257,-35.51070819
1.258,-35.44911572
1.259,-35.49185622
1.26,-35.5090086
1.261,-35.58187768
1.262,-35.87813074
1.263,-35.87730606
1.264,-36.01527544
1.265,-35.96909984
1.266,-36.12351111
1.267,-36.19337101
1.268,-36.17255352
1.269,-36.27622043
1.27,-36.28341645
1.271,-36.34593898
1.272,-36.62022012
1.273,-36.59668727
1.274,-36.68075115
1.275,-36.84972405
1.276,-36.93541552
1.277,-36.99152625
1.278,-36.95864567
1.279,-36.96396572
1.28,-36.99402551
1.281,-37.20649334
1.282,-37.29800655
1.283,-37.35999604
1.284,-37.51852668
1.285,-37.563864
1.286,-37.67331778
1.287,-37.60627065
1.288,-37.67260222
1.289,-37.72205386
1.29,-37.82492414
1.291,-38.05271772
1.292,-37.97693034
1.293,-38.14002693
1.294,-38.18612604
1.295,-38.40624377
1.296,-38.42244392
1.297,-38.31408937
1.298,-38.44712342
1.299,-38.55909611
1.3,-38.60833531
1.301,-38.71542506
1.302,-38.7967679
1.303,-38.9125968
1.304,-38.99774426
1.305,-39.04662968
1.306,-39.08936096
1.307,-39.10043133
1.308,-39.24272852
1.309,-39.3311825
1.31,-39.35084292
1.311,-39.4340218
1.312,-39.4658884
1.313,-39.70873587
1.314,-39.7354161
1.315,-39.82277835
1.316,-39.91779827
1.317,-39.95140177
1.318,-39.88949397
1.319,-39.92657614
1.32,-40.07919645
1.321,-40.16236111
1.322,-40.25478582
1.323,-40.50036359
1.324,-40.45508155
1.325,-40.51742813
1.326,-40.61480037
1.327,-40.57618271
1.328,-40.74416158
1.329,-40.72337878
1.33,-40.84989344
1.331,-40.93246371
1.332,-41.00840554
1.333,-41.15464274
1.334,-41.16165557
1.335,-41.23648422
1.336,-41.27519556
1.337,-41.27567114
1.338,-41.36282177
1.339,-41.39305008
1.34,-41.5885742
1.341,-41.69980062
1.342,-41.66520205
1.343,-41.79789748
1.344,-41.88488323
1.345,-41.98598053
1.346,-42.11567245
1.347,-42.01382225
1.348,-42.03742884
1.349,-42.07063389
1.35,-42.14430659
1.351,-42.31746194
1.352,-42.39075342
1.353,-42.55151546
1.354,-42.58106279
1.355,-42.76540987
1.356,-42.69842611
1.357,-42.58729301
1.358,-42.72877668
1.359,-42.79805993
1.36,-42.81497035
1.361,-42.91468011
1.362,-43.00432013
1.363,-43.16897358
1.364,-43.26421088
1.365,-43.29383857
1.366,-43.25263511
1.367,-43.24862327
1.368,-43.3994589
1.369,-43.44945952
1.37,-43.4575285
1.371,-43.51605816
1.372,-43.59554305
1.373,-43.75785134
1.374,-43.82409291
1.375,-43.87260691
1.376,-43.91061055
1.377,-43.95348191
1.378,-43.9380968
1.379,-43.94882435
1.38,-44.05244376
1.381,-44.10503581
1.382,-44.2706674
1.383,-44.27506417
1.384,-44.38595458
1.385,-44.40170618
1.386,-44.45637898
1.387,-44.47053771
1.388,-44.43297345
1.389,-44.58140048
1.39,-44.54764193
1.391,-44.8164765
1.392,-44.72017959
1.393,-44.77609233
1.394,-44.90930332
1.395,-45.0324592
1.396,-45.05067777
1.397,-44.98493071
1.398,-45.0587035
1.399,-45.0405259
1.4,-45.19239832
1.401,-45.14681714
1.402,-45.27816573
1.403,-45.22135201
1.404,-45.39583608
1.405,-45.48111528
1.406,-45.48637848
1.407,-45.46785912
1.408,-45.46899735
1.409,-45.67431775
1.41,-45.55509932
1.411,-45.69689015
1.412,-45.67144227
1.413,-45.77396036
1.414,-45.76152379
1.415,-45.902249
1.416,-45.88721409
1.417,-45.90825571
1.418,-46.07980357
1.419,-45.96335757
1.42,-46.08170064
1.421,-46.03233172
1.422,-46.14674627
1.423,-46.17405106
1.424,-46.21852037
1.425,-46.26287797
1.426,-46.27779233
1.427,-46.48636443
1.428,-46.38462886
1.429,-46.47677588
1.43,-46.35804416
1.431,-46.47383864
1.432,-46.45397955
1.433,-46.573725
1.434,-46.50454974
1.435,-46.63238922
1.436,-46.78467491
1.437,-46.72160696
1.438,-46.72052059
1.439,-46.74267793
1.44,-46.74491146
1.441,-46.83931299
1.442,-46.91644732
1.443,-46.87676821
1.444,-46.82029288
1.445,-46.94181406
1.446,-46.9739454
1.447,-47.09321055
1.448,-47.08031694
1.449,-47.07184991
1.45,-47.12892894
1.451,-47.20349781
1.452,-47.15507264
1.453,-47.08691474
1.454,-47.18595018
1.455,-47.22409712
1.456,-47.36822015
1.457,-47.3735217
1.458,-47.39797531
1.459,-47.32876449
1.46,-47.34790044
1.461,-47.39051578
1.462,-47.42375581
1.463,-47.46841576
1.464,-47.42911351
1.465,-47.59264989
1.466,-47.51124667
1.467,-47.57576902
1.468,-47.59354295
1.469,-47.65606781
1.47,-47.64355124
1.471,-47.61459027
1.472,-47.63335738
1.473,-47.67786427
1.474,-47.64742969
1.475,-47.63203732
1.476,-47.70518162
1.477,-47.74280232
1.478,-47.91611183
1.479,-47.91514837
1.48,-47.86261753
1.481,-47.80374703
1.482,-47.7826968
1.483,-47.86627948
1.484,-47.8625479
1.485,-47.78304388
1.486,-47.84220426
1.487,-48.00895627
1.488,-47.95862374
1.489,-47.94960584
1.49,-47.98299266
1.491,-47.90684588
1.492,-48.03912074
1.493,-47.98177742
1.494,-47.98859335
1.495,-47.91633054
1.496,-48.04219317
1.497,-47.98213483
1.498,-48.02021585
1.499,-48.14689823
1.5,-48.02964618
1.501,-48.1264157
1.502,-48.04614085
1.503,-48.06138174
1.504,-47.94107555
1.505,-48.09331268
1.506,-48.02776374
1.507,-48.08498994
1.508,-48.1070193
1.509,-48.0832584
1.51,-48.21540055
1.511,-48.12217297
1.512,-48.13337315
1.513,-48.03681327
1.514,-48.13462023
1.515,-48.07379646
1.516,-48.01367708
1.517,-48.03539919
1.518,-47.96814383
1.519,-48.08856673
1.52,-48.13688139
1.521,-48.17400663
1.522,-48.08497558
1.523,-48.06852444
1.524,-48.10620291
1.525,-48.02670104
1.526,-48.0086435
1.527,-47.89190964
1.528,-48.01406305
1.529,-48.0355744
1.53,-48.02531387
1.531,-48.0537955
1.532,-48.10908972
1.533,-48.05296272
1.534,-47.99149445
1.535,-48.03560938
1.536,-47.85169325
1.537,-47.97047839
1.538,-47.88386368
1.539,-47.9263714
1.54,-47.95799737
1.541,-48.0395783
1.542,-47.97475916
1.543,-47.96473286
1.544,-47.98322139
1.545,-47.80591363
1.546,-47.82761054
1.547,-47.81661152
1.548,-47.85394657
1.549,-47.78817903
1.55,-47.87819849
1.551,-47.82822531
1.552,-47.8637238
1.553,-47.91509
1.554,-47.79928927
1.555,-47.8088092
1.556,-47.80129599
1.557,-47.78012431
1.558,-47.63651818
1.559,-47.71520455
1.56,-47.60658608
1.561,-47.65251885
1.562,-47.76251699
1.563,-47.74099712
1.564,-47.76540025
1.565,-47.73286383
1.566,-47.75887731
1.567,-47.6861013
1.568,-47.66065917
1.569,-47.52277504
1.57,-47.51138919
1.571,-47.63683558
1.572,-47.56349629
1.573,-47.6807838
1.574,-47.6217751
1.575,-47.5939214
1.576,-47.55708621
1.577,-47.64386119
1.578,-47.58178208
1.579,-47.45555364
1.58,-47.53397419
1.581,-47.49017337
1.582,-47.5391287
1.583,-47.45642023
1.584,-47.56656497
1.585,-47.5136407
1.586,-47.65514335
1.587,-47.50317775
1.588,-47.4606689
1.589,-47.47661946
1.59,-47.35345112
1.591,-47.43200821
1.592,-47.40437148
1.593,-47.45988098
1.594,-47.46896591
1.595,-47.66705983
1.596,-47.49954597
1.597,-47.492986
1.598,-47.46199346
1.599,-47.45780217
1.6,-47.40667151
1.601,-47.29477119
1.602,-47.34754703
1.603,-47.39096513
1.604,-47.48100707
1.605,-47.45199468
1.606,-47.46021949
1.607,-47.52446728
1.608,-47.55426788
1.609,-47.58503374
1.61,-47.41196372
1.611,-47.406594
1.612,-47.31741186
1.613,-47.39925479
1.614,-47.43278342
1.615,-47.4266046
1.616,-47.51528033
1.617,-47.52181528
1.618,-47.60954083
1.619,-47.50621861
1.62,-47.45252912
1.621,-47.4229626
1.622,-47.47498271
1.623,-47.42120295
1.624,-47.40300306
1.625,-47.52004988
1.626,-47.51980327
1.627,-47.59328782
1.628,-47.51880011
1.629,-47.58503679
1.63,-47.52886782
1.631,-47.6085951
1.632,-47.50889787
1.633,-47.44787843
1.634,-47.49481184
1.635,-47.48887731
1.636,-47.60001713
1.637,-47.57026088
1.638,-47.60731928
1.639,-47.63506924
1.64,-47.82351096
1.641,-47.6495861
1.642,-47.57655393
1.643,-47.54374682
1.644,-47.48918243
1.645,-47.55870335
1.646,-47.56494578
1.647,-47.60557193
1.648,-47.63344913
1.649,-47.80425413
1.65,-47.74678967
1.651,-47.74640517
1.652,-47.68639059
1.653,-47.65873376
1.654,-47.63748937
1.655,-47.6197579
1.656,-47.63178283
1.657,-47.61910423
1.658,-47.77290683
1.659,-47.75685345
1.66,-47.78706836
1.661,-47.80627748
1.662,-47.73553265
1.663,-47.78499133
1.664,-47.70083958
1.665,-47.6903557
1.666,-47.68826199
1.667,-47.84396319
1.668,-47.7922517
1.669,-47.80581587
1.67,-47.82864594
1.671,-47.79634236
1.672,-47.89357078
1.673,-47.78408642
1.674,-47.82528303
1.675,-47.69586057
1.676,-47.81393109
1.677,-47.7977839
1.678,-47.77811384
1.679,-47.85563046
1.68,-47.81520903
1.681,-47.92116131
1.682,-47.93950835
1.683,-47.97048272
1.684,-47.78657769
1.685,-47.84297051
1.686,-47.78515279
1.687,-47.74832863
1.688,-47.77301589
1.689,-47.77532234
1.69,-47.85718663
1.691,-47.84482326
1.692,-47.97584189
1.693,-47.93449236
1.694,-48.01104639
1.695,-47.86040604
1.696,-47.82839414
1.697,-47.82971785
1.698,-47.73768334
1.699,-47.74108755
1.7,-47.80992284
1.701,-47.86452499
1.702,-47.85734812
1.703,-47.95322137
1.704,-47.93744003
1.705,-47.87760496
1.706,-47.84439712
1.707,-47.72689479
1.708,-47.80023872
1.709,-47.7811682
1.71,-47.86242894
1.711,-47.83915073
1.712,-47.78432372
1.713,-47.85941313
1.714,-47.86688862
1.715,-47.86734319
1.716,-47.75994546
1.717,-47.78793143
1.718,-47.75354641
1.719,-47.81419071
1.72,-47.76209201
1.721,-47.7422842
1.722,-47.76441137
1.723,-47.82234802
1.724,-47.95552244
1.725,-47.8543237
1.726,-47.85602969
1.727,-47.76583747
1.728,-47.70567086
1.729,-47.69089299
1.73,-47.73233025
1.731,-47.65783548
1.732,-47.68515931
1.733,-47.7943742
1.734,-47.81561813
1.735,-47.8592446
1.736,-47.78978119
1.737,-47.75962681
1.738,-47.74288717
1.739,-47.74501048
1.74,-47.67507325
1.741,-47.67135936
1.742,-47.65704435
1.743,-47.62762654
1.744,-47.70087366
1.745,-47.7749223
1.746,-47.76298632
1.747,-47.72123571
1.748,-47.75927013
1.749,-47.66718016
1.75,-47.58737599
1.751,-47.68855472
1.752,-47.61090975
1.753,-47.63016812
1.754,-47.65357742
1.755,-47.69747541
1.756,-47.67653998
1.757,-47.69878005
1.758,-47.62607588
1.759,-47.58761508
1.76,-47.62805896
1.761,-47.60351292
1.762,-47.60504847
1.763,-47.54329377
1.764,-47.60799758
1.765,-47.58502283
1.766,-47.74596483
1.767,-47.6762725
1.768,-47.67836777
1.769,-47.66297258
1.77,-47.58254258
1.771,-47.60411914
1.772,-47.5081445
1.773,-47.5045244
1.774,-47.47376986
1.775,-47.60801115
1.776,-47.65109465
1.777,-47.64110502
1.778,-47.68495697
1.779,-47.64632066
1.78,-47.6065858
1.781,-47.54821591
1.782,-47.55829626
1.783,-47.55755587
1.784,-47.59470137
1.785,-47.55050845
1.786,-47.5223154
1.787,-47.61791847
1.788,-47.63728904
1.789,-47.65623093
1.79,-47.5888563
1.791,-47.58907123
1.792,-47.56973883
1.793,-47.61001623
1.794,-47.57313606
1.795,-47.51778324
1.796,-47.62861374
1.797,-47.56161371
1.798,-47.70163832
1.799,-47.60213685
1.8,-47.57022858
1.801,-47.559207
1.802,-47.63239175
1.803,-47.59833065
1.804,-47.55274811
1.805,-47.58259078
1.806,-47.55551391
1.807,-47.66277075
1.808,-47.64693988
1.809,-47.69466463
1.81,-47.62582832
1.811,-47.67929554
1.812,-47.67882263
1.813,-47.6058141
1.814,-47.6131249
1.815,-47.49879584
1.816,-47.57163967
1.817,-47.5824223
1.818,-47.65360036
1.819,-47.67831835
1.82,-47.72629897
1.821,-47.72392922
1.822,-47.66774048
1.823,-47.65430721
1.824,-47.6152452
1.825,-47.60785
1.826,-47.63367645
1.827,-47.61917019
1.828,-47.63045679
1.829,-47.70436822
1.83,-47.69522793
1.831,-47.70951194
1.832,-47.70811612
1.833,-47.68404479
1.834,-47.66958246
1.835,-47.72810368
1.836,-47.67922646
1.837,-47.60150555
1.838,-47.72141121
1.839,-47.74700922
1.84,-47.70721841
1.841,-47.74136285
1.842,-47.66460223
1.843,-47.70722585
1.844,-47.7048527
1.845,-47.69296937
1.846,-47.68392109
1.847,-47.66017348
1.848,-47.69006598
1.849,-47.76205661
1.85,-47.81025039
1.851,-47.72372883
1.852,-47.76309507
1.853,-47.75683523
1.854,-47.79306404
1.855,-47.67906157
1.856,-47.73550599
1.857,-47.66922666
1.858,-47.65865731
1.859,-47.71036671
1.86,-47.71076765
1.861,-47.79036218
1.862,-47.8023188
1.863,-47.86677537
1.864,-47.75309908
1.865,-47.7496282
1.866,-47.71434231
1.867,-47.7365815
1.868,-47.70069977
1.869,-47.64955178
1.87,-47.74113633
1.871,-47.78834514
1.872,-47.83711134
1.873,-47.77635679
1.874,-47.76942453
1.875,-47.7317484
1.876,-47.77900877
1.877,-47.79274853
1.878,-47.7335823
1.879,-47.73938225
1.88,-47.74190113
1.881,-47.81313076
1.882,-47.76286915
1.883,-47.7720247
1.884,-47.76561223
1.885,-47.72197442
1.886,-47.81857714
1.887,-47.72556433
1.888,-47.71921201
1.889,-47.65715367
1.89,-47.70810641
1.891,-47.74345497
1.892,-47.7841005
1.893,-47.77998294
1.894,-47.80072054
1.895,-47.78383219
1.896,-47.74243276
1.897,-47.74057123
1.898,-47.67363219
1.899,-47.67137077
1.9,-47.66454046
1.901,-47.74490127
1.902,-47.64509122
1.903,-47.72810151
1.904,-47.81292695
1.905,-47.72980821
1.906,-47.77002632
1.907,-47.77321919
1.908,-47.76299948
1.909,-47.70194187
1.91,-47.66849629
1.911,-47.60806553
1.912,-47.70080779
1.913,-47.75859911
1.914,-47.74903445
1.915,-47.76751035
1.916,-47.72640919
1.917,-47.7159905
1.918,-47.73626265
1.919,-47.70447538
1.92,-47.62000816
1.921,-47.67188289
1.922,-47.76203179
1.923,-47.7146139
1.924,-47.74518496
1.925,-47.71066783
1.926,-47.72384415
1.927,-47.66285697
1.928,-47.74378344
1.929,-47.65120999
1.93,-47.5788714
1.931,-47.62747209
1.932,-47.61608483
1.933,-47.65949112
1.934,-47.66303602
1.935,-47.71881196
1.936,-47.7457483
1.937,-47.78968211
1.938,-47.69335466
1.939,-47.70005675
1.94,-47.61301959
1.941,-47.60392177
1.942,-47.56995052
1.943,-47.55617334
1.944,-47.66974053
1.945,-47.63695334
1.946,-47.75513826
1.947,-47.6467965
1.948,-47.68396234
1.949,-47.69610167
1.95,-47.69990177
1.951,-47.66144416
1.952,-47.59375214
1.953,-47.58589387
1.954,-47.57039079
1.955,-47.66563866
1.956,-47.61594861
1.957,-47.64500202
1.958,-47.7077946
1.959,-47.66801004
1.96,-47.67427391
1.961,-47.64300763
1.962,-47.60264776
1.963,-47.56967455
1.964,-47.63175646
1.965,-47.68103796
1.966,-47.67649102
1.967,-47.65598976
1.968,-47.63271047
1.969,-47.72340185
1.97,-47.64670984
1.971,-47.63248177
1.972,-47.57107797
1.973,-47.59238971
1.974,-47.57813204
1.975,-47.64499896
1.976,-47.65450941
1.977,-47.59557059
1.978,-47.74965103
1.979,-47.73228276
1.98,-47.74335361
1.981,-47.6987872
1.982,-47.6566479
1.983,-47.5604977
1.984,-47.62794135
1.985,-47.55577957
1.986,-47.59580133
1.987,-47.68594226
1.988,-47.6839124
1.989,-47.7031208
1.99,-47.67976437
1.991,-47.69522485
1.992,-47.67514258
1.993,-47.73521575
1.994,-47.59543509
1.995,-47.59514196
1.996,-47.62781295
1.997,-47.63641081
1.998,-47.65666107
1.999,-47.62647615
2,-47.6964917
2.001,-47.72391647
2.002,-47.81650539
2.003,-47.68865724
2.004,-47.6230718
2.005,-47.60613283
2.006,-47.68783885
2.007,-47.66577628
2.008,-47.6536933
2.009,-47.72548355
2.01,-47.71329541
2.011,-47.80070285
2.012,-47.74550243
2.013,-47.65089502
2.014,-47.65068369
2.015,-47.62399257
2.016,-47.652031
2.017,-47.59057277
2.018,-47.62810618
2.019,-47.68768524
2.02,-47.82247672
2.021,-47.74660598
2.022,-47.73384803
2.023,-47.82623876
2.024,-47.75239392
2.025,-47.67306081
2.026,-47.5625693
2.027,-47.59325585
2.028,-47.59438161
2.029,-47.78095605
2.03,-47.71257599
2.031,-47.71316359
2.032,-47.7660862
2.033,-47.7547843
2.034,-47.83440078
2.035,-47.67151587
2.036,-47.66365979
2.037,-47.64314039
2.038,-47.74916534
2.039,-47.6806603
2.04,-47.64674697
2.041,-47.70043964
2.042,-47.71535469
2.043,-47.78298405
2.044,-47.80313166
2.045,-47.73694276
2.046,-47.65757395
2.047,-47.74619106
2.048,-47.69346091
2.049,-47.7536669
2.05,-47.72696605
2.051,-47.74641666
2.052,-47.78965326
2.053,-47.78609775
2.054,-47.80876273
2.055,-47.74615974
2.056,-47.77929305
2.057,-47.66461096
2.058,-47.7235463
2.059,-47.66591406
2.06,-47.63362074
2.061,-47.72383456
2.062,-47.68989119
2.063,-47.76752009
2.064,-47.8222829
2.065,-47.88158497
2.066,-47.84086427
2.067,-47.70522666
2.068,-47.68225129
2.069,-47.70975904
2.07,-47.60701152
2.071,-47.62789203
2.072,-47.64023394
2.073,-47.67807903
2.074,-47.87693045
2.075,-47.82758099
2.076,-47.77827062
2.077,-47.79939573
2.078,-47.7090508
2.079,-47.67169768
2.08,-47.64910212
2.081,-47.64438899
2.082,-47.63524379
2.083,-47.71051713
2.084,-47.71261536
2.085,-47.80322416
2.086,-47.78476134
2.087,-47.76446681
2.088,-47.75771429
2.089,-47.72816673
2.09,-47.69264518
2.091,-47.67058749
2.092,-47.69437503
2.093,-47.66152608
2.094,-47.80491357
2.095,-47.77199663
2.096,-47.76347392
2.097,-47.78328729
2.098,-47.74643302
2.099,-47.70466305
2.1,-47.62270456
2.101,-47.67337233
2.102,-47.63757093
2.103,-47.63976168
2.104,-47.70898498
2.105,-47.7928764
2.106,-47.77294287
2.107,-47.7746972
2.108,-47.79848482
2.109,-47.70149272
2.11,-47.73899712
2.111,-47.65451813
2.112,-47.71952499
2.113,-47.6172174
2.114,-47.65333625
2.115,-47.6189457
2.116,-47.66819514
2.117,-47.79135999
2.118,-47.79416165
2.119,-47.85506344
2.12,-47.68681041
2.121,-47.74094674
2.122,-47.70806158
2.123,-47.71170593
2.124,-47.61535462
2.125,-47.55780595
2.126,-47.67860624
2.127,-47.703893
2.128,-47.81408557
2.129,-47.70666032
2.13,-47.75871634
2.131,-47.72139073
2.132,-47.79805218
2.133,-47.65257128
2.134,-47.59113332
2.135,-47.62347121
2.136,-47.63788125
2.137,-47.74794023
2.138,-47.69731699
2.139,-47.77454384
2.14,-47.76519587
2.141,-47.79404059
2.142,-47.65406167
2.143,-47.59404199
2.144,-47.60289143
2.145,-47.57071589
2.146,-47.67361626
2.147,-47.65966357
2.148,-47.76786222
2.149,-47.8264371
2.15,-47.83033114
2.151,-47.72160107
2.152,-47.648543
2.153,-47.67135015
2.154,-47.65067478
2.155,-47.65556108
2.156,-47.59363506
2.157,-47.61757344
2.158,-47.64822318
2.159,-47.73115252
2.16,-47.73932577
2.161,-47.73057356
2.162,-47.74967886
2.163,-47.69999343
2.164,-47.76723877
2.165,-47.63200839
2.166,-47.65820884
2.167,-47.62554295
2.168,-47.72668944
2.169,-47.67216274
2.17,-47.66899438
2.171,-47.70578432
2.172,-47.69029816
2.173,-47.74751327
2.174,-47.67076559
2.175,-47.73170783
2.176,-47.70297579
2.177,-47.74592477
2.178,-47.6320503
2.179,-47.62633086
2.18,-47.70732001
2.181,-47.72467636
2.182,-47.81132036
2.183,-47.70864321
2.184,-47.73915325
2.185,-47.67535787
2.186,-47.71437044
2.187,-47.59397725
2.188,-47.53265956
2.189,-47.61049278
2.19,-47.72280366
2.191,-47.82264788
2.192,-47.76679519
2.193,-47.79116035
2.194,-47.73280067
2.195,-47.73675928
2.196,-47.70780412
2.197,-47.61696138
2.198,-47.62537422
2.199,-47.59718154
2.2,-47.6747247
2.201,-47.67613412
2.202,-47.75931621
2.203,-47.70418206
2.204,-47.83706862
2.205,-47.78522618
2.206,-47.74215235
2.207,-47.69874855
2.208,-47.58498308
2.209,-47.66408276
2.21,-47.60602156
2.211,-47.7232991
2.212,-47.68973546
2.213,-47.75222503
2.214,-47.72751465
2.215,-47.69683218
2.216,-47.69990796
2.217,-47.65981381
2.218,-47.73950601
2.219,-47.66581116
2.22,-47.75202122
2.221,-47.67121342
2.222,-47.7039396
2.223,-47.75759094
2.224,-47.79675906
2.225,-47.70100776
2.226,-47.71219785
2.227,-47.78050247
2.228,-47.68460973
2.229,-47.65788374
2.23,-47.62986827
2.231,-47.63262904
2.232,-47.70133861
2.233,-47.73042982
2.234,-47.7837337
2.235,-47.75160892
2.236,-47.7939784
2.237,-47.70947335
2.238,-47.7206079
2.239,-47.68408034
2.24,-47.68131802
2.241,-47.65610571
2.242,-47.63801351
2.243,-47.69002794
2.244,-47.68584824
2.245,-47.74769818
2.246,-47.70084477
2.247,-47.82801659
2.248,-47.79688209
2.249,-47.82179854
2.25,-47.67619929
2.251,-47.64403699
2.252,-47.67568657
2.253,-47.61330215
2.254,-47.72250739
2.255,-47.65907851
2.256,-47.80697121
2.257,-47.72699739
2.258,-47.75065271
2.259,-47.72423362
2.26,-47.66686112
2.261,-47.66583919
2.262,-47.68157555
2.263,-47.70674441
2.264,-47.70577682
2.265,-47.79859284
2.266,-47.70307589
2.267,-47.73410501
2.268,-47.69421765
2.269,-47.72084469
2.27,-47.70786375
2.271,-47.63799804
2.272,-47.66470043
2.273,-47.59373597
2.274,-47.72102092
2.275,-47.74285346
2.276,-47.72803915
2.277,-47.71300107
2.278,-47.74492799
2.279,-47.77292392
2.28,-47.70825314
2.281,-47.69758327
2.282,-47.55975837
2.283,-47.65827981
2.284,-47.71608808
2.285,-47.69152693
2.286,-47.66451008
2.287,-47.73886495
2.288,-47.76109237
2.289,-47.75372316
2.29,-47.74640902
2.291,-47.66305571
2.292,-47.73413024
2.293,-47.67937686
2.294,-47.70078878
2.295,-47.65717408
2.296,-47.69608751
2.297,-47.69265495
2.298,-47.69130493
2.299,-47.76223435
2.3,-47.63042052
2.301,-47.75567232
2.302,-47.72953953
2.303,-47.67721638
2.304,-47.61689769
2.305,-47.64839061
2.306,-47.72819486
2.307,-47.72470368
2.308,-47.75327858
2.309,-47.68950637
2.31,-47.76034355
2.311,-47.70117929
2.312,-47.72511995
2.313,-47.6308921
2.314,-47.6048534
2.315,-47.61775092
2.316,-47.65625469
2.317,-47.70740009
2.318,-47.66417856
2.319,-47.74472611
2.32,-47.77585557
2.321,-47.76909529
2.322,-47.73335773
2.323,-47.65825488
2.324,-47.62589297
2.325,-47.61387478
2.326,-47.67017826
2.327,-47.57286847
2.328,-47.70910059
2.329,-47.69130282
2.33,-47.71730152
2.331,-47.71847464
2.332,-47.83412037
2.333,-47.70823037
2.334,-47.678843
2.335,-47.67394833
2.336,-47.63435355
2.337,-47.72025748
2.338,-47.67189871
2.339,-47.71068845
2.34,-47.60158229
2.341,-47.74487745
2.342,-47.70093132
2.343,-47.6933475
2.344,-47.708238
2.345,-47.58396135
2.346,-47.6894464
2.347,-47.6925965
2.348,-47.7225644
2.349,-47.71280933
2.35,-47.78484549
2.351,-47.71280972
2.352,-47.73111344
2.353,-47.77484782
2.354,-47.63861737
2.355,-47.65454559
2.356,-47.60263852
2.357,-47.68749081
2.358,-47.67797552
2.359,-47.78558029
2.36,-47.719532
2.361,-47.69933494
2.362,-47.82151971
2.363,-47.77560934
2.364,-47.78472258
2.365,-47.67595683
2.366,-47.64700768
2.367,-47.63022414
2.368,-47.73809486
2.369,-47.60879827
2.37,-47.59306013
2.371,-47.72109601
2.372,-47.71539528
2.373,-47.83514769
2.374,-47.740592
2.375,-47.74321165
2.376,-47.67462694
2.377,-47.75620093
2.378,-47.63027453
2.379,-47.64174158
2.38,-47.72446611
2.381,-47.66321361
2.382,-47.74580515
2.383,-47.66286963
2.384,-47.71560566
2.385,-47.68100728
2.386,-47.80611429
2.387,-47.6799923
2.388,-47.63297744
2.389,-47.71581567
2.39,-47.65057138
2.391,-47.72698665
2.392,-47.67751289
2.393,-47.73128606
2.394,-47.76971345
2.395,-47.83849333
2.396,-47.72460622
2.397,-47.66114058
2.398,-47.61239816
2.399,-47.61303737
2.4,-47.71623804
2.401,-47.68017098
2.402,-47.68581324
2.403,-47.66974416
2.404,-47.86451235
2.405,-47.79059658
2.406,-47.72392364
2.407,-47.73896253
2.408,-47.6641777
2.409,-47.70684977
2.41,-47.66330786
2.411,-47.63197854
2.412,-47.57673447
2.413,-47.74079256
2.414,-47.73527668
2.415,-47.73174024
2.416,-47.81552627
2.417,-47.74070873
2.418,-47.80084879
2.419,-47.64618293
2.42,-47.64978481
2.421,-47.65587331
2.422,-47.773362
2.423,-47.70347525
2.424,-47.68506382
2.425,-47.74956239
2.426,-47.71351606
2.427,-47.80043615
2.428,-47.660358
2.429,-47.68584329
2.43,-47.6144268
2.431,-47.77220815
2.432,-47.68586472
2.433,-47.64797375
2.434,-47.71042439
2.435,-47.6761677
2.436,-47.79009746
2.437,-47.80291035
2.438,-47.75988453
2.439,-47.62747001
2.44,-47.75053278
2.441,-47.63295327
2.442,-47.62221278
2.443,-47.58096434
2.444,-47.63205314
2.445,-47.79125477
2.446,-47.74718534
2.447,-47.81106187
2.448,-47.73361221
2.449,-47.78814842
2.45,-47.70400583
