#Exudyn implicit second order time integration sensor output file
#measure Object number = 245
#OutputVariableType = Force
#simulation started = 2022-04-08,01:10:23
#columns contain: time, comma separated sensor values (e.g, x,y,z position coordinates)
#number of sensor values = 1
#Exudyn version = 1.2.34.dev1; Python3.9.11; Windows AVX2 FLOAT64
#
0,0
0.001,-0.0008714347294
0.002,0.001039444845
0.003,-0.0001150269351
0.004,-0.001854105583
0.005,-0.0003218347638
0.006,-0.000162688766
0.007,-0.000283292351
0.008,9.227083984e-05
0.009,9.828385643e-05
0.01,-0.0006137274788
0.011,-0.0007290430807
0.012,-0.0004170339271
0.013,-0.0001951384394
0.014,-2.827236763e-05
0.015,-3.382785082e-05
0.016,-0.0003126453899
0.017,-0.0005455463455
0.018,-0.0005066099166
0.019,-0.0003160705292
0.02,-0.0001378189998
0.021,-8.786311324e-05
0.022,-0.0002146540848
0.023,-0.0003945942923
0.024,-0.0004556952242
0.025,-0.0003697425868
0.026,-0.0002301899956
0.027,-0.0001453806347
0.028,-0.0001846953755
0.029,-0.0003009260068
0.03,-0.000386406232
0.031,-0.0003744585501
0.032,-0.0002854653968
0.033,-0.0001991770135
0.034,-0.0001863894911
0.035,-0.0002489309081
0.036,-0.0003256024735
0.037,-0.0003491456333
0.038,-0.0003044243041
0.039,-0.0002355738538
0.04,-0.0001979169242
0.041,-0.000222815031
0.042,-0.0002779611099
0.043,-0.0003141942496
0.044,-0.0003032418035
0.045,-0.0002556218292
0.046,-0.0002156954663
0.047,-0.0002151338865
0.048,-0.000246999852
0.049,-0.0002805420612
0.05,-0.0002874572601
0.051,-0.09405945845
0.052,-0.1295217944
0.053,-0.1649948004
0.054,-0.2004972385
0.055,-0.2369667499
0.056,-0.2843366707
0.057,-0.3592581459
0.058,-0.4558461522
0.059,-0.5578804078
0.06,-0.6601425494
0.061,-0.7643133379
0.062,-0.8758564674
0.063,-1.004054791
0.064,-1.151099944
0.065,-1.306456091
0.066,-1.467388638
0.067,-1.629042236
0.068,-1.793992962
0.069,-1.968487985
0.07,-2.156293103
0.071,-2.353380008
0.072,-2.557347788
0.073,-2.762632793
0.074,-2.969800847
0.075,-3.178400799
0.076,-3.396945218
0.077,-3.62156349
0.078,-3.851979955
0.079,-4.084145559
0.08,-4.316288218
0.081,-4.547901462
0.082,-4.782813817
0.083,-5.018618796
0.084,-5.260535364
0.085,-5.501080168
0.086,-5.744245897
0.087,-5.982986046
0.088,-6.219027398
0.089,-6.456993086
0.09,-6.694457502
0.091,-6.932057336
0.092,-7.168301035
0.093,-7.402225815
0.094,-7.632300316
0.095,-7.859431859
0.096,-8.081983613
0.097,-8.302790647
0.098,-8.522000758
0.099,-8.73670496
0.1,-8.947013557
0.101,-9.152169711
0.102,-9.353877517
0.103,-9.549156781
0.104,-9.742600742
0.105,-9.929725788
0.106,-10.11281503
0.107,-10.28837246
0.108,-10.46140503
0.109,-10.62629039
0.11,-10.78642629
0.111,-10.93956152
0.112,-11.08642732
0.113,-11.23051165
0.114,-11.36632595
0.115,-11.49539022
0.116,-11.6191761
0.117,-11.73769827
0.118,-11.85013033
0.119,-11.95184385
0.12,-12.05038321
0.121,-12.14269838
0.122,-12.22656436
0.123,-12.30696644
0.124,-12.38087721
0.125,-12.44567238
0.126,-12.5070697
0.127,-12.55553658
0.128,-12.60383507
0.129,-12.64135313
0.13,-12.67353739
0.131,-12.70068746
0.132,-12.71898085
0.133,-12.72930066
0.134,-12.73599359
0.135,-12.73471939
0.136,-12.72912072
0.137,-12.71688409
0.138,-12.69805443
0.139,-12.6754494
0.14,-12.64542386
0.141,-12.60896834
0.142,-12.56763666
0.143,-12.52555382
0.144,-12.47588846
0.145,-12.42093904
0.146,-12.36249347
0.147,-12.30073894
0.148,-12.23119556
0.149,-12.16210949
0.15,-12.08803836
0.151,-12.01184962
0.152,-11.93054508
0.153,-11.84669882
0.154,-11.76136516
0.155,-11.67449785
0.156,-11.58399622
0.157,-11.49519817
0.158,-11.40030635
0.159,-11.30496051
0.16,-11.21053683
0.161,-11.11551489
0.162,-11.0222389
0.163,-10.92503429
0.164,-10.82920405
0.165,-10.73142721
0.166,-10.63559511
0.167,-10.54033464
0.168,-10.44863532
0.169,-10.3585845
0.17,-10.27016945
0.171,-10.18263828
0.172,-10.09379365
0.173,-10.00966035
0.174,-9.929257912
0.175,-9.853044518
0.176,-9.779245685
0.177,-9.706868151
0.178,-9.637175145
0.179,-9.575537882
0.18,-9.511801126
0.181,-9.45130938
0.182,-9.39472272
0.183,-9.347389329
0.184,-9.301837228
0.185,-9.260518097
0.186,-9.223643925
0.187,-9.193127579
0.188,-9.167558797
0.189,-9.137696044
0.19,-9.119371046
0.191,-9.104213202
0.192,-9.101685739
0.193,-9.094638297
0.194,-9.098457796
0.195,-9.106544043
0.196,-9.11898871
0.197,-9.137377894
0.198,-9.156532888
0.199,-9.185950701
0.2,-9.217316763
0.201,-9.259264125
0.202,-9.303596246
0.203,-9.351942852
0.204,-9.402152495
0.205,-9.460967894
0.206,-9.519121305
0.207,-9.590035762
0.208,-9.668133197
0.209,-9.747951043
0.21,-9.823141288
0.211,-9.908476643
0.212,-10.00273076
0.213,-10.09114692
0.214,-10.19013104
0.215,-10.29293631
0.216,-10.40272694
0.217,-10.50944653
0.218,-10.62187663
0.219,-10.73168797
0.22,-10.85053759
0.221,-10.9706364
0.222,-11.10064653
0.223,-11.22576848
0.224,-11.35596647
0.225,-11.4841235
0.226,-11.61188094
0.227,-11.74064745
0.228,-11.88091493
0.229,-12.02521357
0.23,-12.15674627
0.231,-12.29287757
0.232,-12.43993284
0.233,-12.57782954
0.234,-12.7069733
0.235,-12.85413326
0.236,-13.00621114
0.237,-13.13815996
0.238,-13.26825145
0.239,-13.41751313
0.24,-13.55878377
0.241,-13.68723065
0.242,-13.82562317
0.243,-13.96857093
0.244,-14.09881631
0.245,-14.22635668
0.246,-14.35986003
0.247,-14.49058868
0.248,-14.62047304
0.249,-14.74213587
0.25,-14.87075603
0.251,-14.99174564
0.252,-15.10357944
0.253,-15.21780199
0.254,-15.33262179
0.255,-15.44938599
0.256,-15.55775456
0.257,-15.65966099
0.258,-15.76397752
0.259,-15.86105218
0.26,-15.94893286
0.261,-16.04194242
0.262,-16.14327105
0.263,-16.24005122
0.264,-16.301934
0.265,-16.39192764
0.266,-16.47901861
0.267,-16.52752282
0.268,-16.60236069
0.269,-16.68166199
0.27,-16.73129989
0.271,-16.79710504
0.272,-16.85846723
0.273,-16.90220273
0.274,-16.95807428
0.275,-17.00023928
0.276,-17.0430106
0.277,-17.08853483
0.278,-17.11430123
0.279,-17.14593123
0.28,-17.18084969
0.281,-17.20696915
0.282,-17.23559249
0.283,-17.24823515
0.284,-17.27128679
0.285,-17.28575437
0.286,-17.28647805
0.287,-17.30782835
0.288,-17.31654024
0.289,-17.31371687
0.29,-17.31402791
0.291,-17.31847109
0.292,-17.32308208
0.293,-17.30226807
0.294,-17.29429332
0.295,-17.30334827
0.296,-17.28221385
0.297,-17.27249363
0.298,-17.26120704
0.299,-17.23482133
0.3,-17.22562102
0.301,-17.20528922
0.302,-17.18514421
0.303,-17.1726513
0.304,-17.14733267
0.305,-17.12333116
0.306,-17.10219324
0.307,-17.07697677
0.308,-17.05957027
0.309,-17.03643927
0.31,-17.00780107
0.311,-16.9911025
0.312,-16.95422093
0.313,-16.93982734
0.314,-16.92270649
0.315,-16.88579954
0.316,-16.87768246
0.317,-16.84993865
0.318,-16.83092911
0.319,-16.81147948
0.32,-16.78354708
0.321,-16.77270635
0.322,-16.75816839
0.323,-16.7347302
0.324,-16.73259556
0.325,-16.71030656
0.326,-16.69686579
0.327,-16.69914597
0.328,-16.67870387
0.329,-16.69109437
0.33,-16.66656253
0.331,-16.67913408
0.332,-16.6677961
0.333,-16.67045713
0.334,-16.67338742
0.335,-16.67598423
0.336,-16.69896552
0.337,-16.69268287
0.338,-16.70926927
0.339,-16.71877259
0.34,-16.74647226
0.341,-16.74650968
0.342,-16.78086714
0.343,-16.8058007
0.344,-16.82611343
0.345,-16.86865346
0.346,-16.88641058
0.347,-16.933665
0.348,-16.95678716
0.349,-16.99993849
0.35,-17.03177787
0.351,-17.08092442
0.352,-17.11969022
0.353,-17.17194079
0.354,-17.22807163
0.355,-17.26547138
0.356,-17.32898893
0.357,-17.36627556
0.358,-17.43672534
0.359,-17.49419153
0.36,-17.54729971
0.361,-17.62631898
0.362,-17.68208585
0.363,-17.75043456
0.364,-17.80807522
0.365,-17.90080226
0.366,-17.94776836
0.367,-18.03339907
0.368,-18.10574738
0.369,-18.19406757
0.37,-18.25702191
0.371,-18.34112331
0.372,-18.42567402
0.373,-18.49846557
0.374,-18.58398691
0.375,-18.66351044
0.376,-18.74195425
0.377,-18.8355376
0.378,-18.90785837
0.379,-19.00739624
0.38,-19.08619596
0.381,-19.17269833
0.382,-19.25814348
0.383,-19.34776472
0.384,-19.43343996
0.385,-19.52138862
0.386,-19.6099923
0.387,-19.69875657
0.388,-19.78938307
0.389,-19.86300886
0.39,-19.95310447
0.391,-20.05820616
0.392,-20.11612929
0.393,-20.22262486
0.394,-20.28999754
0.395,-20.39034696
0.396,-20.45884982
0.397,-20.55703919
0.398,-20.62125392
0.399,-20.70992566
0.4,-20.77424717
0.401,-20.87233101
0.402,-20.93391042
0.403,-21.03100555
0.404,-21.09079682
0.405,-21.18457762
0.406,-21.23920247
0.407,-21.30764665
0.408,-21.38061784
0.409,-21.43980996
0.41,-21.53532473
0.411,-21.57144768
0.412,-21.66097022
0.413,-21.72036552
0.414,-21.77340636
0.415,-21.8331736
0.416,-21.89303408
0.417,-21.94370191
0.418,-22.01450912
0.419,-22.06563354
0.42,-22.11140662
0.421,-22.17419134
0.422,-22.20478156
0.423,-22.2773698
0.424,-22.30385792
0.425,-22.35663815
0.426,-22.40486375
0.427,-22.44002827
0.428,-22.48377337
0.429,-22.52140938
0.43,-22.56311936
0.431,-22.61244709
0.432,-22.61959305
0.433,-22.66632101
0.434,-22.69570773
0.435,-22.73235663
0.436,-22.75748912
0.437,-22.8011119
0.438,-22.81965936
0.439,-22.84407498
0.44,-22.8701087
0.441,-22.88432473
0.442,-22.92495251
0.443,-22.92708396
0.444,-22.96931123
0.445,-22.98096149
0.446,-23.00407167
0.447,-23.01684233
0.448,-23.04737029
0.449,-23.05397626
0.45,-23.06908682
0.451,-23.09422358
0.452,-23.10373853
0.453,-23.10970341
0.454,-23.1466328
0.455,-23.15536053
0.456,-23.15832621
0.457,-23.18217757
0.458,-23.19713695
0.459,-23.1804813
0.46,-23.23371414
0.461,-23.2256802
0.462,-23.23357268
0.463,-23.27400988
0.464,-23.27070737
0.465,-23.27430706
0.466,-23.30970905
0.467,-23.30515244
0.468,-23.3094845
0.469,-23.34837167
0.47,-23.35090067
0.471,-23.35792659
0.472,-23.39145807
0.473,-23.40252261
0.474,-23.41496241
0.475,-23.43120615
0.476,-23.44700089
0.477,-23.46763037
0.478,-23.48328874
0.479,-23.50172719
0.48,-23.52676048
0.481,-23.55113363
0.482,-23.56664979
0.483,-23.57953376
0.484,-23.62462752
0.485,-23.63710085
0.486,-23.64915486
0.487,-23.69657352
0.488,-23.72282967
0.489,-23.72953844
0.49,-23.77495549
0.491,-23.81182005
0.492,-23.82485019
0.493,-23.85279256
0.494,-23.88965563
0.495,-23.93056561
0.496,-23.95789266
0.497,-23.98151236
0.498,-24.03504469
0.499,-24.07995593
0.5,-24.09208267
0.501,-24.09449229
0.502,-24.137893
0.503,-24.15582971
0.504,-24.19096243
0.505,-24.25169452
0.506,-24.29551066
0.507,-24.32870431
0.508,-24.35364682
0.509,-24.37540041
0.51,-24.39598322
0.511,-24.42084678
0.512,-24.4557907
0.513,-24.50883174
0.514,-24.55425257
0.515,-24.6071922
0.516,-24.66983523
0.517,-24.69880584
0.518,-24.71836193
0.519,-24.72618525
0.52,-24.7184989
0.521,-24.72838485
0.522,-24.7739032
0.523,-24.83451032
0.524,-24.90447007
0.525,-24.95672898
0.526,-24.97287505
0.527,-24.98366541
0.528,-25.01106353
0.529,-25.04456045
0.53,-25.06071181
0.531,-25.11223219
0.532,-25.18555232
0.533,-25.24795974
0.534,-25.28754893
0.535,-25.3124229
0.536,-25.34386973
0.537,-25.38483343
0.538,-25.41132496
0.539,-25.45344405
0.54,-25.51012388
0.541,-25.56206542
0.542,-25.62233669
0.543,-25.66226108
0.544,-25.70407068
0.545,-25.72434655
0.546,-25.72918376
0.547,-25.76607745
0.548,-25.80910959
0.549,-25.86736389
0.55,-25.9208882
0.551,-25.96168032
0.552,-26.00492315
0.553,-26.04805333
0.554,-26.08701789
0.555,-26.13853769
0.556,-26.1836898
0.557,-26.21950582
0.558,-26.27205792
0.559,-26.33357307
0.56,-26.38279849
0.561,-26.43645597
0.562,-26.48233033
0.563,-26.52542109
0.564,-26.57990117
0.565,-26.64626544
0.566,-26.70068973
0.567,-26.75509999
0.568,-26.81241611
0.569,-26.86646659
0.57,-26.9067251
0.571,-26.96144662
0.572,-27.03530895
0.573,-27.09534105
0.574,-27.15850554
0.575,-27.2096522
0.576,-27.27084089
0.577,-27.31023404
0.578,-27.37245282
0.579,-27.43087078
0.58,-27.48804907
0.581,-27.54590154
0.582,-27.60593138
0.583,-27.66757032
0.584,-27.72793444
0.585,-27.76852549
0.586,-27.81777612
0.587,-27.8761321
0.588,-27.92586374
0.589,-27.9892346
0.59,-28.04843959
0.591,-28.10596688
0.592,-28.16444224
0.593,-28.19545043
0.594,-28.2300738
0.595,-28.2852643
0.596,-28.33820588
0.597,-28.3954722
0.598,-28.44786146
0.599,-28.49268821
0.6,-28.53474675
0.601,-28.50809654
0.602,-28.53588553
0.603,-28.54010419
0.604,-28.54534841
0.605,-28.56219889
0.606,-28.57121666
0.607,-28.57462583
0.608,-28.56931402
0.609,-28.55400346
0.61,-28.52048756
0.611,-28.47710415
0.612,-28.44121985
0.613,-28.37876696
0.614,-28.31224294
0.615,-28.25970963
0.616,-28.1931377
0.617,-28.11834003
0.618,-28.02956507
0.619,-27.94555618
0.62,-27.85269555
0.621,-27.75189352
0.622,-27.65917524
0.623,-27.55854517
0.624,-27.42509663
0.625,-27.30400282
0.626,-27.18173415
0.627,-27.05493216
0.628,-26.91793176
0.629,-26.78022264
0.63,-26.64373694
0.631,-26.50451505
0.632,-26.36053851
0.633,-26.21313685
0.634,-26.06541088
0.635,-25.90366925
0.636,-25.73562991
0.637,-25.57767705
0.638,-25.42541753
0.639,-25.26978314
0.64,-25.1114173
0.641,-24.94907043
0.642,-24.77960697
0.643,-24.60707943
0.644,-24.43634652
0.645,-24.28132288
0.646,-24.10322868
0.647,-23.93358802
0.648,-23.77966539
0.649,-23.61207337
0.65,-23.45368307
0.651,-23.29418348
0.652,-23.13511246
0.653,-22.97244508
0.654,-22.81486527
0.655,-22.66222575
0.656,-22.52101657
0.657,-22.36504928
0.658,-22.21705417
0.659,-22.08337269
0.66,-21.94679598
0.661,-21.80664762
0.662,-21.67206272
0.663,-21.53885801
0.664,-21.41234674
0.665,-21.29272237
0.666,-21.17689106
0.667,-21.07311689
0.668,-20.95273597
0.669,-20.84035355
0.67,-20.74411104
0.671,-20.64603013
0.672,-20.56017893
0.673,-20.47740174
0.674,-20.39799001
0.675,-20.32900828
0.676,-20.26443924
0.677,-20.19811411
0.678,-20.14410009
0.679,-20.07731126
0.68,-20.02776573
0.681,-19.98241391
0.682,-19.94297105
0.683,-19.90960267
0.684,-19.8816825
0.685,-19.86010948
0.686,-19.84699984
0.687,-19.8386814
0.688,-19.84132158
0.689,-19.82810396
0.69,-19.82866854
0.691,-19.84127449
0.692,-19.84978215
0.693,-19.86876664
0.694,-19.88876199
0.695,-19.91360077
0.696,-19.95138911
0.697,-19.99419932
0.698,-20.0409642
0.699,-20.0733922
0.7,-20.11791076
0.701,-20.18269967
0.702,-20.24161744
0.703,-20.30215804
0.704,-20.3650323
0.705,-20.43146667
0.706,-20.49739988
0.707,-20.57690735
0.708,-20.6691904
0.709,-20.73605622
0.71,-20.81687985
0.711,-20.90485234
0.712,-20.99325434
0.713,-21.08644936
0.714,-21.17462826
0.715,-21.26899208
0.716,-21.36258281
0.717,-21.46302442
0.718,-21.57686801
0.719,-21.65568466
0.72,-21.75859157
0.721,-21.86215249
0.722,-21.96409613
0.723,-22.06335379
0.724,-22.16463231
0.725,-22.27042765
0.726,-22.38583166
0.727,-22.49182737
0.728,-22.59926227
0.729,-22.68832935
0.73,-22.78850386
0.731,-22.88809355
0.732,-22.98391283
0.733,-23.08007118
0.734,-23.19012554
0.735,-23.30091968
0.736,-23.39324483
0.737,-23.49284971
0.738,-23.5759488
0.739,-23.66280813
0.74,-23.74200206
0.741,-23.83033903
0.742,-23.9228523
0.743,-24.01461372
0.744,-24.10112978
0.745,-24.17348314
0.746,-24.24933341
0.747,-24.331066
0.748,-24.39073823
0.749,-24.45974829
0.75,-24.52279642
0.751,-24.58915475
0.752,-24.65166934
0.753,-24.71652983
0.754,-24.77072071
0.755,-24.8248738
0.756,-24.87437485
0.757,-24.92307452
0.758,-24.95852548
0.759,-25.00587612
0.76,-25.04590932
0.761,-25.0784069
0.762,-25.11630898
0.763,-25.15273997
0.764,-25.1774586
0.765,-25.2049255
0.766,-25.22639127
0.767,-25.2467088
0.768,-25.25158225
0.769,-25.26923436
0.77,-25.28782612
0.771,-25.29251457
0.772,-25.300149
0.773,-25.29828594
0.774,-25.30020936
0.775,-25.30081572
0.776,-25.31086503
0.777,-25.29355198
0.778,-25.2773954
0.779,-25.26212879
0.78,-25.24767344
0.781,-25.22814915
0.782,-25.20925943
0.783,-25.18539647
0.784,-25.17011076
0.785,-25.14462726
0.786,-25.11769603
0.787,-25.0946724
0.788,-25.04854747
0.789,-25.01004636
0.79,-24.97646763
0.791,-24.93416738
0.792,-24.89182809
0.793,-24.85330358
0.794,-24.80952741
0.795,-24.77101603
0.796,-24.73506384
0.797,-24.69442254
0.798,-24.63029143
0.799,-24.57298586
0.8,-24.52233202
0.801,-24.47289684
0.802,-24.41701509
0.803,-24.3735568
0.804,-24.31458687
0.805,-24.26110275
0.806,-24.21097707
0.807,-24.14961821
0.808,-24.099313
0.809,-24.03130243
0.81,-23.98013127
0.811,-23.92431279
0.812,-23.86289242
0.813,-23.81193571
0.814,-23.75648953
0.815,-23.69576557
0.816,-23.63645471
0.817,-23.57991226
0.818,-23.53881631
0.819,-23.47145002
0.82,-23.41449539
0.821,-23.36603095
0.822,-23.31125835
0.823,-23.26099153
0.824,-23.2070754
0.825,-23.15161099
0.826,-23.10593937
0.827,-23.05679423
0.828,-23.00758755
0.829,-22.96932117
0.83,-22.9171328
0.831,-22.87503531
0.832,-22.83015287
0.833,-22.79093016
0.834,-22.75818304
0.835,-22.71900851
0.836,-22.67970329
0.837,-22.64909107
0.838,-22.61640677
0.839,-22.58797952
0.84,-22.54654034
0.841,-22.51722511
0.842,-22.48546005
0.843,-22.46240528
0.844,-22.44573908
0.845,-22.43278642
0.846,-22.42036459
0.847,-22.39672166
0.848,-22.37893153
0.849,-22.36173821
0.85,-22.34613135
0.851,-22.32953503
0.852,-22.3199478
0.853,-22.31277442
0.854,-22.31600448
0.855,-22.31698349
0.856,-22.31690992
0.857,-22.31816016
0.858,-22.31979607
0.859,-22.31761909
0.86,-22.32362892
0.861,-22.32177256
0.862,-22.32790214
0.863,-22.33544111
0.864,-22.34984323
0.865,-22.36754035
0.866,-22.38285621
0.867,-22.40227971
0.868,-22.41790099
0.869,-22.43604823
0.87,-22.45050356
0.871,-22.4706053
0.872,-22.48344323
0.873,-22.50337736
0.874,-22.51805842
0.875,-22.54446587
0.876,-22.57358889
0.877,-22.60596596
0.878,-22.63421307
0.879,-22.66476327
0.88,-22.68884525
0.881,-22.71360763
0.882,-22.73156056
0.883,-22.75226192
0.884,-22.77495134
0.885,-22.80620995
0.886,-22.83956782
0.887,-22.87312117
0.888,-22.90690401
0.889,-22.93971518
0.89,-22.96926049
0.891,-22.99831443
0.892,-23.01052902
0.893,-23.03112523
0.894,-23.05278952
0.895,-23.08236732
0.896,-23.11669451
0.897,-23.14962023
0.898,-23.18102968
0.899,-23.20783918
0.9,-23.23080356
0.901,-23.25085587
0.902,-23.27802048
0.903,-23.29074044
0.904,-23.3062268
0.905,-23.32810365
0.906,-23.35909649
0.907,-23.39015947
0.908,-23.41448292
0.909,-23.4315083
0.91,-23.45153083
0.911,-23.46862788
0.912,-23.49006966
0.913,-23.49966421
0.914,-23.50798732
0.915,-23.52340873
0.916,-23.54460678
0.917,-23.56346511
0.918,-23.5759109
0.919,-23.5931341
0.92,-23.60759119
0.921,-23.61992388
0.922,-23.63635374
0.923,-23.63617536
0.924,-23.64083705
0.925,-23.65257787
0.926,-23.66656289
0.927,-23.68037766
0.928,-23.68736439
0.929,-23.69751335
0.93,-23.7040268
0.931,-23.70669572
0.932,-23.71837264
0.933,-23.71198872
0.934,-23.70904659
0.935,-23.70874977
0.936,-23.71694285
0.937,-23.72699374
0.938,-23.73329455
0.939,-23.73640385
0.94,-23.73245565
0.941,-23.73044491
0.942,-23.73323363
0.943,-23.71980719
0.944,-23.71116233
0.945,-23.71276919
0.946,-23.71469955
0.947,-23.71577967
0.948,-23.7121929
0.949,-23.70817145
0.95,-23.70177616
0.951,-23.69471571
0.952,-23.68821167
0.953,-23.68325746
0.954,-23.6686706
0.955,-23.66211702
0.956,-23.65475584
0.957,-23.65588107
0.958,-23.6523955
0.959,-23.64264991
0.96,-23.63365804
0.961,-23.62288779
0.962,-23.60985551
0.963,-23.60444682
0.964,-23.5882155
0.965,-23.57609128
0.966,-23.56669604
0.967,-23.5639657
0.968,-23.56192467
0.969,-23.55049597
0.97,-23.54076837
0.971,-23.52416031
0.972,-23.5124933
0.973,-23.50730499
0.974,-23.48550363
0.975,-23.47227078
0.976,-23.4619676
0.977,-23.46173579
0.978,-23.45448301
0.979,-23.44351762
0.98,-23.43012153
0.981,-23.41841456
0.982,-23.40914692
0.983,-23.39571514
0.984,-23.38778057
0.985,-23.37013561
0.986,-23.36016535
0.987,-23.3551845
0.988,-23.34999654
0.989,-23.34607568
0.99,-23.33232762
0.991,-23.32347063
0.992,-23.31362584
0.993,-23.30583082
0.994,-23.29859039
0.995,-23.28356241
0.996,-23.27289913
0.997,-23.26348977
0.998,-23.26453829
0.999,-23.26421299
1,-23.25838013
1.001,-23.25170429
1.002,-23.24299565
1.003,-23.23403075
1.004,-23.23531275
1.005,-23.2205789
1.006,-23.20946306
1.007,-23.20191628
1.008,-23.20392387
1.009,-23.20484764
1.01,-23.20505435
1.011,-23.20379326
1.012,-23.19997181
1.013,-23.19469005
1.014,-23.18724553
1.015,-23.18701762
1.016,-23.1789167
1.017,-23.17409651
1.018,-23.17427196
1.019,-23.18107863
1.02,-23.189537
1.021,-23.18644906
1.022,-23.18782623
1.023,-23.18603548
1.024,-23.18557234
1.025,-23.18807369
1.026,-23.18425606
1.027,-23.18266977
1.028,-23.18522248
1.029,-23.19250316
1.03,-23.20441896
1.031,-23.21434027
1.032,-23.21811089
1.033,-23.22185666
1.034,-23.22428422
1.035,-23.23468312
1.036,-23.23424951
1.037,-23.23491385
1.038,-23.23987561
1.039,-23.2546856
1.04,-23.26740981
1.041,-23.2809668
1.042,-23.28816635
1.043,-23.30029626
1.044,-23.30890717
1.045,-23.32663493
1.046,-23.32802369
1.047,-23.33380922
1.048,-23.34457379
1.049,-23.35852791
1.05,-23.37944477
1.051,-23.40360085
1.052,-23.41653438
1.053,-23.43362047
1.054,-23.44928923
1.055,-23.46165732
1.056,-23.4798619
1.057,-23.48992163
1.058,-23.50606237
1.059,-23.52493351
1.06,-23.55320689
1.061,-23.58392861
1.062,-23.60612517
1.063,-23.62774525
1.064,-23.64768824
1.065,-23.66613079
1.066,-23.69289201
1.067,-23.70870723
1.068,-23.73033571
1.069,-23.75602406
1.07,-23.79199689
1.071,-23.82565848
1.072,-23.85516504
1.073,-23.88229536
1.074,-23.90835491
1.075,-23.93604954
1.076,-23.97206454
1.077,-23.99571912
1.078,-24.0255853
1.079,-24.06132268
1.08,-24.09597693
1.081,-24.13447289
1.082,-24.17213467
1.083,-24.20449824
1.084,-24.23858338
1.085,-24.27598391
1.086,-24.31301996
1.087,-24.35430613
1.088,-24.38778201
1.089,-24.4288799
1.09,-24.46968305
1.091,-24.51173583
1.092,-24.55781693
1.093,-24.59886207
1.094,-24.63997348
1.095,-24.6850647
1.096,-24.72888996
1.097,-24.77682006
1.098,-24.81380664
1.099,-24.86316997
1.1,-24.90625035
1.101,-24.95627394
1.102,-25.00861282
1.103,-25.05912157
1.104,-25.10251912
1.105,-25.15417438
1.106,-25.20676159
1.107,-25.26062059
1.108,-25.30024678
1.109,-25.35715682
1.11,-25.40598716
1.111,-25.46172799
1.112,-25.51747064
1.113,-25.56532302
1.114,-25.62542226
1.115,-25.68395286
1.116,-25.75544202
1.117,-25.7945564
1.118,-25.84022743
1.119,-25.90340772
1.12,-25.95900078
1.121,-26.01227938
1.122,-26.07116087
1.123,-26.12609728
1.124,-26.19212264
1.125,-26.2544712
1.126,-26.32544961
1.127,-26.36936206
1.128,-26.41978643
1.129,-26.48451038
1.13,-26.55004784
1.131,-26.60664971
1.132,-26.67325954
1.133,-26.74050164
1.134,-26.80043185
1.135,-26.86559745
1.136,-26.92479975
1.137,-26.98880911
1.138,-27.0376223
1.139,-27.10600354
1.14,-27.17454099
1.141,-27.23577932
1.142,-27.30542934
1.143,-27.37636079
1.144,-27.43770047
1.145,-27.49894556
1.146,-27.56070439
1.147,-27.62202692
1.148,-27.67640178
1.149,-27.74621496
1.15,-27.81906991
1.151,-27.88520956
1.152,-27.95629008
1.153,-28.01689335
1.154,-28.08315744
1.155,-28.15026401
1.156,-28.21485214
1.157,-28.28547853
1.158,-28.34034172
1.159,-28.40906
1.16,-28.48539935
1.161,-28.55384819
1.162,-28.61768462
1.163,-28.67510309
1.164,-28.74480568
1.165,-28.81227612
1.166,-28.8824278
1.167,-28.95407323
1.168,-29.01082229
1.169,-29.08280408
1.17,-29.15422196
1.171,-29.21936563
1.172,-29.27796929
1.173,-29.34945915
1.174,-29.42011847
1.175,-29.49185188
1.176,-29.57347259
1.177,-29.62694863
1.178,-29.68907455
1.179,-29.75174874
1.18,-29.82244689
1.181,-29.89469911
1.182,-29.96231654
1.183,-30.03043838
1.184,-30.10496864
1.185,-30.17977934
1.186,-30.25053528
1.187,-30.30450268
1.188,-30.3638879
1.189,-30.4302005
1.19,-30.50758384
1.191,-30.57279366
1.192,-30.64625694
1.193,-30.72086517
1.194,-30.79672858
1.195,-30.86016127
1.196,-30.93221683
1.197,-30.98757464
1.198,-31.04985582
1.199,-31.1235833
1.2,-31.19825617
1.201,-31.26390566
1.202,-31.33901567
1.203,-31.41127853
1.204,-31.48226088
1.205,-31.54930489
1.206,-31.62344419
1.207,-31.68229241
1.208,-31.74670203
1.209,-31.82618622
1.21,-31.89349997
1.211,-31.96320162
1.212,-32.0366745
1.213,-32.10776957
1.214,-32.18058248
1.215,-32.25068321
1.216,-32.33017717
1.217,-32.38713859
1.218,-32.45475772
1.219,-32.52917808
1.22,-32.60735165
1.221,-32.67110228
1.222,-32.74248861
1.223,-32.81347909
1.224,-32.89084848
1.225,-32.96396265
1.226,-33.04341776
1.227,-33.10279814
1.228,-33.16687784
1.229,-33.24686598
1.23,-33.31441626
1.231,-33.38673676
1.232,-33.46575692
1.233,-33.53877794
1.234,-33.6132171
1.235,-33.6907542
1.236,-33.76300023
1.237,-33.82451862
1.238,-33.89010639
1.239,-33.97220895
1.24,-34.05346156
1.241,-34.1243013
1.242,-34.20174725
1.243,-34.27525719
1.244,-34.35107091
1.245,-34.42921913
1.246,-34.49058738
1.247,-34.55233586
1.248,-34.62926836
1.249,-34.71930739
1.25,-34.79244789
1.251,-34.86891212
1.252,-34.94251358
1.253,-35.01687007
1.254,-35.0894207
1.255,-35.17197724
1.256,-35.23143208
1.257,-35.30566447
1.258,-35.39123247
1.259,-35.47904882
1.26,-35.53845071
1.261,-35.61283648
1.262,-35.68747407
1.263,-35.76617938
1.264,-35.84251275
1.265,-35.91961714
1.266,-35.98926642
1.267,-36.06646748
1.268,-36.158632
1.269,-36.22145097
1.27,-36.29023468
1.271,-36.36828435
1.272,-36.451956
1.273,-36.53059368
1.274,-36.61029684
1.275,-36.67323586
1.276,-36.75199106
1.277,-36.82790391
1.278,-36.9067251
1.279,-36.97492114
1.28,-37.06010439
1.281,-37.14235381
1.282,-37.22400695
1.283,-37.30386898
1.284,-37.36628194
1.285,-37.43193187
1.286,-37.51304697
1.287,-37.5925418
1.288,-37.66953065
1.289,-37.7495646
1.29,-37.83277144
1.291,-37.91247582
1.292,-37.98516107
1.293,-38.05625783
1.294,-38.12470377
1.295,-38.20206881
1.296,-38.27808083
1.297,-38.3611502
1.298,-38.4384912
1.299,-38.51670098
1.3,-38.59582014
1.301,-38.66586033
1.302,-38.74638273
1.303,-38.81693144
1.304,-38.88965787
1.305,-38.95920283
1.306,-39.0483036
1.307,-39.12376051
1.308,-39.19764025
1.309,-39.27139871
1.31,-39.34982276
1.311,-39.43227386
1.312,-39.4997472
1.313,-39.56252442
1.314,-39.63771015
1.315,-39.71703467
1.316,-39.7981841
1.317,-39.86347393
1.318,-39.9428775
1.319,-40.01999819
1.32,-40.11185793
1.321,-40.16929433
1.322,-40.23484739
1.323,-40.30660691
1.324,-40.37776623
1.325,-40.45300374
1.326,-40.52996234
1.327,-40.60136607
1.328,-40.68152574
1.329,-40.76063926
1.33,-40.82081946
1.331,-40.88931174
1.332,-40.96050409
1.333,-41.02056505
1.334,-41.09606624
1.335,-41.17587996
1.336,-41.2528913
1.337,-41.31742101
1.338,-41.3807919
1.339,-41.45472879
1.34,-41.52080655
1.341,-41.58622209
1.342,-41.6473685
1.343,-41.72342599
1.344,-41.80411958
1.345,-41.86960606
1.346,-41.93204356
1.347,-41.99686777
1.348,-42.06908595
1.349,-42.12858766
1.35,-42.19782088
1.351,-42.25992621
1.352,-42.32827829
1.353,-42.40719011
1.354,-42.46299395
1.355,-42.51933794
1.356,-42.58829065
1.357,-42.65631486
1.358,-42.70991339
1.359,-42.78409713
1.36,-42.84198512
1.361,-42.9091923
1.362,-42.97744763
1.363,-43.02808217
1.364,-43.08972688
1.365,-43.153077
1.366,-43.21593934
1.367,-43.26805423
1.368,-43.34158411
1.369,-43.39620588
1.37,-43.45154631
1.371,-43.51825512
1.372,-43.57678225
1.373,-43.634906
1.374,-43.70702858
1.375,-43.74944929
1.376,-43.80198688
1.377,-43.86631505
1.378,-43.91867763
1.379,-43.96830528
1.38,-44.0326154
1.381,-44.09580778
1.382,-44.14534915
1.383,-44.20900241
1.384,-44.25078894
1.385,-44.30286645
1.386,-44.36621829
1.387,-44.40870529
1.388,-44.46005278
1.389,-44.52642176
1.39,-44.58356866
1.391,-44.63151502
1.392,-44.68065367
1.393,-44.71811764
1.394,-44.77251301
1.395,-44.83285584
1.396,-44.87764067
1.397,-44.92829071
1.398,-44.97902294
1.399,-45.03708437
1.4,-45.08029452
1.401,-45.12966767
1.402,-45.16739561
1.403,-45.21822318
1.404,-45.26327595
1.405,-45.31388155
1.406,-45.36142777
1.407,-45.4124766
1.408,-45.46390613
1.409,-45.50213715
1.41,-45.53780865
1.411,-45.57833253
1.412,-45.62933861
1.413,-45.67454416
1.414,-45.72465766
1.415,-45.76955994
1.416,-45.81683819
1.417,-45.85553192
1.418,-45.89699055
1.419,-45.93047741
1.42,-45.97009644
1.421,-46.01224874
1.422,-46.05723693
1.423,-46.10262076
1.424,-46.14320475
1.425,-46.17547639
1.426,-46.2209679
1.427,-46.25544083
1.428,-46.29051444
1.429,-46.32996205
1.43,-46.3697932
1.431,-46.40928497
1.432,-46.45028671
1.433,-46.48436852
1.434,-46.51594134
1.435,-46.54805995
1.436,-46.59135074
1.437,-46.61856847
1.438,-46.6512596
1.439,-46.69307618
1.44,-46.72709445
1.441,-46.76258955
1.442,-46.79063777
1.443,-46.82412539
1.444,-46.86275456
1.445,-46.89836808
1.446,-46.91793659
1.447,-46.94730378
1.448,-46.98553258
1.449,-47.01374403
1.45,-47.04205754
1.451,-47.06752998
1.452,-47.0955518
1.453,-47.14446527
1.454,-47.16752507
1.455,-47.1852113
1.456,-47.21773359
1.457,-47.25324039
1.458,-47.27100533
1.459,-47.29583899
1.46,-47.32083092
1.461,-47.34927915
1.462,-47.38797459
1.463,-47.39715981
1.464,-47.41804359
1.465,-47.44534211
1.466,-47.47281377
1.467,-47.48723202
1.468,-47.51139558
1.469,-47.52970989
1.47,-47.55689617
1.471,-47.59014801
1.472,-47.59530362
1.473,-47.61993652
1.474,-47.64275803
1.475,-47.66020227
1.476,-47.67793591
1.477,-47.69477149
1.478,-47.70863603
1.479,-47.73339277
1.48,-47.75486471
1.481,-47.76026583
1.482,-47.78243342
1.483,-47.80227285
1.484,-47.81174298
1.485,-47.83030862
1.486,-47.84237103
1.487,-47.85464997
1.488,-47.88439275
1.489,-47.88285152
1.49,-47.89010159
1.491,-47.9081997
1.492,-47.92239839
1.493,-47.92372467
1.494,-47.9385967
1.495,-47.94840586
1.496,-47.95863193
1.497,-47.98218471
1.498,-47.97707679
1.499,-47.98249282
1.5,-47.99616099
1.501,-48.00768623
1.502,-48.00684452
1.503,-48.01510005
1.504,-48.02110568
1.505,-48.02114531
1.506,-48.03237124
1.507,-48.02163029
1.508,-48.02624396
1.509,-48.0376961
1.51,-48.03754479
1.511,-48.03599595
1.512,-48.03794256
1.513,-48.03838895
1.514,-48.03935443
1.515,-48.04821973
1.516,-48.03558248
1.517,-48.03559433
1.518,-48.04327474
1.519,-48.03454576
1.52,-48.03294517
1.521,-48.02519923
1.522,-48.02194817
1.523,-48.01713645
1.524,-48.01413194
1.525,-47.99440177
1.526,-48.00369055
1.527,-48.00586819
1.528,-47.99404025
1.529,-47.99109577
1.53,-47.98101622
1.531,-47.9748049
1.532,-47.96980268
1.533,-47.9599572
1.534,-47.93638319
1.535,-47.93893032
1.536,-47.93374369
1.537,-47.9220436
1.538,-47.91413434
1.539,-47.90303643
1.54,-47.89516929
1.541,-47.89058606
1.542,-47.87690481
1.543,-47.85488219
1.544,-47.85697683
1.545,-47.84509512
1.546,-47.83370743
1.547,-47.82577573
1.548,-47.81067367
1.549,-47.80041229
1.55,-47.79734969
1.551,-47.78391206
1.552,-47.75976712
1.553,-47.75716586
1.554,-47.74206232
1.555,-47.731693
1.556,-47.72188023
1.557,-47.70680936
1.558,-47.70113184
1.559,-47.70207952
1.56,-47.68326221
1.561,-47.66149152
1.562,-47.65963554
1.563,-47.6435261
1.564,-47.63167639
1.565,-47.62278557
1.566,-47.60869098
1.567,-47.5990318
1.568,-47.59965208
1.569,-47.58312869
1.57,-47.56466497
1.571,-47.56592564
1.572,-47.55545136
1.573,-47.54458216
1.574,-47.53580006
1.575,-47.52163111
1.576,-47.51448153
1.577,-47.52359093
1.578,-47.49747648
1.579,-47.48599348
1.58,-47.48843566
1.581,-47.47403166
1.582,-47.46644809
1.583,-47.46012964
1.584,-47.44793477
1.585,-47.44452236
1.586,-47.46222693
1.587,-47.43906519
1.588,-47.42762127
1.589,-47.432749
1.59,-47.41974611
1.591,-47.41504505
1.592,-47.41147111
1.593,-47.40619133
1.594,-47.40612241
1.595,-47.41496851
1.596,-47.38997772
1.597,-47.38762876
1.598,-47.39615872
1.599,-47.38581166
1.6,-47.38772182
1.601,-47.38907201
1.602,-47.38180238
1.603,-47.38934847
1.604,-47.40030309
1.605,-47.37925729
1.606,-47.37839187
1.607,-47.38674924
1.608,-47.38525614
1.609,-47.38335789
1.61,-47.38434345
1.611,-47.3798174
1.612,-47.391527
1.613,-47.40505073
1.614,-47.38853717
1.615,-47.39365365
1.616,-47.40480931
1.617,-47.40600978
1.618,-47.40692027
1.619,-47.41004374
1.62,-47.40995044
1.621,-47.42530896
1.622,-47.4306179
1.623,-47.41593838
1.624,-47.42594371
1.625,-47.43746938
1.626,-47.44100164
1.627,-47.4465477
1.628,-47.45013563
1.629,-47.45584001
1.63,-47.47364288
1.631,-47.48039336
1.632,-47.46899396
1.633,-47.47891427
1.634,-47.49014868
1.635,-47.49849698
1.636,-47.50356149
1.637,-47.5066433
1.638,-47.50944436
1.639,-47.53841959
1.64,-47.53142945
1.641,-47.52852338
1.642,-47.53845567
1.643,-47.54713891
1.644,-47.55872581
1.645,-47.56921275
1.646,-47.5731819
1.647,-47.58034163
1.648,-47.6061886
1.649,-47.59756452
1.65,-47.59686293
1.651,-47.60478894
1.652,-47.60991032
1.653,-47.61730539
1.654,-47.63164109
1.655,-47.63360105
1.656,-47.64277302
1.657,-47.66777106
1.658,-47.65972165
1.659,-47.66354481
1.66,-47.6731152
1.661,-47.67606155
1.662,-47.68309331
1.663,-47.6896618
1.664,-47.69069092
1.665,-47.70377151
1.666,-47.71938392
1.667,-47.70579724
1.668,-47.71601316
1.669,-47.72451385
1.67,-47.72866821
1.671,-47.73689653
1.672,-47.74247242
1.673,-47.74418636
1.674,-47.75086747
1.675,-47.76131055
1.676,-47.75500088
1.677,-47.76349185
1.678,-47.77037183
1.679,-47.76799493
1.68,-47.77733786
1.681,-47.77864302
1.682,-47.77606146
1.683,-47.78436712
1.684,-47.78745323
1.685,-47.77958009
1.686,-47.7887424
1.687,-47.79978239
1.688,-47.79613563
1.689,-47.80233851
1.69,-47.79957623
1.691,-47.7992648
1.692,-47.81634245
1.693,-47.80382864
1.694,-47.79648225
1.695,-47.7977978
1.696,-47.80617527
1.697,-47.80086214
1.698,-47.80637649
1.699,-47.80407908
1.7,-47.80064515
1.701,-47.81810121
1.702,-47.80237681
1.703,-47.79864274
1.704,-47.79797576
1.705,-47.80174999
1.706,-47.79718127
1.707,-47.80026186
1.708,-47.79279832
1.709,-47.78713422
1.71,-47.79779681
1.711,-47.78117665
1.712,-47.77693733
1.713,-47.77853641
1.714,-47.78095102
1.715,-47.77655701
1.716,-47.77737276
1.717,-47.76916984
1.718,-47.76569491
1.719,-47.77383808
1.72,-47.75640218
1.721,-47.75097836
1.722,-47.74944304
1.723,-47.7475137
1.724,-47.74717308
1.725,-47.74425413
1.726,-47.7350017
1.727,-47.73115739
1.728,-47.73500717
1.729,-47.71501604
1.73,-47.71697855
1.731,-47.71404198
1.732,-47.70696015
1.733,-47.70950591
1.734,-47.70481103
1.735,-47.69837669
1.736,-47.69579174
1.737,-47.69308285
1.738,-47.67136455
1.739,-47.67269176
1.74,-47.6711277
1.741,-47.66454304
1.742,-47.6639467
1.743,-47.65979392
1.744,-47.6531269
1.745,-47.6556594
1.746,-47.65474374
1.747,-47.63563427
1.748,-47.63834312
1.749,-47.63719024
1.75,-47.62237989
1.751,-47.62401487
1.752,-47.61732076
1.753,-47.61073367
1.754,-47.61459543
1.755,-47.60810343
1.756,-47.5957324
1.757,-47.60563038
1.758,-47.6026563
1.759,-47.58886493
1.76,-47.58989254
1.761,-47.58360404
1.762,-47.57960654
1.763,-47.58374434
1.764,-47.58140972
1.765,-47.56891154
1.766,-47.57322346
1.767,-47.57181733
1.768,-47.55915876
1.769,-47.55957991
1.77,-47.55445432
1.771,-47.55011733
1.772,-47.57072795
1.773,-47.55523519
1.774,-47.54705438
1.775,-47.55408723
1.776,-47.55362622
1.777,-47.54104386
1.778,-47.54271361
1.779,-47.53978368
1.78,-47.53727612
1.781,-47.55645232
1.782,-47.53830771
1.783,-47.53221083
1.784,-47.54034421
1.785,-47.5390943
1.786,-47.53021516
1.787,-47.53301621
1.788,-47.53076111
1.789,-47.53895512
1.79,-47.55424984
1.791,-47.53695046
1.792,-47.53365447
1.793,-47.54163295
1.794,-47.5376559
1.795,-47.53143803
1.796,-47.53322612
1.797,-47.53594564
1.798,-47.54318698
1.799,-47.55556807
1.8,-47.53624847
1.801,-47.54211487
1.802,-47.54816819
1.803,-47.54543854
1.804,-47.54525698
1.805,-47.54776824
1.806,-47.5524833
1.807,-47.55914585
1.808,-47.56791451
1.809,-47.55024046
1.81,-47.55790483
1.811,-47.56081135
1.812,-47.55995663
1.813,-47.5616781
1.814,-47.56521611
1.815,-47.56803026
1.816,-47.58075337
1.817,-47.5872235
1.818,-47.5729781
1.819,-47.58279567
1.82,-47.58249827
1.821,-47.58666084
1.822,-47.59083781
1.823,-47.58752892
1.824,-47.59340942
1.825,-47.60746802
1.826,-47.60704332
1.827,-47.59518026
1.828,-47.60641131
1.829,-47.60579181
1.83,-47.61144699
1.831,-47.61695666
1.832,-47.61701432
1.833,-47.6232873
1.834,-47.63798511
1.835,-47.63365249
1.836,-47.62618332
1.837,-47.63604272
1.838,-47.63266699
1.839,-47.63522836
1.84,-47.64178723
1.841,-47.63926107
1.842,-47.64210694
1.843,-47.66873177
1.844,-47.65542932
1.845,-47.65119107
1.846,-47.66370626
1.847,-47.66228639
1.848,-47.66392019
1.849,-47.66809325
1.85,-47.66476549
1.851,-47.66897581
1.852,-47.68754484
1.853,-47.6733879
1.854,-47.67229196
1.855,-47.68371148
1.856,-47.67941249
1.857,-47.68117072
1.858,-47.68423479
1.859,-47.6849062
1.86,-47.68928663
1.861,-47.70260095
1.862,-47.68960865
1.863,-47.6927574
1.864,-47.70269078
1.865,-47.69658634
1.866,-47.69806556
1.867,-47.69728913
1.868,-47.69571799
1.869,-47.70141649
1.87,-47.71026222
1.871,-47.69129973
1.872,-47.69837027
1.873,-47.7099705
1.874,-47.70642252
1.875,-47.7090937
1.876,-47.70732244
1.877,-47.70354476
1.878,-47.7129037
1.879,-47.71553812
1.88,-47.6969614
1.881,-47.7030983
1.882,-47.70784256
1.883,-47.70420717
1.884,-47.70707843
1.885,-47.70392534
1.886,-47.70200512
1.887,-47.71014588
1.888,-47.71074907
1.889,-47.69638644
1.89,-47.70113828
1.891,-47.70338656
1.892,-47.70299222
1.893,-47.70545619
1.894,-47.69794183
1.895,-47.69583546
1.896,-47.70493764
1.897,-47.70117013
1.898,-47.68637068
1.899,-47.69281393
1.9,-47.69073002
1.901,-47.69324866
1.902,-47.69350089
1.903,-47.68645787
1.904,-47.68291819
1.905,-47.70265226
1.906,-47.6878801
1.907,-47.67732081
1.908,-47.68212977
1.909,-47.6803201
1.91,-47.67927525
1.911,-47.67908413
1.912,-47.67073965
1.913,-47.6656763
1.914,-47.68313545
1.915,-47.66730261
1.916,-47.66213895
1.917,-47.66684149
1.918,-47.66448631
1.919,-47.66466965
1.92,-47.66514714
1.921,-47.65597008
1.922,-47.65392532
1.923,-47.66682048
1.924,-47.64895838
1.925,-47.6477641
1.926,-47.64704829
1.927,-47.64341311
1.928,-47.64549823
1.929,-47.64647001
1.93,-47.63828358
1.931,-47.6396357
1.932,-47.64934107
1.933,-47.62958952
1.934,-47.63209129
1.935,-47.63370874
1.936,-47.63014049
1.937,-47.63107586
1.938,-47.62893291
1.939,-47.6219497
1.94,-47.62549098
1.941,-47.63207057
1.942,-47.61502348
1.943,-47.61479382
1.944,-47.61864077
1.945,-47.61567769
1.946,-47.61548279
1.947,-47.6148778
1.948,-47.6085915
1.949,-47.6159788
1.95,-47.62016055
1.951,-47.6056838
1.952,-47.60753807
1.953,-47.60972525
1.954,-47.6028798
1.955,-47.6033654
1.956,-47.60013461
1.957,-47.59558396
1.958,-47.60669465
1.959,-47.6116312
1.96,-47.59728529
1.961,-47.60083486
1.962,-47.60548993
1.963,-47.59976914
1.964,-47.60174989
1.965,-47.59755356
1.966,-47.59314381
1.967,-47.60320509
1.968,-47.60288123
1.969,-47.59160493
1.97,-47.59277731
1.971,-47.59824847
1.972,-47.59297369
1.973,-47.59748754
1.974,-47.593377
1.975,-47.59204372
1.976,-47.61831723
1.977,-47.60510546
1.978,-47.59553491
1.979,-47.59774938
1.98,-47.60343071
1.981,-47.59597293
1.982,-47.59860571
1.983,-47.59427103
1.984,-47.59518407
1.985,-47.61608207
1.986,-47.60307489
1.987,-47.59873122
1.988,-47.60292629
1.989,-47.60971676
1.99,-47.60222878
1.991,-47.60617915
1.992,-47.60283102
1.993,-47.60429778
1.994,-47.62290684
1.995,-47.60890627
1.996,-47.60913822
1.997,-47.61072432
1.998,-47.61007268
1.999,-47.60890771
2,-47.61193597
2.001,-47.60952158
2.002,-47.61318776
2.003,-47.62866717
2.004,-47.61240241
2.005,-47.61921376
2.006,-47.62446999
2.007,-47.62204802
2.008,-47.62248953
2.009,-47.62228856
2.01,-47.62097401
2.011,-47.62575758
2.012,-47.63454383
2.013,-47.61955852
2.014,-47.62804427
2.015,-47.6328931
2.016,-47.62801424
2.017,-47.63322488
2.018,-47.63326651
2.019,-47.63162123
2.02,-47.63939065
2.021,-47.64726916
2.022,-47.6337337
2.023,-47.6440997
2.024,-47.64581741
2.025,-47.6391889
2.026,-47.64388074
2.027,-47.64307172
2.028,-47.64197622
2.029,-47.65165781
2.03,-47.65228854
2.031,-47.64292352
2.032,-47.65191202
2.033,-47.65664524
2.034,-47.64921939
2.035,-47.65400339
2.036,-47.65380931
2.037,-47.65558753
2.038,-47.67102707
2.039,-47.66089912
2.04,-47.65232187
2.041,-47.66000961
2.042,-47.66339804
2.043,-47.65350266
2.044,-47.65808325
2.045,-47.65726025
2.046,-47.65746289
2.047,-47.67558549
2.048,-47.66378154
2.049,-47.66328558
2.05,-47.67216623
2.051,-47.67402414
2.052,-47.66322307
2.053,-47.66580279
2.054,-47.66120283
2.055,-47.66246556
2.056,-47.67634505
2.057,-47.66371089
2.058,-47.66390125
2.059,-47.67163662
2.06,-47.66868137
2.061,-47.66516193
2.062,-47.66799634
2.063,-47.6661645
2.064,-47.66862034
2.065,-47.67964441
2.066,-47.66121273
2.067,-47.66665631
2.068,-47.67315414
2.069,-47.66640203
2.07,-47.66357567
2.071,-47.66570906
2.072,-47.66447005
2.073,-47.66665011
2.074,-47.67289271
2.075,-47.65790118
2.076,-47.66799788
2.077,-47.66931167
2.078,-47.66498274
2.079,-47.66662958
2.08,-47.66576635
2.081,-47.6606743
2.082,-47.66677087
2.083,-47.66664423
2.084,-47.65388219
2.085,-47.66047702
2.086,-47.65834369
2.087,-47.65658255
2.088,-47.65817903
2.089,-47.65673347
2.09,-47.65440882
2.091,-47.66362938
2.092,-47.66277833
2.093,-47.65263743
2.094,-47.65900933
2.095,-47.65536685
2.096,-47.65242762
2.097,-47.65253893
2.098,-47.6472171
2.099,-47.64698804
2.1,-47.65654476
2.101,-47.65038963
2.102,-47.64321118
2.103,-47.65105234
2.104,-47.64644625
2.105,-47.64696172
2.106,-47.64913188
2.107,-47.64344968
2.108,-47.64322164
2.109,-47.65277368
2.11,-47.64497382
2.111,-47.63927508
2.112,-47.6451526
2.113,-47.63896152
2.114,-47.63660259
2.115,-47.63834046
2.116,-47.63349886
2.117,-47.63389757
2.118,-47.65333899
2.119,-47.63759705
2.12,-47.63394689
2.121,-47.64199923
2.122,-47.63675618
2.123,-47.63511133
2.124,-47.63414393
2.125,-47.62748586
2.126,-47.62941071
2.127,-47.64351532
2.128,-47.62914831
2.129,-47.62471567
2.13,-47.63211486
2.131,-47.62620311
2.132,-47.62780892
2.133,-47.62869653
2.134,-47.62469934
2.135,-47.63010337
2.136,-47.64131684
2.137,-47.6247492
2.138,-47.62366158
2.139,-47.63158844
2.14,-47.62374254
2.141,-47.6231425
2.142,-47.62044904
2.143,-47.6178359
2.144,-47.62256547
2.145,-47.6349369
2.146,-47.61703383
2.147,-47.61904961
2.148,-47.62817822
2.149,-47.62558808
2.15,-47.62535207
2.151,-47.62304294
2.152,-47.61736948
2.153,-47.62444581
2.154,-47.63235004
2.155,-47.6148725
2.156,-47.61847076
2.157,-47.62276615
2.158,-47.61978386
2.159,-47.62220857
2.16,-47.61903532
2.161,-47.61924888
2.162,-47.63066551
2.163,-47.63428446
2.164,-47.61991284
2.165,-47.62299049
2.166,-47.62362503
2.167,-47.62240558
2.168,-47.62527473
2.169,-47.61921505
2.17,-47.61865143
2.171,-47.62989321
2.172,-47.62996151
2.173,-47.61831858
2.174,-47.6209889
2.175,-47.62132049
2.176,-47.62613177
2.177,-47.62963827
2.178,-47.62609025
2.179,-47.62149758
2.18,-47.6432866
2.181,-47.63329725
2.182,-47.6243476
2.183,-47.62675736
2.184,-47.62574913
2.185,-47.62621252
2.186,-47.62991723
2.187,-47.62266901
2.188,-47.62456974
2.189,-47.64672022
2.19,-47.6357936
2.191,-47.62962171
2.192,-47.63335842
2.193,-47.632468
2.194,-47.63348022
2.195,-47.63624728
2.196,-47.63001012
2.197,-47.63113686
2.198,-47.64919285
2.199,-47.63595771
2.2,-47.63283896
2.201,-47.63513784
2.202,-47.63433633
2.203,-47.63773906
2.204,-47.64104809
2.205,-47.63635891
2.206,-47.63951378
2.207,-47.65353299
2.208,-47.6376354
2.209,-47.63980156
2.21,-47.64238201
2.211,-47.64196476
2.212,-47.64294908
2.213,-47.64086489
2.214,-47.63440298
2.215,-47.64343503
2.216,-47.6518237
2.217,-47.63664789
2.218,-47.64185682
2.219,-47.64754069
2.22,-47.64597272
2.221,-47.64834771
2.222,-47.64698438
2.223,-47.64110303
2.224,-47.64869017
2.225,-47.65506146
2.226,-47.64375389
2.227,-47.64700509
2.228,-47.65185599
2.229,-47.64454339
2.23,-47.64953961
2.231,-47.64508286
2.232,-47.64357738
2.233,-47.65430559
2.234,-47.65627386
2.235,-47.64782209
2.236,-47.64941383
2.237,-47.6550234
2.238,-47.6500703
2.239,-47.65417034
2.24,-47.64894431
2.241,-47.6432028
2.242,-47.66201908
2.243,-47.65144554
2.244,-47.64521985
2.245,-47.64947978
2.246,-47.65651104
2.247,-47.64883568
2.248,-47.65305496
2.249,-47.6505311
2.25,-47.64753198
2.251,-47.66408925
2.252,-47.65265807
2.253,-47.65114772
2.254,-47.65292139
2.255,-47.65889809
2.256,-47.64862828
2.257,-47.65167419
2.258,-47.64571165
2.259,-47.64487116
2.26,-47.65916667
2.261,-47.64948277
2.262,-47.64973978
2.263,-47.65089827
2.264,-47.65275031
2.265,-47.6504985
2.266,-47.65392086
2.267,-47.64721422
2.268,-47.64787322
2.269,-47.65614012
2.27,-47.64290791
2.271,-47.64697878
2.272,-47.64863191
2.273,-47.64692454
2.274,-47.64503109
2.275,-47.64585228
2.276,-47.64442362
2.277,-47.64693721
2.278,-47.65450447
2.279,-47.64172333
2.28,-47.64847325
2.281,-47.65000081
2.282,-47.6441406
2.283,-47.64553594
2.284,-47.64519145
2.285,-47.63943981
2.286,-47.64258146
2.287,-47.64767661
2.288,-47.63686456
2.289,-47.64430249
2.29,-47.6463966
2.291,-47.63893849
2.292,-47.64323529
2.293,-47.64351005
2.294,-47.63941201
2.295,-47.64807809
2.296,-47.644916
2.297,-47.63724014
2.298,-47.64348725
2.299,-47.64452174
2.3,-47.63498513
2.301,-47.63751225
2.302,-47.63445311
2.303,-47.63468104
2.304,-47.64217168
2.305,-47.6420395
2.306,-47.63315647
2.307,-47.64246045
2.308,-47.64346812
2.309,-47.63483906
2.31,-47.63821608
2.311,-47.63619793
2.312,-47.6332611
2.313,-47.64932707
2.314,-47.63791459
2.315,-47.63064785
2.316,-47.63793181
2.317,-47.6406803
2.318,-47.63057983
2.319,-47.6346521
2.32,-47.63267199
2.321,-47.63134357
2.322,-47.64971786
2.323,-47.6365514
2.324,-47.63404637
2.325,-47.64043012
2.326,-47.63987326
2.327,-47.63099098
2.328,-47.63363282
2.329,-47.6290525
2.33,-47.63007138
2.331,-47.643928
2.332,-47.63000166
2.333,-47.63056629
2.334,-47.6392731
2.335,-47.63382234
2.336,-47.63184746
2.337,-47.63449346
2.338,-47.63475613
2.339,-47.63744183
2.34,-47.64502055
2.341,-47.62695889
2.342,-47.63104139
2.343,-47.63398812
2.344,-47.62927511
2.345,-47.627946
2.346,-47.62897661
2.347,-47.62906758
2.348,-47.63469158
2.349,-47.64353143
2.35,-47.62820077
2.351,-47.63533681
2.352,-47.6351579
2.353,-47.63312949
2.354,-47.63369286
2.355,-47.63232773
2.356,-47.6278959
2.357,-47.6358675
2.358,-47.64176038
2.359,-47.62682961
2.36,-47.63530103
2.361,-47.63294801
2.362,-47.63236803
2.363,-47.63406191
2.364,-47.63119458
2.365,-47.63183977
2.366,-47.644613
2.367,-47.64566639
2.368,-47.63189722
2.369,-47.63772357
2.37,-47.63302987
2.371,-47.63382706
2.372,-47.6350534
2.373,-47.63080985
2.374,-47.63154903
2.375,-47.64128176
2.376,-47.63990832
2.377,-47.63259435
2.378,-47.64202394
2.379,-47.6374095
2.38,-47.63817623
2.381,-47.64124116
2.382,-47.63709631
2.383,-47.63552966
2.384,-47.65357842
2.385,-47.64015874
2.386,-47.63270014
2.387,-47.64192055
2.388,-47.63620785
2.389,-47.63606432
2.39,-47.63906077
2.391,-47.63340985
2.392,-47.63617235
2.393,-47.65607137
2.394,-47.64386156
2.395,-47.63786037
2.396,-47.64574522
2.397,-47.64041143
2.398,-47.64082315
2.399,-47.64109011
2.4,-47.63573206
2.401,-47.63932039
2.402,-47.65300349
2.403,-47.63593034
2.404,-47.63722041
2.405,-47.64666153
2.406,-47.64168861
2.407,-47.64248954
2.408,-47.64310882
2.409,-47.64165252
2.41,-47.64596733
2.411,-47.65509814
2.412,-47.63922172
2.413,-47.63926022
2.414,-47.64772348
2.415,-47.64142737
2.416,-47.64228351
2.417,-47.64150464
2.418,-47.6358682
2.419,-47.64454722
2.42,-47.65412053
2.421,-47.6382843
2.422,-47.64161
2.423,-47.64825827
2.424,-47.64589535
2.425,-47.647454
2.426,-47.64322544
2.427,-47.64038109
2.428,-47.64768425
2.429,-47.64994414
2.43,-47.63675573
2.431,-47.64024617
2.432,-47.64238253
2.433,-47.64264516
2.434,-47.64430396
2.435,-47.64117011
2.436,-47.64208552
2.437,-47.65223534
2.438,-47.65169094
2.439,-47.6409796
2.44,-47.64261253
2.441,-47.64090729
2.442,-47.64250102
2.443,-47.64504148
2.444,-47.64016418
2.445,-47.63647542
2.446,-47.65696884
2.447,-47.64999608
2.448,-47.63817137
2.449,-47.64056982
2.45,-47.6413097
