#Exudyn implicit second order time integration sensor output file
#measure Object number = 245
#OutputVariableType = Force
#simulation started = 2022-04-08,00:48:29
#columns contain: time, comma separated sensor values (e.g, x,y,z position coordinates)
#number of sensor values = 1
#Exudyn version = 1.2.34.dev1; Python3.9.11; Windows AVX2 FLOAT64
#
0,0
0.001,0.0005838950779
0.002,0.0005728859457
0.003,0.0007701489814
0.004,-0.0003733663622
0.005,0.0002412628103
0.006,0.0002176188007
0.007,0.0005628437745
0.008,0.0006715065798
0.009,0.0006186480656
0.01,0.0002037311501
0.011,-2.739048886e-05
0.012,0.0001922531728
0.013,0.0002655560255
0.014,0.0004310731534
0.015,0.0003532944707
0.016,0.0002601223311
0.017,0.000146209765
0.018,3.948810752e-05
0.019,0.0001410484832
0.02,0.0002105003107
0.021,0.0002893229507
0.022,0.0001982132803
0.023,9.018211523e-05
0.024,-6.030248184e-05
0.025,-4.702286541e-05
0.026,0.000133811642
0.027,0.0001599583622
0.028,0.0001189822009
0.029,4.987883745e-05
0.03,8.587599939e-05
0.031,1.481275289e-05
0.032,4.194829848e-05
0.033,7.757287399e-06
0.034,3.825019493e-05
0.035,7.90440428e-05
0.036,4.954266545e-05
0.037,-4.993613675e-05
0.038,-0.0001080925169
0.039,2.143986285e-05
0.04,-2.026492583e-05
0.041,-2.329938157e-05
0.042,-6.064085757e-05
0.043,-0.0001517975319
0.044,-0.0001055306251
0.045,-0.0001722886814
0.046,-0.0001677330149
0.047,-0.0001987645746
0.048,-0.0001110739622
0.049,-0.0001513936448
0.05,-0.0002141313815
0.051,-0.093247809
0.052,-0.1287370433
0.053,-0.1642347117
0.054,-0.1997678473
0.055,-0.2359582984
0.056,-0.281469966
0.057,-0.3532208856
0.058,-0.4484644937
0.059,-0.551480423
0.06,-0.6552054952
0.061,-0.7594158284
0.062,-0.8691160231
0.063,-0.9941206774
0.064,-1.137865804
0.065,-1.29428243
0.066,-1.456367107
0.067,-1.619780729
0.068,-1.785809138
0.069,-1.959440991
0.07,-2.143612594
0.071,-2.341020676
0.072,-2.54737402
0.073,-2.754228287
0.074,-2.964038766
0.075,-3.17521357
0.076,-3.391893402
0.077,-3.617793517
0.078,-3.846944132
0.079,-4.083523884
0.08,-4.318105847
0.081,-4.551630716
0.082,-4.78737452
0.083,-5.0221383
0.084,-5.264729413
0.085,-5.507336348
0.086,-5.751888056
0.087,-5.992078015
0.088,-6.232748016
0.089,-6.469846949
0.09,-6.709039895
0.091,-6.945478195
0.092,-7.181571162
0.093,-7.41837263
0.094,-7.649201661
0.095,-7.878987966
0.096,-8.102223174
0.097,-8.32590693
0.098,-8.543418015
0.099,-8.760229722
0.1,-8.970072022
0.101,-9.179286285
0.102,-9.381072996
0.103,-9.577958629
0.104,-9.769183193
0.105,-9.957611466
0.106,-10.13976369
0.107,-10.3185744
0.108,-10.49080234
0.109,-10.65794805
0.11,-10.81618387
0.111,-10.9699964
0.112,-11.11915054
0.113,-11.26134078
0.114,-11.39835492
0.115,-11.52918463
0.116,-11.65048605
0.117,-11.76705752
0.118,-11.87956746
0.119,-11.98478535
0.12,-12.08148773
0.121,-12.17279619
0.122,-12.25578182
0.123,-12.33111622
0.124,-12.40327189
0.125,-12.46950207
0.126,-12.52988845
0.127,-12.58157412
0.128,-12.62512129
0.129,-12.66327681
0.13,-12.69048943
0.131,-12.71209997
0.132,-12.7302676
0.133,-12.74521332
0.134,-12.75161052
0.135,-12.75057653
0.136,-12.73925619
0.137,-12.72394927
0.138,-12.70269168
0.139,-12.67717757
0.14,-12.6520188
0.141,-12.61875025
0.142,-12.57814835
0.143,-12.53082842
0.144,-12.47667841
0.145,-12.41722884
0.146,-12.36139388
0.147,-12.30050035
0.148,-12.23572635
0.149,-12.16185375
0.15,-12.08549616
0.151,-12.00522683
0.152,-11.92352843
0.153,-11.84068234
0.154,-11.75816558
0.155,-11.66794009
0.156,-11.57587699
0.157,-11.483239
0.158,-11.38428897
0.159,-11.28827275
0.16,-11.19933739
0.161,-11.10478233
0.162,-11.0068499
0.163,-10.90459338
0.164,-10.80788096
0.165,-10.71371313
0.166,-10.6185959
0.167,-10.52623765
0.168,-10.43212795
0.169,-10.33978564
0.17,-10.25022194
0.171,-10.15867536
0.172,-10.07519439
0.173,-9.991748827
0.174,-9.911401896
0.175,-9.834136966
0.176,-9.757696367
0.177,-9.685173187
0.178,-9.615621534
0.179,-9.554154373
0.18,-9.495343761
0.181,-9.437408254
0.182,-9.376662753
0.183,-9.330279805
0.184,-9.284515682
0.185,-9.238912214
0.186,-9.210229109
0.187,-9.179210424
0.188,-9.155446079
0.189,-9.125551625
0.19,-9.107252536
0.191,-9.090939126
0.192,-9.088728272
0.193,-9.084249785
0.194,-9.087004119
0.195,-9.097414215
0.196,-9.112064255
0.197,-9.127918728
0.198,-9.148521644
0.199,-9.177234526
0.2,-9.209565726
0.201,-9.255126685
0.202,-9.293641007
0.203,-9.341337497
0.204,-9.395590885
0.205,-9.456885732
0.206,-9.519618514
0.207,-9.585686183
0.208,-9.662210288
0.209,-9.742569174
0.21,-9.823033007
0.211,-9.906014651
0.212,-9.99637119
0.213,-10.09032398
0.214,-10.19063502
0.215,-10.2931152
0.216,-10.39984691
0.217,-10.505534
0.218,-10.62325334
0.219,-10.73648955
0.22,-10.85398835
0.221,-10.96660173
0.222,-11.1024419
0.223,-11.22576769
0.224,-11.3569835
0.225,-11.48395392
0.226,-11.61845162
0.227,-11.75142879
0.228,-11.8868765
0.229,-12.02110105
0.23,-12.15784794
0.231,-12.30241111
0.232,-12.4400164
0.233,-12.58394668
0.234,-12.7250502
0.235,-12.85522223
0.236,-13.0017231
0.237,-13.13698814
0.238,-13.27866781
0.239,-13.42215626
0.24,-13.56521528
0.241,-13.70302868
0.242,-13.83115924
0.243,-13.96532157
0.244,-14.10777914
0.245,-14.23514243
0.246,-14.37110883
0.247,-14.50257038
0.248,-14.6304053
0.249,-14.75264806
0.25,-14.87472868
0.251,-14.99318101
0.252,-15.11898762
0.253,-15.23949006
0.254,-15.34649003
0.255,-15.45862163
0.256,-15.56756118
0.257,-15.67501753
0.258,-15.77656011
0.259,-15.87786396
0.26,-15.96825637
0.261,-16.06485047
0.262,-16.15893706
0.263,-16.24061361
0.264,-16.31745399
0.265,-16.40689107
0.266,-16.49367181
0.267,-16.55485099
0.268,-16.62266417
0.269,-16.69181645
0.27,-16.75424658
0.271,-16.81564402
0.272,-16.88202646
0.273,-16.91917576
0.274,-16.97522561
0.275,-17.03037537
0.276,-17.06610125
0.277,-17.10127211
0.278,-17.1400078
0.279,-17.17708577
0.28,-17.20895457
0.281,-17.23533404
0.282,-17.2528592
0.283,-17.27484977
0.284,-17.30129962
0.285,-17.30982273
0.286,-17.31996489
0.287,-17.32598594
0.288,-17.34130776
0.289,-17.34480678
0.29,-17.34957336
0.291,-17.34477395
0.292,-17.35490953
0.293,-17.3412729
0.294,-17.32110041
0.295,-17.3211506
0.296,-17.30968899
0.297,-17.30508676
0.298,-17.29018998
0.299,-17.26778236
0.3,-17.25634638
0.301,-17.23937149
0.302,-17.20566236
0.303,-17.20104692
0.304,-17.17666428
0.305,-17.1543674
0.306,-17.13013075
0.307,-17.10267509
0.308,-17.08407834
0.309,-17.05696564
0.31,-17.03891326
0.311,-17.0090544
0.312,-16.99305801
0.313,-16.97244181
0.314,-16.92551629
0.315,-16.92024503
0.316,-16.89419131
0.317,-16.87714357
0.318,-16.85634579
0.319,-16.83364878
0.32,-16.81156104
0.321,-16.78696478
0.322,-16.78104778
0.323,-16.75024558
0.324,-16.74947802
0.325,-16.72297113
0.326,-16.71767309
0.327,-16.71892233
0.328,-16.69079388
0.329,-16.69781383
0.33,-16.69615728
0.331,-16.68482675
0.332,-16.67080199
0.333,-16.67749047
0.334,-16.67916602
0.335,-16.69167571
0.336,-16.71031533
0.337,-16.70554257
0.338,-16.72375644
0.339,-16.73483875
0.34,-16.75662769
0.341,-16.74458551
0.342,-16.78353955
0.343,-16.81135078
0.344,-16.83294699
0.345,-16.86203079
0.346,-16.89658014
0.347,-16.93124601
0.348,-16.95876105
0.349,-16.99948724
0.35,-17.02736515
0.351,-17.08204854
0.352,-17.11303671
0.353,-17.1819437
0.354,-17.21267458
0.355,-17.27196048
0.356,-17.3245754
0.357,-17.36594989
0.358,-17.43879552
0.359,-17.48824364
0.36,-17.54823758
0.361,-17.63458272
0.362,-17.68334612
0.363,-17.75349569
0.364,-17.80497613
0.365,-17.88914762
0.366,-17.93827524
0.367,-18.03537108
0.368,-18.10347232
0.369,-18.20229049
0.37,-18.25668804
0.371,-18.34518776
0.372,-18.4000105
0.373,-18.49730103
0.374,-18.58025102
0.375,-18.64912715
0.376,-18.75158634
0.377,-18.82388778
0.378,-18.91869271
0.379,-19.00904931
0.38,-19.08143832
0.381,-19.17163203
0.382,-19.25468575
0.383,-19.34962222
0.384,-19.43051367
0.385,-19.53453319
0.386,-19.60749883
0.387,-19.71160203
0.388,-19.79076856
0.389,-19.87441186
0.39,-19.95605707
0.391,-20.05087673
0.392,-20.10213675
0.393,-20.22257658
0.394,-20.30223537
0.395,-20.40220965
0.396,-20.46463346
0.397,-20.55271474
0.398,-20.61528721
0.399,-20.73217787
0.4,-20.77168389
0.401,-20.90281433
0.402,-20.93547519
0.403,-21.05232331
0.404,-21.10328653
0.405,-21.18625466
0.406,-21.26174966
0.407,-21.31579236
0.408,-21.38827822
0.409,-21.47268244
0.41,-21.53531734
0.411,-21.6057029
0.412,-21.67135842
0.413,-21.73473027
0.414,-21.78633898
0.415,-21.86860806
0.416,-21.87802617
0.417,-21.97252235
0.418,-22.0135596
0.419,-22.10336147
0.42,-22.149406
0.421,-22.18849048
0.422,-22.22313213
0.423,-22.30778734
0.424,-22.33043006
0.425,-22.38353503
0.426,-22.4262268
0.427,-22.47960638
0.428,-22.49690555
0.429,-22.56908085
0.43,-22.57368894
0.431,-22.64480926
0.432,-22.63132786
0.433,-22.70051057
0.434,-22.73192322
0.435,-22.74549533
0.436,-22.80908472
0.437,-22.8127615
0.438,-22.85383803
0.439,-22.86315751
0.44,-22.89435087
0.441,-22.92248416
0.442,-22.96445784
0.443,-22.96445533
0.444,-23.00095855
0.445,-23.04048081
0.446,-23.02531278
0.447,-23.06322538
0.448,-23.08430995
0.449,-23.09332165
0.45,-23.11850501
0.451,-23.12879786
0.452,-23.12289997
0.453,-23.18417074
0.454,-23.16021319
0.455,-23.20086711
0.456,-23.18675769
0.457,-23.22314361
0.458,-23.22127029
0.459,-23.23380976
0.46,-23.23760535
0.461,-23.28194382
0.462,-23.25253348
0.463,-23.30101031
0.464,-23.30842448
0.465,-23.3036127
0.466,-23.33781638
0.467,-23.3410226
0.468,-23.33179452
0.469,-23.38795237
0.47,-23.3913158
0.471,-23.38241136
0.472,-23.44413556
0.473,-23.41122809
0.474,-23.43387351
0.475,-23.45626055
0.476,-23.47327696
0.477,-23.46919071
0.478,-23.53895056
0.479,-23.54603627
0.48,-23.54660995
0.481,-23.57764663
0.482,-23.59718842
0.483,-23.59898985
0.484,-23.61377374
0.485,-23.65749503
0.486,-23.67953742
0.487,-23.70569658
0.488,-23.7656921
0.489,-23.73558936
0.49,-23.80591485
0.491,-23.7961663
0.492,-23.83099043
0.493,-23.88785442
0.494,-23.91973072
0.495,-23.92713298
0.496,-23.99011849
0.497,-24.024717
0.498,-24.02200589
0.499,-24.0975988
0.5,-24.07213614
0.501,-24.08106598
0.502,-24.1456079
0.503,-24.20183043
0.504,-24.19778443
0.505,-24.26570665
0.506,-24.30680588
0.507,-24.33824439
0.508,-24.31837061
0.509,-24.36865967
0.51,-24.38341135
0.511,-24.42529284
0.512,-24.48490453
0.513,-24.51515903
0.514,-24.59065807
0.515,-24.62069835
0.516,-24.63553427
0.517,-24.7014887
0.518,-24.7369376
0.519,-24.73733697
0.52,-24.79877313
0.521,-24.78910656
0.522,-24.79855384
0.523,-24.88122603
0.524,-24.91781775
0.525,-24.95613713
0.526,-25.02493105
0.527,-25.00972926
0.528,-25.04242504
0.529,-25.07544512
0.53,-25.10256656
0.531,-25.1442111
0.532,-25.20615858
0.533,-25.2981179
0.534,-25.29843608
0.535,-25.34581426
0.536,-25.34997716
0.537,-25.3963604
0.538,-25.42603456
0.539,-25.50592838
0.54,-25.54324374
0.541,-25.61461603
0.542,-25.65870717
0.543,-25.72806876
0.544,-25.75305565
0.545,-25.8094228
0.546,-25.80010677
0.547,-25.85821711
0.548,-25.89637932
0.549,-25.94718862
0.55,-25.99989788
0.551,-26.04363449
0.552,-26.11626571
0.553,-26.15785802
0.554,-26.18517447
0.555,-26.24283393
0.556,-26.27677624
0.557,-26.31213684
0.558,-26.35238732
0.559,-26.43284212
0.56,-26.52524425
0.561,-26.54193998
0.562,-26.60874569
0.563,-26.64416373
0.564,-26.70976005
0.565,-26.72725507
0.566,-26.79543962
0.567,-26.85292652
0.568,-26.92854099
0.569,-27.00370418
0.57,-27.03930316
0.571,-27.09019726
0.572,-27.13148991
0.573,-27.2138938
0.574,-27.26915993
0.575,-27.30108436
0.576,-27.37518356
0.577,-27.40795777
0.578,-27.49080609
0.579,-27.56790835
0.58,-27.59279277
0.581,-27.7003757
0.582,-27.69519798
0.583,-27.74146971
0.584,-27.81413557
0.585,-27.90588519
0.586,-27.95916592
0.587,-27.98272679
0.588,-28.05777794
0.589,-28.09722023
0.59,-28.15331816
0.591,-28.19409917
0.592,-28.2496362
0.593,-28.30659191
0.594,-28.35488845
0.595,-28.37981491
0.596,-28.46173242
0.597,-28.49686008
0.598,-28.53604618
0.599,-28.57765488
0.6,-28.63666944
0.601,-28.60031814
0.602,-28.6512075
0.603,-28.63261571
0.604,-28.63920273
0.605,-28.64306454
0.606,-28.67058151
0.607,-28.63465365
0.608,-28.65910844
0.609,-28.61858821
0.61,-28.63637371
0.611,-28.55854321
0.612,-28.50581396
0.613,-28.44046006
0.614,-28.38183373
0.615,-28.2884676
0.616,-28.20900887
0.617,-28.20597915
0.618,-28.10367924
0.619,-27.99694112
0.62,-27.88849821
0.621,-27.81790614
0.622,-27.67964822
0.623,-27.56537586
0.624,-27.42156453
0.625,-27.34616369
0.626,-27.19199691
0.627,-27.07538863
0.628,-26.93160298
0.629,-26.81805255
0.63,-26.67148104
0.631,-26.51200637
0.632,-26.36006872
0.633,-26.21748363
0.634,-26.02140127
0.635,-25.88417424
0.636,-25.73313395
0.637,-25.60220978
0.638,-25.39295889
0.639,-25.23225326
0.64,-25.06277239
0.641,-24.89957405
0.642,-24.7279375
0.643,-24.56612115
0.644,-24.41918855
0.645,-24.23852997
0.646,-24.09277457
0.647,-23.8883404
0.648,-23.72834612
0.649,-23.5429669
0.65,-23.41529522
0.651,-23.27324945
0.652,-23.09212065
0.653,-22.90763115
0.654,-22.76719497
0.655,-22.56537629
0.656,-22.44076116
0.657,-22.27774436
0.658,-22.15165814
0.659,-22.00300101
0.66,-21.90277584
0.661,-21.70746931
0.662,-21.60963432
0.663,-21.47916973
0.664,-21.35244738
0.665,-21.21538456
0.666,-21.12937942
0.667,-21.00956346
0.668,-20.91263159
0.669,-20.786002
0.67,-20.73942953
0.671,-20.59671557
0.672,-20.49298879
0.673,-20.40618715
0.674,-20.35365948
0.675,-20.28113968
0.676,-20.23058954
0.677,-20.1385522
0.678,-20.10156814
0.679,-20.05822558
0.68,-19.97720788
0.681,-19.93263742
0.682,-19.93277075
0.683,-19.88219791
0.684,-19.87782579
0.685,-19.85283749
0.686,-19.823353
0.687,-19.79372993
0.688,-19.84837036
0.689,-19.80812622
0.69,-19.82125653
0.691,-19.82592855
0.692,-19.84650619
0.693,-19.89465058
0.694,-19.94561883
0.695,-19.96549811
0.696,-19.97400587
0.697,-20.03778464
0.698,-20.01376958
0.699,-20.10577383
0.7,-20.17565311
0.701,-20.21438629
0.702,-20.29992878
0.703,-20.35223277
0.704,-20.45746954
0.705,-20.4928581
0.706,-20.58354828
0.707,-20.61916674
0.708,-20.74998169
0.709,-20.8094675
0.71,-20.91704608
0.711,-21.00219976
0.712,-21.06060947
0.713,-21.18020266
0.714,-21.28117016
0.715,-21.32516785
0.716,-21.4423549
0.717,-21.55018926
0.718,-21.66831637
0.719,-21.76746382
0.72,-21.87292892
0.721,-21.97539924
0.722,-22.06941204
0.723,-22.16501118
0.724,-22.2752429
0.725,-22.41129905
0.726,-22.48458158
0.727,-22.6167698
0.728,-22.6990758
0.729,-22.82418029
0.73,-22.92779641
0.731,-23.00714752
0.732,-23.13664561
0.733,-23.22677759
0.734,-23.31347786
0.735,-23.39552028
0.736,-23.51880358
0.737,-23.59875322
0.738,-23.7191307
0.739,-23.7639188
0.74,-23.8474559
0.741,-23.95558916
0.742,-24.05983053
0.743,-24.1051407
0.744,-24.24314794
0.745,-24.2875183
0.746,-24.39144082
0.747,-24.44015209
0.748,-24.50937187
0.749,-24.56869819
0.75,-24.64738891
0.751,-24.69551496
0.752,-24.76820475
0.753,-24.82470527
0.754,-24.92478528
0.755,-24.92680535
0.756,-24.97086575
0.757,-25.00050146
0.758,-25.05554166
0.759,-25.08402635
0.76,-25.13183565
0.761,-25.19562207
0.762,-25.20558757
0.763,-25.25764912
0.764,-25.23749755
0.765,-25.28575913
0.766,-25.32120999
0.767,-25.32012674
0.768,-25.31904297
0.769,-25.33362455
0.77,-25.34571708
0.771,-25.37649756
0.772,-25.33719199
0.773,-25.3511822
0.774,-25.33599316
0.775,-25.36733155
0.776,-25.3418636
0.777,-25.34547585
0.778,-25.3169157
0.779,-25.29713839
0.78,-25.25911642
0.781,-25.25032649
0.782,-25.24358132
0.783,-25.23367803
0.784,-25.19277734
0.785,-25.16690133
0.786,-25.15130884
0.787,-25.12041784
0.788,-25.04085036
0.789,-25.01425236
0.79,-24.94256075
0.791,-24.92066899
0.792,-24.89895194
0.793,-24.8366819
0.794,-24.8367363
0.795,-24.78928672
0.796,-24.72899582
0.797,-24.65137257
0.798,-24.59066389
0.799,-24.53407163
0.8,-24.5099075
0.801,-24.44174742
0.802,-24.39041248
0.803,-24.39168451
0.804,-24.3035093
0.805,-24.22876242
0.806,-24.16436422
0.807,-24.09247573
0.808,-24.03764386
0.809,-23.98119476
0.81,-23.96080372
0.811,-23.89437271
0.812,-23.79955978
0.813,-23.75511223
0.814,-23.68492999
0.815,-23.67812866
0.816,-23.62151022
0.817,-23.54789872
0.818,-23.49258199
0.819,-23.45098291
0.82,-23.38649906
0.821,-23.29266585
0.822,-23.2728525
0.823,-23.16682142
0.824,-23.17392502
0.825,-23.11117833
0.826,-23.08121359
0.827,-23.06508663
0.828,-23.0034202
0.829,-22.91471134
0.83,-22.88019382
0.831,-22.81296257
0.832,-22.75142876
0.833,-22.75098186
0.834,-22.75361735
0.835,-22.69386096
0.836,-22.66357026
0.837,-22.59919039
0.838,-22.60945523
0.839,-22.56356286
0.84,-22.57454927
0.841,-22.50071224
0.842,-22.50115058
0.843,-22.45846222
0.844,-22.43467955
0.845,-22.40930035
0.846,-22.38311765
0.847,-22.38637193
0.848,-22.37456878
0.849,-22.38332953
0.85,-22.38887131
0.851,-22.35185951
0.852,-22.38582185
0.853,-22.3382204
0.854,-22.30382086
0.855,-22.30222656
0.856,-22.2951366
0.857,-22.32368339
0.858,-22.35906776
0.859,-22.33987032
0.86,-22.38987861
0.861,-22.38427506
0.862,-22.40734293
0.863,-22.41121561
0.864,-22.41503305
0.865,-22.38424197
0.866,-22.43337659
0.867,-22.44346936
0.868,-22.48681097
0.869,-22.47165062
0.87,-22.5039566
0.871,-22.53368433
0.872,-22.56946232
0.873,-22.58774688
0.874,-22.6343528
0.875,-22.64189315
0.876,-22.64989551
0.877,-22.68454914
0.878,-22.71206745
0.879,-22.70869698
0.88,-22.74335868
0.881,-22.75223282
0.882,-22.81215554
0.883,-22.87815422
0.884,-22.89131361
0.885,-22.94801747
0.886,-22.95564806
0.887,-22.97170846
0.888,-22.9766317
0.889,-23.00274135
0.89,-23.02876536
0.891,-23.07909515
0.892,-23.09570879
0.893,-23.15542069
0.894,-23.19335241
0.895,-23.20864045
0.896,-23.23982884
0.897,-23.21938599
0.898,-23.26650352
0.899,-23.29107866
0.9,-23.29367134
0.901,-23.31640507
0.902,-23.40580846
0.903,-23.3936648
0.904,-23.42312699
0.905,-23.42837364
0.906,-23.45115496
0.907,-23.47987927
0.908,-23.50236313
0.909,-23.54293514
0.91,-23.54326017
0.911,-23.57309933
0.912,-23.5426868
0.913,-23.58708543
0.914,-23.57519797
0.915,-23.61620269
0.916,-23.62482735
0.917,-23.64610281
0.918,-23.65757543
0.919,-23.69201584
0.92,-23.68894482
0.921,-23.69080058
0.922,-23.6718939
0.923,-23.7118406
0.924,-23.70743133
0.925,-23.73849036
0.926,-23.73904936
0.927,-23.77040742
0.928,-23.74973616
0.929,-23.75042422
0.93,-23.75445184
0.931,-23.76836576
0.932,-23.7612743
0.933,-23.76097632
0.934,-23.76649715
0.935,-23.76931346
0.936,-23.78329027
0.937,-23.76483343
0.938,-23.74930006
0.939,-23.77716544
0.94,-23.76119192
0.941,-23.7524048
0.942,-23.76697462
0.943,-23.7642259
0.944,-23.76924213
0.945,-23.74386385
0.946,-23.74600177
0.947,-23.71038787
0.948,-23.71398912
0.949,-23.71988398
0.95,-23.7204883
0.951,-23.72987336
0.952,-23.71882789
0.953,-23.71831367
0.954,-23.67459447
0.955,-23.69866251
0.956,-23.65297481
0.957,-23.65682283
0.958,-23.64184366
0.959,-23.64838388
0.96,-23.64197965
0.961,-23.64071433
0.962,-23.60154089
0.963,-23.60614894
0.964,-23.60050331
0.965,-23.5912486
0.966,-23.58217121
0.967,-23.55768522
0.968,-23.54208125
0.969,-23.54978502
0.97,-23.55572453
0.971,-23.4798432
0.972,-23.5095008
0.973,-23.4746758
0.974,-23.50808314
0.975,-23.49285096
0.976,-23.49389236
0.977,-23.45551058
0.978,-23.42461114
0.979,-23.41281801
0.98,-23.41201442
0.981,-23.37478698
0.982,-23.37646412
0.983,-23.39169112
0.984,-23.40846326
0.985,-23.41545286
0.986,-23.40145765
0.987,-23.34125409
0.988,-23.35780927
0.989,-23.32536282
0.99,-23.3142525
0.991,-23.31380323
0.992,-23.30194709
0.993,-23.30259521
0.994,-23.33189265
0.995,-23.29870946
0.996,-23.28843809
0.997,-23.28757617
0.998,-23.27504993
0.999,-23.2484414
1,-23.27134398
1.001,-23.23891132
1.002,-23.24291929
1.003,-23.22416245
1.004,-23.22883017
1.005,-23.24884738
1.006,-23.22885486
1.007,-23.26489337
1.008,-23.25965148
1.009,-23.2358998
1.01,-23.23101465
1.011,-23.19038569
1.012,-23.20354176
1.013,-23.19011621
1.014,-23.20833578
1.015,-23.19815705
1.016,-23.23486226
1.017,-23.21907277
1.018,-23.27767564
1.019,-23.23958389
1.02,-23.20235184
1.021,-23.20857826
1.022,-23.20681747
1.023,-23.19772568
1.024,-23.21855502
1.025,-23.22904009
1.026,-23.22511267
1.027,-23.24643208
1.028,-23.25006334
1.029,-23.27432974
1.03,-23.24597358
1.031,-23.24000163
1.032,-23.24492723
1.033,-23.288161
1.034,-23.25596487
1.035,-23.26893393
1.036,-23.26673195
1.037,-23.28966149
1.038,-23.31254928
1.039,-23.335028
1.04,-23.33668613
1.041,-23.34037856
1.042,-23.34259428
1.043,-23.35248999
1.044,-23.35153678
1.045,-23.33596969
1.046,-23.36488362
1.047,-23.37932527
1.048,-23.41958587
1.049,-23.47389907
1.05,-23.4765078
1.051,-23.47487693
1.052,-23.4843702
1.053,-23.48784032
1.054,-23.48870946
1.055,-23.4985691
1.056,-23.50208927
1.057,-23.56115673
1.058,-23.57733984
1.059,-23.64279466
1.06,-23.6450608
1.061,-23.64469471
1.062,-23.64398384
1.063,-23.68947064
1.064,-23.68977917
1.065,-23.70724128
1.066,-23.74167575
1.067,-23.7705461
1.068,-23.81782668
1.069,-23.83842346
1.07,-23.86178727
1.071,-23.8889795
1.072,-23.90170237
1.073,-23.95444072
1.074,-23.97590533
1.075,-23.99413971
1.076,-24.03083288
1.077,-24.06275321
1.078,-24.060488
1.079,-24.1065608
1.08,-24.16147935
1.081,-24.20580865
1.082,-24.24540963
1.083,-24.27467592
1.084,-24.29979105
1.085,-24.33841794
1.086,-24.35461663
1.087,-24.38844765
1.088,-24.43177772
1.089,-24.47242367
1.09,-24.53716017
1.091,-24.57487676
1.092,-24.64599659
1.093,-24.64723659
1.094,-24.68843081
1.095,-24.71066766
1.096,-24.76800179
1.097,-24.79976511
1.098,-24.85121126
1.099,-24.90525474
1.1,-24.98370323
1.101,-25.04384904
1.102,-25.05624443
1.103,-25.08602785
1.104,-25.12311853
1.105,-25.1892877
1.106,-25.23074542
1.107,-25.30777552
1.108,-25.36421444
1.109,-25.3948098
1.11,-25.47882662
1.111,-25.51300679
1.112,-25.55355746
1.113,-25.60088555
1.114,-25.63462234
1.115,-25.68667219
1.116,-25.79694248
1.117,-25.84736151
1.118,-25.88149606
1.119,-25.9434025
1.12,-25.9897324
1.121,-26.04954406
1.122,-26.10452075
1.123,-26.1676941
1.124,-26.20405918
1.125,-26.29330045
1.126,-26.35801998
1.127,-26.43406644
1.128,-26.46043581
1.129,-26.50853485
1.13,-26.58102473
1.131,-26.64963725
1.132,-26.71785246
1.133,-26.7713603
1.134,-26.82827398
1.135,-26.87830709
1.136,-26.95852894
1.137,-27.02835939
1.138,-27.08096158
1.139,-27.14692493
1.14,-27.19995168
1.141,-27.28094106
1.142,-27.35596025
1.143,-27.38139926
1.144,-27.44953738
1.145,-27.50979819
1.146,-27.57991894
1.147,-27.6671396
1.148,-27.73994973
1.149,-27.79634093
1.15,-27.88361443
1.151,-27.93115987
1.152,-27.98919828
1.153,-28.02544373
1.154,-28.09376501
1.155,-28.14439387
1.156,-28.26747971
1.157,-28.33652845
1.158,-28.40435332
1.159,-28.45375015
1.16,-28.52250575
1.161,-28.5643747
1.162,-28.6589106
1.163,-28.67631439
1.164,-28.77081471
1.165,-28.84650099
1.166,-28.94217663
1.167,-28.98728703
1.168,-29.04814119
1.169,-29.1164292
1.17,-29.1828501
1.171,-29.26186494
1.172,-29.33284378
1.173,-29.40368144
1.174,-29.44683557
1.175,-29.52382341
1.176,-29.59172939
1.177,-29.64613411
1.178,-29.699417
1.179,-29.79815763
1.18,-29.88299735
1.181,-29.95702817
1.182,-30.03929062
1.183,-30.07010509
1.184,-30.13966505
1.185,-30.19410413
1.186,-30.27266894
1.187,-30.31497582
1.188,-30.41501833
1.189,-30.49707704
1.19,-30.56157811
1.191,-30.61668705
1.192,-30.68709191
1.193,-30.75660423
1.194,-30.81531229
1.195,-30.86826796
1.196,-30.96511898
1.197,-31.03647886
1.198,-31.13524298
1.199,-31.19455473
1.2,-31.22034794
1.201,-31.29941575
1.202,-31.38380461
1.203,-31.44933437
1.204,-31.50049477
1.205,-31.58923454
1.206,-31.63680814
1.207,-31.72719168
1.208,-31.82351309
1.209,-31.88063166
1.21,-31.93709264
1.211,-32.02062174
1.212,-32.08694808
1.213,-32.13953021
1.214,-32.23107199
1.215,-32.27155961
1.216,-32.36456974
1.217,-32.41808305
1.218,-32.50763008
1.219,-32.57853224
1.22,-32.65896677
1.221,-32.72464099
1.222,-32.82751437
1.223,-32.87609179
1.224,-32.9382065
1.225,-32.98052614
1.226,-33.08139271
1.227,-33.14261638
1.228,-33.23305648
1.229,-33.31378365
1.23,-33.38147403
1.231,-33.46094451
1.232,-33.51209056
1.233,-33.57963699
1.234,-33.62892349
1.235,-33.69074622
1.236,-33.78310924
1.237,-33.90742319
1.238,-33.99268928
1.239,-34.03836078
1.24,-34.10125706
1.241,-34.18746598
1.242,-34.25240285
1.243,-34.30101934
1.244,-34.37979503
1.245,-34.48799973
1.246,-34.54037117
1.247,-34.63869372
1.248,-34.7024584
1.249,-34.76213121
1.25,-34.82043736
1.251,-34.91423274
1.252,-35.00027425
1.253,-35.04193198
1.254,-35.15694522
1.255,-35.24359411
1.256,-35.29961091
1.257,-35.38486683
1.258,-35.43533234
1.259,-35.51175628
1.26,-35.6137206
1.261,-35.67275839
1.262,-35.74504232
1.263,-35.83389111
1.264,-35.89489711
1.265,-35.97020551
1.266,-36.04641255
1.267,-36.11881441
1.268,-36.19657377
1.269,-36.27864135
1.27,-36.33397985
1.271,-36.44581691
1.272,-36.52523117
1.273,-36.59252063
1.274,-36.63485361
1.275,-36.74104463
1.276,-36.83304527
1.277,-36.89215747
1.278,-36.99715036
1.279,-37.05266095
1.28,-37.12097788
1.281,-37.18796684
1.282,-37.27561142
1.283,-37.32897734
1.284,-37.41145584
1.285,-37.51235407
1.286,-37.60496103
1.287,-37.6647871
1.288,-37.72320125
1.289,-37.801413
1.29,-37.85727242
1.291,-37.94774046
1.292,-38.04193899
1.293,-38.10595381
1.294,-38.16886231
1.295,-38.246573
1.296,-38.34289965
1.297,-38.42495209
1.298,-38.50882232
1.299,-38.5839357
1.3,-38.67228164
1.301,-38.72694856
1.302,-38.78053048
1.303,-38.85682542
1.304,-38.92290486
1.305,-39.01619157
1.306,-39.10193982
1.307,-39.17768873
1.308,-39.28372202
1.309,-39.35454435
1.31,-39.39892395
1.311,-39.44274101
1.312,-39.51260873
1.313,-39.59130793
1.314,-39.68525074
1.315,-39.7731971
1.316,-39.85721727
1.317,-39.91726034
1.318,-39.9954285
1.319,-40.07108359
1.32,-40.13316876
1.321,-40.20318455
1.322,-40.26749298
1.323,-40.35993447
1.324,-40.43680601
1.325,-40.51443522
1.326,-40.60126375
1.327,-40.63596226
1.328,-40.71454546
1.329,-40.79225158
1.33,-40.8683808
1.331,-40.9338015
1.332,-41.02127
1.333,-41.0729173
1.334,-41.16233168
1.335,-41.25132548
1.336,-41.31227645
1.337,-41.34866969
1.338,-41.39944461
1.339,-41.46063519
1.34,-41.55423475
1.341,-41.62072145
1.342,-41.71423647
1.343,-41.77975177
1.344,-41.83437233
1.345,-41.91147769
1.346,-41.98486248
1.347,-42.01660773
1.348,-42.10274773
1.349,-42.16288974
1.35,-42.20506998
1.351,-42.29057053
1.352,-42.37370472
1.353,-42.44338883
1.354,-42.49377613
1.355,-42.54781451
1.356,-42.62923544
1.357,-42.69363052
1.358,-42.74977013
1.359,-42.82213808
1.36,-42.89593592
1.361,-42.96559636
1.362,-43.02011443
1.363,-43.07170631
1.364,-43.11779762
1.365,-43.20263916
1.366,-43.26553885
1.367,-43.34094269
1.368,-43.36726539
1.369,-43.42018129
1.37,-43.50323848
1.371,-43.56722097
1.372,-43.64070293
1.373,-43.68751503
1.374,-43.74886259
1.375,-43.8181506
1.376,-43.8666086
1.377,-43.91390893
1.378,-43.96454555
1.379,-44.01320186
1.38,-44.08559048
1.381,-44.13306659
1.382,-44.19095433
1.383,-44.23382471
1.384,-44.33292963
1.385,-44.39100642
1.386,-44.37380933
1.387,-44.43729521
1.388,-44.52987587
1.389,-44.60953217
1.39,-44.64588916
1.391,-44.68320521
1.392,-44.7465943
1.393,-44.78724975
1.394,-44.82974456
1.395,-44.87796809
1.396,-44.94094895
1.397,-44.98011274
1.398,-45.01966303
1.399,-45.05662654
1.4,-45.1135989
1.401,-45.17639182
1.402,-45.25240048
1.403,-45.30645655
1.404,-45.30638187
1.405,-45.38026405
1.406,-45.42802369
1.407,-45.46903899
1.408,-45.51025424
1.409,-45.5577056
1.41,-45.58902078
1.411,-45.63369671
1.412,-45.70525454
1.413,-45.7467135
1.414,-45.77515062
1.415,-45.78217437
1.416,-45.82618098
1.417,-45.87551778
1.418,-45.93574971
1.419,-45.9913942
1.42,-46.06016533
1.421,-46.08277891
1.422,-46.09281831
1.423,-46.1348139
1.424,-46.19250746
1.425,-46.25169618
1.426,-46.28183634
1.427,-46.30374533
1.428,-46.34821945
1.429,-46.39252567
1.43,-46.40246315
1.431,-46.44985652
1.432,-46.47657008
1.433,-46.5183661
1.434,-46.59010598
1.435,-46.60713977
1.436,-46.64283834
1.437,-46.66235062
1.438,-46.70816036
1.439,-46.72966943
1.44,-46.76939355
1.441,-46.79480245
1.442,-46.84354548
1.443,-46.89527571
1.444,-46.93169895
1.445,-46.95153651
1.446,-46.98299235
1.447,-47.01528233
1.448,-47.02647821
1.449,-47.04510124
1.45,-47.0869565
1.451,-47.1018188
1.452,-47.13662443
1.453,-47.18533005
1.454,-47.23741895
1.455,-47.25019667
1.456,-47.25546129
1.457,-47.27532617
1.458,-47.30539636
1.459,-47.33221968
1.46,-47.33002687
1.461,-47.37576795
1.462,-47.46279111
1.463,-47.49422195
1.464,-47.47963016
1.465,-47.49554184
1.466,-47.51209063
1.467,-47.52978518
1.468,-47.54786615
1.469,-47.56857109
1.47,-47.58115933
1.471,-47.64045169
1.472,-47.67349559
1.473,-47.67422666
1.474,-47.67779519
1.475,-47.67793222
1.476,-47.71712934
1.477,-47.72791813
1.478,-47.73337456
1.479,-47.78116411
1.48,-47.8076963
1.481,-47.81257365
1.482,-47.84443918
1.483,-47.87630683
1.484,-47.83523148
1.485,-47.85746936
1.486,-47.86686728
1.487,-47.88995866
1.488,-47.92606908
1.489,-47.92778546
1.49,-47.92043824
1.491,-47.95656653
1.492,-47.99242626
1.493,-47.97120331
1.494,-47.95233751
1.495,-47.96625766
1.496,-47.98228199
1.497,-48.00486202
1.498,-48.01263168
1.499,-48.01798122
1.5,-48.02028797
1.501,-48.05286098
1.502,-48.07115049
1.503,-48.04274756
1.504,-48.04070985
1.505,-48.04245936
1.506,-48.08613438
1.507,-48.0926602
1.508,-48.07776029
1.509,-48.0672418
1.51,-48.07894951
1.511,-48.0853738
1.512,-48.06910415
1.513,-48.06119535
1.514,-48.07055229
1.515,-48.08845399
1.516,-48.07791138
1.517,-48.04091144
1.518,-48.04327997
1.519,-48.05799283
1.52,-48.07431843
1.521,-48.054639
1.522,-48.05748442
1.523,-48.06030244
1.524,-48.04681287
1.525,-48.04372362
1.526,-48.01552496
1.527,-48.03376618
1.528,-48.03386563
1.529,-48.03437748
1.53,-48.00588109
1.531,-48.00468614
1.532,-47.98198385
1.533,-47.99812932
1.534,-47.99815962
1.535,-47.98022816
1.536,-47.98419091
1.537,-47.94316038
1.538,-47.92600883
1.539,-47.91273658
1.54,-47.93598774
1.541,-47.92760282
1.542,-47.87961768
1.543,-47.8819521
1.544,-47.89201952
1.545,-47.90759179
1.546,-47.86999637
1.547,-47.86314333
1.548,-47.84243797
1.549,-47.82690882
1.55,-47.83065777
1.551,-47.8032928
1.552,-47.81911965
1.553,-47.7954579
1.554,-47.80220283
1.555,-47.7798861
1.556,-47.76521015
1.557,-47.7424899
1.558,-47.73436463
1.559,-47.71137375
1.56,-47.68841408
1.561,-47.69353562
1.562,-47.68056506
1.563,-47.68905405
1.564,-47.65543557
1.565,-47.68225909
1.566,-47.65712319
1.567,-47.65486673
1.568,-47.62174632
1.569,-47.58934091
1.57,-47.60414213
1.571,-47.58729161
1.572,-47.58176838
1.573,-47.58174879
1.574,-47.59344185
1.575,-47.57213151
1.576,-47.56910677
1.577,-47.55506659
1.578,-47.52435131
1.579,-47.54181449
1.58,-47.50572548
1.581,-47.49886934
1.582,-47.47597191
1.583,-47.49569997
1.584,-47.48417864
1.585,-47.50698481
1.586,-47.48470852
1.587,-47.47239855
1.588,-47.51410947
1.589,-47.46757572
1.59,-47.44471674
1.591,-47.41696546
1.592,-47.45618128
1.593,-47.45256213
1.594,-47.46579966
1.595,-47.45186273
1.596,-47.43275645
1.597,-47.45841961
1.598,-47.44198524
1.599,-47.42863824
1.6,-47.38596252
1.601,-47.41250422
1.602,-47.41128428
1.603,-47.41169518
1.604,-47.43714876
1.605,-47.42240425
1.606,-47.45974778
1.607,-47.45278258
1.608,-47.43133354
1.609,-47.40721683
1.61,-47.4146689
1.611,-47.40981914
1.612,-47.43319585
1.613,-47.44356442
1.614,-47.43270932
1.615,-47.46776394
1.616,-47.46851014
1.617,-47.45411705
1.618,-47.43504272
1.619,-47.44920929
1.62,-47.43060823
1.621,-47.44206822
1.622,-47.48103244
1.623,-47.48084587
1.624,-47.51581416
1.625,-47.49435861
1.626,-47.49508725
1.627,-47.47098031
1.628,-47.4984296
1.629,-47.4700374
1.63,-47.50159183
1.631,-47.53851356
1.632,-47.53666585
1.633,-47.53808414
1.634,-47.5552306
1.635,-47.56256809
1.636,-47.55320536
1.637,-47.55786772
1.638,-47.54354572
1.639,-47.57247608
1.64,-47.57783093
1.641,-47.5924437
1.642,-47.60901191
1.643,-47.60290616
1.644,-47.61083015
1.645,-47.59938912
1.646,-47.61652467
1.647,-47.58819497
1.648,-47.6182102
1.649,-47.66552917
1.65,-47.66984495
1.651,-47.67098746
1.652,-47.69213827
1.653,-47.68959809
1.654,-47.67839164
1.655,-47.68302998
1.656,-47.65702639
1.657,-47.68287668
1.658,-47.70912178
1.659,-47.71297725
1.66,-47.74825779
1.661,-47.75484701
1.662,-47.73930142
1.663,-47.71784619
1.664,-47.73656844
1.665,-47.72021236
1.666,-47.7567649
1.667,-47.78657347
1.668,-47.7736571
1.669,-47.79049316
1.67,-47.79200657
1.671,-47.77815119
1.672,-47.77196813
1.673,-47.77113561
1.674,-47.75709226
1.675,-47.80127083
1.676,-47.83126383
1.677,-47.82164799
1.678,-47.85150808
1.679,-47.85301746
1.68,-47.82935728
1.681,-47.8146538
1.682,-47.79760256
1.683,-47.79024778
1.684,-47.81055607
1.685,-47.84996813
1.686,-47.83989944
1.687,-47.86218172
1.688,-47.88401514
1.689,-47.8583545
1.69,-47.82463088
1.691,-47.81144184
1.692,-47.7950551
1.693,-47.83143091
1.694,-47.87174868
1.695,-47.8559366
1.696,-47.86897867
1.697,-47.89825526
1.698,-47.8694003
1.699,-47.84283036
1.7,-47.81779976
1.701,-47.79837791
1.702,-47.82922927
1.703,-47.86145512
1.704,-47.84417474
1.705,-47.85871329
1.706,-47.86353846
1.707,-47.85203034
1.708,-47.83241435
1.709,-47.80599154
1.71,-47.80721125
1.711,-47.81008518
1.712,-47.82605384
1.713,-47.81745858
1.714,-47.83556135
1.715,-47.85195056
1.716,-47.81859156
1.717,-47.80350897
1.718,-47.80408216
1.719,-47.77047658
1.72,-47.78428877
1.721,-47.80727162
1.722,-47.78849099
1.723,-47.78635655
1.724,-47.81154186
1.725,-47.77672339
1.726,-47.7606633
1.727,-47.76153072
1.728,-47.73079865
1.729,-47.74270557
1.73,-47.75396125
1.731,-47.75094528
1.732,-47.77445856
1.733,-47.75733272
1.734,-47.73940209
1.735,-47.70130658
1.736,-47.71418949
1.737,-47.68652927
1.738,-47.70132602
1.739,-47.72312671
1.74,-47.71442553
1.741,-47.7371942
1.742,-47.73243161
1.743,-47.68429429
1.744,-47.66048761
1.745,-47.66961143
1.746,-47.63694727
1.747,-47.66615668
1.748,-47.67477479
1.749,-47.65159991
1.75,-47.6745917
1.751,-47.69642473
1.752,-47.65567107
1.753,-47.63294518
1.754,-47.6256662
1.755,-47.61163031
1.756,-47.61255068
1.757,-47.63343687
1.758,-47.63031098
1.759,-47.64454517
1.76,-47.65169651
1.761,-47.64762371
1.762,-47.61321327
1.763,-47.58287685
1.764,-47.58479697
1.765,-47.58507506
1.766,-47.61397846
1.767,-47.59244287
1.768,-47.6054896
1.769,-47.63262477
1.77,-47.6129517
1.771,-47.57498132
1.772,-47.56105493
1.773,-47.53971018
1.774,-47.55499564
1.775,-47.57567699
1.776,-47.58274147
1.777,-47.58458638
1.778,-47.59936024
1.779,-47.60452145
1.78,-47.5827576
1.781,-47.5638999
1.782,-47.53002095
1.783,-47.54272913
1.784,-47.57610265
1.785,-47.57852415
1.786,-47.55882046
1.787,-47.59511916
1.788,-47.60813154
1.789,-47.57258078
1.79,-47.54645021
1.791,-47.53462959
1.792,-47.54865939
1.793,-47.58347317
1.794,-47.58618953
1.795,-47.56639359
1.796,-47.60544729
1.797,-47.61636274
1.798,-47.58484231
1.799,-47.55888319
1.8,-47.53420999
1.801,-47.54071673
1.802,-47.5752066
1.803,-47.5910534
1.804,-47.59394465
1.805,-47.63753489
1.806,-47.64643596
1.807,-47.61162658
1.808,-47.58018701
1.809,-47.55391176
1.81,-47.56576078
1.811,-47.59468622
1.812,-47.6059477
1.813,-47.61119184
1.814,-47.63733624
1.815,-47.6466676
1.816,-47.63134445
1.817,-47.59740911
1.818,-47.59457165
1.819,-47.59971116
1.82,-47.62540705
1.821,-47.62839495
1.822,-47.63540469
1.823,-47.67431469
1.824,-47.67214569
1.825,-47.65101548
1.826,-47.63210099
1.827,-47.63362842
1.828,-47.62789737
1.829,-47.64715686
1.83,-47.66231994
1.831,-47.66044006
1.832,-47.68865491
1.833,-47.69846983
1.834,-47.68452118
1.835,-47.65996976
1.836,-47.6632162
1.837,-47.64720572
1.838,-47.66858004
1.839,-47.68110533
1.84,-47.71161973
1.841,-47.73575432
1.842,-47.73698021
1.843,-47.70499802
1.844,-47.68072601
1.845,-47.6598725
1.846,-47.66780807
1.847,-47.69724906
1.848,-47.72073178
1.849,-47.73831546
1.85,-47.75372131
1.851,-47.76011373
1.852,-47.73989098
1.853,-47.70580927
1.854,-47.68693479
1.855,-47.68486075
1.856,-47.70389499
1.857,-47.72153656
1.858,-47.73793274
1.859,-47.77827023
1.86,-47.78083163
1.861,-47.75515647
1.862,-47.73701257
1.863,-47.71184289
1.864,-47.70143541
1.865,-47.71659865
1.866,-47.73354286
1.867,-47.75214194
1.868,-47.77227735
1.869,-47.78289842
1.87,-47.7744305
1.871,-47.76395651
1.872,-47.73169739
1.873,-47.71209278
1.874,-47.72772319
1.875,-47.7377916
1.876,-47.74819275
1.877,-47.78001284
1.878,-47.78890296
1.879,-47.76175329
1.88,-47.75516654
1.881,-47.74705096
1.882,-47.70719941
1.883,-47.7262132
1.884,-47.74905197
1.885,-47.76051748
1.886,-47.77217746
1.887,-47.76563591
1.888,-47.76353179
1.889,-47.7656544
1.89,-47.74027668
1.891,-47.69909854
1.892,-47.73419164
1.893,-47.74201387
1.894,-47.74469014
1.895,-47.76218304
1.896,-47.75786372
1.897,-47.74243747
1.898,-47.71957894
1.899,-47.72871634
1.9,-47.69892961
1.901,-47.72305213
1.902,-47.72404661
1.903,-47.72297966
1.904,-47.75215524
1.905,-47.76260647
1.906,-47.74724771
1.907,-47.72030327
1.908,-47.72512194
1.909,-47.66979529
1.91,-47.68846888
1.911,-47.70579672
1.912,-47.70890815
1.913,-47.74504777
1.914,-47.74784026
1.915,-47.73560229
1.916,-47.69118977
1.917,-47.69237787
1.918,-47.66074727
1.919,-47.68182682
1.92,-47.68720174
1.921,-47.69465778
1.922,-47.72653426
1.923,-47.72165966
1.924,-47.71349474
1.925,-47.67202131
1.926,-47.68576051
1.927,-47.644451
1.928,-47.66101993
1.929,-47.6648324
1.93,-47.66058549
1.931,-47.69629632
1.932,-47.71167752
1.933,-47.70111413
1.934,-47.65350596
1.935,-47.66502207
1.936,-47.6372073
1.937,-47.65215332
1.938,-47.66338539
1.939,-47.64431229
1.94,-47.66822297
1.941,-47.68113384
1.942,-47.67624635
1.943,-47.64269158
1.944,-47.64196302
1.945,-47.62367267
1.946,-47.6357047
1.947,-47.64097582
1.948,-47.63822736
1.949,-47.68461563
1.95,-47.68365783
1.951,-47.66762356
1.952,-47.62578332
1.953,-47.6208862
1.954,-47.60766482
1.955,-47.61962721
1.956,-47.62865811
1.957,-47.63807778
1.958,-47.67185121
1.959,-47.67208826
1.96,-47.66285509
1.961,-47.61455546
1.962,-47.62074452
1.963,-47.60475051
1.964,-47.61594866
1.965,-47.61942528
1.966,-47.62609316
1.967,-47.66209546
1.968,-47.66621126
1.969,-47.66044175
1.97,-47.6090415
1.971,-47.63251535
1.972,-47.60735439
1.973,-47.61315477
1.974,-47.60867075
1.975,-47.63374835
1.976,-47.67016953
1.977,-47.65788403
1.978,-47.66387038
1.979,-47.6334473
1.98,-47.65106073
1.981,-47.61021108
1.982,-47.61258472
1.983,-47.60913835
1.984,-47.62276348
1.985,-47.66096063
1.986,-47.6649767
1.987,-47.66986156
1.988,-47.62311189
1.989,-47.65753251
1.99,-47.61745928
1.991,-47.62621131
1.992,-47.63763514
1.993,-47.63957909
1.994,-47.68170899
1.995,-47.66924464
1.996,-47.67679088
1.997,-47.64800805
1.998,-47.65647734
1.999,-47.61208192
2,-47.63202068
2.001,-47.6546526
2.002,-47.65680924
2.003,-47.68623301
2.004,-47.68412997
2.005,-47.69461073
2.006,-47.64820518
2.007,-47.66148934
2.008,-47.63337323
2.009,-47.64916281
2.01,-47.6549032
2.011,-47.66035618
2.012,-47.68144444
2.013,-47.69506672
2.014,-47.70592258
2.015,-47.67064097
2.016,-47.69335291
2.017,-47.63685172
2.018,-47.64299614
2.019,-47.66681044
2.02,-47.67195653
2.021,-47.70177478
2.022,-47.72007703
2.023,-47.71884572
2.024,-47.69231339
2.025,-47.68830408
2.026,-47.647335
2.027,-47.65943918
2.028,-47.68135577
2.029,-47.67697395
2.03,-47.71979304
2.031,-47.7187728
2.032,-47.73997693
2.033,-47.6992912
2.034,-47.71959631
2.035,-47.6627766
2.036,-47.66866971
2.037,-47.68424417
2.038,-47.69385004
2.039,-47.71002143
2.04,-47.72380133
2.041,-47.73788662
2.042,-47.70763043
2.043,-47.70572609
2.044,-47.66957997
2.045,-47.69002763
2.046,-47.7047383
2.047,-47.70715481
2.048,-47.72482561
2.049,-47.7224337
2.05,-47.73137489
2.051,-47.7084032
2.052,-47.71667185
2.053,-47.68052401
2.054,-47.69244819
2.055,-47.69617626
2.056,-47.69341788
2.057,-47.72963704
2.058,-47.74786049
2.059,-47.74237329
2.06,-47.70298684
2.061,-47.71066724
2.062,-47.6770184
2.063,-47.6926837
2.064,-47.7029775
2.065,-47.70623802
2.066,-47.73418619
2.067,-47.74018042
2.068,-47.7400085
2.069,-47.69267916
2.07,-47.70265797
2.071,-47.66809369
2.072,-47.69405928
2.073,-47.69337414
2.074,-47.70369092
2.075,-47.74026482
2.076,-47.74313506
2.077,-47.73685996
2.078,-47.69134603
2.079,-47.708237
2.08,-47.67326841
2.081,-47.69186766
2.082,-47.68250537
2.083,-47.68179614
2.084,-47.71351711
2.085,-47.73183518
2.086,-47.72326553
2.087,-47.68527531
2.088,-47.70781318
2.089,-47.6710728
2.09,-47.69190434
2.091,-47.67899668
2.092,-47.68126202
2.093,-47.69825523
2.094,-47.72009642
2.095,-47.72431385
2.096,-47.66979186
2.097,-47.69207177
2.098,-47.66231996
2.099,-47.68102534
2.1,-47.66783086
2.101,-47.67571734
2.102,-47.72080803
2.103,-47.7226205
2.104,-47.71155233
2.105,-47.66800343
2.106,-47.69471238
2.107,-47.65462636
2.108,-47.66274744
2.109,-47.66498798
2.11,-47.66575032
2.111,-47.69977924
2.112,-47.70770713
2.113,-47.7098312
2.114,-47.65022057
2.115,-47.67125258
2.116,-47.64664373
2.117,-47.68109453
2.118,-47.6653098
2.119,-47.66788841
2.12,-47.68793046
2.121,-47.69163631
2.122,-47.69966727
2.123,-47.65233346
2.124,-47.68020066
2.125,-47.65458751
2.126,-47.64159272
2.127,-47.6467567
2.128,-47.65088607
2.129,-47.67723816
2.13,-47.68962596
2.131,-47.69069757
2.132,-47.65284089
2.133,-47.67392449
2.134,-47.65404371
2.135,-47.63907121
2.136,-47.65238412
2.137,-47.6538179
2.138,-47.67039627
2.139,-47.68039183
2.14,-47.6925209
2.141,-47.65161779
2.142,-47.66544765
2.143,-47.63386398
2.144,-47.65243129
2.145,-47.64523545
2.146,-47.66144811
2.147,-47.68664876
2.148,-47.68025101
2.149,-47.69955876
2.15,-47.65592028
2.151,-47.65039348
2.152,-47.62940001
2.153,-47.64465576
2.154,-47.66115089
2.155,-47.65463156
2.156,-47.67041039
2.157,-47.67945904
2.158,-47.69130654
2.159,-47.65488647
2.16,-47.66423881
2.161,-47.63951979
2.162,-47.64734384
2.163,-47.65582791
2.164,-47.64951729
2.165,-47.67232724
2.166,-47.68744334
2.167,-47.71603803
2.168,-47.65845509
2.169,-47.66004714
2.17,-47.62863803
2.171,-47.64248238
2.172,-47.6480858
2.173,-47.65610707
2.174,-47.67790253
2.175,-47.69033976
2.176,-47.71242737
2.177,-47.66848218
2.178,-47.67073876
2.179,-47.63243792
2.18,-47.64282076
2.181,-47.65570587
2.182,-47.6633755
2.183,-47.67550029
2.184,-47.70132255
2.185,-47.71177882
2.186,-47.67055032
2.187,-47.67641602
2.188,-47.63707123
2.189,-47.65246818
2.19,-47.67308379
2.191,-47.67249981
2.192,-47.68409628
2.193,-47.69768129
2.194,-47.71799194
2.195,-47.67057018
2.196,-47.67348142
2.197,-47.6424909
2.198,-47.651434
2.199,-47.67020282
2.2,-47.67657064
2.201,-47.6839283
2.202,-47.69533047
2.203,-47.72703662
2.204,-47.68038862
2.205,-47.67825197
2.206,-47.65017981
2.207,-47.67114316
2.208,-47.67730085
2.209,-47.67775932
2.21,-47.69873745
2.211,-47.72320611
2.212,-47.72589886
2.213,-47.67530522
2.214,-47.68187514
2.215,-47.66288893
2.216,-47.66713093
2.217,-47.66215209
2.218,-47.68375228
2.219,-47.72541021
2.22,-47.73037692
2.221,-47.7347166
2.222,-47.69079517
2.223,-47.67277343
2.224,-47.66063052
2.225,-47.67827362
2.226,-47.67972687
2.227,-47.68293514
2.228,-47.7106791
2.229,-47.71822604
2.23,-47.7266142
2.231,-47.69001036
2.232,-47.69377569
2.233,-47.68930476
2.234,-47.69140359
2.235,-47.67346578
2.236,-47.67984313
2.237,-47.69999739
2.238,-47.70560085
2.239,-47.72434738
2.24,-47.68218056
2.241,-47.68708755
2.242,-47.69676139
2.243,-47.69065457
2.244,-47.68207101
2.245,-47.69094419
2.246,-47.70259498
2.247,-47.713185
2.248,-47.72887093
2.249,-47.68802372
2.25,-47.69214132
2.251,-47.6801341
2.252,-47.68285586
2.253,-47.67684587
2.254,-47.67737197
2.255,-47.71551453
2.256,-47.72936176
2.257,-47.72227219
2.258,-47.68871078
2.259,-47.68435966
2.26,-47.67383644
2.261,-47.67896239
2.262,-47.68683187
2.263,-47.68799394
2.264,-47.70221755
2.265,-47.71575488
2.266,-47.72248915
2.267,-47.68126475
2.268,-47.67731516
2.269,-47.68478892
2.27,-47.67930447
2.271,-47.6751919
2.272,-47.66860292
2.273,-47.69124751
2.274,-47.70363939
2.275,-47.73044087
2.276,-47.69409956
2.277,-47.68564256
2.278,-47.68750252
2.279,-47.6850954
2.28,-47.66647406
2.281,-47.66561509
2.282,-47.68149385
2.283,-47.70790265
2.284,-47.72129729
2.285,-47.68286917
2.286,-47.6655604
2.287,-47.69682983
2.288,-47.67606427
2.289,-47.65689911
2.29,-47.66784548
2.291,-47.6901767
2.292,-47.70513516
2.293,-47.72340023
2.294,-47.68288967
2.295,-47.6658717
2.296,-47.67691908
2.297,-47.66849542
2.298,-47.67038433
2.299,-47.67083607
2.3,-47.68664808
2.301,-47.69199842
2.302,-47.71233083
2.303,-47.6892514
2.304,-47.65629427
2.305,-47.67651099
2.306,-47.67023651
2.307,-47.67031425
2.308,-47.66683697
2.309,-47.68415943
2.31,-47.68526579
2.311,-47.71223241
2.312,-47.6775995
2.313,-47.65113611
2.314,-47.66191634
2.315,-47.67593662
2.316,-47.66569128
2.317,-47.66024364
2.318,-47.67402602
2.319,-47.70193422
2.32,-47.72692718
2.321,-47.68631202
2.322,-47.64975365
2.323,-47.66650714
2.324,-47.65698963
2.325,-47.63841449
2.326,-47.65090007
2.327,-47.68008468
2.328,-47.70645006
2.329,-47.72161786
2.33,-47.69728102
2.331,-47.65864412
2.332,-47.65691982
2.333,-47.65059535
2.334,-47.65294775
2.335,-47.65908281
2.336,-47.68792262
2.337,-47.70372393
2.338,-47.70400505
2.339,-47.68965951
2.34,-47.6575487
2.341,-47.66760806
2.342,-47.66551716
2.343,-47.65096961
2.344,-47.65299131
2.345,-47.66612484
2.346,-47.68621879
2.347,-47.70746032
2.348,-47.69494947
2.349,-47.6612513
2.35,-47.67482375
2.351,-47.67176688
2.352,-47.6593103
2.353,-47.66256895
2.354,-47.6713575
2.355,-47.68106972
2.356,-47.70494282
2.357,-47.68980268
2.358,-47.66499992
2.359,-47.68017483
2.36,-47.67165376
2.361,-47.65471449
2.362,-47.66665563
2.363,-47.67998836
2.364,-47.7055172
2.365,-47.71400022
2.366,-47.69160389
2.367,-47.6558929
2.368,-47.66845193
2.369,-47.65607758
2.37,-47.64789502
2.371,-47.67481927
2.372,-47.70198388
2.373,-47.70374286
2.374,-47.71421927
2.375,-47.6974815
2.376,-47.66125557
2.377,-47.68457642
2.378,-47.658492
2.379,-47.65710268
2.38,-47.66655336
2.381,-47.69174703
2.382,-47.69129357
2.383,-47.71116809
2.384,-47.69756738
2.385,-47.67397642
2.386,-47.68831887
2.387,-47.67424028
2.388,-47.66437611
2.389,-47.67475485
2.39,-47.68480631
2.391,-47.68980031
2.392,-47.71998631
2.393,-47.70857545
2.394,-47.68301093
2.395,-47.69887229
2.396,-47.6767102
2.397,-47.64837274
2.398,-47.66408891
2.399,-47.68316174
2.4,-47.70389242
2.401,-47.72486477
2.402,-47.71755695
2.403,-47.68493887
2.404,-47.69409541
2.405,-47.66763918
2.406,-47.67150128
2.407,-47.68507805
2.408,-47.69276214
2.409,-47.69354064
2.41,-47.71108361
2.411,-47.7038488
2.412,-47.6766708
2.413,-47.68008572
2.414,-47.674825
2.415,-47.67704343
2.416,-47.68487472
2.417,-47.69510462
2.418,-47.7094204
2.419,-47.72243653
2.42,-47.71337791
2.421,-47.6695915
2.422,-47.68837171
2.423,-47.67857801
2.424,-47.67297589
2.425,-47.6761417
2.426,-47.68724235
2.427,-47.68434147
2.428,-47.72709632
2.429,-47.71462331
2.43,-47.67530536
2.431,-47.69308215
2.432,-47.68781515
2.433,-47.66310486
2.434,-47.66427263
2.435,-47.68113112
2.436,-47.70063973
2.437,-47.73490553
2.438,-47.71574137
2.439,-47.67449887
2.44,-47.69199547
2.441,-47.66956472
2.442,-47.65620374
2.443,-47.66867422
2.444,-47.69036114
2.445,-47.70497882
2.446,-47.72691799
2.447,-47.70915069
2.448,-47.66064019
2.449,-47.69225738
2.45,-47.67871943
