#Exudyn implicit second order time integration sensor output file
#measure Object number = 245
#OutputVariableType = Force
#simulation started = 2022-04-08,00:56:16
#columns contain: time, comma separated sensor values (e.g, x,y,z position coordinates)
#number of sensor values = 1
#Exudyn version = 1.2.34.dev1; Python3.9.11; Windows AVX2 FLOAT64
#
0,0
0.001,-3.046576087e-05
0.002,0.001865213171
0.003,0.001113215434
0.004,-0.001721462804
0.005,0.0002191096656
0.006,0.0002339313141
0.007,0.0004744492707
0.008,0.0007258149655
0.009,0.0007806145489
0.01,0.0001011220827
0.011,-0.0003596019817
0.012,4.796206455e-06
0.013,0.0002205237632
0.014,0.0004899429192
0.015,0.0007193693154
0.016,0.000287278849
0.017,-0.0001669531787
0.018,-0.0002297363622
0.019,6.395288177e-05
0.02,0.0002957377272
0.021,0.0004343596896
0.022,0.0003063190869
0.023,0.0001477881554
0.024,-0.0001741350027
0.025,-0.0001586300379
0.026,8.402275229e-05
0.027,0.0002973038908
0.028,0.0001927069898
0.029,0.000252560641
0.03,-0.0001601778866
0.031,-0.0001457010356
0.032,2.735830888e-06
0.033,0.0001235156661
0.034,0.0002128196298
0.035,0.0001978779417
0.036,-1.727822479e-05
0.037,-0.00019450284
0.038,-0.0001681417095
0.039,-0.0001191732276
0.04,-1.724937534e-05
0.041,0.0001240126233
0.042,5.834931167e-05
0.043,-0.0001367187292
0.044,-0.0002845150633
0.045,-0.0002413178704
0.046,-0.0001243963742
0.047,-0.0001705239536
0.048,-2.604644698e-05
0.049,-0.000175592033
0.05,-0.0001992122398
0.051,-0.09326862782
0.052,-0.1288335793
0.053,-0.1643342267
0.054,-0.1997024473
0.055,-0.2359576913
0.056,-0.2814904713
0.057,-0.3532395011
0.058,-0.4485106871
0.059,-0.5515880121
0.06,-0.65524678
0.061,-0.7594104518
0.062,-0.8691388078
0.063,-0.9940813801
0.064,-1.137854597
0.065,-1.293971695
0.066,-1.45645674
0.067,-1.619640247
0.068,-1.785854173
0.069,-1.959355854
0.07,-2.143433961
0.071,-2.341149835
0.072,-2.547426312
0.073,-2.75401377
0.074,-2.963759405
0.075,-3.175228583
0.076,-3.392423211
0.077,-3.617744509
0.078,-3.847590451
0.079,-4.084089915
0.08,-4.317936408
0.081,-4.551591176
0.082,-4.787001559
0.083,-5.021897415
0.084,-5.265238029
0.085,-5.507759217
0.086,-5.752148062
0.087,-5.992066398
0.088,-6.233453552
0.089,-6.470456824
0.09,-6.708817868
0.091,-6.945333247
0.092,-7.181853573
0.093,-7.417628883
0.094,-7.648406671
0.095,-7.879215561
0.096,-8.102952763
0.097,-8.326185152
0.098,-8.543352472
0.099,-8.760987229
0.1,-8.970788736
0.101,-9.179404588
0.102,-9.381385207
0.103,-9.578783739
0.104,-9.768684909
0.105,-9.957452844
0.106,-10.13931316
0.107,-10.31923458
0.108,-10.49100357
0.109,-10.65713281
0.11,-10.81590476
0.111,-10.97127581
0.112,-11.11882602
0.113,-11.26033824
0.114,-11.3981283
0.115,-11.52946538
0.116,-11.65017079
0.117,-11.76813715
0.118,-11.87995002
0.119,-11.98529504
0.12,-12.0802724
0.121,-12.17249615
0.122,-12.25524626
0.123,-12.33217079
0.124,-12.40237381
0.125,-12.46906313
0.126,-12.53005393
0.127,-12.58080344
0.128,-12.6259326
0.129,-12.66131609
0.13,-12.68895141
0.131,-12.7114355
0.132,-12.72964659
0.133,-12.74579912
0.134,-12.75123619
0.135,-12.75016357
0.136,-12.73948927
0.137,-12.72340768
0.138,-12.70173731
0.139,-12.67689059
0.14,-12.65191975
0.141,-12.61742924
0.142,-12.57818146
0.143,-12.53102978
0.144,-12.47646119
0.145,-12.41711497
0.146,-12.36119855
0.147,-12.30016737
0.148,-12.2374532
0.149,-12.1623145
0.15,-12.084349
0.151,-12.00458621
0.152,-11.92205407
0.153,-11.84294906
0.154,-11.75796819
0.155,-11.66860441
0.156,-11.57545979
0.157,-11.48338238
0.158,-11.38459106
0.159,-11.28916721
0.16,-11.20047555
0.161,-11.10559729
0.162,-11.00739122
0.163,-10.9054945
0.164,-10.80782611
0.165,-10.71497628
0.166,-10.61963564
0.167,-10.52814712
0.168,-10.43417516
0.169,-10.33962535
0.17,-10.25051157
0.171,-10.15907033
0.172,-10.07646683
0.173,-9.992312758
0.174,-9.911239379
0.175,-9.834681663
0.176,-9.758471662
0.177,-9.685762093
0.178,-9.614523213
0.179,-9.554794009
0.18,-9.495863086
0.181,-9.438134798
0.182,-9.379367225
0.183,-9.330541789
0.184,-9.284553808
0.185,-9.240936475
0.186,-9.208905788
0.187,-9.178742623
0.188,-9.154619513
0.189,-9.126352846
0.19,-9.107999367
0.191,-9.093266298
0.192,-9.088518657
0.193,-9.084314719
0.194,-9.090548914
0.195,-9.099092408
0.196,-9.111001633
0.197,-9.125551168
0.198,-9.14774645
0.199,-9.17644314
0.2,-9.208544006
0.201,-9.256252256
0.202,-9.293198245
0.203,-9.342407314
0.204,-9.396938865
0.205,-9.45737241
0.206,-9.519060557
0.207,-9.586600946
0.208,-9.663069493
0.209,-9.740474014
0.21,-9.821985116
0.211,-9.906370193
0.212,-9.996466921
0.213,-10.09128838
0.214,-10.19011821
0.215,-10.29457386
0.216,-10.39777201
0.217,-10.50625422
0.218,-10.62223005
0.219,-10.73514413
0.22,-10.85284858
0.221,-10.9688075
0.222,-11.10057693
0.223,-11.22688935
0.224,-11.35654444
0.225,-11.48273206
0.226,-11.62089522
0.227,-11.75054576
0.228,-11.88284522
0.229,-12.01968253
0.23,-12.15980536
0.231,-12.30290847
0.232,-12.44235789
0.233,-12.58254729
0.234,-12.7221983
0.235,-12.85478471
0.236,-12.99898562
0.237,-13.14024916
0.238,-13.27620531
0.239,-13.41876551
0.24,-13.56788397
0.241,-13.7033432
0.242,-13.83102525
0.243,-13.96599091
0.244,-14.1067493
0.245,-14.23342454
0.246,-14.37504045
0.247,-14.50147586
0.248,-14.62969199
0.249,-14.75561614
0.25,-14.87629409
0.251,-14.99633886
0.252,-15.11480497
0.253,-15.23449527
0.254,-15.34287176
0.255,-15.4611559
0.256,-15.5651757
0.257,-15.67235022
0.258,-15.77744962
0.259,-15.87656067
0.26,-15.96639215
0.261,-16.06280873
0.262,-16.15731567
0.263,-16.23972789
0.264,-16.31812816
0.265,-16.40956681
0.266,-16.49051621
0.267,-16.55802774
0.268,-16.62066832
0.269,-16.69216759
0.27,-16.75896311
0.271,-16.81937115
0.272,-16.88188832
0.273,-16.92879574
0.274,-16.97183863
0.275,-17.02802471
0.276,-17.06354948
0.277,-17.10383272
0.278,-17.14636912
0.279,-17.1772105
0.28,-17.20709484
0.281,-17.23491883
0.282,-17.25444507
0.283,-17.27582925
0.284,-17.29942809
0.285,-17.31114516
0.286,-17.32399545
0.287,-17.32546621
0.288,-17.34607043
0.289,-17.34582123
0.29,-17.34331273
0.291,-17.3373575
0.292,-17.35697784
0.293,-17.33215577
0.294,-17.32279681
0.295,-17.32585702
0.296,-17.31057146
0.297,-17.30583752
0.298,-17.28879022
0.299,-17.25804223
0.3,-17.26308653
0.301,-17.23519587
0.302,-17.21126442
0.303,-17.19818259
0.304,-17.17745167
0.305,-17.15788776
0.306,-17.12989078
0.307,-17.09942808
0.308,-17.08902817
0.309,-17.06201543
0.31,-17.03906809
0.311,-17.01666502
0.312,-16.98966232
0.313,-16.96986807
0.314,-16.9269147
0.315,-16.91935312
0.316,-16.88498932
0.317,-16.8691197
0.318,-16.85810524
0.319,-16.83646727
0.32,-16.8024276
0.321,-16.78766499
0.322,-16.77764086
0.323,-16.75650313
0.324,-16.74632006
0.325,-16.72498683
0.326,-16.71389138
0.327,-16.72101682
0.328,-16.68840425
0.329,-16.70049825
0.33,-16.6829028
0.331,-16.68488123
0.332,-16.67655762
0.333,-16.67972933
0.334,-16.67691165
0.335,-16.69922564
0.336,-16.71855157
0.337,-16.6982057
0.338,-16.72904273
0.339,-16.73279606
0.34,-16.74651892
0.341,-16.7476588
0.342,-16.78870397
0.343,-16.80484705
0.344,-16.83841619
0.345,-16.87574993
0.346,-16.892512
0.347,-16.92638331
0.348,-16.96117256
0.349,-16.99505294
0.35,-17.03534572
0.351,-17.08647606
0.352,-17.10926247
0.353,-17.17889781
0.354,-17.21526401
0.355,-17.26881621
0.356,-17.33091048
0.357,-17.35700798
0.358,-17.44867979
0.359,-17.48354635
0.36,-17.54220909
0.361,-17.634983
0.362,-17.68005418
0.363,-17.75277386
0.364,-17.8132417
0.365,-17.89656516
0.366,-17.9401813
0.367,-18.03291966
0.368,-18.10307212
0.369,-18.18776418
0.37,-18.24058677
0.371,-18.34376763
0.372,-18.40482527
0.373,-18.49381391
0.374,-18.58102677
0.375,-18.65161391
0.376,-18.74631637
0.377,-18.82780388
0.378,-18.90896638
0.379,-19.0096202
0.38,-19.07648165
0.381,-19.17545895
0.382,-19.25454749
0.383,-19.35171122
0.384,-19.4240993
0.385,-19.53462826
0.386,-19.60440231
0.387,-19.71141281
0.388,-19.79095031
0.389,-19.86249854
0.39,-19.95455782
0.391,-20.06198149
0.392,-20.11412102
0.393,-20.23311882
0.394,-20.30654077
0.395,-20.39280775
0.396,-20.45295085
0.397,-20.56522142
0.398,-20.60587723
0.399,-20.73348962
0.4,-20.76603998
0.401,-20.89797339
0.402,-20.9334077
0.403,-21.04521425
0.404,-21.10403568
0.405,-21.18319914
0.406,-21.25868776
0.407,-21.32119962
0.408,-21.40069738
0.409,-21.46848352
0.41,-21.54289444
0.411,-21.5988644
0.412,-21.68688835
0.413,-21.74339135
0.414,-21.78983996
0.415,-21.88001783
0.416,-21.89571033
0.417,-21.97326801
0.418,-22.01847247
0.419,-22.08634736
0.42,-22.1357071
0.421,-22.18954324
0.422,-22.22711023
0.423,-22.30534706
0.424,-22.32474217
0.425,-22.39499906
0.426,-22.42052555
0.427,-22.48713045
0.428,-22.49813198
0.429,-22.5789504
0.43,-22.57355493
0.431,-22.65473107
0.432,-22.63708086
0.433,-22.70196607
0.434,-22.73098321
0.435,-22.74823768
0.436,-22.81439517
0.437,-22.82613408
0.438,-22.85942568
0.439,-22.88518373
0.44,-22.90212093
0.441,-22.90558695
0.442,-22.94955105
0.443,-22.95710168
0.444,-23.0088072
0.445,-23.02160115
0.446,-23.04672481
0.447,-23.05095968
0.448,-23.07421855
0.449,-23.08516581
0.45,-23.1167183
0.451,-23.13125973
0.452,-23.12822408
0.453,-23.18390628
0.454,-23.15809482
0.455,-23.19479513
0.456,-23.18151306
0.457,-23.21266939
0.458,-23.2252229
0.459,-23.21900468
0.46,-23.25185875
0.461,-23.2777819
0.462,-23.26983125
0.463,-23.30735979
0.464,-23.30417249
0.465,-23.2898329
0.466,-23.33552235
0.467,-23.34141244
0.468,-23.33574587
0.469,-23.38961049
0.47,-23.39201372
0.471,-23.36884179
0.472,-23.42535969
0.473,-23.41083148
0.474,-23.44986096
0.475,-23.43119778
0.476,-23.48796022
0.477,-23.4738272
0.478,-23.5256315
0.479,-23.53989665
0.48,-23.55384676
0.481,-23.56474823
0.482,-23.58566257
0.483,-23.60033396
0.484,-23.62779336
0.485,-23.65039952
0.486,-23.68940992
0.487,-23.71288846
0.488,-23.76315999
0.489,-23.72675763
0.49,-23.82236356
0.491,-23.79525252
0.492,-23.83451099
0.493,-23.88983959
0.494,-23.91146177
0.495,-23.93467249
0.496,-24.00103303
0.497,-24.01512278
0.498,-24.03443628
0.499,-24.10326022
0.5,-24.05255957
0.501,-24.09552065
0.502,-24.13198115
0.503,-24.20231136
0.504,-24.20823071
0.505,-24.26469212
0.506,-24.3065805
0.507,-24.34283096
0.508,-24.31524911
0.509,-24.37657882
0.51,-24.37859027
0.511,-24.41853054
0.512,-24.47880153
0.513,-24.5109609
0.514,-24.59272238
0.515,-24.62200992
0.516,-24.62697058
0.517,-24.73764136
0.518,-24.70325042
0.519,-24.762911
0.52,-24.78070691
0.521,-24.78882956
0.522,-24.78908047
0.523,-24.88775635
0.524,-24.90990652
0.525,-24.97044282
0.526,-25.00223396
0.527,-24.99732415
0.528,-25.05656649
0.529,-25.07139398
0.53,-25.10670422
0.531,-25.12730083
0.532,-25.21916619
0.533,-25.26962213
0.534,-25.30266555
0.535,-25.33494018
0.536,-25.3737339
0.537,-25.38836832
0.538,-25.44614116
0.539,-25.47847611
0.54,-25.56450659
0.541,-25.60045137
0.542,-25.64785786
0.543,-25.73966648
0.544,-25.76999346
0.545,-25.78452076
0.546,-25.83494985
0.547,-25.85231085
0.548,-25.90759767
0.549,-25.94916812
0.55,-25.99661278
0.551,-26.02749052
0.552,-26.14734011
0.553,-26.12835286
0.554,-26.19973928
0.555,-26.25731801
0.556,-26.27064107
0.557,-26.32129857
0.558,-26.34258833
0.559,-26.45678137
0.56,-26.49411703
0.561,-26.54644634
0.562,-26.61799278
0.563,-26.66240367
0.564,-26.68009802
0.565,-26.75977414
0.566,-26.77847343
0.567,-26.86975702
0.568,-26.92175354
0.569,-27.02024031
0.57,-27.0236601
0.571,-27.07406422
0.572,-27.158857
0.573,-27.21060572
0.574,-27.25582698
0.575,-27.32620877
0.576,-27.34431363
0.577,-27.46039861
0.578,-27.48445616
0.579,-27.55779871
0.58,-27.60084472
0.581,-27.70134591
0.582,-27.67794274
0.583,-27.74550148
0.584,-27.83265358
0.585,-27.87688465
0.586,-27.93906289
0.587,-27.9828158
0.588,-28.06734196
0.589,-28.07740838
0.59,-28.15057517
0.591,-28.18867189
0.592,-28.24358125
0.593,-28.30648898
0.594,-28.3509744
0.595,-28.36695201
0.596,-28.45312462
0.597,-28.4975671
0.598,-28.56914781
0.599,-28.56375585
0.6,-28.62976248
0.601,-28.60501842
0.602,-28.63857357
0.603,-28.62977195
0.604,-28.63468931
0.605,-28.6249957
0.606,-28.69567571
0.607,-28.63764267
0.608,-28.63075167
0.609,-28.66194835
0.61,-28.59526471
0.611,-28.57025977
0.612,-28.51307073
0.613,-28.44025468
0.614,-28.34891588
0.615,-28.3040136
0.616,-28.24679674
0.617,-28.16322121
0.618,-28.11294504
0.619,-27.98113749
0.62,-27.8871278
0.621,-27.81494441
0.622,-27.72125007
0.623,-27.55349998
0.624,-27.4436914
0.625,-27.3055393
0.626,-27.18793898
0.627,-27.06122957
0.628,-26.96489848
0.629,-26.81535219
0.63,-26.66649746
0.631,-26.51194626
0.632,-26.35833717
0.633,-26.18416839
0.634,-26.06694853
0.635,-25.88202777
0.636,-25.71715994
0.637,-25.57739566
0.638,-25.43048495
0.639,-25.21338498
0.64,-25.09158624
0.641,-24.87372831
0.642,-24.77187019
0.643,-24.58082843
0.644,-24.40707478
0.645,-24.22945907
0.646,-24.09464385
0.647,-23.90139722
0.648,-23.72615905
0.649,-23.59183549
0.65,-23.40733464
0.651,-23.24255039
0.652,-23.08451763
0.653,-22.93140071
0.654,-22.74887154
0.655,-22.58281998
0.656,-22.43558015
0.657,-22.28954796
0.658,-22.15292661
0.659,-22.01032701
0.66,-21.86163424
0.661,-21.76676996
0.662,-21.64784672
0.663,-21.4782864
0.664,-21.33857034
0.665,-21.24944048
0.666,-21.13895054
0.667,-20.98645753
0.668,-20.91549314
0.669,-20.75983636
0.67,-20.74197262
0.671,-20.60219468
0.672,-20.52230386
0.673,-20.43077825
0.674,-20.35419269
0.675,-20.27586779
0.676,-20.19936666
0.677,-20.14150207
0.678,-20.08348127
0.679,-20.05319197
0.68,-19.98133147
0.681,-19.93228571
0.682,-19.89989587
0.683,-19.88894913
0.684,-19.87926675
0.685,-19.85174554
0.686,-19.85671926
0.687,-19.84229202
0.688,-19.82238379
0.689,-19.82276878
0.69,-19.84981257
0.691,-19.8537165
0.692,-19.87086338
0.693,-19.86514981
0.694,-19.93325527
0.695,-19.96640899
0.696,-20.00570428
0.697,-19.9905986
0.698,-20.09128094
0.699,-20.09446383
0.7,-20.2020955
0.701,-20.20285599
0.702,-20.27038354
0.703,-20.38037707
0.704,-20.41913996
0.705,-20.47059556
0.706,-20.55853586
0.707,-20.63718108
0.708,-20.69621873
0.709,-20.81296962
0.71,-20.88468003
0.711,-20.98369718
0.712,-21.10417763
0.713,-21.16211774
0.714,-21.26972545
0.715,-21.35512377
0.716,-21.46920723
0.717,-21.55883341
0.718,-21.67271682
0.719,-21.76341597
0.72,-21.87730293
0.721,-21.96923818
0.722,-22.08704356
0.723,-22.18574499
0.724,-22.29830186
0.725,-22.37014619
0.726,-22.51332385
0.727,-22.57415001
0.728,-22.72952853
0.729,-22.78005998
0.73,-22.91275852
0.731,-22.96729991
0.732,-23.08562225
0.733,-23.21428844
0.734,-23.31270683
0.735,-23.4348698
0.736,-23.53536389
0.737,-23.63501788
0.738,-23.68211315
0.739,-23.8082481
0.74,-23.83929773
0.741,-23.93427301
0.742,-24.05553517
0.743,-24.13258205
0.744,-24.19840918
0.745,-24.30245688
0.746,-24.37092127
0.747,-24.45446458
0.748,-24.47373101
0.749,-24.55458482
0.75,-24.62667526
0.751,-24.7226988
0.752,-24.77109845
0.753,-24.82896105
0.754,-24.89077862
0.755,-24.93439524
0.756,-24.97405148
0.757,-25.00949471
0.758,-25.07607281
0.759,-25.08865949
0.76,-25.10363847
0.761,-25.16924693
0.762,-25.20066051
0.763,-25.24269671
0.764,-25.23704873
0.765,-25.26775269
0.766,-25.31431601
0.767,-25.3316328
0.768,-25.30367962
0.769,-25.34139298
0.77,-25.34746208
0.771,-25.37502813
0.772,-25.36466657
0.773,-25.34895799
0.774,-25.33374759
0.775,-25.35628126
0.776,-25.34390141
0.777,-25.32677273
0.778,-25.30742242
0.779,-25.27445963
0.78,-25.27698557
0.781,-25.24960108
0.782,-25.23534296
0.783,-25.22525221
0.784,-25.20244328
0.785,-25.19972363
0.786,-25.14045304
0.787,-25.10729935
0.788,-25.03899937
0.789,-25.00481232
0.79,-24.97636341
0.791,-24.91658519
0.792,-24.9182279
0.793,-24.85819043
0.794,-24.82231852
0.795,-24.77604136
0.796,-24.70952639
0.797,-24.62821249
0.798,-24.59623125
0.799,-24.55334466
0.8,-24.50984094
0.801,-24.47254861
0.802,-24.4247875
0.803,-24.37888182
0.804,-24.32094886
0.805,-24.20879718
0.806,-24.17405945
0.807,-24.10553968
0.808,-24.05676562
0.809,-23.99766853
0.81,-23.94666335
0.811,-23.90480129
0.812,-23.8518568
0.813,-23.74846285
0.814,-23.71771178
0.815,-23.64807523
0.816,-23.63978228
0.817,-23.52951262
0.818,-23.50580609
0.819,-23.46332993
0.82,-23.42170095
0.821,-23.30664788
0.822,-23.25975451
0.823,-23.22523565
0.824,-23.14323033
0.825,-23.14085645
0.826,-23.06820076
0.827,-23.04945109
0.828,-22.99409515
0.829,-22.92911844
0.83,-22.85367829
0.831,-22.8588023
0.832,-22.77976224
0.833,-22.75313982
0.834,-22.74803369
0.835,-22.73870085
0.836,-22.67610091
0.837,-22.6403527
0.838,-22.57377816
0.839,-22.57293464
0.84,-22.53032534
0.841,-22.51460233
0.842,-22.49665159
0.843,-22.46411532
0.844,-22.47695774
0.845,-22.41130299
0.846,-22.41052509
0.847,-22.36262624
0.848,-22.3557631
0.849,-22.37537434
0.85,-22.38359837
0.851,-22.38261371
0.852,-22.34280525
0.853,-22.36505667
0.854,-22.29630818
0.855,-22.34363669
0.856,-22.31063879
0.857,-22.33277262
0.858,-22.34498886
0.859,-22.39031946
0.86,-22.37347649
0.861,-22.40682171
0.862,-22.36320744
0.863,-22.3828863
0.864,-22.37749216
0.865,-22.41941354
0.866,-22.41815932
0.867,-22.46886139
0.868,-22.44325025
0.869,-22.49815748
0.87,-22.49915003
0.871,-22.5578534
0.872,-22.56136717
0.873,-22.57460281
0.874,-22.61185739
0.875,-22.62887123
0.876,-22.64076785
0.877,-22.69227654
0.878,-22.71578156
0.879,-22.71545694
0.88,-22.72825709
0.881,-22.80265793
0.882,-22.82193411
0.883,-22.87498095
0.884,-22.87517959
0.885,-22.90337845
0.886,-22.94334636
0.887,-22.95880803
0.888,-22.96678923
0.889,-22.99539383
0.89,-23.02539121
0.891,-23.07997883
0.892,-23.10564437
0.893,-23.15829882
0.894,-23.19055344
0.895,-23.20918041
0.896,-23.1845282
0.897,-23.23104417
0.898,-23.24302215
0.899,-23.27161622
0.9,-23.29112893
0.901,-23.36056546
0.902,-23.3957505
0.903,-23.42040783
0.904,-23.41059003
0.905,-23.41507148
0.906,-23.41660654
0.907,-23.47589213
0.908,-23.46271005
0.909,-23.4955317
0.91,-23.52449937
0.911,-23.56096967
0.912,-23.59116231
0.913,-23.57012747
0.914,-23.62598327
0.915,-23.59623667
0.916,-23.63981925
0.917,-23.62077043
0.918,-23.65604194
0.919,-23.64080309
0.92,-23.66307804
0.921,-23.6847845
0.922,-23.71105172
0.923,-23.70901215
0.924,-23.73460082
0.925,-23.72744264
0.926,-23.75751926
0.927,-23.71135508
0.928,-23.73595801
0.929,-23.69818426
0.93,-23.72013198
0.931,-23.7706618
0.932,-23.79295715
0.933,-23.7796927
0.934,-23.79449464
0.935,-23.79395521
0.936,-23.79309874
0.937,-23.75556218
0.938,-23.72949445
0.939,-23.71111734
0.94,-23.75118721
0.941,-23.74617037
0.942,-23.77801108
0.943,-23.76362487
0.944,-23.78569812
0.945,-23.78910573
0.946,-23.76768704
0.947,-23.70255784
0.948,-23.69579742
0.949,-23.69764922
0.95,-23.70281831
0.951,-23.71748587
0.952,-23.7457369
0.953,-23.72925605
0.954,-23.69036567
0.955,-23.69306374
0.956,-23.70121033
0.957,-23.65112737
0.958,-23.63029079
0.959,-23.61979316
0.96,-23.60556952
0.961,-23.63145763
0.962,-23.63580044
0.963,-23.59812099
0.964,-23.64146522
0.965,-23.61577203
0.966,-23.61723176
0.967,-23.56182435
0.968,-23.54244434
0.969,-23.51881467
0.97,-23.49757621
0.971,-23.4982135
0.972,-23.51086171
0.973,-23.54349024
0.974,-23.50258317
0.975,-23.53623979
0.976,-23.49523639
0.977,-23.4775634
0.978,-23.41091867
0.979,-23.39781174
0.98,-23.38901586
0.981,-23.38647133
0.982,-23.37754878
0.983,-23.45554978
0.984,-23.42419591
0.985,-23.43115731
0.986,-23.39956164
0.987,-23.48194353
0.988,-23.31324041
0.989,-23.33507418
0.99,-23.28167666
0.991,-23.29370307
0.992,-23.31155076
0.993,-23.32563294
0.994,-23.34335754
0.995,-23.33237723
0.996,-23.31868246
0.997,-23.31094969
0.998,-23.26941083
0.999,-23.24718786
1,-23.21506797
1.001,-23.24172583
1.002,-23.2148818
1.003,-23.26187104
1.004,-23.27079921
1.005,-23.26113225
1.006,-23.26348181
1.007,-23.26581632
1.008,-23.26296461
1.009,-23.19741981
1.01,-23.20891187
1.011,-23.17832451
1.012,-23.15240213
1.013,-23.19779923
1.014,-23.22897026
1.015,-23.25636876
1.016,-23.23829457
1.017,-23.25915042
1.018,-23.25116244
1.019,-23.24142213
1.02,-23.15852825
1.021,-23.14682585
1.022,-23.17698338
1.023,-23.19837174
1.024,-23.23960444
1.025,-23.2839573
1.026,-23.2798117
1.027,-23.28011894
1.028,-23.26221564
1.029,-23.24346903
1.03,-23.21759066
1.031,-23.19801539
1.032,-23.23092669
1.033,-23.21951451
1.034,-23.3030784
1.035,-23.30845136
1.036,-23.30915508
1.037,-23.31130712
1.038,-23.35080182
1.039,-23.31936479
1.04,-23.31618995
1.041,-23.28765524
1.042,-23.28452568
1.043,-23.320469
1.044,-23.34099431
1.045,-23.36674209
1.046,-23.42212358
1.047,-23.42654468
1.048,-23.463491
1.049,-23.43590505
1.05,-23.46431857
1.051,-23.43989623
1.052,-23.41562494
1.053,-23.44266718
1.054,-23.45175236
1.055,-23.50935661
1.056,-23.58044247
1.057,-23.58584787
1.058,-23.63252996
1.059,-23.6420201
1.06,-23.75640023
1.061,-23.58271858
1.062,-23.6205945
1.063,-23.61016297
1.064,-23.6599193
1.065,-23.71205202
1.066,-23.77198005
1.067,-23.82519774
1.068,-23.84723162
1.069,-23.86774776
1.07,-23.85908639
1.071,-23.83934347
1.072,-23.85351721
1.073,-23.8739993
1.074,-23.92152089
1.075,-23.97655615
1.076,-24.06978186
1.077,-24.10593017
1.078,-24.11924366
1.079,-24.13773164
1.08,-24.16592508
1.081,-24.18936663
1.082,-24.18559032
1.083,-24.21242847
1.084,-24.27155597
1.085,-24.3043706
1.086,-24.39202594
1.087,-24.41165542
1.088,-24.47464546
1.089,-24.53629115
1.09,-24.52507301
1.091,-24.56798378
1.092,-24.55430611
1.093,-24.61562303
1.094,-24.63203825
1.095,-24.72306769
1.096,-24.79658695
1.097,-24.86802242
1.098,-24.89539534
1.099,-24.95283203
1.1,-24.96430303
1.101,-24.99612423
1.102,-25.00473037
1.103,-25.04778227
1.104,-25.07324606
1.105,-25.22244868
1.106,-25.26861716
1.107,-25.3325335
1.108,-25.40614187
1.109,-25.43902764
1.11,-25.42898622
1.111,-25.45622265
1.112,-25.49517636
1.113,-25.5721725
1.114,-25.64077379
1.115,-25.75087655
1.116,-25.80732217
1.117,-25.89505564
1.118,-25.92309693
1.119,-25.90817633
1.12,-25.9446133
1.121,-25.98262648
1.122,-26.0915464
1.123,-26.15774631
1.124,-26.26895547
1.125,-26.3210307
1.126,-26.41380865
1.127,-26.42422551
1.128,-26.44459929
1.129,-26.46879535
1.13,-26.53116165
1.131,-26.61821838
1.132,-26.73377877
1.133,-26.81351597
1.134,-26.89145745
1.135,-26.9021349
1.136,-26.98757675
1.137,-26.99465918
1.138,-27.03537765
1.139,-27.08747755
1.14,-27.19365133
1.141,-27.29800666
1.142,-27.38907094
1.143,-27.44242374
1.144,-27.4727447
1.145,-27.50701069
1.146,-27.55899574
1.147,-27.61069485
1.148,-27.69888262
1.149,-27.83817649
1.15,-27.88941068
1.151,-27.96284762
1.152,-27.99640604
1.153,-28.15996953
1.154,-28.06471918
1.155,-28.14209113
1.156,-28.20661375
1.157,-28.33644254
1.158,-28.46035741
1.159,-28.47220288
1.16,-28.55529726
1.161,-28.56831662
1.162,-28.60080818
1.163,-28.65919758
1.164,-28.7587874
1.165,-28.84323825
1.166,-28.98344182
1.167,-29.02901088
1.168,-29.07775637
1.169,-29.11519675
1.17,-29.14076466
1.171,-29.20746713
1.172,-29.31204648
1.173,-29.40296534
1.174,-29.52487792
1.175,-29.56516552
1.176,-29.56301998
1.177,-29.64678893
1.178,-29.70903808
1.179,-29.76665552
1.18,-29.88992394
1.181,-29.97628493
1.182,-30.04242457
1.183,-30.132525
1.184,-30.09019241
1.185,-30.16238694
1.186,-30.21194075
1.187,-30.30915123
1.188,-30.42704031
1.189,-30.51366548
1.19,-30.63633413
1.191,-30.64754027
1.192,-30.66604996
1.193,-30.72346819
1.194,-30.7809555
1.195,-30.88774249
1.196,-30.98550524
1.197,-31.05200058
1.198,-31.12589575
1.199,-31.16163299
1.2,-31.21650936
1.201,-31.27343723
1.202,-31.39378849
1.203,-31.47390947
1.204,-31.54367783
1.205,-31.620847
1.206,-31.64991799
1.207,-31.69613265
1.208,-31.75199052
1.209,-31.87195815
1.21,-31.9726501
1.211,-32.03660593
1.212,-32.07409227
1.213,-32.14931399
1.214,-32.20565881
1.215,-32.26830497
1.216,-32.36420049
1.217,-32.4737207
1.218,-32.55791308
1.219,-32.55934714
1.22,-32.63328695
1.221,-32.68660525
1.222,-32.79566375
1.223,-32.88178299
1.224,-32.9552317
1.225,-32.99543344
1.226,-33.04800272
1.227,-33.11563597
1.228,-33.20759517
1.229,-33.31753843
1.23,-33.41026141
1.231,-33.49204317
1.232,-33.5283885
1.233,-33.53762059
1.234,-33.60502106
1.235,-33.6962224
1.236,-33.80381884
1.237,-33.92125996
1.238,-33.98943594
1.239,-34.03071392
1.24,-34.05262504
1.241,-34.14021587
1.242,-34.25087302
1.243,-34.34807226
1.244,-34.411444
1.245,-34.46973295
1.246,-34.56876854
1.247,-34.59113035
1.248,-34.66991579
1.249,-34.78488915
1.25,-34.84989223
