#Exudyn implicit second order time integration sensor output file
#measure Object number = 245
#OutputVariableType = Force
#simulation started = 2022-04-08,01:11:53
#columns contain: time, comma separated sensor values (e.g, x,y,z position coordinates)
#number of sensor values = 1
#Exudyn version = 1.2.34.dev1; Python3.9.11; Windows AVX2 FLOAT64
#
0,0
0.001,-0.01352183563
0.002,0.004177689034
0.003,0.02360134005
0.004,-0.01786041493
0.005,-0.006618089891
0.006,0.002025905815
0.007,0.0001969909067
0.008,0.0003632725876
0.009,0.006306090677
0.01,0.004367557585
0.011,-0.004118928773
0.012,-0.004671924477
0.013,-0.001307712123
0.014,0.0002832671114
0.015,0.002163521706
0.016,0.003645843853
0.017,0.00160098883
0.018,-0.0020110952
0.019,-0.003030361416
0.02,-0.001621808082
0.021,0.0001761287642
0.022,0.001772161686
0.023,0.002214684639
0.024,0.0007223503055
0.025,-0.001319154921
0.026,-0.002106972115
0.027,-0.001374274637
0.028,2.104330578e-05
0.029,0.001291159427
0.03,0.001315468288
0.031,0.0002581450556
0.032,-0.0009877884516
0.033,-0.001529774029
0.034,-0.001044618223
0.035,-1.171777644e-05
0.036,0.0007385837507
0.037,0.0007305594251
0.038,6.453489139e-05
0.039,-0.0008555897198
0.04,-0.001245230729
0.041,-0.0008490824763
0.042,-0.0001086822531
0.043,0.0003789262968
0.044,0.0003474417618
0.045,-0.0001315876985
0.046,-0.0007267605421
0.047,-0.001010691187
0.048,-0.0006994987473
0.049,-0.0002263814817
0.05,0.0001152196586
0.051,-0.08905462022
0.052,-0.125377626
0.053,-0.1613259256
0.054,-0.1969501737
0.055,-0.2325252837
0.056,-0.2726241409
0.057,-0.3330601255
0.058,-0.4206259678
0.059,-0.5219839263
0.06,-0.6258662237
0.061,-0.7294336454
0.062,-0.834292464
0.063,-0.9470023828
0.064,-1.076071871
0.065,-1.223487269
0.066,-1.382463289
0.067,-1.545050044
0.068,-1.708000889
0.069,-1.872890972
0.07,-2.044945722
0.071,-2.229433415
0.072,-2.424695783
0.073,-2.629566789
0.074,-2.836625821
0.075,-3.044591532
0.076,-3.255997347
0.077,-3.470643142
0.078,-3.693603681
0.079,-3.923505323
0.08,-4.159071848
0.081,-4.3948112
0.082,-4.632248162
0.083,-4.869201069
0.084,-5.108201467
0.085,-5.350946199
0.086,-5.596744557
0.087,-5.842059729
0.088,-6.089045348
0.089,-6.334857145
0.09,-6.576905874
0.091,-6.821687704
0.092,-7.062151446
0.093,-7.304068403
0.094,-7.543730863
0.095,-7.778789093
0.096,-8.013710356
0.097,-8.24397066
0.098,-8.468812941
0.099,-8.691567825
0.1,-8.909639944
0.101,-9.124462636
0.102,-9.333453874
0.103,-9.539683493
0.104,-9.737022297
0.105,-9.933110392
0.106,-10.11950582
0.107,-10.30508174
0.108,-10.48313854
0.109,-10.65669802
0.11,-10.82223674
0.111,-10.98440051
0.112,-11.13679546
0.113,-11.28378965
0.114,-11.42576376
0.115,-11.5599287
0.116,-11.68804999
0.117,-11.81166579
0.118,-11.92798657
0.119,-12.03721284
0.12,-12.13651207
0.121,-12.23182805
0.122,-12.31852642
0.123,-12.40112743
0.124,-12.47402644
0.125,-12.54172431
0.126,-12.60017916
0.127,-12.65440303
0.128,-12.70265035
0.129,-12.74220508
0.13,-12.77378692
0.131,-12.80101466
0.132,-12.82055877
0.133,-12.83618866
0.134,-12.8443294
0.135,-12.84572443
0.136,-12.83922378
0.137,-12.82806504
0.138,-12.81017467
0.139,-12.78938183
0.14,-12.76185466
0.141,-12.72929623
0.142,-12.69131836
0.143,-12.64864863
0.144,-12.59733282
0.145,-12.54267376
0.146,-12.48566724
0.147,-12.42622519
0.148,-12.36071539
0.149,-12.29271348
0.15,-12.21771002
0.151,-12.14238531
0.152,-12.05908535
0.153,-11.98032095
0.154,-11.89605261
0.155,-11.80738925
0.156,-11.71736128
0.157,-11.62531393
0.158,-11.52793439
0.159,-11.43590016
0.16,-11.34163099
0.161,-11.24598067
0.162,-11.14767847
0.163,-11.05009046
0.164,-10.95101455
0.165,-10.85517543
0.166,-10.75730219
0.167,-10.66112099
0.168,-10.56471714
0.169,-10.47280683
0.17,-10.38240771
0.171,-10.28973559
0.172,-10.19844279
0.173,-10.11072897
0.174,-10.02490195
0.175,-9.944734599
0.176,-9.865715727
0.177,-9.79127178
0.178,-9.71454628
0.179,-9.647490803
0.18,-9.578204472
0.181,-9.516942892
0.182,-9.455456416
0.183,-9.400833633
0.184,-9.349809471
0.185,-9.300995315
0.186,-9.258319166
0.187,-9.218237499
0.188,-9.189911781
0.189,-9.156591565
0.19,-9.130085004
0.191,-9.113248197
0.192,-9.100349225
0.193,-9.088969063
0.194,-9.084750179
0.195,-9.084792501
0.196,-9.091202141
0.197,-9.102647536
0.198,-9.11514653
0.199,-9.137856519
0.2,-9.160923561
0.201,-9.198607847
0.202,-9.230417326
0.203,-9.273735846
0.204,-9.322618015
0.205,-9.37487009
0.206,-9.427777928
0.207,-9.487530135
0.208,-9.558044189
0.209,-9.6293505
0.21,-9.703298916
0.211,-9.782649325
0.212,-9.867327932
0.213,-9.953197927
0.214,-10.04731684
0.215,-10.14411836
0.216,-10.24318631
0.217,-10.34244043
0.218,-10.45612162
0.219,-10.56434474
0.22,-10.67937932
0.221,-10.7901994
0.222,-10.91436878
0.223,-11.04023598
0.224,-11.16494729
0.225,-11.28975099
0.226,-11.42051951
0.227,-11.55079828
0.228,-11.68022694
0.229,-11.81459975
0.23,-11.95419491
0.231,-12.09242342
0.232,-12.2311922
0.233,-12.37208151
0.234,-12.51039115
0.235,-12.64614075
0.236,-12.78864145
0.237,-12.92978636
0.238,-13.06666556
0.239,-13.20983653
0.24,-13.35944856
0.241,-13.5027215
0.242,-13.63075249
0.243,-13.76953074
0.244,-13.91138799
0.245,-14.04038318
0.246,-14.18500009
0.247,-14.31402265
0.248,-14.44859642
0.249,-14.57840494
0.25,-14.70419805
0.251,-14.83207005
0.252,-14.95277099
0.253,-15.07464839
0.254,-15.1944343
0.255,-15.31677799
0.256,-15.42429515
0.257,-15.54101611
0.258,-15.6500949
0.259,-15.7536692
0.26,-15.85167167
0.261,-15.95548725
0.262,-16.05649705
0.263,-16.14897153
0.264,-16.23584469
0.265,-16.3321236
0.266,-16.42174233
0.267,-16.49893511
0.268,-16.57065182
0.269,-16.64087713
0.27,-16.71747011
0.271,-16.78722404
0.272,-16.85846796
0.273,-16.9116937
0.274,-16.96191546
0.275,-17.03031619
0.276,-17.0747377
0.277,-17.12151158
0.278,-17.16516326
0.279,-17.20810174
0.28,-17.24574965
0.281,-17.28256147
0.282,-17.3087381
0.283,-17.33794371
0.284,-17.36986916
0.285,-17.38489916
0.286,-17.40451015
0.287,-17.41496228
0.288,-17.43820775
0.289,-17.44589564
0.29,-17.4511179
0.291,-17.45034113
0.292,-17.47418382
0.293,-17.46057455
0.294,-17.45161678
0.295,-17.46349109
0.296,-17.44882246
0.297,-17.44947634
0.298,-17.44146675
0.299,-17.41242725
0.3,-17.41737779
0.301,-17.39337655
0.302,-17.37542277
0.303,-17.36825721
0.304,-17.34766914
0.305,-17.32871074
0.306,-17.30430093
0.307,-17.27815768
0.308,-17.2666597
0.309,-17.23883746
0.31,-17.21520325
0.311,-17.19910731
0.312,-17.16673972
0.313,-17.14882702
0.314,-17.11487345
0.315,-17.0996246
0.316,-17.06633129
0.317,-17.04356451
0.318,-17.03533788
0.319,-17.00531248
0.32,-16.96967076
0.321,-16.95488837
0.322,-16.94666568
0.323,-16.92723936
0.324,-16.90391449
0.325,-16.88067375
0.326,-16.86802194
0.327,-16.86567672
0.328,-16.82702947
0.329,-16.83621358
0.33,-16.81252922
0.331,-16.81176543
0.332,-16.80097221
0.333,-16.79466694
0.334,-16.78960689
0.335,-16.79647218
0.336,-16.81126253
0.337,-16.79143844
0.338,-16.81387415
0.339,-16.80351645
0.34,-16.81226742
0.341,-16.81183799
0.342,-16.83673869
0.343,-16.84977087
0.344,-16.8744805
0.345,-16.91510874
0.346,-16.91334622
0.347,-16.9449087
0.348,-16.9680741
0.349,-16.99538835
0.35,-17.02273703
0.351,-17.06698778
0.352,-17.09462585
0.353,-17.1458196
0.354,-17.18387401
0.355,-17.21721712
0.356,-17.28118215
0.357,-17.29563753
0.358,-17.37528521
0.359,-17.40999591
0.36,-17.45776272
0.361,-17.53841944
0.362,-17.58331694
0.363,-17.64773784
0.364,-17.71081579
0.365,-17.77865452
0.366,-17.81830338
0.367,-17.89790909
0.368,-17.96859149
0.369,-18.04269848
0.37,-18.09995907
0.371,-18.19317503
0.372,-18.25472556
0.373,-18.33028814
0.374,-18.41630587
0.375,-18.48450474
0.376,-18.57108129
0.377,-18.65690811
0.378,-18.72902519
0.379,-18.83887573
0.38,-18.89673214
0.381,-18.99506556
0.382,-19.07033754
0.383,-19.16614405
0.384,-19.23265258
0.385,-19.34568697
0.386,-19.41175322
0.387,-19.51977127
0.388,-19.5987098
0.389,-19.67756226
0.39,-19.76756959
0.391,-19.87506708
0.392,-19.92399023
0.393,-20.04105471
0.394,-20.10752018
0.395,-20.21677548
0.396,-20.27025037
0.397,-20.39210282
0.398,-20.42556396
0.399,-20.56026681
0.4,-20.60343093
0.401,-20.7236611
0.402,-20.77116609
0.403,-20.88197741
0.404,-20.96382082
0.405,-21.03074328
0.406,-21.10811915
0.407,-21.17576123
0.408,-21.26066279
0.409,-21.33581396
0.41,-21.41782568
0.411,-21.47125749
0.412,-21.57190907
0.413,-21.62507964
0.414,-21.6838029
0.415,-21.77528027
0.416,-21.80960059
0.417,-21.88495193
0.418,-21.94022678
0.419,-22.00598075
0.42,-22.07095778
0.421,-22.1339125
0.422,-22.17839504
0.423,-22.24648177
0.424,-22.2772403
0.425,-22.36250161
0.426,-22.37595103
0.427,-22.46484895
0.428,-22.47084404
0.429,-22.57782774
0.43,-22.57208704
0.431,-22.64938115
0.432,-22.6519576
0.433,-22.71364231
0.434,-22.74350422
0.435,-22.77654108
0.436,-22.83678872
0.437,-22.8722797
0.438,-22.89063373
0.439,-22.93535305
0.44,-22.94590741
0.441,-22.96860089
0.442,-23.00661994
0.443,-23.02011065
0.444,-23.07360393
0.445,-23.09327107
0.446,-23.12616296
0.447,-23.13081315
0.448,-23.14898891
0.449,-23.18347518
0.45,-23.20381021
0.451,-23.22412722
0.452,-23.2277997
0.453,-23.27871828
0.454,-23.27057714
0.455,-23.29980807
0.456,-23.28620847
0.457,-23.32821334
0.458,-23.32739643
0.459,-23.34513965
0.46,-23.37402333
0.461,-23.38587069
0.462,-23.37973455
0.463,-23.42465799
0.464,-23.4152548
0.465,-23.41464495
0.466,-23.44834048
0.467,-23.45681705
0.468,-23.4510257
0.469,-23.5058118
0.47,-23.49998183
0.471,-23.48727452
0.472,-23.53892579
0.473,-23.52019942
0.474,-23.57022748
0.475,-23.53732434
0.476,-23.59652652
0.477,-23.57533011
0.478,-23.62386031
0.479,-23.62896514
0.48,-23.64391397
0.481,-23.65531257
0.482,-23.67896721
0.483,-23.67704651
0.484,-23.71295495
0.485,-23.71173617
0.486,-23.75904515
0.487,-23.7752172
0.488,-23.81644931
0.489,-23.77814427
0.49,-23.88038533
0.491,-23.83253448
0.492,-23.87073251
0.493,-23.9097393
0.494,-23.91907556
0.495,-23.95700166
0.496,-24.00279442
0.497,-24.00363562
0.498,-24.03640623
0.499,-24.08736291
0.5,-24.07447467
0.501,-24.10502667
0.502,-24.08859619
0.503,-24.1550978
0.504,-24.1416734
0.505,-24.20515071
0.506,-24.24522141
0.507,-24.27346445
0.508,-24.27588688
0.509,-24.34396665
0.51,-24.33409085
0.511,-24.33106855
0.512,-24.36287207
0.513,-24.38291627
0.514,-24.44765737
0.515,-24.48115075
0.516,-24.51513834
0.517,-24.61092442
0.518,-24.59076207
0.519,-24.64720073
0.52,-24.66072938
0.521,-24.70201532
0.522,-24.71056063
0.523,-24.77685554
0.524,-24.77329442
0.525,-24.76614408
0.526,-24.79097225
0.527,-24.80896813
0.528,-24.89726097
0.529,-24.92575941
0.53,-24.94280623
0.531,-24.97712627
0.532,-25.02321133
0.533,-25.03679874
0.534,-25.04016616
0.535,-25.07827133
0.536,-25.16354366
0.537,-25.21180055
0.538,-25.25962886
0.539,-25.27569837
0.54,-25.34081353
0.541,-25.37319269
0.542,-25.39607635
0.543,-25.48118676
0.544,-25.5211507
0.545,-25.56032967
0.546,-25.59037052
0.547,-25.61107059
0.548,-25.65417612
0.549,-25.71646175
0.55,-25.74103674
0.551,-25.7768426
0.552,-25.90877939
0.553,-25.90004757
0.554,-25.96670707
0.555,-26.0266927
0.556,-26.04225364
0.557,-26.10437125
0.558,-26.14173096
0.559,-26.23392557
0.56,-26.27690711
0.561,-26.33765206
0.562,-26.43073441
0.563,-26.4541978
0.564,-26.50749807
0.565,-26.57339522
0.566,-26.6166088
0.567,-26.70362295
0.568,-26.74602352
0.569,-26.83057412
0.57,-26.88223826
0.571,-26.93216035
0.572,-27.01345062
0.573,-27.06647825
0.574,-27.13423101
0.575,-27.1813753
0.576,-27.22490156
0.577,-27.34228172
0.578,-27.38906365
0.579,-27.45848471
0.58,-27.50521518
0.581,-27.59532577
0.582,-27.60375114
0.583,-27.66760427
0.584,-27.73145075
0.585,-27.80936531
0.586,-27.8834411
0.587,-27.91307922
0.588,-28.00144942
0.589,-28.03532388
0.59,-28.10016837
0.591,-28.13773534
0.592,-28.19203412
0.593,-28.25678275
0.594,-28.31195257
0.595,-28.33928447
0.596,-28.43294765
0.597,-28.47258406
0.598,-28.56005505
0.599,-28.55321629
0.6,-28.59850998
0.601,-28.57649388
0.602,-28.61253936
0.603,-28.63859128
0.604,-28.64962464
0.605,-28.64122847
0.606,-28.71191596
0.607,-28.6456472
0.608,-28.64946833
0.609,-28.68265646
0.61,-28.63136646
0.611,-28.59587356
0.612,-28.54147009
0.613,-28.51105674
0.614,-28.44661489
0.615,-28.38321297
0.616,-28.30534365
0.617,-28.2418275
0.618,-28.16781658
0.619,-28.06316442
0.62,-27.99507144
0.621,-27.92636785
0.622,-27.80871735
0.623,-27.69496182
0.624,-27.56079455
0.625,-27.4117537
0.626,-27.33201135
0.627,-27.20380943
0.628,-27.09354759
0.629,-26.93410682
0.63,-26.82461492
0.631,-26.67028733
0.632,-26.5303787
0.633,-26.34577637
0.634,-26.20670279
0.635,-26.05734534
0.636,-25.88587063
0.637,-25.7399502
0.638,-25.61047345
0.639,-25.40547033
0.64,-25.28858558
0.641,-25.07767727
0.642,-24.95294781
0.643,-24.76265828
0.644,-24.59255505
0.645,-24.43149818
0.646,-24.2736558
0.647,-24.09291933
0.648,-23.91301858
0.649,-23.77486697
0.65,-23.60285779
0.651,-23.42970654
0.652,-23.26712569
0.653,-23.09630865
0.654,-22.94975746
0.655,-22.790742
0.656,-22.63716669
0.657,-22.46604432
0.658,-22.34118989
0.659,-22.21415324
0.66,-22.05223498
0.661,-21.93550163
0.662,-21.81286765
0.663,-21.63403129
0.664,-21.49226767
0.665,-21.3842604
0.666,-21.26814787
0.667,-21.12206633
0.668,-21.03160528
0.669,-20.88171714
0.67,-20.86455016
0.671,-20.72402569
0.672,-20.61901782
0.673,-20.51596788
0.674,-20.4176075
0.675,-20.35636128
0.676,-20.27638405
0.677,-20.22915717
0.678,-20.15363912
0.679,-20.11293156
0.68,-20.0342887
0.681,-19.99282863
0.682,-19.93348195
0.683,-19.90441094
0.684,-19.88930297
0.685,-19.8585493
0.686,-19.85798531
0.687,-19.82454509
0.688,-19.81411249
0.689,-19.76460693
0.69,-19.78931517
0.691,-19.77849965
0.692,-19.79660298
0.693,-19.78846887
0.694,-19.83004407
0.695,-19.84789249
0.696,-19.89462366
0.697,-19.88332157
0.698,-19.9576217
0.699,-19.94778552
0.7,-20.03550939
0.701,-20.04242718
0.702,-20.1167589
0.703,-20.20000192
0.704,-20.24987999
0.705,-20.30027948
0.706,-20.37870394
0.707,-20.41551945
0.708,-20.51323322
0.709,-20.60737486
0.71,-20.67171912
0.711,-20.76663885
0.712,-20.88749867
0.713,-20.94316737
0.714,-21.03995144
0.715,-21.10353002
0.716,-21.20190091
0.717,-21.29042891
0.718,-21.41156763
0.719,-21.48142833
0.72,-21.61408207
0.721,-21.70678204
0.722,-21.81710904
0.723,-21.8955215
0.724,-21.98330151
0.725,-22.06187771
0.726,-22.20239363
0.727,-22.30128627
0.728,-22.44381667
0.729,-22.50877482
0.73,-22.6458061
0.731,-22.71633258
0.732,-22.81055272
0.733,-22.93042144
0.734,-23.02793334
0.735,-23.12201247
0.736,-23.25241515
0.737,-23.35432832
0.738,-23.41455238
0.739,-23.53448539
0.74,-23.58529422
0.741,-23.66332227
0.742,-23.79205509
0.743,-23.86674455
0.744,-23.95596532
0.745,-24.04605837
0.746,-24.13060395
0.747,-24.21482346
0.748,-24.25776297
0.749,-24.32558149
0.75,-24.41967291
0.751,-24.51589745
0.752,-24.5850639
0.753,-24.6323748
0.754,-24.70890667
0.755,-24.7625734
0.756,-24.80761349
0.757,-24.84236228
0.758,-24.91718847
0.759,-24.94316668
0.76,-24.98035195
0.761,-25.06980148
0.762,-25.0904419
0.763,-25.15527432
0.764,-25.17752943
0.765,-25.20025811
0.766,-25.23532915
0.767,-25.26069947
0.768,-25.24328848
0.769,-25.30033348
0.77,-25.34446902
0.771,-25.36479938
0.772,-25.37272921
0.773,-25.37959911
0.774,-25.3334561
0.775,-25.36645242
0.776,-25.36392493
0.777,-25.37088778
0.778,-25.37368398
0.779,-25.37356022
0.78,-25.36180628
0.781,-25.35909005
0.782,-25.34780126
0.783,-25.33637564
0.784,-25.29806008
0.785,-25.30998151
0.786,-25.25500254
0.787,-25.23469688
0.788,-25.19076795
0.789,-25.18624902
0.79,-25.13450055
0.791,-25.10113194
0.792,-25.11007086
0.793,-25.02884513
0.794,-25.00963467
0.795,-24.94389677
0.796,-24.93046167
0.797,-24.86732285
0.798,-24.82418746
0.799,-24.77040481
0.8,-24.76179102
0.801,-24.71229904
0.802,-24.63316706
0.803,-24.58029569
0.804,-24.55057039
0.805,-24.44213457
0.806,-24.4097495
0.807,-24.33035225
0.808,-24.29224938
0.809,-24.24662876
0.81,-24.20785885
0.811,-24.16500542
0.812,-24.1197736
0.813,-24.00489519
0.814,-23.96696254
0.815,-23.89193357
0.816,-23.85615768
0.817,-23.74991055
0.818,-23.72638815
0.819,-23.6880878
0.82,-23.66446324
0.821,-23.56464138
0.822,-23.49185608
0.823,-23.44283301
0.824,-23.35352846
0.825,-23.3588314
0.826,-23.27664066
0.827,-23.24670435
0.828,-23.17829453
0.829,-23.13267596
0.83,-23.05787547
0.831,-23.04638075
0.832,-22.96326826
0.833,-22.93582779
0.834,-22.92614823
0.835,-22.87187674
0.836,-22.80808483
0.837,-22.76156311
0.838,-22.68759543
0.839,-22.67913601
0.84,-22.63176255
0.841,-22.59933788
0.842,-22.59433552
0.843,-22.54805941
0.844,-22.54238065
0.845,-22.47787261
0.846,-22.45066719
0.847,-22.42435233
0.848,-22.39990211
0.849,-22.39001904
0.85,-22.38391407
0.851,-22.36064663
0.852,-22.33117044
0.853,-22.37185106
0.854,-22.28951708
0.855,-22.31462216
0.856,-22.28191014
0.857,-22.28163931
0.858,-22.27502541
0.859,-22.29301341
0.86,-22.2664163
0.861,-22.29229933
0.862,-22.25867929
0.863,-22.26733309
0.864,-22.26248708
0.865,-22.27722116
0.866,-22.26061383
0.867,-22.30217419
0.868,-22.30112048
0.869,-22.3590383
0.87,-22.33474164
0.871,-22.34575353
0.872,-22.34321636
0.873,-22.35007952
0.874,-22.38804477
0.875,-22.4139266
0.876,-22.41407953
0.877,-22.45590891
0.878,-22.50109388
0.879,-22.50155016
0.88,-22.47879141
0.881,-22.5180547
0.882,-22.54230113
0.883,-22.59370129
0.884,-22.58071971
0.885,-22.63886426
0.886,-22.66065558
0.887,-22.64510058
0.888,-22.69177688
0.889,-22.72316181
0.89,-22.744094
0.891,-22.78939531
0.892,-22.80351028
0.893,-22.83548598
0.894,-22.87989123
0.895,-22.90596606
0.896,-22.87987756
0.897,-22.9189944
0.898,-22.94561489
0.899,-23.01565844
0.9,-23.01705298
0.901,-23.05737124
0.902,-23.09220041
0.903,-23.13166673
0.904,-23.10959118
0.905,-23.14628481
0.906,-23.13422465
0.907,-23.16853572
0.908,-23.21340196
0.909,-23.26103501
0.91,-23.31359571
0.911,-23.31903964
0.912,-23.34683504
0.913,-23.34173332
0.914,-23.36710951
0.915,-23.36751438
0.916,-23.41429451
0.917,-23.38989249
0.918,-23.46241709
0.919,-23.50287707
0.92,-23.4963934
0.921,-23.4990979
0.922,-23.53464559
0.923,-23.54126691
0.924,-23.57883953
0.925,-23.56606783
0.926,-23.58342289
0.927,-23.59713376
0.928,-23.6415923
0.929,-23.64855208
0.93,-23.6632277
0.931,-23.67910073
0.932,-23.68877271
0.933,-23.71006758
0.934,-23.70693514
0.935,-23.7216981
0.936,-23.71639234
0.937,-23.72288557
0.938,-23.75273843
0.939,-23.74081157
0.94,-23.77259966
0.941,-23.759127
0.942,-23.78811422
0.943,-23.783261
0.944,-23.8077279
0.945,-23.8032726
0.946,-23.78708846
0.947,-23.76058564
0.948,-23.77429617
0.949,-23.81044591
0.95,-23.80550927
0.951,-23.81235078
0.952,-23.84621108
0.953,-23.82474263
0.954,-23.81720208
0.955,-23.76027331
0.956,-23.76403881
0.957,-23.75040529
0.958,-23.79505336
0.959,-23.78162979
0.96,-23.7890978
0.961,-23.81074475
0.962,-23.80318102
0.963,-23.7561415
0.964,-23.772166
0.965,-23.73585584
0.966,-23.70692834
0.967,-23.69456503
0.968,-23.73384489
0.969,-23.75009596
0.97,-23.72825757
0.971,-23.72119544
0.972,-23.6956576
0.973,-23.7066403
0.974,-23.65277811
0.975,-23.66872335
0.976,-23.6167988
0.977,-23.62990928
0.978,-23.61146222
0.979,-23.62811459
0.98,-23.62677901
0.981,-23.61833719
0.982,-23.59180024
0.983,-23.60974449
0.984,-23.56260738
0.985,-23.55216569
0.986,-23.51946767
0.987,-23.48848527
0.988,-23.49026455
0.989,-23.53048716
0.99,-23.49750214
0.991,-23.4904337
0.992,-23.49351992
0.993,-23.45961022
0.994,-23.47303936
0.995,-23.44107451
0.996,-23.38739162
0.997,-23.36681932
0.998,-23.34623773
0.999,-23.38207352
1,-23.39060113
1.001,-23.40690872
1.002,-23.38195624
1.003,-23.37826529
1.004,-23.33746069
1.005,-23.35178399
1.006,-23.28107784
1.007,-23.26114537
1.008,-23.26441576
1.009,-23.24102207
1.01,-23.29612519
1.011,-23.30577554
1.012,-23.2491814
1.013,-23.29296544
1.014,-23.24865126
1.015,-23.23845852
1.016,-23.19591618
1.017,-23.20095068
1.018,-23.16792574
1.019,-23.19211306
1.02,-23.18092313
1.021,-23.19482622
1.022,-23.20849174
1.023,-23.206859
1.024,-23.21861495
1.025,-23.20451258
1.026,-23.15288511
1.027,-23.15503331
1.028,-23.12628498
1.029,-23.11017802
1.03,-23.13213386
1.031,-23.15033951
1.032,-23.20051623
1.033,-23.18616078
1.034,-23.21599651
1.035,-23.19531369
1.036,-23.21592421
1.037,-23.12920459
1.038,-23.15713768
1.039,-23.12304196
1.04,-23.14012285
1.041,-23.18720599
1.042,-23.22780871
1.043,-23.26100662
1.044,-23.26014545
1.045,-23.22683053
1.046,-23.25541826
1.047,-23.25556872
1.048,-23.21970029
1.049,-23.22322578
1.05,-23.2252895
1.051,-23.25566232
1.052,-23.32923757
1.053,-23.345891
1.054,-23.34697966
1.055,-23.3764587
1.056,-23.38378837
1.057,-23.3698547
1.058,-23.40487914
1.059,-23.39011874
1.06,-23.40420938
1.061,-23.40079448
1.062,-23.49228484
1.063,-23.52262341
1.064,-23.54412297
1.065,-23.56968145
1.066,-23.61296512
1.067,-23.61513951
1.068,-23.63719275
1.069,-23.6308777
1.07,-23.62756656
1.071,-23.64653672
1.072,-23.73428916
1.073,-23.7820988
1.074,-23.85214668
1.075,-23.86282679
1.076,-23.92820461
1.077,-23.95321306
1.078,-23.97742442
1.079,-23.91733334
1.08,-23.9575381
1.081,-23.98615975
1.082,-24.0781383
1.083,-24.1594721
1.084,-24.2031453
1.085,-24.23725617
1.086,-24.29474954
1.087,-24.33184533
1.088,-24.30536986
1.089,-24.34136187
1.09,-24.34789585
1.091,-24.41728572
1.092,-24.5118078
1.093,-24.60212521
1.094,-24.60788345
1.095,-24.68415298
1.096,-24.71151619
1.097,-24.78355457
1.098,-24.74842899
1.099,-24.77972707
1.1,-24.83822255
1.101,-24.91541879
1.102,-25.01324905
1.103,-25.06576876
1.104,-25.09312654
1.105,-25.18646112
1.106,-25.21198859
1.107,-25.25208584
1.108,-25.27738505
1.109,-25.3169381
1.11,-25.39236616
1.111,-25.47280899
1.112,-25.53438157
1.113,-25.59773115
1.114,-25.67648511
1.115,-25.72975369
1.116,-25.75901101
1.117,-25.81142016
1.118,-25.83629111
1.119,-25.89987508
1.12,-25.97023193
1.121,-26.05257857
1.122,-26.14843671
1.123,-26.19527956
1.124,-26.28980635
1.125,-26.30258699
1.126,-26.36160525
1.127,-26.36503412
1.128,-26.45644972
1.129,-26.51110831
1.13,-26.61763513
1.131,-26.69746813
1.132,-26.77234278
1.133,-26.82762287
1.134,-26.87633536
1.135,-26.88257471
1.136,-26.947472
1.137,-27.01922387
1.138,-27.10955571
1.139,-27.17488115
1.14,-27.25629973
1.141,-27.34768578
1.142,-27.41801259
1.143,-27.41612972
1.144,-27.43969084
1.145,-27.52867374
1.146,-27.61510244
1.147,-27.69112908
1.148,-27.7757004
1.149,-27.87501128
1.15,-27.91845727
1.151,-27.96269643
1.152,-27.97121032
1.153,-28.03784058
1.154,-28.10783516
1.155,-28.23397481
1.156,-28.29484687
1.157,-28.38263524
1.158,-28.45332282
1.159,-28.45479195
1.16,-28.49607536
1.161,-28.56388221
1.162,-28.64909387
1.163,-28.76610148
1.164,-28.81641252
1.165,-28.89855491
1.166,-28.97462326
1.167,-29.01037311
1.168,-29.0212735
1.169,-29.08418423
1.17,-29.17404665
1.171,-29.2945407
1.172,-29.35911215
1.173,-29.41761566
1.174,-29.49618795
1.175,-29.50732777
1.176,-29.54468346
1.177,-29.63103177
1.178,-29.7189103
1.179,-29.80228198
1.18,-29.91709797
1.181,-29.94073979
1.182,-29.98284106
1.183,-30.04967685
1.184,-30.05476446
1.185,-30.18299207
1.186,-30.27576994
1.187,-30.3615204
1.188,-30.41459173
1.189,-30.4512306
1.19,-30.50590658
1.191,-30.56170738
1.192,-30.61417894
1.193,-30.73995724
1.194,-30.80526748
1.195,-30.89154371
1.196,-30.92515018
1.197,-30.98737007
1.198,-31.04165605
1.199,-31.10653144
1.2,-31.19725142
1.201,-31.27422862
1.202,-31.35561959
1.203,-31.40059349
1.204,-31.4423957
1.205,-31.49520446
1.206,-31.59496212
1.207,-31.68056478
1.208,-31.77850607
1.209,-31.84772059
1.21,-31.86595648
1.211,-31.89674861
1.212,-31.96462258
1.213,-32.06458716
1.214,-32.14176036
1.215,-32.27521286
1.216,-32.33413498
1.217,-32.3591109
1.218,-32.3965605
1.219,-32.44533671
1.22,-32.52879888
1.221,-32.6399231
1.222,-32.77254677
1.223,-32.82448187
1.224,-32.85194164
1.225,-32.89715064
1.226,-32.94574599
1.227,-33.04337509
1.228,-33.14175335
1.229,-33.22742715
1.23,-33.30110628
1.231,-33.32007658
1.232,-33.39263048
1.233,-33.48308916
1.234,-33.58984588
1.235,-33.66414794
1.236,-33.72065717
1.237,-33.7693464
1.238,-33.8187219
1.239,-33.89497352
1.24,-33.98625498
1.241,-34.10633722
1.242,-34.19448254
1.243,-34.21856329
1.244,-34.27918857
1.245,-34.32407446
1.246,-34.44606374
1.247,-34.50908062
1.248,-34.63399337
1.249,-34.67752929
1.25,-34.7098142
1.251,-34.79050653
1.252,-34.8617679
1.253,-34.9858091
1.254,-35.07687332
1.255,-35.13943178
1.256,-35.172965
1.257,-35.23111328
1.258,-35.30900607
1.259,-35.43819903
1.26,-35.51437801
1.261,-35.59239605
1.262,-35.63160728
1.263,-35.69137116
1.264,-35.77104278
1.265,-35.88563352
1.266,-36.0034556
1.267,-36.05257174
1.268,-36.08433996
1.269,-36.14648737
1.27,-36.23017765
1.271,-36.34048205
1.272,-36.46331701
1.273,-36.51813824
1.274,-36.52458861
1.275,-36.61430208
1.276,-36.72226105
1.277,-36.81895109
1.278,-36.90247766
1.279,-36.97170905
1.28,-37.00889239
1.281,-37.06349368
1.282,-37.21453313
1.283,-37.30378128
1.284,-37.42170123
1.285,-37.40081851
1.286,-37.4798436
1.287,-37.56621004
1.288,-37.67292675
1.289,-37.77317343
1.29,-37.83500277
1.291,-37.86163568
1.292,-37.94306169
1.293,-38.04021803
1.294,-38.13300237
1.295,-38.25142612
1.296,-38.2758984
1.297,-38.3105082
1.298,-38.40479321
1.299,-38.51766947
1.3,-38.62865718
1.301,-38.6965349
1.302,-38.72532177
1.303,-38.79377543
1.304,-38.89396367
1.305,-38.99152029
1.306,-39.06126636
1.307,-39.12918211
1.308,-39.1889978
1.309,-39.28640752
1.31,-39.38618001
1.311,-39.46879752
1.312,-39.49702632
1.313,-39.54247671
1.314,-39.63179445
1.315,-39.73183654
1.316,-39.84681251
1.317,-39.92916515
1.318,-39.93967564
1.319,-39.99800823
1.32,-40.10948173
1.321,-40.21930421
1.322,-40.29985065
1.323,-40.32527076
1.324,-40.35695872
1.325,-40.46807618
1.326,-40.55899526
1.327,-40.66151784
1.328,-40.70944355
1.329,-40.75412554
1.33,-40.84609078
1.331,-40.93994622
1.332,-41.00894096
1.333,-41.04337948
1.334,-41.10600321
1.335,-41.1956156
1.336,-41.30401615
1.337,-41.38908446
1.338,-41.41380154
1.339,-41.45436135
1.34,-41.55564028
1.341,-41.63132485
1.342,-41.71682233
1.343,-41.7653795
1.344,-41.81755081
1.345,-41.88907171
1.346,-41.99309525
1.347,-42.06822086
1.348,-42.08622449
1.349,-42.15150029
1.35,-42.211985
1.351,-42.29557974
1.352,-42.401315
1.353,-42.44226559
1.354,-42.49053954
1.355,-42.55013863
1.356,-42.65056148
1.357,-42.77453792
1.358,-42.73261055
1.359,-42.79710414
1.36,-42.88813402
1.361,-42.97042818
1.362,-43.02117644
1.363,-43.0486248
1.364,-43.09785178
1.365,-43.19439902
1.366,-43.29079188
1.367,-43.34154638
1.368,-43.36584811
1.369,-43.40113882
1.37,-43.49780573
1.371,-43.58189654
1.372,-43.6120238
1.373,-43.63139541
1.374,-43.69313529
1.375,-43.79890696
1.376,-43.87289158
1.377,-43.90338714
1.378,-43.91811154
1.379,-43.98144474
1.38,-44.08132363
1.381,-44.14528121
1.382,-44.15969176
1.383,-44.22019262
1.384,-44.29311628
1.385,-44.36417191
1.386,-44.37987028
1.387,-44.38512227
1.388,-44.48171627
1.389,-44.57604725
1.39,-44.62701488
1.391,-44.63924807
1.392,-44.68603836
1.393,-44.7571482
1.394,-44.81768856
1.395,-44.87514685
1.396,-44.88017385
1.397,-44.94238816
1.398,-44.99542607
1.399,-45.08016083
1.4,-45.11531858
1.401,-45.1071866
1.402,-45.1955383
1.403,-45.25696004
1.404,-45.31686937
1.405,-45.33361262
1.406,-45.35757323
1.407,-45.42255535
1.408,-45.47399443
1.409,-45.51128103
1.41,-45.54584415
1.411,-45.63248197
1.412,-45.68974035
1.413,-45.71870612
1.414,-45.73163027
1.415,-45.76461671
1.416,-45.8192587
1.417,-45.86154599
1.418,-45.90814759
1.419,-45.92894351
1.42,-46.01051558
1.421,-46.05752461
1.422,-46.10562874
1.423,-46.09013173
1.424,-46.12451436
1.425,-46.20558629
1.426,-46.26238893
1.427,-46.28307087
1.428,-46.28258022
1.429,-46.3572814
1.43,-46.40167693
1.431,-46.42761229
1.432,-46.46094207
1.433,-46.49960575
1.434,-46.54387852
1.435,-46.57534484
1.436,-46.59741982
1.437,-46.63730947
1.438,-46.69662877
1.439,-46.72183158
1.44,-46.73942079
1.441,-46.75304599
1.442,-46.79526243
1.443,-46.87191761
1.444,-46.90085518
1.445,-46.9162638
1.446,-46.95251188
1.447,-47.00387069
1.448,-47.02458915
1.449,-47.04195999
1.45,-47.04021543
1.451,-47.07614941
1.452,-47.13936436
1.453,-47.16154039
1.454,-47.17832223
1.455,-47.21554245
1.456,-47.25600729
1.457,-47.28221218
1.458,-47.28635761
1.459,-47.30320244
1.46,-47.33862308
1.461,-47.37722948
1.462,-47.40472144
1.463,-47.42521459
1.464,-47.46424465
1.465,-47.50291437
1.466,-47.49944352
1.467,-47.51204916
1.468,-47.51214154
1.469,-47.57310368
1.47,-47.61266906
1.471,-47.60114837
1.472,-47.6100863
1.473,-47.6621735
1.474,-47.6860257
1.475,-47.69687797
1.476,-47.69326507
1.477,-47.71366429
1.478,-47.78293266
1.479,-47.80003782
1.48,-47.78708094
1.481,-47.80170517
1.482,-47.81174143
1.483,-47.83551318
1.484,-47.83791141
1.485,-47.84851064
1.486,-47.88163166
1.487,-47.91260965
1.488,-47.90036621
1.489,-47.9155215
1.49,-47.93678646
1.491,-47.95560864
1.492,-47.94989612
1.493,-47.9408288
1.494,-47.95781629
1.495,-47.98825635
1.496,-48.00400728
1.497,-47.98896729
1.498,-48.02657796
1.499,-48.0283803
1.5,-48.04261739
1.501,-48.02084814
1.502,-48.02435811
1.503,-48.04018713
1.504,-48.07363761
1.505,-48.06567713
1.506,-48.03715914
1.507,-48.0648342
1.508,-48.08296655
1.509,-48.07465587
1.51,-48.05987659
1.511,-48.07011494
1.512,-48.0762556
1.513,-48.08012039
1.514,-48.03446839
1.515,-48.07536488
1.516,-48.09443553
1.517,-48.07514835
1.518,-48.05258948
1.519,-48.04505265
1.52,-48.08796347
1.521,-48.09400344
1.522,-48.06836655
1.523,-48.03529786
1.524,-48.05179659
1.525,-48.03301804
1.526,-48.0217533
1.527,-48.01225191
1.528,-48.00894358
1.529,-48.04075855
1.53,-48.04999989
1.531,-47.99936214
1.532,-47.96883973
1.533,-47.98095453
1.534,-47.98839299
1.535,-47.97177381
1.536,-47.94956274
1.537,-47.96713372
1.538,-47.97314551
1.539,-47.9422152
1.54,-47.90365045
1.541,-47.92236145
1.542,-47.93039949
1.543,-47.87675249
1.544,-47.873227
1.545,-47.87493516
1.546,-47.8859314
1.547,-47.87581797
1.548,-47.83236907
1.549,-47.8114799
1.55,-47.82764063
1.551,-47.79802796
1.552,-47.79252632
1.553,-47.78241295
1.554,-47.77517201
1.555,-47.7860821
1.556,-47.76506574
1.557,-47.72726716
1.558,-47.7161211
1.559,-47.73933403
1.56,-47.69194268
1.561,-47.67794869
1.562,-47.66846311
1.563,-47.6840364
1.564,-47.68799265
1.565,-47.67135343
1.566,-47.6298499
1.567,-47.6336163
1.568,-47.62019276
1.569,-47.56669104
1.57,-47.56032661
1.571,-47.58344742
1.572,-47.59693933
1.573,-47.59680817
1.574,-47.56610635
1.575,-47.52709788
1.576,-47.55400381
1.577,-47.52335638
1.578,-47.495794
1.579,-47.50709603
1.58,-47.50458494
1.581,-47.51342361
1.582,-47.50816571
1.583,-47.47035869
1.584,-47.45149316
1.585,-47.4725439
1.586,-47.46287336
1.587,-47.4295634
1.588,-47.43828186
1.589,-47.44144671
1.59,-47.44263289
1.591,-47.43508789
1.592,-47.41854974
1.593,-47.42546732
1.594,-47.43523001
1.595,-47.41106741
1.596,-47.39208278
1.597,-47.40985927
1.598,-47.40352862
1.599,-47.41280815
1.6,-47.40954217
1.601,-47.3916759
1.602,-47.39762406
1.603,-47.40431765
1.604,-47.35797222
1.605,-47.3672902
1.606,-47.41601114
1.607,-47.40615624
1.608,-47.41969872
1.609,-47.39821086
1.61,-47.39017559
1.611,-47.40156039
1.612,-47.4014969
1.613,-47.37504665
1.614,-47.4047027
1.615,-47.40962901
1.616,-47.41879287
1.617,-47.42925914
1.618,-47.41568924
1.619,-47.42833646
1.62,-47.44513401
1.621,-47.41431129
1.622,-47.39515549
1.623,-47.44531593
1.624,-47.47078855
1.625,-47.46122736
1.626,-47.45187125
1.627,-47.45187027
1.628,-47.48444368
1.629,-47.4883603
1.63,-47.45810006
1.631,-47.45800346
1.632,-47.53139983
1.633,-47.52057211
1.634,-47.49947611
1.635,-47.50896698
1.636,-47.52285792
1.637,-47.55327033
1.638,-47.55446781
1.639,-47.51680232
1.64,-47.53147488
1.641,-47.56961939
1.642,-47.55370869
1.643,-47.56768009
1.644,-47.57737674
1.645,-47.5919137
1.646,-47.62324693
1.647,-47.61304723
1.648,-47.5738726
1.649,-47.61765644
1.65,-47.6471487
1.651,-47.63497853
1.652,-47.63223506
1.653,-47.63455863
1.654,-47.67604927
1.655,-47.67664153
1.656,-47.64909054
1.657,-47.6426954
1.658,-47.69626244
1.659,-47.68787313
1.66,-47.68326537
1.661,-47.69902109
1.662,-47.70125013
1.663,-47.71491641
1.664,-47.73789453
1.665,-47.71803198
1.666,-47.71923758
1.667,-47.75257595
1.668,-47.74264884
1.669,-47.74812923
1.67,-47.73657792
1.671,-47.74765273
1.672,-47.76820816
1.673,-47.78832708
1.674,-47.75767041
1.675,-47.7858561
1.676,-47.78803996
1.677,-47.77528083
1.678,-47.78420295
1.679,-47.78606444
1.68,-47.79124523
1.681,-47.8060018
1.682,-47.80018342
1.683,-47.79669739
1.684,-47.82316792
1.685,-47.81314542
1.686,-47.79612249
1.687,-47.80662741
1.688,-47.81703412
1.689,-47.82761881
1.69,-47.84107209
1.691,-47.83276684
1.692,-47.8147576
1.693,-47.83235041
1.694,-47.8143099
1.695,-47.82358169
1.696,-47.82240409
1.697,-47.82013672
1.698,-47.83944676
1.699,-47.83254818
1.7,-47.81160701
1.701,-47.82662119
1.702,-47.83839476
1.703,-47.81461948
1.704,-47.82443632
1.705,-47.81540591
1.706,-47.81539894
1.707,-47.81934062
1.708,-47.81965684
1.709,-47.81242913
1.71,-47.83289051
1.711,-47.82365358
1.712,-47.79228108
1.713,-47.78329492
1.714,-47.78054561
1.715,-47.81104357
1.716,-47.81203334
1.717,-47.7912163
1.718,-47.78528401
1.719,-47.80052207
1.72,-47.78679928
1.721,-47.77072187
1.722,-47.77449053
1.723,-47.75880742
1.724,-47.76414377
1.725,-47.77466994
1.726,-47.76343102
1.727,-47.75611248
1.728,-47.75714252
1.729,-47.73097202
1.73,-47.74325214
1.731,-47.72282781
1.732,-47.73538378
1.733,-47.74876956
1.734,-47.73764091
1.735,-47.71315019
1.736,-47.72311278
1.737,-47.70473531
1.738,-47.68446656
1.739,-47.69184329
1.74,-47.7089759
1.741,-47.70536913
1.742,-47.70636729
1.743,-47.6837968
1.744,-47.68628734
1.745,-47.67947234
1.746,-47.65485395
1.747,-47.65536108
1.748,-47.66079799
1.749,-47.65508483
1.75,-47.65539501
1.751,-47.65583836
1.752,-47.67114958
1.753,-47.66381618
1.754,-47.63359412
1.755,-47.61281593
1.756,-47.61880199
1.757,-47.62145189
1.758,-47.60687005
1.759,-47.61490796
1.76,-47.62525326
1.761,-47.62575068
1.762,-47.6326148
1.763,-47.61463957
1.764,-47.58483268
1.765,-47.58512785
1.766,-47.58600486
1.767,-47.59006344
1.768,-47.58454723
1.769,-47.58967484
1.77,-47.59725604
1.771,-47.59260067
1.772,-47.56074169
1.773,-47.56452254
1.774,-47.58531591
1.775,-47.55554624
1.776,-47.56899056
1.777,-47.57502203
1.778,-47.57723841
1.779,-47.56584952
1.78,-47.55403615
1.781,-47.5578797
1.782,-47.56896567
1.783,-47.56527847
1.784,-47.54334996
1.785,-47.5644395
1.786,-47.55909739
1.787,-47.56668324
1.788,-47.55948972
1.789,-47.5516164
1.79,-47.54259607
1.791,-47.55538515
1.792,-47.5502095
1.793,-47.54882369
1.794,-47.56361341
1.795,-47.56010014
1.796,-47.55660881
1.797,-47.55882486
1.798,-47.55649386
1.799,-47.56365034
1.8,-47.56348078
1.801,-47.54775205
1.802,-47.53222437
1.803,-47.57096856
1.804,-47.57193149
1.805,-47.58547164
1.806,-47.57341895
1.807,-47.57602448
1.808,-47.57945745
1.809,-47.57182518
1.81,-47.55556336
1.811,-47.56720013
1.812,-47.59035655
1.813,-47.58230144
1.814,-47.59236475
1.815,-47.58830944
1.816,-47.5848067
1.817,-47.59534938
1.818,-47.60853033
1.819,-47.60184279
1.82,-47.60870703
1.821,-47.60691587
1.822,-47.60187148
1.823,-47.61358085
1.824,-47.60864962
1.825,-47.61641896
1.826,-47.61881816
1.827,-47.62636297
1.828,-47.62323393
1.829,-47.63626641
1.83,-47.63299721
1.831,-47.63798611
1.832,-47.63834351
1.833,-47.62419648
1.834,-47.6384744
1.835,-47.65751024
1.836,-47.64921845
1.837,-47.6498096
1.838,-47.66242896
1.839,-47.66210933
1.84,-47.66205766
1.841,-47.67373513
1.842,-47.67480277
1.843,-47.66546671
1.844,-47.66145606
1.845,-47.6605251
1.846,-47.67755803
1.847,-47.68429878
1.848,-47.69321583
1.849,-47.69854141
1.85,-47.70814328
1.851,-47.69747768
1.852,-47.69800487
1.853,-47.68727263
1.854,-47.68167915
1.855,-47.69716509
1.856,-47.7152492
1.857,-47.70721721
1.858,-47.70397696
1.859,-47.7173908
1.86,-47.73029627
1.861,-47.73024403
1.862,-47.70726285
1.863,-47.69858129
1.864,-47.73813331
1.865,-47.72368055
1.866,-47.70953352
1.867,-47.69666893
1.868,-47.7307755
1.869,-47.7409674
1.87,-47.72828201
1.871,-47.72102394
1.872,-47.73495265
1.873,-47.74137759
1.874,-47.72333411
1.875,-47.71529184
1.876,-47.71302919
1.877,-47.74774806
1.878,-47.74568743
1.879,-47.74029251
1.88,-47.71706901
1.881,-47.72455564
1.882,-47.74003799
1.883,-47.73189931
1.884,-47.71956064
1.885,-47.71975791
1.886,-47.75181657
1.887,-47.72873347
1.888,-47.70455835
1.889,-47.70957784
1.89,-47.74366382
1.891,-47.73596532
1.892,-47.71001819
1.893,-47.72354196
1.894,-47.73743855
1.895,-47.73627
1.896,-47.72211486
1.897,-47.70371609
1.898,-47.70852601
1.899,-47.71212991
1.9,-47.69638805
1.901,-47.70519318
1.902,-47.71492917
1.903,-47.72678333
1.904,-47.72292647
1.905,-47.70786407
1.906,-47.70340877
1.907,-47.7164318
1.908,-47.70407907
1.909,-47.68103987
1.91,-47.67742489
1.911,-47.69323234
1.912,-47.70217556
1.913,-47.70880249
1.914,-47.6941889
1.915,-47.70216774
1.916,-47.70537274
1.917,-47.68015154
1.918,-47.64913398
1.919,-47.66213329
1.92,-47.68827128
1.921,-47.6990472
1.922,-47.68002566
1.923,-47.67343006
1.924,-47.67396981
1.925,-47.68081872
1.926,-47.6611458
1.927,-47.65335633
1.928,-47.66589924
1.929,-47.66911001
1.93,-47.67264928
1.931,-47.66451708
1.932,-47.65159854
1.933,-47.65933022
1.934,-47.66757113
1.935,-47.64991819
1.936,-47.65015897
1.937,-47.65724119
1.938,-47.6555893
1.939,-47.65594654
1.94,-47.65038805
1.941,-47.62750633
1.942,-47.63654538
1.943,-47.64248371
1.944,-47.634143
1.945,-47.63747498
1.946,-47.6413662
1.947,-47.64889495
1.948,-47.65539303
1.949,-47.64118683
1.95,-47.6289208
1.951,-47.64123308
1.952,-47.63052808
1.953,-47.60770525
1.954,-47.61232924
1.955,-47.63004678
1.956,-47.63327851
1.957,-47.64789955
1.958,-47.6461384
1.959,-47.62829681
1.96,-47.61871575
1.961,-47.61677043
1.962,-47.61879218
1.963,-47.61150698
1.964,-47.61677116
1.965,-47.62324471
1.966,-47.63758133
1.967,-47.63300607
1.968,-47.62850972
1.969,-47.62532139
1.97,-47.6125788
1.971,-47.60313028
1.972,-47.62262833
1.973,-47.62375852
1.974,-47.6218171
1.975,-47.6204819
1.976,-47.62789325
1.977,-47.62797542
1.978,-47.6222145
1.979,-47.61638676
1.98,-47.62774938
1.981,-47.63298438
1.982,-47.61812867
1.983,-47.61175932
1.984,-47.62204985
1.985,-47.6301096
1.986,-47.62524797
1.987,-47.61450514
1.988,-47.62672942
1.989,-47.63695012
1.99,-47.61964422
1.991,-47.62757074
1.992,-47.62554798
1.993,-47.64405933
1.994,-47.64215864
1.995,-47.63385629
1.996,-47.60832802
1.997,-47.61501198
1.998,-47.63486238
1.999,-47.64310932
2,-47.63491138
2.001,-47.62501979
2.002,-47.65094966
2.003,-47.65786417
2.004,-47.63651887
2.005,-47.62826916
2.006,-47.63862782
2.007,-47.6362748
2.008,-47.62705257
2.009,-47.64453242
2.01,-47.65148253
2.011,-47.65733804
2.012,-47.64954703
2.013,-47.64098349
2.014,-47.63677343
2.015,-47.6522642
2.016,-47.64567594
2.017,-47.64567694
2.018,-47.65689599
2.019,-47.646413
2.02,-47.6599097
2.021,-47.66330925
2.022,-47.65681477
2.023,-47.66586616
2.024,-47.67060789
2.025,-47.65718796
2.026,-47.65300736
2.027,-47.66044346
2.028,-47.65148832
2.029,-47.67173206
2.03,-47.67615414
2.031,-47.66755754
2.032,-47.66898546
2.033,-47.67095112
2.034,-47.66533133
2.035,-47.68057586
2.036,-47.67691569
2.037,-47.67383678
2.038,-47.6733329
2.039,-47.68001494
2.04,-47.67685185
2.041,-47.67437943
2.042,-47.67262737
2.043,-47.67151652
2.044,-47.68756537
2.045,-47.68617619
2.046,-47.6894866
2.047,-47.70015874
2.048,-47.69341795
2.049,-47.67646325
2.05,-47.6786483
2.051,-47.67438948
2.052,-47.68761039
2.053,-47.68579204
2.054,-47.68489155
2.055,-47.6859334
2.056,-47.70473326
2.057,-47.69517101
2.058,-47.68248076
2.059,-47.6862309
2.06,-47.69703129
2.061,-47.69018837
2.062,-47.67524248
2.063,-47.67995888
2.064,-47.70370722
2.065,-47.70945911
2.066,-47.69585825
2.067,-47.69598609
2.068,-47.6871349
2.069,-47.68255329
2.07,-47.68249455
2.071,-47.6737251
2.072,-47.67652123
2.073,-47.68976408
2.074,-47.71047693
2.075,-47.69452066
2.076,-47.69096098
2.077,-47.68890531
2.078,-47.69692625
2.079,-47.67712392
2.08,-47.65850607
2.081,-47.68691652
2.082,-47.70515471
2.083,-47.7011535
2.084,-47.68558087
2.085,-47.67336107
2.086,-47.67751023
2.087,-47.68057801
2.088,-47.67525096
2.089,-47.68146451
2.09,-47.68946995
2.091,-47.68441289
2.092,-47.69445007
2.093,-47.68292597
2.094,-47.66986127
2.095,-47.66597382
2.096,-47.68027046
2.097,-47.67154967
2.098,-47.66294124
2.099,-47.66702693
2.1,-47.67813784
2.101,-47.6935242
2.102,-47.68207422
2.103,-47.66306899
2.104,-47.6699976
2.105,-47.66625634
2.106,-47.64813859
2.107,-47.6562546
2.108,-47.66885004
2.109,-47.67393746
2.11,-47.6732624
2.111,-47.67589192
2.112,-47.65516708
2.113,-47.66112613
2.114,-47.65349775
2.115,-47.65182416
2.116,-47.65000741
2.117,-47.65421282
2.118,-47.67043815
2.119,-47.689513
2.12,-47.65902825
2.121,-47.64673047
2.122,-47.65464718
2.123,-47.64727275
2.124,-47.63785409
2.125,-47.65321243
2.126,-47.65735413
2.127,-47.66136379
2.128,-47.65141737
2.129,-47.63870578
2.13,-47.64870328
2.131,-47.6537977
2.132,-47.64673469
2.133,-47.64878696
2.134,-47.65253924
2.135,-47.6546323
2.136,-47.65376974
2.137,-47.65146159
2.138,-47.64167003
2.139,-47.64891371
2.14,-47.63865874
2.141,-47.62801227
2.142,-47.6376179
2.143,-47.64868278
2.144,-47.64070028
2.145,-47.65088594
2.146,-47.65308162
2.147,-47.65054236
2.148,-47.65130175
2.149,-47.64022539
2.15,-47.62493606
2.151,-47.63971773
2.152,-47.64361586
2.153,-47.64611597
2.154,-47.6508971
2.155,-47.65325693
2.156,-47.65306475
2.157,-47.65040322
2.158,-47.62515798
2.159,-47.62891712
2.16,-47.644135
2.161,-47.65129484
2.162,-47.65383905
2.163,-47.65054593
2.164,-47.65300892
2.165,-47.64815827
2.166,-47.64177853
2.167,-47.63636399
2.168,-47.65016472
2.169,-47.65149858
2.17,-47.6434923
2.171,-47.63865329
2.172,-47.65025625
2.173,-47.65821789
2.174,-47.65111631
2.175,-47.64146025
2.176,-47.65318963
2.177,-47.65300806
2.178,-47.64973109
2.179,-47.64919725
2.18,-47.65632984
2.181,-47.64984479
2.182,-47.65256964
2.183,-47.6485266
2.184,-47.64573307
2.185,-47.64187362
2.186,-47.65446169
2.187,-47.64998877
2.188,-47.65095969
2.189,-47.65471831
2.19,-47.66940672
2.191,-47.67749969
2.192,-47.65226387
2.193,-47.64406416
2.194,-47.65101529
2.195,-47.64623831
2.196,-47.63847175
2.197,-47.65430156
2.198,-47.67192734
2.199,-47.67001747
2.2,-47.6668594
2.201,-47.65337287
2.202,-47.64749486
2.203,-47.65831817
2.204,-47.66122464
2.205,-47.6629647
2.206,-47.66168718
2.207,-47.65042619
2.208,-47.67183109
2.209,-47.67564797
2.21,-47.66507742
2.211,-47.65159978
2.212,-47.66708694
2.213,-47.66616576
2.214,-47.65798866
2.215,-47.6486546
2.216,-47.65948747
2.217,-47.68148867
2.218,-47.67631995
2.219,-47.65865179
2.22,-47.66593398
2.221,-47.68117519
2.222,-47.67061155
2.223,-47.66616911
2.224,-47.65287746
2.225,-47.66684695
2.226,-47.67455582
2.227,-47.67745192
2.228,-47.66184482
2.229,-47.65670627
2.23,-47.67203057
2.231,-47.67578328
2.232,-47.66367065
2.233,-47.66313453
2.234,-47.68300799
2.235,-47.70230133
2.236,-47.676621
2.237,-47.64725485
2.238,-47.65537328
2.239,-47.67135048
2.24,-47.66651229
2.241,-47.66151044
2.242,-47.66626809
2.243,-47.68453441
2.244,-47.68785398
2.245,-47.68222193
2.246,-47.66802251
2.247,-47.66937695
2.248,-47.66341869
2.249,-47.65998419
2.25,-47.66293777
2.251,-47.67055202
2.252,-47.68401072
2.253,-47.67822935
2.254,-47.6728899
2.255,-47.67315738
2.256,-47.67309365
2.257,-47.66779185
2.258,-47.65798762
2.259,-47.65883304
2.26,-47.6682098
2.261,-47.67390121
2.262,-47.67984009
2.263,-47.68509622
2.264,-47.67818625
2.265,-47.68039545
2.266,-47.66382233
2.267,-47.65466612
2.268,-47.6573996
2.269,-47.66406561
2.27,-47.67013484
2.271,-47.67549434
2.272,-47.67440712
2.273,-47.67025792
2.274,-47.66070972
2.275,-47.65962084
2.276,-47.66915848
2.277,-47.68090197
2.278,-47.67498003
2.279,-47.67067222
2.28,-47.66580144
2.281,-47.66885509
2.282,-47.66478047
2.283,-47.65333106
2.284,-47.65792642
2.285,-47.66212351
2.286,-47.67215046
2.287,-47.67143671
2.288,-47.68779754
2.289,-47.67948507
2.29,-47.66268735
2.291,-47.65140345
2.292,-47.66070728
2.293,-47.65593459
2.294,-47.65576903
2.295,-47.66183301
2.296,-47.66702062
2.297,-47.67035081
2.298,-47.66836701
2.299,-47.66992436
2.3,-47.66855488
2.301,-47.65641549
2.302,-47.64603678
2.303,-47.64684671
2.304,-47.65350397
2.305,-47.65693986
2.306,-47.6786519
2.307,-47.67886775
2.308,-47.6673271
2.309,-47.65904992
2.31,-47.65457666
2.311,-47.64609648
2.312,-47.63939805
2.313,-47.64849463
2.314,-47.6631673
2.315,-47.66381632
2.316,-47.65242562
2.317,-47.65427762
2.318,-47.6647887
2.319,-47.66009949
2.32,-47.65168503
2.321,-47.6560773
2.322,-47.6620349
2.323,-47.65589148
2.324,-47.6565214
2.325,-47.6498684
2.326,-47.6480502
2.327,-47.63939166
2.328,-47.6513311
2.329,-47.66122075
2.33,-47.66912345
2.331,-47.66115775
2.332,-47.65832786
2.333,-47.6616794
2.334,-47.65530842
2.335,-47.6459077
2.336,-47.64630969
2.337,-47.65350622
2.338,-47.65027161
2.339,-47.65257183
2.34,-47.65464998
2.341,-47.65807975
2.342,-47.66746905
2.343,-47.66653569
2.344,-47.65652412
2.345,-47.64039371
2.346,-47.63453334
2.347,-47.65005447
2.348,-47.65169086
2.349,-47.65503636
2.35,-47.66175423
2.351,-47.67703978
2.352,-47.66589806
2.353,-47.65349193
2.354,-47.64115738
2.355,-47.64926612
2.356,-47.64356544
2.357,-47.64627972
2.358,-47.64926565
2.359,-47.66170747
2.36,-47.67041678
2.361,-47.66628187
2.362,-47.65580476
2.363,-47.64942336
2.364,-47.65770554
2.365,-47.65714455
2.366,-47.66211121
2.367,-47.65071042
2.368,-47.64733417
2.369,-47.65107267
2.37,-47.65068341
2.371,-47.65985725
2.372,-47.66260083
2.373,-47.66226411
2.374,-47.67008257
2.375,-47.66432128
2.376,-47.65489367
2.377,-47.65431423
2.378,-47.66246828
2.379,-47.66377039
2.38,-47.65755685
2.381,-47.65111573
2.382,-47.65174921
2.383,-47.658367
2.384,-47.66733289
2.385,-47.66187355
2.386,-47.66717396
2.387,-47.67312584
2.388,-47.66538095
2.389,-47.65643517
2.39,-47.64774395
2.391,-47.65317029
2.392,-47.66457597
2.393,-47.67429931
2.394,-47.66481564
2.395,-47.66875551
2.396,-47.68218452
2.397,-47.6747764
2.398,-47.6592195
2.399,-47.64280156
2.4,-47.65142885
2.401,-47.66383953
2.402,-47.66282654
2.403,-47.66100954
2.404,-47.6801019
2.405,-47.67999641
2.406,-47.66938854
2.407,-47.66043076
2.408,-47.67302271
2.409,-47.67709653
2.41,-47.65551596
2.411,-47.6441565
2.412,-47.65534707
2.413,-47.66696972
2.414,-47.67483363
2.415,-47.67443829
2.416,-47.67498935
2.417,-47.66975493
2.418,-47.67519491
2.419,-47.65985929
2.42,-47.65542773
2.421,-47.65586619
2.422,-47.67343021
2.423,-47.67232683
2.424,-47.65887156
2.425,-47.657246
2.426,-47.66995163
2.427,-47.67550529
2.428,-47.65183113
2.429,-47.65806885
2.43,-47.67767486
2.431,-47.6860016
2.432,-47.66354817
2.433,-47.65761601
2.434,-47.65850229
2.435,-47.66828603
2.436,-47.66139084
2.437,-47.65499651
2.438,-47.67381671
2.439,-47.67940705
2.44,-47.67767581
2.441,-47.6640774
2.442,-47.65439497
2.443,-47.64793791
2.444,-47.66008701
2.445,-47.66670201
2.446,-47.66446837
2.447,-47.66297003
2.448,-47.66540039
2.449,-47.68072813
2.45,-47.67747734
