#Exudyn implicit second order time integration sensor output file
#measure Object number = 65
#OutputVariableType = Force
#simulation started = 2022-04-08,00:48:27
#columns contain: time, comma separated sensor values (e.g, x,y,z position coordinates)
#number of sensor values = 1
#Exudyn version = 1.2.34.dev1; Python3.9.11; Windows AVX2 FLOAT64
#
0,0
0.001,0.000994128426
0.002,0.001667725388
0.003,0.00175738534
0.004,-0.0011925118
0.005,0.0004620537789
0.006,0.0007536394422
0.007,0.0006547173288
0.008,0.001158205307
0.009,0.001356190914
0.01,0.0003933714334
0.011,3.498957345e-05
0.012,0.0004171803224
0.013,0.0006755623693
0.014,0.000928910952
0.015,0.001079878335
0.016,0.0008017861714
0.017,0.0003688759816
0.018,0.000314894542
0.019,0.0005243147126
0.02,0.0007645600645
0.021,0.000933473713
0.022,0.0008756876316
0.023,0.0006182186834
0.024,0.0004221907301
0.025,0.0004663136579
0.026,0.0006366061067
0.027,0.0008095773204
0.028,0.0008469769995
0.029,0.0007289142443
0.03,0.0005620371165
0.031,0.0004917652607
0.032,0.0005627533271
0.033,0.0007041789632
0.034,0.0007939697183
0.035,0.0007649092165
0.036,0.0006558961869
0.037,0.0005622690835
0.038,0.0005573575866
0.039,0.0006393843427
0.04,0.0007308860919
0.041,0.0007571678038
0.042,0.0007108022677
0.043,0.0006307180563
0.044,0.0005897273457
0.045,0.0006150368074
0.046,0.0006831578042
0.047,0.0007258353155
0.048,0.0007220949028
0.049,0.0006756842924
0.05,0.0006286860314
0.051,-0.09250455387
0.052,-0.1280617296
0.053,-0.1636268734
0.054,-0.1992457846
0.055,-0.2356188089
0.056,-0.281250628
0.057,-0.3533121799
0.058,-0.4488666904
0.059,-0.5522106958
0.06,-0.6562607198
0.061,-0.7608169483
0.062,-0.8709955198
0.063,-0.9963332908
0.064,-1.141306817
0.065,-1.299898624
0.066,-1.463345469
0.067,-1.62754859
0.068,-1.789016544
0.069,-1.963787416
0.07,-2.151977432
0.071,-2.352958187
0.072,-2.557667557
0.073,-2.762853398
0.074,-2.969584778
0.075,-3.18015263
0.076,-3.391463614
0.077,-3.616474178
0.078,-3.852160771
0.079,-4.090291404
0.08,-4.327844003
0.081,-4.558035291
0.082,-4.794828297
0.083,-5.034003378
0.084,-5.280556215
0.085,-5.528964174
0.086,-5.768315131
0.087,-6.011135348
0.088,-6.239987881
0.089,-6.480074271
0.09,-6.725966291
0.091,-6.973104579
0.092,-7.215659104
0.093,-7.452849565
0.094,-7.674855793
0.095,-7.89327731
0.096,-8.113153364
0.097,-8.341629245
0.098,-8.567049613
0.099,-8.792082933
0.1,-9.009622743
0.101,-9.206833207
0.102,-9.403031325
0.103,-9.597675809
0.104,-9.79063364
0.105,-9.978547256
0.106,-10.16578381
0.107,-10.35144346
0.108,-10.52226568
0.109,-10.68246891
0.11,-10.83518254
0.111,-10.9919111
0.112,-11.14320185
0.113,-11.29064638
0.114,-11.43210522
0.115,-11.55978155
0.116,-11.67831757
0.117,-11.79241612
0.118,-11.89844528
0.119,-12.00299486
0.12,-12.10722424
0.121,-12.20042604
0.122,-12.28950532
0.123,-12.37039625
0.124,-12.43834987
0.125,-12.50158866
0.126,-12.55900517
0.127,-12.61171417
0.128,-12.6595482
0.129,-12.69691143
0.13,-12.72684922
0.131,-12.74991723
0.132,-12.76318761
0.133,-12.77026888
0.134,-12.77325571
0.135,-12.77003901
0.136,-12.76011567
0.137,-12.74952801
0.138,-12.73140122
0.139,-12.70509498
0.14,-12.67166773
0.141,-12.63498022
0.142,-12.5960272
0.143,-12.55250243
0.144,-12.50604214
0.145,-12.45159455
0.146,-12.39239485
0.147,-12.3278131
0.148,-12.26299441
0.149,-12.19194778
0.15,-12.11926742
0.151,-12.04542381
0.152,-11.96446433
0.153,-11.87952848
0.154,-11.79437502
0.155,-11.70390399
0.156,-11.61207001
0.157,-11.51971212
0.158,-11.42416989
0.159,-11.3284212
0.16,-11.23081845
0.161,-11.13059575
0.162,-11.03340524
0.163,-10.93749376
0.164,-10.84256065
0.165,-10.74722306
0.166,-10.65185634
0.167,-10.55797009
0.168,-10.4644579
0.169,-10.37145742
0.17,-10.28403552
0.171,-10.19860682
0.172,-10.11105679
0.173,-10.02544887
0.174,-9.947210716
0.175,-9.865552549
0.176,-9.79010339
0.177,-9.717342227
0.178,-9.650802258
0.179,-9.572094002
0.18,-9.507514431
0.181,-9.451339358
0.182,-9.400647958
0.183,-9.353767443
0.184,-9.312792657
0.185,-9.272993288
0.186,-9.228008571
0.187,-9.198425014
0.188,-9.170131739
0.189,-9.150332177
0.19,-9.133913537
0.191,-9.125514318
0.192,-9.12203682
0.193,-9.112210848
0.194,-9.117768169
0.195,-9.118531048
0.196,-9.128445545
0.197,-9.149170308
0.198,-9.164443497
0.199,-9.191958981
0.2,-9.225421666
0.201,-9.261841073
0.202,-9.302460026
0.203,-9.350553803
0.204,-9.395782081
0.205,-9.455410847
0.206,-9.51377321
0.207,-9.591663804
0.208,-9.667844793
0.209,-9.735195264
0.21,-9.802758004
0.211,-9.88138504
0.212,-9.954388981
0.213,-10.04989208
0.214,-10.15360808
0.215,-10.26082009
0.216,-10.36370855
0.217,-10.47414208
0.218,-10.57709946
0.219,-10.68248699
0.22,-10.79771873
0.221,-10.94301216
0.222,-11.0724157
0.223,-11.20498635
0.224,-11.32397122
0.225,-11.44282784
0.226,-11.553618
0.227,-11.68192392
0.228,-11.83281671
0.229,-11.98053678
0.23,-12.12273867
0.231,-12.24376559
0.232,-12.38621324
0.233,-12.51427244
0.234,-12.66386363
0.235,-12.80134183
0.236,-12.96129357
0.237,-13.10867928
0.238,-13.2411406
0.239,-13.38770744
0.24,-13.50971529
0.241,-13.6471811
0.242,-13.78551699
0.243,-13.93345651
0.244,-14.07878375
0.245,-14.2089337
0.246,-14.3486181
0.247,-14.48559182
0.248,-14.62418872
0.249,-14.74271235
0.25,-14.87252225
0.251,-14.99827603
0.252,-15.11802291
0.253,-15.24884886
0.254,-15.36196363
0.255,-15.48969098
0.256,-15.56650917
0.257,-15.66781239
0.258,-15.7913403
0.259,-15.89456207
0.26,-15.99177629
0.261,-16.10164095
0.262,-16.19203099
0.263,-16.27556251
0.264,-16.35418663
0.265,-16.38352245
0.266,-16.46548983
0.267,-16.55188871
0.268,-16.64294217
0.269,-16.71469189
0.27,-16.77419494
0.271,-16.83412959
0.272,-16.89106391
0.273,-16.93745347
0.274,-16.96516743
0.275,-17.01718307
0.276,-17.10135812
0.277,-17.11195168
0.278,-17.19309906
0.279,-17.22064154
0.28,-17.24514304
0.281,-17.27494555
0.282,-17.26707902
0.283,-17.29040532
0.284,-17.3222104
0.285,-17.37149979
0.286,-17.4124851
0.287,-17.42556826
0.288,-17.42266524
0.289,-17.41775545
0.29,-17.40488177
0.291,-17.3839884
0.292,-17.40432707
0.293,-17.40967886
0.294,-17.44026503
0.295,-17.44325658
0.296,-17.42124668
0.297,-17.39067536
0.298,-17.33530194
0.299,-17.34142586
0.3,-17.34999962
0.301,-17.32067783
0.302,-17.29415302
0.303,-17.29144643
0.304,-17.28733296
0.305,-17.19842187
0.306,-17.20720076
0.307,-17.13528979
0.308,-17.11837794
0.309,-17.13077402
0.31,-17.1193318
0.311,-17.09788426
0.312,-17.04033484
0.313,-17.03794663
0.314,-16.97261802
0.315,-16.97218825
0.316,-16.90708926
0.317,-16.9353596
0.318,-16.91259766
0.319,-16.89335625
0.32,-16.86913392
0.321,-16.84688434
0.322,-16.79295855
0.323,-16.80357256
0.324,-16.81202507
0.325,-16.81502532
0.326,-16.78989302
0.327,-16.78540782
0.328,-16.77293954
0.329,-16.7474376
0.33,-16.7121683
0.331,-16.72445463
0.332,-16.75714413
0.333,-16.7557502
0.334,-16.74982667
0.335,-16.76475142
0.336,-16.74642792
0.337,-16.73626688
0.338,-16.77467137
0.339,-16.77600709
0.34,-16.73860493
0.341,-16.79399187
0.342,-16.84147372
0.343,-16.86323436
0.344,-16.8398133
0.345,-16.86965223
0.346,-16.86976791
0.347,-16.86965583
0.348,-16.9343778
0.349,-16.96510392
0.35,-17.06134033
0.351,-17.10708894
0.352,-17.15931863
0.353,-17.15321259
0.354,-17.17921676
0.355,-17.15412259
0.356,-17.33278249
0.357,-17.41597524
0.358,-17.5014764
0.359,-17.48633408
0.36,-17.5767014
0.361,-17.55891509
0.362,-17.63216494
0.363,-17.72622212
0.364,-17.84002205
0.365,-17.89497113
0.366,-17.98989938
0.367,-18.09659294
0.368,-18.12422941
0.369,-18.14224769
0.37,-18.22569693
0.371,-18.3523379
0.372,-18.37953556
0.373,-18.41193905
0.374,-18.58526433
0.375,-18.67286175
0.376,-18.77796373
0.377,-18.86459428
0.378,-18.92176448
0.379,-18.93945736
0.38,-18.94541333
0.381,-19.09996786
0.382,-19.22582046
0.383,-19.33622329
0.384,-19.47147654
0.385,-19.56563055
0.386,-19.57521522
0.387,-19.58088347
0.388,-19.7415916
0.389,-19.85142067
0.39,-19.94335002
0.391,-20.04466716
0.392,-20.1817999
0.393,-20.23665939
0.394,-20.28591629
0.395,-20.44373797
0.396,-20.44484874
0.397,-20.46816185
0.398,-20.6237011
0.399,-20.70241261
0.4,-20.8605257
0.401,-20.94252287
0.402,-21.04216238
0.403,-21.07951915
0.404,-20.99771459
0.405,-21.05627682
0.406,-21.19472046
0.407,-21.35569608
0.408,-21.44340316
0.409,-21.54063942
0.41,-21.60938054
0.411,-21.58431302
0.412,-21.59666287
0.413,-21.68817775
0.414,-21.80898479
0.415,-21.83576454
0.416,-21.91498424
0.417,-22.08128921
0.418,-22.16775827
0.419,-22.12738823
0.42,-22.14381856
0.421,-22.17154256
0.422,-22.20031807
0.423,-22.23173169
0.424,-22.43764755
0.425,-22.55516057
0.426,-22.49417614
0.427,-22.60504153
0.428,-22.53785166
0.429,-22.51970689
0.43,-22.50473151
0.431,-22.63285436
0.432,-22.77321732
0.433,-22.73944518
0.434,-22.75000085
0.435,-22.86594923
0.436,-22.90132178
0.437,-22.83523063
0.438,-22.85361608
0.439,-22.89910657
0.44,-22.90524651
0.441,-22.94559701
0.442,-23.12932246
0.443,-23.13561323
0.444,-23.1186477
0.445,-23.06942382
0.446,-23.0528361
0.447,-23.0392643
0.448,-23.05715194
0.449,-23.17548866
0.45,-23.22755284
0.451,-23.2994714
0.452,-23.28828297
0.453,-23.23488373
0.454,-23.22109329
0.455,-23.15399276
0.456,-23.16294064
0.457,-23.35537516
0.458,-23.27158137
0.459,-23.31726305
0.46,-23.34478094
0.461,-23.38109902
0.462,-23.32702534
0.463,-23.34683082
0.464,-23.29935062
0.465,-23.39750728
0.466,-23.3974403
0.467,-23.47086404
0.468,-23.58488319
0.469,-23.52648176
0.47,-23.40289536
0.471,-23.40769799
0.472,-23.41023834
0.473,-23.45159485
0.474,-23.51970868
0.475,-23.54482
0.476,-23.63014878
0.477,-23.60350795
0.478,-23.58516444
0.479,-23.61957782
0.48,-23.56581777
0.481,-23.57732307
0.482,-23.56509648
0.483,-23.5945486
0.484,-23.71470926
0.485,-23.76368218
0.486,-23.78700611
0.487,-23.77103651
0.488,-23.81092083
0.489,-23.73556954
0.49,-23.82533017
0.491,-23.87901406
0.492,-23.99933593
0.493,-23.96208613
0.494,-23.97150064
0.495,-23.97242331
0.496,-23.98165474
0.497,-24.0175856
0.498,-24.0423799
0.499,-24.08596479
0.5,-24.15831896
0.501,-24.22880594
0.502,-24.26120377
0.503,-24.23492126
0.504,-24.29646936
0.505,-24.28312679
0.506,-24.30974756
0.507,-24.29834009
0.508,-24.45213234
0.509,-24.32267094
0.51,-24.41914424
0.511,-24.53422805
0.512,-24.68608943
0.513,-24.72403682
0.514,-24.68089501
0.515,-24.5900411
0.516,-24.68543567
0.517,-24.68345541
0.518,-24.72507863
0.519,-24.74400896
0.52,-24.91915534
0.521,-24.82662751
0.522,-24.80665724
0.523,-24.94260072
0.524,-24.97358493
0.525,-25.02035243
0.526,-24.95730688
0.527,-25.06167605
0.528,-25.09204432
0.529,-25.06372708
0.53,-25.30112321
0.531,-25.27359209
0.532,-25.30476658
0.533,-25.32522259
0.534,-25.3702908
0.535,-25.42481645
0.536,-25.45570867
0.537,-25.55597017
0.538,-25.73015559
0.539,-25.63027134
0.54,-25.67728111
0.541,-25.80027475
0.542,-25.89483844
0.543,-25.66563063
0.544,-25.74994453
0.545,-25.70266455
0.546,-25.92207256
0.547,-26.03658089
0.548,-26.14954044
0.549,-26.06072079
0.55,-26.23677223
0.551,-26.03284453
0.552,-26.12633722
0.553,-26.15448911
0.554,-26.24621939
0.555,-26.5265285
0.556,-26.3362146
0.557,-26.46088204
0.558,-26.63610736
0.559,-26.59638393
0.56,-26.59918995
0.561,-26.62593461
0.562,-26.57525186
0.563,-26.7777435
0.564,-26.80768
0.565,-27.03086837
0.566,-27.03445856
0.567,-26.97631156
0.568,-27.05409554
0.569,-26.97407166
0.57,-26.92048967
0.571,-27.25035557
0.572,-27.4016415
0.573,-27.37287114
0.574,-27.42746813
0.575,-27.53425914
0.576,-27.5447622
0.577,-27.51892718
0.578,-27.47449954
0.579,-27.56651801
0.58,-27.73976294
0.581,-27.80854922
0.582,-27.97247005
0.583,-27.98129568
0.584,-27.8503487
0.585,-28.00883598
0.586,-27.95681259
0.587,-27.89703779
0.588,-28.23545002
0.589,-28.45248079
0.59,-28.34057036
0.591,-28.25328772
0.592,-28.3959037
0.593,-28.46802619
0.594,-28.24063715
0.595,-28.38006887
0.596,-28.58788585
0.597,-28.7290714
0.598,-28.76801808
0.599,-28.72014106
0.6,-28.72450265
0.601,-28.65355219
0.602,-28.69437337
0.603,-28.60798166
0.604,-28.57892609
0.605,-28.77186123
0.606,-29.04427542
0.607,-28.88546664
0.608,-28.79532717
0.609,-28.59049723
0.61,-28.69023613
0.611,-28.74825446
0.612,-28.49382999
0.613,-28.53366664
0.614,-28.40570828
0.615,-28.40423153
0.616,-28.5939121
0.617,-28.34637597
0.618,-27.93173608
0.619,-27.92532333
0.62,-27.91700164
0.621,-27.84673098
0.622,-27.52856003
0.623,-27.65729149
0.624,-27.55065074
0.625,-27.60561204
0.626,-27.32182801
0.627,-26.96925761
0.628,-26.76142094
0.629,-26.85408849
0.63,-26.68667233
0.631,-26.55048537
0.632,-26.46086944
0.633,-26.40383434
0.634,-26.10509548
0.635,-25.94750307
0.636,-25.86017465
0.637,-25.51636802
0.638,-25.29686778
0.639,-25.19038984
0.64,-25.15775802
0.641,-25.10706022
0.642,-24.58179088
0.643,-24.49783401
0.644,-24.54268786
0.645,-24.25464786
0.646,-24.12912068
0.647,-23.79255448
0.648,-23.58707321
0.649,-23.58080034
0.65,-23.57013663
0.651,-23.41675927
0.652,-22.97859188
0.653,-23.02001416
0.654,-22.71354853
0.655,-22.50367842
0.656,-22.24555124
0.657,-22.12934203
0.658,-22.15570729
0.659,-22.14201865
0.66,-22.06829561
0.661,-21.81464694
0.662,-21.55613659
0.663,-21.32096003
0.664,-21.23781691
0.665,-21.25620334
0.666,-21.06359636
0.667,-20.79316918
0.668,-20.99656994
0.669,-20.93967253
0.67,-20.83780787
0.671,-20.42638483
0.672,-20.25670527
0.673,-20.40113222
0.674,-20.239385
0.675,-20.2085539
0.676,-20.25554124
0.677,-20.37652276
0.678,-20.2133972
0.679,-20.06936944
0.68,-19.82127307
0.681,-19.77003932
0.682,-19.92518606
0.683,-19.85980654
0.684,-20.02706353
0.685,-20.0316718
0.686,-20.15951406
0.687,-19.83684201
0.688,-19.5884185
0.689,-19.53424619
0.69,-19.77633518
0.691,-19.85348076
0.692,-19.83707107
0.693,-19.78979232
0.694,-20.13898059
0.695,-20.19749831
0.696,-20.01957244
0.697,-19.90282256
0.698,-19.86915005
0.699,-20.04674018
0.7,-20.18470821
0.701,-20.49379176
0.702,-20.56809122
0.703,-20.45748987
0.704,-20.4520234
0.705,-20.48017414
0.706,-20.53779027
0.707,-20.49168896
0.708,-20.85555334
0.709,-20.9339158
0.71,-21.16053355
0.711,-21.37256935
0.712,-21.28325095
0.713,-21.20776516
0.714,-21.2136342
0.715,-21.4428747
0.716,-21.4599695
0.717,-21.48657161
0.718,-21.83952705
0.719,-22.08569928
0.72,-22.22657808
0.721,-22.15161934
0.722,-21.90156385
0.723,-22.01941025
0.724,-22.31934678
0.725,-22.60915273
0.726,-22.70036656
0.727,-22.73636913
0.728,-22.81833584
0.729,-22.95693269
0.73,-23.21814111
0.731,-23.05820382
0.732,-22.99871479
0.733,-23.22206375
0.734,-23.4932925
0.735,-23.7867779
0.736,-23.83109502
0.737,-23.75496208
0.738,-23.9134212
0.739,-23.97375169
0.74,-24.09371948
0.741,-23.84384044
0.742,-23.94484484
0.743,-24.19489619
0.744,-24.60102677
0.745,-24.72600822
0.746,-24.51681196
0.747,-24.52142217
0.748,-24.67053208
0.749,-24.56306358
0.75,-24.72828618
0.751,-24.80725832
0.752,-24.90385293
0.753,-25.20293088
0.754,-25.19598195
0.755,-25.02544294
0.756,-24.99978375
0.757,-25.0903817
0.758,-25.14889589
0.759,-25.15353009
0.76,-25.30011883
0.761,-25.35039484
0.762,-25.33225299
0.763,-25.47419108
0.764,-25.56012913
0.765,-25.40923491
0.766,-25.17793089
0.767,-25.16408204
0.768,-25.32783046
0.769,-25.61539893
0.77,-25.59582023
0.771,-25.44337261
0.772,-25.40680849
0.773,-25.52304357
0.774,-25.56627884
0.775,-25.45437003
0.776,-25.28819845
0.777,-25.31678962
0.778,-25.57528578
0.779,-25.46548878
0.78,-25.39382589
0.781,-25.30049905
0.782,-25.1170164
0.783,-25.18090022
0.784,-25.26146538
0.785,-25.36534572
0.786,-25.16426595
0.787,-25.35499232
0.788,-25.34426784
0.789,-25.09355258
0.79,-24.79798906
0.791,-24.65584974
0.792,-24.83132607
0.793,-24.99927027
0.794,-24.97970653
0.795,-24.82898459
0.796,-24.70331071
0.797,-24.69298327
0.798,-24.73867996
0.799,-24.37010802
0.8,-24.40768927
0.801,-24.37396641
0.802,-24.47816212
0.803,-24.56707401
0.804,-24.33987023
0.805,-24.3236504
0.806,-24.15503223
0.807,-23.99738525
0.808,-24.02022293
0.809,-23.94450875
0.81,-24.07413958
0.811,-24.06931258
0.812,-23.94153317
0.813,-23.92185869
0.814,-23.70447894
0.815,-23.41380016
0.816,-23.21342954
0.817,-23.36849713
0.818,-23.3807034
0.819,-23.68458522
0.82,-23.63136986
0.821,-23.35753455
0.822,-23.29565978
0.823,-23.19047584
0.824,-22.90731508
0.825,-22.79935164
0.826,-23.00431077
0.827,-23.17532206
0.828,-23.17566436
0.829,-22.8612319
0.83,-22.92179437
0.831,-22.61366754
0.832,-22.74220442
0.833,-22.45807716
0.834,-22.62434656
0.835,-22.68145046
0.836,-22.85131955
0.837,-22.95475055
0.838,-22.62726168
0.839,-22.46831608
0.84,-22.30705584
0.841,-22.24505329
0.842,-22.27766185
0.843,-22.58476159
0.844,-22.61332043
0.845,-22.66653536
0.846,-22.5205942
0.847,-22.3109403
0.848,-22.18577194
0.849,-22.29022399
0.85,-22.18212225
0.851,-22.15018126
0.852,-22.40409534
0.853,-22.50129857
0.854,-22.67859304
0.855,-22.50134326
0.856,-22.20377115
0.857,-22.07072429
0.858,-22.14184233
0.859,-22.40377076
0.86,-22.38612979
0.861,-22.61319632
0.862,-22.66959622
0.863,-22.4927926
0.864,-22.36950152
0.865,-22.12590496
0.866,-22.2003537
0.867,-22.38514256
0.868,-22.46089064
0.869,-22.71735692
0.87,-22.76330125
0.871,-22.62817778
0.872,-22.70638787
0.873,-22.53937396
0.874,-22.43231995
0.875,-22.49492755
0.876,-22.63553666
0.877,-22.78420206
0.878,-22.94906382
0.879,-23.11628285
0.88,-22.97247456
0.881,-22.91463692
0.882,-22.67613521
0.883,-22.77458548
0.884,-22.88229669
0.885,-22.83293475
0.886,-23.18281564
0.887,-23.30567988
0.888,-23.4260646
0.889,-23.20495458
0.89,-22.93707617
0.891,-22.83089889
0.892,-22.9122184
0.893,-23.35211796
0.894,-23.47012793
0.895,-23.31556741
0.896,-23.45105987
0.897,-23.57684424
0.898,-23.44542801
0.899,-23.37446772
0.9,-23.13736362
0.901,-23.20996901
0.902,-23.46753199
0.903,-23.74860251
0.904,-23.62765775
0.905,-23.73703204
0.906,-23.53030523
0.907,-23.64452016
0.908,-23.77086753
0.909,-23.3723488
0.91,-23.55422683
0.911,-23.7657247
0.912,-23.92646739
0.913,-23.98439194
0.914,-23.79294644
0.915,-23.64453409
0.916,-23.74203247
0.917,-23.65017709
0.918,-23.66571688
0.919,-23.56615705
0.92,-23.79207698
0.921,-23.93067276
0.922,-24.09322371
0.923,-23.95546433
0.924,-23.77808311
0.925,-23.65645966
0.926,-23.73129051
0.927,-23.67597516
0.928,-23.91633099
0.929,-23.95519355
0.93,-23.85291828
0.931,-23.90207111
0.932,-24.12574436
0.933,-23.96192219
0.934,-23.71235697
0.935,-23.80728731
0.936,-23.76860609
0.937,-24.05169553
0.938,-23.95231221
0.939,-23.69551145
0.94,-23.75860884
0.941,-23.79794799
0.942,-23.96165732
0.943,-23.88294392
0.944,-23.70360234
0.945,-23.76199916
0.946,-23.96207745
0.947,-23.9207938
0.948,-23.91494721
0.949,-23.82605405
0.95,-23.90989801
0.951,-23.8088432
0.952,-23.71979488
0.953,-23.67078449
0.954,-23.67520817
0.955,-23.77346632
0.956,-23.93081569
0.957,-23.84794068
0.958,-23.70818155
0.959,-23.58328072
0.96,-23.76219099
0.961,-23.80822676
0.962,-23.70182283
0.963,-23.35852629
0.964,-23.55241408
0.965,-23.59991318
0.966,-23.73776098
0.967,-23.79436228
0.968,-23.56906289
0.969,-23.50540429
0.97,-23.67007316
0.971,-23.45617642
0.972,-23.50561205
0.973,-23.53731951
0.974,-23.53469549
0.975,-23.56255507
0.976,-23.4368256
0.977,-23.62249966
0.978,-23.47447947
0.979,-23.39664855
0.98,-23.40698994
0.981,-23.44631916
0.982,-23.68502326
0.983,-23.5225489
0.984,-23.48274581
0.985,-23.40089103
0.986,-23.46732218
0.987,-23.25313085
0.988,-23.18821322
0.989,-23.2828063
0.99,-23.30755815
0.991,-23.41236159
0.992,-23.469023
0.993,-23.17717476
0.994,-23.41115033
0.995,-23.30655689
0.996,-23.30394171
0.997,-23.12902588
0.998,-23.1278963
0.999,-23.45821359
1,-23.33731326
1.001,-23.31813494
1.002,-23.26897491
1.003,-23.25958816
1.004,-23.16491619
1.005,-23.21141718
1.006,-23.20862573
1.007,-23.20850926
1.008,-23.28678755
1.009,-23.28609603
1.01,-23.32138409
1.011,-23.2537613
1.012,-23.1305983
1.013,-23.11805139
1.014,-23.0722289
1.015,-23.15897796
1.016,-23.38264175
1.017,-23.38257158
1.018,-23.32534371
1.019,-23.22445208
1.02,-23.0182573
1.021,-23.18361344
1.022,-23.19142138
1.023,-23.35644455
1.024,-23.28783141
1.025,-23.17059402
1.026,-23.33260578
1.027,-23.28643265
1.028,-23.20277411
1.029,-23.15168705
1.03,-23.12455451
1.031,-23.46744564
1.032,-23.3694205
1.033,-23.34430581
1.034,-23.42674365
1.035,-23.43664436
1.036,-23.29020584
1.037,-23.32739018
1.038,-23.2486034
1.039,-23.23714325
1.04,-23.43020954
1.041,-23.56205306
1.042,-23.37674023
1.043,-23.41436515
1.044,-23.30499792
1.045,-23.42556018
1.046,-23.28132696
1.047,-23.47004039
1.048,-23.64568712
1.049,-23.53025545
1.05,-23.63596624
1.051,-23.62144342
1.052,-23.55392523
1.053,-23.52386224
1.054,-23.27126137
1.055,-23.49016193
1.056,-23.71962044
1.057,-23.86218819
1.058,-23.83758777
1.059,-23.72683579
1.06,-23.64234825
1.061,-23.79743212
1.062,-23.47704111
1.063,-23.51693319
1.064,-23.52155008
1.065,-23.85369139
1.066,-24.07315548
1.067,-24.05372349
1.068,-23.78511613
1.069,-23.77679748
1.07,-23.9664451
1.071,-23.73487418
1.072,-23.9817525
1.073,-23.98598188
1.074,-24.14412306
1.075,-24.3735245
1.076,-24.26590108
1.077,-24.09715208
1.078,-23.97309777
1.079,-24.01369049
1.08,-24.21630811
1.081,-24.16170996
1.082,-24.43120335
1.083,-24.58595153
1.084,-24.6751565
1.085,-24.74244905
1.086,-24.37437824
1.087,-24.13582294
1.088,-24.23673397
1.089,-24.25836102
1.09,-24.72674587
1.091,-24.96156434
1.092,-24.99727821
1.093,-24.88310148
1.094,-24.78410169
1.095,-24.66037633
1.096,-24.66827231
1.097,-24.70416116
1.098,-24.71858085
1.099,-24.99637229
1.1,-25.30557206
1.101,-25.37454724
1.102,-25.29934759
1.103,-24.97213899
1.104,-25.04345294
1.105,-25.2574091
1.106,-25.13921287
1.107,-25.37701972
1.108,-25.55553091
1.109,-25.80509117
1.11,-25.91389297
1.111,-25.56193217
1.112,-25.39680442
1.113,-25.36024215
1.114,-25.53290082
1.115,-25.80834044
1.116,-25.77675077
1.117,-26.06169357
1.118,-26.27442574
1.119,-26.23629401
1.12,-26.32518587
1.121,-25.97965362
1.122,-25.86454279
1.123,-26.03072576
1.124,-26.26594642
1.125,-26.62436687
1.126,-26.56849873
1.127,-26.66645049
1.128,-26.600811
1.129,-26.63596846
1.13,-26.55736973
1.131,-26.34035582
1.132,-26.63184891
1.133,-26.95689008
1.134,-26.99436226
1.135,-27.20737586
1.136,-26.99138378
1.137,-26.99146256
1.138,-27.07431201
1.139,-27.00610493
1.14,-27.16516309
1.141,-27.22905429
1.142,-27.45947232
1.143,-27.56744623
1.144,-27.64535803
1.145,-27.79852384
1.146,-27.74097796
1.147,-27.50003994
1.148,-27.72591645
1.149,-27.77650116
1.15,-27.87272054
1.151,-27.89288204
1.152,-28.06790074
1.153,-28.36979231
1.154,-28.46236327
1.155,-28.38612136
1.156,-28.23674935
1.157,-28.36458115
1.158,-28.35862661
1.159,-28.50605316
1.16,-28.53931267
1.161,-28.51653594
1.162,-28.63032847
1.163,-29.08118039
1.164,-28.85577098
1.165,-28.89305948
1.166,-28.90703397
1.167,-28.79026977
1.168,-29.09395588
1.169,-29.07790666
1.17,-29.12799949
1.171,-29.35831958
1.172,-29.48670777
1.173,-29.64780998
1.174,-29.55359744
1.175,-29.35470856
1.176,-29.64577578
1.177,-29.67036888
1.178,-29.74173337
1.179,-29.89989844
1.18,-30.04282045
1.181,-30.24556431
1.182,-30.427586
1.183,-30.10237307
1.184,-30.01161985
1.185,-29.90807887
1.186,-30.25814239
1.187,-30.11128758
1.188,-30.5426807
1.189,-30.82776216
1.19,-30.84952731
1.191,-31.03258957
1.192,-30.69701789
1.193,-30.5784753
1.194,-30.73338975
1.195,-30.67503945
1.196,-30.90866626
1.197,-31.211241
1.198,-31.28534058
1.199,-31.57563721
1.2,-31.48706965
1.201,-31.31151281
1.202,-31.43475287
1.203,-31.09561561
1.204,-31.41726733
1.205,-31.61214395
1.206,-31.69567616
1.207,-32.02917564
1.208,-31.87985193
1.209,-31.86409543
1.21,-32.0407882
1.211,-31.91934139
1.212,-31.99778442
1.213,-32.01855699
1.214,-32.23696328
1.215,-32.37719293
1.216,-32.59310549
1.217,-32.8189581
1.218,-32.54568045
1.219,-32.40575116
1.22,-32.77634143
1.221,-32.58985331
1.222,-32.49148217
1.223,-32.85983878
1.224,-32.80079124
1.225,-33.38532153
1.226,-33.52609917
1.227,-33.3188115
1.228,-33.4544983
1.229,-33.33477231
1.23,-33.46169012
1.231,-33.34427046
1.232,-33.10694686
1.233,-33.36410751
1.234,-33.78548517
1.235,-33.91950173
1.236,-34.18057186
1.237,-33.95318797
1.238,-34.02252896
1.239,-34.11795356
1.24,-34.02094819
1.241,-33.89762014
1.242,-33.99175152
1.243,-34.35562377
1.244,-34.66938101
1.245,-34.7304158
1.246,-34.72792594
1.247,-34.85232083
1.248,-34.72790493
1.249,-34.78292855
1.25,-34.56449419
1.251,-34.5766821
1.252,-35.2996206
1.253,-35.45807452
1.254,-35.30149256
1.255,-35.31979921
1.256,-35.16658143
1.257,-35.42728616
1.258,-35.34799502
1.259,-35.15543599
1.26,-35.34013534
1.261,-35.58486798
1.262,-36.01985545
1.263,-36.45518312
1.264,-36.31554942
1.265,-36.07803512
1.266,-36.08571879
1.267,-36.0717244
1.268,-36.0706084
1.269,-36.11264459
1.27,-36.28241592
1.271,-36.56730841
1.272,-36.74112013
1.273,-36.76059473
1.274,-36.84294076
1.275,-36.95586425
1.276,-37.00594543
1.277,-36.82757335
1.278,-36.55373997
1.279,-36.94840515
1.28,-37.15027798
1.281,-37.30684742
1.282,-37.44996175
1.283,-37.49854424
1.284,-37.6516971
1.285,-37.65138485
1.286,-37.49266021
1.287,-37.53534906
1.288,-37.61306818
1.289,-37.66542867
1.29,-38.11379993
1.291,-38.21163117
1.292,-38.12717818
1.293,-38.30389944
1.294,-38.49573804
1.295,-38.3305113
1.296,-38.27475138
1.297,-38.3421974
1.298,-38.4031646
1.299,-38.72033316
1.3,-38.8234615
1.301,-38.9201962
1.302,-39.04898213
1.303,-39.06660981
1.304,-38.99787289
1.305,-38.98476688
1.306,-38.96568504
1.307,-39.18902786
1.308,-39.1462928
1.309,-39.36228471
1.31,-39.33241412
1.311,-39.43096633
1.312,-39.64183825
1.313,-39.99873593
1.314,-39.74181832
1.315,-39.75502003
1.316,-39.94241733
1.317,-39.98800835
1.318,-40.1508254
1.319,-39.97966846
1.32,-40.03627791
1.321,-40.60020834
1.322,-40.50112222
1.323,-40.4339577
1.324,-40.46037732
1.325,-40.41089456
1.326,-40.35715434
1.327,-40.57139262
1.328,-40.70922198
1.329,-40.80220248
1.33,-40.92007565
1.331,-41.31571597
1.332,-41.24505769
1.333,-41.23575426
1.334,-41.15418223
1.335,-41.19967986
1.336,-41.23321868
1.337,-41.24033561
1.338,-41.21619101
1.339,-41.5582175
1.34,-42.00422022
1.341,-42.1169242
1.342,-41.91458805
1.343,-42.05941145
1.344,-42.22367448
1.345,-41.73328648
1.346,-41.8267185
1.347,-41.77335324
1.348,-41.71731519
1.349,-42.02428454
1.35,-42.35086148
1.351,-42.41446892
1.352,-42.80667187
1.353,-42.89222584
1.354,-42.66614832
1.355,-42.68738972
1.356,-42.64313949
1.357,-42.43941283
1.358,-42.57812425
1.359,-42.79152993
1.36,-42.81905604
1.361,-43.05371945
1.362,-43.29058244
1.363,-43.33918911
1.364,-43.03820186
1.365,-43.15807645
1.366,-43.38689925
1.367,-43.24770625
1.368,-43.40506036
1.369,-43.43687334
1.37,-43.41805816
1.371,-43.65569211
1.372,-43.96111743
1.373,-43.74634153
1.374,-43.78208322
1.375,-43.99988835
1.376,-43.81501345
1.377,-43.54126546
1.378,-43.79486892
1.379,-43.97620907
1.38,-44.12661271
1.381,-44.35615285
1.382,-44.52306847
1.383,-44.40499904
1.384,-44.41345734
1.385,-44.35064016
1.386,-44.26032876
1.387,-44.31561598
1.388,-44.58291896
1.389,-44.57206932
1.39,-44.59560765
1.391,-44.78973874
1.392,-44.6823275
1.393,-44.88679601
1.394,-44.98890203
1.395,-44.92862542
1.396,-44.77050748
1.397,-45.10336606
1.398,-45.11332581
1.399,-44.93760876
1.4,-44.89600392
1.401,-45.30002809
1.402,-45.0987005
1.403,-45.19284211
1.404,-45.26326876
1.405,-45.44950154
1.406,-45.32035373
1.407,-45.59562993
1.408,-45.5971464
1.409,-45.6449017
1.41,-45.82836864
1.411,-45.95703667
1.412,-45.70939027
1.413,-45.74110022
1.414,-45.81279455
1.415,-45.69472891
1.416,-45.7825916
1.417,-45.68556457
1.418,-45.78322341
1.419,-45.95647047
1.42,-46.14846943
1.421,-46.18824462
1.422,-46.26451263
1.423,-46.60563444
1.424,-46.50591318
1.425,-46.19885522
1.426,-46.175579
1.427,-46.56760952
1.428,-46.41533079
1.429,-46.26201067
1.43,-46.38084824
1.431,-46.42802476
1.432,-46.71039587
1.433,-46.80904585
1.434,-46.70710047
1.435,-46.63870663
1.436,-46.60091617
1.437,-46.80852114
1.438,-46.51555253
1.439,-46.38057096
1.44,-46.91100404
1.441,-46.97852958
1.442,-46.9087808
1.443,-46.93062445
1.444,-47.19741776
1.445,-47.15059033
1.446,-47.14380225
1.447,-46.74655384
1.448,-46.97808188
1.449,-47.09865597
1.45,-47.24989142
1.451,-47.12157453
1.452,-47.18943994
1.453,-47.41785559
1.454,-47.52701882
1.455,-47.41935137
1.456,-47.42044958
1.457,-47.21106845
1.458,-47.07092967
1.459,-47.15044876
1.46,-47.14967603
1.461,-47.22120461
1.462,-47.27659053
1.463,-47.91714126
1.464,-48.00999859
1.465,-47.7580836
1.466,-47.62313552
1.467,-47.75781667
1.468,-47.59256502
1.469,-47.42663571
1.47,-47.29469856
1.471,-47.53803645
1.472,-48.48701652
1.473,-47.81188835
1.474,-47.6491418
1.475,-47.89329552
1.476,-48.0702813
1.477,-48.21838933
1.478,-47.90701466
1.479,-47.75212734
1.48,-47.60106009
1.481,-47.77489057
1.482,-47.94218823
1.483,-47.66641431
1.484,-47.70932188
1.485,-48.04210086
1.486,-48.21535416
1.487,-48.02114906
1.488,-47.82101266
1.489,-47.85789211
1.49,-47.95233625
1.491,-47.82469225
1.492,-47.83709883
1.493,-48.08279714
1.494,-48.05612618
1.495,-47.95321649
1.496,-48.32859422
1.497,-48.51929834
1.498,-48.33267645
1.499,-48.00779558
1.5,-48.11492756
1.501,-47.95182232
1.502,-47.62653912
1.503,-47.6239991
1.504,-47.87239149
1.505,-48.20859903
1.506,-48.51238233
1.507,-48.31257103
1.508,-48.30731019
1.509,-48.55005971
1.51,-48.41741562
1.511,-47.79211826
1.512,-47.69862408
1.513,-48.01318168
1.514,-48.02886659
1.515,-48.07485015
1.516,-47.89806819
1.517,-48.11417308
1.518,-48.64341
1.519,-48.64347225
1.52,-48.1617206
1.521,-48.24523912
1.522,-48.12616963
1.523,-48.01637806
1.524,-47.58519738
1.525,-47.59353189
1.526,-47.87921481
1.527,-48.27572525
1.528,-48.18072905
1.529,-48.13417572
1.53,-48.08619843
1.531,-48.27406823
1.532,-48.06217462
1.533,-47.94555926
1.534,-47.94166869
1.535,-47.75210998
1.536,-47.96031217
1.537,-48.19071815
1.538,-48.02384292
1.539,-48.1357819
1.54,-48.27384344
1.541,-48.28967693
1.542,-48.13963752
1.543,-47.66848046
1.544,-47.52420698
1.545,-47.60616966
1.546,-47.76037925
1.547,-47.4892888
1.548,-47.63727903
1.549,-48.18124313
1.55,-48.40473205
1.551,-48.28139351
1.552,-48.04066172
1.553,-47.81162797
1.554,-47.80916683
1.555,-47.8379175
1.556,-47.41140272
1.557,-47.41615962
1.558,-47.6770701
1.559,-48.02391843
1.56,-47.89740618
1.561,-47.73915756
1.562,-48.03392749
1.563,-48.29283089
1.564,-47.83134258
1.565,-47.4176478
1.566,-47.22866426
1.567,-47.49385051
1.568,-47.45768382
1.569,-47.32595994
1.57,-47.60614414
1.571,-47.82911273
1.572,-47.70942778
1.573,-47.82012749
1.574,-47.57672399
1.575,-47.66301499
1.576,-47.51788552
1.577,-47.15988643
1.578,-47.3769194
1.579,-47.49991509
1.58,-47.49087539
1.581,-47.70795899
1.582,-47.86106097
1.583,-47.86974622
1.584,-47.80023919
1.585,-47.61891009
1.586,-47.46076867
1.587,-47.24131663
1.588,-47.32900586
1.589,-47.16298482
1.59,-47.23046259
1.591,-47.64905049
1.592,-47.93029552
1.593,-47.75839013
1.594,-47.71551165
1.595,-47.55939496
1.596,-47.58551662
1.597,-47.44298655
1.598,-47.0298587
1.599,-47.26554869
1.6,-47.35038837
1.601,-47.31158896
1.602,-47.28914486
1.603,-47.73733739
1.604,-47.96681308
1.605,-47.69592383
1.606,-47.65537506
1.607,-47.68132068
1.608,-47.54423455
1.609,-47.28606901
1.61,-47.17694814
1.611,-47.40664195
1.612,-47.32289913
1.613,-47.09134519
1.614,-47.35464658
1.615,-47.76747825
1.616,-47.57044985
1.617,-47.4848846
1.618,-47.50269847
1.619,-47.58194819
1.62,-47.35226289
1.621,-47.24059528
1.622,-47.38429564
1.623,-47.5878849
1.624,-47.80854463
1.625,-47.73310572
1.626,-47.59380626
1.627,-47.77027998
1.628,-47.71938348
1.629,-47.5213324
1.63,-47.32027459
1.631,-47.38153162
1.632,-47.47942042
1.633,-47.62310269
1.634,-47.39892358
1.635,-47.7046691
1.636,-48.11873578
1.637,-47.8244235
1.638,-47.55752195
1.639,-47.62314293
1.64,-47.90155152
1.641,-47.47275188
1.642,-47.23483518
1.643,-47.32015943
1.644,-47.71917113
1.645,-47.75810541
1.646,-47.80769613
1.647,-47.93312178
1.648,-48.02380849
1.649,-47.80699157
1.65,-47.71502831
1.651,-47.79927417
1.652,-47.75970126
1.653,-47.48988918
1.654,-47.42338147
1.655,-47.41915444
1.656,-47.61191489
1.657,-47.97530449
1.658,-47.89143706
1.659,-47.77102553
1.66,-47.92260467
1.661,-48.04302868
1.662,-47.83280198
1.663,-47.55189727
1.664,-47.50802468
1.665,-47.87869962
1.666,-47.95666315
1.667,-48.0366865
1.668,-47.86854478
1.669,-48.01444802
1.67,-47.85898686
1.671,-47.75938495
1.672,-47.83785555
1.673,-47.85174895
1.674,-47.61678023
1.675,-47.76316899
1.676,-48.04467714
1.677,-48.01734224
1.678,-47.93426918
1.679,-47.89806786
1.68,-48.17044319
1.681,-48.05267626
1.682,-47.80516509
1.683,-47.72232759
1.684,-47.79135635
1.685,-47.60484549
1.686,-47.58210061
1.687,-47.755154
1.688,-48.23110491
1.689,-48.20276515
1.69,-47.97670758
1.691,-47.81869313
1.692,-48.07734462
1.693,-48.17711373
1.694,-48.09737367
1.695,-47.69113822
1.696,-47.76428322
1.697,-47.8894687
1.698,-47.84123832
1.699,-47.63001307
1.7,-47.66765259
1.701,-48.09305075
1.702,-48.06803014
1.703,-47.71645609
1.704,-47.6847014
1.705,-48.06561211
1.706,-48.04152872
1.707,-47.74596413
1.708,-47.60221171
1.709,-48.01540185
1.71,-48.10425693
1.711,-48.03950244
1.712,-47.66341395
1.713,-47.83426348
1.714,-47.87756486
1.715,-47.85862149
1.716,-47.87373651
1.717,-47.95634314
1.718,-47.81446419
1.719,-47.97258296
1.72,-47.9421315
1.721,-47.71107967
1.722,-47.76134384
1.723,-47.92904664
1.724,-47.97751894
1.725,-47.80173048
1.726,-47.54927604
1.727,-47.63051549
1.728,-47.67609302
1.729,-47.74860998
1.73,-47.93476598
1.731,-47.80286521
1.732,-47.76550287
1.733,-47.83904561
1.734,-48.10465435
1.735,-47.91022159
1.736,-47.74663367
1.737,-47.76026613
1.738,-47.89285868
1.739,-47.55688326
1.74,-47.48064859
1.741,-47.63330842
1.742,-47.72349066
1.743,-47.53793412
1.744,-47.51981973
1.745,-47.71724866
1.746,-47.89541071
1.747,-47.81593929
1.748,-47.69578088
1.749,-47.69313374
1.75,-47.93021354
1.751,-47.83577993
1.752,-47.6773835
1.753,-47.78533115
1.754,-47.64194894
1.755,-47.56606296
1.756,-47.61845684
1.757,-47.57638062
1.758,-47.61546582
1.759,-47.79624656
1.76,-47.82839521
1.761,-47.82672479
1.762,-47.62391868
1.763,-47.52870227
1.764,-47.48996522
1.765,-47.7235489
1.766,-47.72501498
1.767,-47.58763372
1.768,-47.53064964
1.769,-47.57159085
1.77,-47.73623288
1.771,-47.83989318
1.772,-47.49392517
1.773,-47.44554461
1.774,-47.73263676
1.775,-47.71096829
1.776,-47.5551211
1.777,-47.64629357
1.778,-47.79698345
1.779,-47.79261079
1.78,-47.60472113
1.781,-47.46066026
1.782,-47.65713288
1.783,-47.80415732
1.784,-47.61525963
1.785,-47.24599667
1.786,-47.55868641
1.787,-47.75898935
1.788,-47.63646511
1.789,-47.60793427
1.79,-47.62101603
1.791,-47.6267503
1.792,-47.81120168
1.793,-47.74912576
1.794,-47.54754834
1.795,-47.60547081
1.796,-47.62703103
1.797,-47.5840013
1.798,-47.39088711
1.799,-47.30467137
1.8,-47.639089
1.801,-47.96164998
1.802,-47.98582968
1.803,-47.75451412
1.804,-47.71048215
1.805,-47.82929192
1.806,-47.74777183
1.807,-47.77494069
1.808,-47.51339737
1.809,-47.27330473
1.81,-47.47856374
1.811,-47.63028711
1.812,-47.49690069
1.813,-47.62705662
1.814,-47.99034095
1.815,-47.77562097
1.816,-47.57009249
1.817,-47.46773158
1.818,-47.708631
1.819,-48.00151783
1.82,-47.79046602
1.821,-47.41391685
1.822,-47.58422399
1.823,-47.99708963
1.824,-47.93425786
1.825,-47.78066159
1.826,-47.7251656
1.827,-47.6202056
1.828,-47.6169961
1.829,-47.43347829
1.83,-47.50573806
1.831,-47.59816434
1.832,-47.64876488
1.833,-47.68118756
1.834,-47.80596666
1.835,-47.90025675
1.836,-47.96826604
1.837,-48.06536162
1.838,-47.77630149
1.839,-47.42884564
1.84,-47.53388257
1.841,-47.57809255
1.842,-47.48829401
1.843,-47.76150449
1.844,-47.95204072
1.845,-47.79495816
1.846,-47.96896987
1.847,-47.95868004
1.848,-47.99977878
1.849,-47.85472097
1.85,-47.62379035
1.851,-47.32992367
1.852,-47.369066
1.853,-47.59267658
1.854,-47.66846281
1.855,-47.85741625
1.856,-48.20566109
1.857,-47.95546295
1.858,-47.78036472
1.859,-47.9474501
1.86,-47.83684739
1.861,-47.74112
1.862,-47.75147901
1.863,-47.64632351
1.864,-47.70652371
1.865,-47.72830697
1.866,-47.79048093
1.867,-48.05669056
1.868,-47.96771977
1.869,-47.77646602
1.87,-47.69854523
1.871,-47.7730833
1.872,-47.55987677
1.873,-47.54989849
1.874,-47.65054927
1.875,-47.77248136
1.876,-47.93871983
1.877,-47.94444878
1.878,-48.09698396
1.879,-48.12603325
1.88,-47.97637184
1.881,-47.62059779
1.882,-47.33382965
1.883,-47.58410128
1.884,-47.67728889
1.885,-47.74589847
1.886,-47.73421859
1.887,-47.74181047
1.888,-47.96937286
1.889,-48.10561802
1.89,-48.18334
1.891,-48.01114797
1.892,-47.99358432
1.893,-47.58696567
1.894,-47.44579215
1.895,-47.37135184
1.896,-47.75310537
1.897,-47.85703813
1.898,-47.77533724
1.899,-47.77015221
1.9,-47.86074085
1.901,-48.02447513
1.902,-47.88681538
1.903,-47.68929076
1.904,-47.72518104
1.905,-47.64271913
1.906,-47.66066821
1.907,-47.73504016
1.908,-47.79060074
1.909,-47.85511756
1.91,-48.01030837
1.911,-47.90155802
1.912,-47.86299144
1.913,-47.8391106
1.914,-47.62967539
1.915,-47.63091127
1.916,-47.4400464
1.917,-47.42002759
1.918,-47.50383645
1.919,-47.85370226
1.92,-48.0593948
1.921,-48.11133988
1.922,-48.00714972
1.923,-47.67959549
1.924,-47.53241534
1.925,-47.51195055
1.926,-47.71602573
1.927,-47.66758096
1.928,-47.55371792
1.929,-47.55701193
1.93,-47.80816013
1.931,-48.01357315
1.932,-48.15657657
1.933,-48.20912612
1.934,-47.98763431
1.935,-47.64607033
1.936,-47.60026965
1.937,-47.34423984
1.938,-47.22317943
1.939,-47.45341631
1.94,-47.74373954
1.941,-47.46370802
1.942,-47.7317376
1.943,-47.95546237
1.944,-48.11549818
1.945,-47.96729517
1.946,-47.58670964
1.947,-47.47788372
1.948,-47.64934245
1.949,-47.86162107
1.95,-47.62843029
1.951,-47.59218732
1.952,-47.81020007
1.953,-47.8334973
1.954,-47.92537937
1.955,-47.68032687
1.956,-47.71363619
1.957,-47.80435638
1.958,-47.43754323
1.959,-47.13401565
1.96,-47.19885507
1.961,-47.62794248
1.962,-47.91489549
1.963,-48.12813442
1.964,-47.81764076
1.965,-47.74101583
1.966,-47.93056742
1.967,-47.68720999
1.968,-47.4582677
1.969,-47.41425921
1.97,-47.46797306
1.971,-47.46514679
1.972,-47.64961271
1.973,-47.81746367
1.974,-47.92996711
1.975,-48.17973495
1.976,-48.09793119
1.977,-47.7123771
1.978,-47.50542648
1.979,-47.54704625
1.98,-47.48662554
1.981,-47.47494503
1.982,-47.38901191
1.983,-47.36956727
1.984,-47.81900219
1.985,-48.03507381
1.986,-47.94962478
1.987,-47.82924428
1.988,-47.95417436
1.989,-47.66953133
1.99,-47.40353565
1.991,-47.4326142
1.992,-47.4517623
1.993,-47.74138475
1.994,-47.69221016
1.995,-47.6076042
1.996,-47.73003001
1.997,-48.11761153
1.998,-47.96048571
1.999,-47.91339698
2,-47.60507897
2.001,-47.34935063
2.002,-47.55379624
2.003,-47.60455071
2.004,-47.70248707
2.005,-47.90618959
2.006,-47.79983914
2.007,-47.72605461
2.008,-47.67567799
2.009,-47.83029114
2.01,-47.64289965
2.011,-47.53021098
2.012,-47.40286935
2.013,-47.37989505
2.014,-47.54224628
2.015,-47.7942181
2.016,-48.0807404
2.017,-48.16431093
2.018,-48.07537685
2.019,-47.79464818
2.02,-47.98986005
2.021,-47.93626146
2.022,-47.69775536
2.023,-47.53013728
2.024,-47.43708407
2.025,-47.45180921
2.026,-47.53237721
2.027,-47.69629557
2.028,-47.85076421
2.029,-48.01150287
2.03,-48.06344858
2.031,-47.60558183
2.032,-47.5853211
2.033,-47.61091059
2.034,-47.64392131
2.035,-47.83697978
2.036,-47.59788097
2.037,-47.54970892
2.038,-47.76268427
2.039,-48.09614059
2.04,-48.09806605
2.041,-47.86641517
2.042,-47.54807059
2.043,-47.66349211
2.044,-47.67170448
2.045,-47.74461037
2.046,-47.73532072
2.047,-47.65729953
2.048,-47.75274212
2.049,-47.69402712
2.05,-47.81486779
2.051,-47.82875241
2.052,-47.91994805
2.053,-47.93870832
2.054,-47.62641731
2.055,-47.33670101
2.056,-47.49645395
2.057,-47.69645377
2.058,-48.10464411
2.059,-48.04563988
2.06,-47.7934329
2.061,-47.86546597
2.062,-48.01655545
2.063,-47.86691634
2.064,-47.71678537
2.065,-47.73449242
2.066,-47.79057203
2.067,-47.38396075
2.068,-47.27964917
2.069,-47.69494866
2.07,-47.94924361
2.071,-47.9025073
2.072,-47.75246357
2.073,-47.83027909
2.074,-47.91398906
2.075,-47.82699503
2.076,-47.73101051
2.077,-47.6811939
2.078,-47.49756662
2.079,-47.55947951
2.08,-47.73114209
2.081,-47.88805793
2.082,-47.90754288
2.083,-47.77197507
2.084,-47.74469056
2.085,-47.67506784
2.086,-47.64949995
2.087,-47.81695663
2.088,-47.84498205
2.089,-47.80088418
2.09,-47.57069357
2.091,-47.78909675
2.092,-47.95655369
2.093,-47.7536365
2.094,-47.86969645
2.095,-47.87438479
2.096,-47.62460881
2.097,-47.42304203
2.098,-47.60333109
2.099,-47.6606159
2.1,-47.7688645
2.101,-47.82325617
2.102,-47.92237104
2.103,-47.77997662
2.104,-47.70814223
2.105,-47.8273388
2.106,-48.09182418
2.107,-47.9604543
2.108,-47.60151291
2.109,-47.46368866
2.11,-47.74468971
2.111,-47.67879863
2.112,-47.63101822
2.113,-47.70361057
2.114,-47.77843831
2.115,-47.70543102
2.116,-47.67298187
2.117,-47.83882378
2.118,-47.90800657
2.119,-47.72666701
2.12,-47.49687789
2.121,-47.40098765
2.122,-47.73682012
2.123,-47.95778921
2.124,-47.93094665
2.125,-47.62091594
2.126,-47.50870086
2.127,-47.72158177
2.128,-47.79745836
2.129,-47.73672988
2.13,-47.82631329
2.131,-47.9195004
2.132,-47.73921746
2.133,-47.54290889
2.134,-47.58393553
2.135,-47.87304616
2.136,-47.762737
2.137,-47.47918967
2.138,-47.48806754
2.139,-47.62244654
2.14,-47.72659053
2.141,-47.64305598
2.142,-47.83244253
2.143,-47.97209741
2.144,-47.70336058
2.145,-47.6967507
2.146,-47.80389591
2.147,-47.82546986
2.148,-47.78875034
2.149,-47.78293731
2.15,-47.74946862
2.151,-47.6342308
2.152,-47.66585109
2.153,-47.7871523
2.154,-47.7770644
2.155,-47.58448431
2.156,-47.47035254
2.157,-47.47259991
2.158,-47.80170816
2.159,-47.85341567
2.16,-47.88160986
2.161,-47.82326507
2.162,-47.53406773
2.163,-47.67072947
2.164,-47.80578417
2.165,-47.77056229
2.166,-47.73532697
2.167,-47.59073803
2.168,-47.45444629
2.169,-47.49789058
2.17,-47.59644735
2.171,-47.81934001
2.172,-47.99333479
2.173,-47.78931393
2.174,-47.68129648
2.175,-47.85720899
2.176,-47.7934143
2.177,-47.60176748
2.178,-47.59195312
2.179,-47.67560253
2.18,-47.49693861
2.181,-47.59006749
2.182,-47.68871537
2.183,-47.85429444
2.184,-48.02276362
2.185,-47.87805406
2.186,-47.67562934
2.187,-47.72564963
2.188,-47.84119643
2.189,-47.6851677
2.19,-47.68852224
2.191,-47.80748245
2.192,-47.57659761
2.193,-47.54851612
2.194,-47.70418354
2.195,-48.08633999
2.196,-48.10034008
2.197,-47.75853193
2.198,-47.35865717
2.199,-47.68846271
2.2,-47.9527562
2.201,-47.88957303
2.202,-47.64293069
2.203,-47.53673188
2.204,-47.72609197
2.205,-47.83475355
2.206,-47.75969473
2.207,-47.75570249
2.208,-47.90022119
2.209,-47.62471055
2.21,-47.36044612
2.211,-47.40328706
2.212,-47.69961189
2.213,-47.89588074
2.214,-47.99490448
2.215,-47.79869983
2.216,-47.7765691
2.217,-48.03345458
2.218,-47.98128179
2.219,-47.82842031
2.22,-47.75695067
2.221,-47.48508373
2.222,-47.37757468
2.223,-47.46078195
2.224,-47.53750546
2.225,-47.72667031
2.226,-47.99742245
2.227,-48.10091524
2.228,-47.79392146
2.229,-47.71827352
2.23,-47.7553197
2.231,-47.90342985
2.232,-47.83634026
2.233,-47.57317193
2.234,-47.45497263
2.235,-47.65662827
2.236,-47.882228
2.237,-47.96787562
2.238,-47.98769607
2.239,-47.7937427
2.24,-47.75192242
2.241,-47.8535804
2.242,-47.60818308
2.243,-47.51387748
2.244,-47.72318522
2.245,-47.60681614
2.246,-47.38790164
2.247,-47.62226823
2.248,-47.99675502
2.249,-48.21449542
2.25,-47.90070735
2.251,-47.34249981
2.252,-47.44514986
2.253,-47.83683697
2.254,-47.69956344
2.255,-47.54418105
2.256,-47.67089939
2.257,-47.81102499
2.258,-47.79436526
2.259,-47.93014271
2.26,-47.98888838
2.261,-47.97376358
2.262,-47.93350904
2.263,-47.51996988
2.264,-47.25460904
2.265,-47.39809549
2.266,-47.35972182
2.267,-47.56269682
2.268,-48.00698025
2.269,-48.00713314
2.27,-47.86551749
2.271,-48.03522576
2.272,-47.98612812
2.273,-47.86168464
2.274,-47.75641415
2.275,-47.52911428
2.276,-47.36445194
2.277,-47.62955786
2.278,-47.68486365
2.279,-47.68727788
2.28,-47.97013349
2.281,-47.91744114
2.282,-47.75396849
2.283,-47.75200003
2.284,-47.79814296
2.285,-47.80808201
2.286,-47.76109443
2.287,-47.34580378
2.288,-47.26300911
2.289,-47.80195397
2.29,-48.18868288
2.291,-48.10935177
2.292,-47.89686643
2.293,-47.6909118
2.294,-47.55545469
2.295,-47.58443962
2.296,-47.47834888
2.297,-47.62687465
2.298,-47.74489204
2.299,-47.55840719
2.3,-47.54852343
2.301,-47.96955957
2.302,-47.99823041
2.303,-48.11620712
2.304,-48.10873008
2.305,-47.80082042
2.306,-47.40303374
2.307,-47.36769862
2.308,-47.42151312
2.309,-47.69572494
2.31,-47.72302757
2.311,-47.67467118
2.312,-47.63882556
2.313,-48.02780033
2.314,-48.20518907
2.315,-47.95908032
2.316,-47.68188494
2.317,-47.6318041
2.318,-47.53288328
2.319,-47.53526225
2.32,-47.47251485
2.321,-47.77684522
2.322,-48.02132063
2.323,-47.72506227
2.324,-47.65712093
2.325,-47.91122125
2.326,-48.27157836
2.327,-48.16623372
2.328,-47.56965542
2.329,-47.17239063
2.33,-47.46077204
2.331,-47.67114147
2.332,-47.60131095
2.333,-47.70286659
2.334,-47.97103622
2.335,-47.75184581
2.336,-47.69260768
2.337,-47.73482848
2.338,-47.65951851
2.339,-47.71027972
2.34,-47.70015913
2.341,-47.47120629
2.342,-47.55849287
2.343,-47.84830404
2.344,-47.9241011
2.345,-48.15711932
2.346,-48.14844352
2.347,-47.8768003
2.348,-47.6154988
2.349,-47.5694192
2.35,-47.5589848
2.351,-47.50126717
2.352,-47.47804275
2.353,-47.50961994
2.354,-47.55370171
2.355,-47.84297592
2.356,-48.06862464
2.357,-48.18769466
2.358,-48.00603969
2.359,-47.58829553
2.36,-47.57262783
2.361,-47.5581423
2.362,-47.61051072
2.363,-47.795755
2.364,-47.6387478
2.365,-47.4543768
2.366,-47.79757604
2.367,-48.05563619
2.368,-48.10099718
2.369,-48.04617632
2.37,-47.79755202
2.371,-47.35593829
2.372,-47.33688141
2.373,-47.48643855
2.374,-47.61602302
2.375,-47.78894971
2.376,-47.7824844
2.377,-47.46827077
2.378,-47.87917597
2.379,-48.07353597
2.38,-47.81738708
2.381,-47.65839521
2.382,-47.57960899
2.383,-47.44466305
2.384,-47.47372681
2.385,-47.60209747
2.386,-47.78570104
2.387,-48.05140161
2.388,-48.04268313
2.389,-47.83553069
2.39,-47.75046718
2.391,-47.90072922
2.392,-47.62684059
2.393,-47.49553575
2.394,-47.55416262
2.395,-47.36375594
2.396,-47.5700544
2.397,-47.81728996
2.398,-47.80389264
2.399,-48.22095805
2.4,-48.12988851
2.401,-47.6895974
2.402,-47.58016553
2.403,-47.67113498
2.404,-47.63812916
2.405,-47.61388189
2.406,-47.55413669
2.407,-47.45228594
2.408,-47.67415852
2.409,-48.01441854
2.41,-48.20091689
2.411,-48.13963614
2.412,-47.87842162
2.413,-47.52960483
2.414,-47.60180061
2.415,-47.63511383
2.416,-47.66244953
2.417,-47.64788982
2.418,-47.68193572
2.419,-47.57285813
2.42,-47.72299012
2.421,-47.69993802
2.422,-47.81793718
2.423,-47.89463705
2.424,-47.65318559
2.425,-47.26873761
2.426,-47.48042445
2.427,-47.77915259
2.428,-47.71965877
2.429,-47.97017057
2.43,-48.05914109
2.431,-47.69563452
2.432,-47.89435038
2.433,-47.83583517
2.434,-47.72337542
2.435,-47.88996608
2.436,-47.6285699
2.437,-47.36868036
2.438,-47.42008432
2.439,-47.7096769
2.44,-47.87037938
2.441,-48.02559315
2.442,-47.88657374
2.443,-47.82984904
2.444,-47.78749866
2.445,-47.86418976
2.446,-47.73494742
2.447,-47.74611722
2.448,-47.61963321
2.449,-47.36994484
2.45,-47.62766185
