#Exudyn implicit second order time integration sensor output file
#measure Object number = 485
#OutputVariableType = Force
#simulation started = 2022-04-08,00:48:31
#columns contain: time, comma separated sensor values (e.g, x,y,z position coordinates)
#number of sensor values = 1
#Exudyn version = 1.2.34.dev1; Python3.9.11; Windows AVX2 FLOAT64
#
0,0
0.001,0.0004126901594
0.002,0.0002372569863
0.003,-0.0004770737547
0.004,-0.0006857324189
0.005,-0.0002126490166
0.006,-0.0001133093689
0.007,-0.0001424591665
0.008,-0.0002051128952
0.009,-0.0002502003009
0.01,-0.0003253564544
0.011,-0.0002796783279
0.012,-0.000173749407
0.013,-0.0001723498745
0.014,-5.079484894e-05
0.015,-0.0001241961842
0.016,-0.000182986363
0.017,-0.0002683177344
0.018,-0.0002702156249
0.019,-8.726846677e-05
0.02,-0.000114342331
0.021,-9.233763675e-05
0.022,-0.0001706055509
0.023,-0.0001569428007
0.024,-0.0001449198529
0.025,-4.59164186e-05
0.026,-5.847201445e-05
0.027,-8.119902017e-05
0.028,3.727942966e-06
0.029,-0.0001527326438
0.03,-6.875766646e-05
0.031,-4.78791405e-05
0.032,-3.174733231e-05
0.033,1.762762942e-05
0.034,5.804680178e-05
0.035,5.791100351e-05
0.036,-6.047471584e-05
0.037,9.389597064e-06
0.038,-1.391366579e-05
0.039,4.494715547e-05
0.04,6.859935365e-05
0.041,6.44818175e-06
0.042,1.633305905e-05
0.043,5.928914177e-05
0.044,9.573536155e-05
0.045,3.929028069e-05
0.046,0.0001211737478
0.047,8.962870409e-05
0.048,0.0001563222524
0.049,0.0001201584222
0.05,8.132026736e-05
0.051,-0.09305799862
0.052,-0.1285765563
0.053,-0.164078295
0.054,-0.1995942024
0.055,-0.235735376
0.056,-0.2813652902
0.057,-0.3535209227
0.058,-0.4486536943
0.059,-0.551515425
0.06,-0.6550382236
0.061,-0.7590820846
0.062,-0.868385117
0.063,-0.9931855517
0.064,-1.137579603
0.065,-1.295481502
0.066,-1.457177564
0.067,-1.619907542
0.068,-1.784978652
0.069,-1.957610027
0.07,-2.144133906
0.071,-2.343108076
0.072,-2.54912015
0.073,-2.756450154
0.074,-2.964427862
0.075,-3.174719357
0.076,-3.391385087
0.077,-3.616597889
0.078,-3.84910647
0.079,-4.083243001
0.08,-4.317205365
0.081,-4.550308501
0.082,-4.785073398
0.083,-5.023560475
0.084,-5.264605493
0.085,-5.508213614
0.086,-5.751560145
0.087,-5.993047592
0.088,-6.231233434
0.089,-6.469103148
0.09,-6.70747824
0.091,-6.946612986
0.092,-7.183801189
0.093,-7.419644736
0.094,-7.651385412
0.095,-7.878870439
0.096,-8.101217601
0.097,-8.323211049
0.098,-8.542784148
0.099,-8.759497097
0.1,-8.971174687
0.101,-9.178896445
0.102,-9.380122868
0.103,-9.577060382
0.104,-9.769576896
0.105,-9.958209187
0.106,-10.14099085
0.107,-10.31862495
0.108,-10.48926141
0.109,-10.65608869
0.11,-10.8167719
0.111,-10.97072003
0.112,-11.11821715
0.113,-11.26109251
0.114,-11.39861565
0.115,-11.52822225
0.116,-11.65134326
0.117,-11.76925433
0.118,-11.8785476
0.119,-11.98261481
0.12,-12.08015259
0.121,-12.17131415
0.122,-12.25761712
0.123,-12.33395276
0.124,-12.4045501
0.125,-12.46983599
0.126,-12.52682933
0.127,-12.57693424
0.128,-12.62357576
0.129,-12.66271365
0.13,-12.69154007
0.131,-12.71539288
0.132,-12.73214712
0.133,-12.74066844
0.134,-12.74489268
0.135,-12.74410359
0.136,-12.73828761
0.137,-12.72449865
0.138,-12.70391008
0.139,-12.67893412
0.14,-12.64638129
0.141,-12.60988009
0.142,-12.57009991
0.143,-12.52439269
0.144,-12.47312975
0.145,-12.41984376
0.146,-12.35830048
0.147,-12.29227406
0.148,-12.22414138
0.149,-12.15533028
0.15,-12.07837454
0.151,-11.99980647
0.152,-11.92100772
0.153,-11.83592038
0.154,-11.74714134
0.155,-11.66084008
0.156,-11.57002772
0.157,-11.47633743
0.158,-11.38358634
0.159,-11.28892299
0.16,-11.19188791
0.161,-11.09362961
0.162,-10.99936383
0.163,-10.90375159
0.164,-10.80486426
0.165,-10.70935981
0.166,-10.6159064
0.167,-10.51778298
0.168,-10.4254966
0.169,-10.33486321
0.17,-10.24408438
0.171,-10.15634169
0.172,-10.07031257
0.173,-9.985289289
0.174,-9.904732974
0.175,-9.828395233
0.176,-9.753428918
0.177,-9.680347682
0.178,-9.612864347
0.179,-9.546325348
0.18,-9.483469332
0.181,-9.428390427
0.182,-9.371514924
0.183,-9.32135633
0.184,-9.278026413
0.185,-9.23764096
0.186,-9.199157001
0.187,-9.169252234
0.188,-9.138454893
0.189,-9.116643578
0.19,-9.098562318
0.191,-9.085015488
0.192,-9.080932967
0.193,-9.077999409
0.194,-9.07733848
0.195,-9.084784511
0.196,-9.100885744
0.197,-9.11754942
0.198,-9.142856733
0.199,-9.171580345
0.2,-9.205246154
0.201,-9.243269232
0.202,-9.288162529
0.203,-9.338482907
0.204,-9.39162179
0.205,-9.450307743
0.206,-9.51232171
0.207,-9.583039478
0.208,-9.654686926
0.209,-9.731669293
0.21,-9.813996968
0.211,-9.901555217
0.212,-9.99112636
0.213,-10.08694807
0.214,-10.18347614
0.215,-10.28820533
0.216,-10.39287831
0.217,-10.50321771
0.218,-10.61320288
0.219,-10.73283691
0.22,-10.84883768
0.221,-10.97028461
0.222,-11.09447356
0.223,-11.2233267
0.224,-11.34691228
0.225,-11.48063104
0.226,-11.61140012
0.227,-11.74360165
0.228,-11.88188248
0.229,-12.01886514
0.23,-12.16026613
0.231,-12.29508612
0.232,-12.43521766
0.233,-12.57922439
0.234,-12.71574493
0.235,-12.86298173
0.236,-12.99699453
0.237,-13.14560564
0.238,-13.278032
0.239,-13.42147131
0.24,-13.55740844
0.241,-13.69723205
0.242,-13.83336634
0.243,-13.97144453
0.244,-14.10511401
0.245,-14.24307738
0.246,-14.36920958
0.247,-14.49758492
0.248,-14.62876234
0.249,-14.7550759
0.25,-14.87970303
0.251,-14.9967313
0.252,-15.11854329
0.253,-15.2302409
0.254,-15.34733146
0.255,-15.45969209
0.256,-15.56732574
0.257,-15.67258005
0.258,-15.77426597
0.259,-15.87409356
0.26,-15.97246137
0.261,-16.06681163
0.262,-16.15017185
0.263,-16.23646994
0.264,-16.32642408
0.265,-16.40606726
0.266,-16.47558798
0.267,-16.55253752
0.268,-16.62393088
0.269,-16.68877059
0.27,-16.75198935
0.271,-16.81214245
0.272,-16.86608123
0.273,-16.9221381
0.274,-16.96636101
0.275,-17.01145779
0.276,-17.06002065
0.277,-17.09708261
0.278,-17.1321372
0.279,-17.17266992
0.28,-17.19069585
0.281,-17.22189936
0.282,-17.25292573
0.283,-17.26029595
0.284,-17.28234867
0.285,-17.30085583
0.286,-17.31221627
0.287,-17.3129995
0.288,-17.32907958
0.289,-17.33068691
0.29,-17.33375568
0.291,-17.32868097
0.292,-17.32677373
0.293,-17.32074843
0.294,-17.3117124
0.295,-17.30658849
0.296,-17.29704895
0.297,-17.28523623
0.298,-17.26390922
0.299,-17.25379657
0.3,-17.23534088
0.301,-17.21875219
0.302,-17.20382492
0.303,-17.1732295
0.304,-17.15123249
0.305,-17.13807876
0.306,-17.11514315
0.307,-17.08947541
0.308,-17.07169513
0.309,-17.03771489
0.31,-17.00727276
0.311,-16.9981713
0.312,-16.97534206
0.313,-16.9480852
0.314,-16.92067788
0.315,-16.90116632
0.316,-16.87548746
0.317,-16.85116356
0.318,-16.83490441
0.319,-16.81289123
0.32,-16.7948223
0.321,-16.77628098
0.322,-16.75842093
0.323,-16.74261874
0.324,-16.72938133
0.325,-16.70892603
0.326,-16.70365746
0.327,-16.69090368
0.328,-16.68480651
0.329,-16.68201654
0.33,-16.67432277
0.331,-16.66779529
0.332,-16.6600133
0.333,-16.6659651
0.334,-16.67230009
0.335,-16.68461444
0.336,-16.68774668
0.337,-16.69428318
0.338,-16.70825738
0.339,-16.72574535
0.34,-16.73875412
0.341,-16.75365406
0.342,-16.78284423
0.343,-16.7977028
0.344,-16.81700693
0.345,-16.85506049
0.346,-16.88879237
0.347,-16.91731728
0.348,-16.95219606
0.349,-16.98629899
0.35,-17.03418302
0.351,-17.06942611
0.352,-17.11083266
0.353,-17.1672117
0.354,-17.20612712
0.355,-17.25808834
0.356,-17.32655064
0.357,-17.37849235
0.358,-17.43711144
0.359,-17.49066124
0.36,-17.54786879
0.361,-17.61033026
0.362,-17.68344258
0.363,-17.74122309
0.364,-17.80272855
0.365,-17.87782098
0.366,-17.95083256
0.367,-18.01998253
0.368,-18.09670836
0.369,-18.17745789
0.37,-18.24780534
0.371,-18.33087282
0.372,-18.41243175
0.373,-18.48946905
0.374,-18.57551855
0.375,-18.65857815
0.376,-18.74138251
0.377,-18.82827158
0.378,-18.91010255
0.379,-18.9973208
0.38,-19.0797885
0.381,-19.151818
0.382,-19.25344009
0.383,-19.33489357
0.384,-19.43040877
0.385,-19.52305761
0.386,-19.60425546
0.387,-19.68944928
0.388,-19.78678105
0.389,-19.87051679
0.39,-19.95066883
0.391,-20.04373718
0.392,-20.12548068
0.393,-20.21627803
0.394,-20.29472071
0.395,-20.38863601
0.396,-20.46041108
0.397,-20.54641313
0.398,-20.63288594
0.399,-20.71200977
0.4,-20.79288026
0.401,-20.87053837
0.402,-20.95086869
0.403,-21.02453586
0.404,-21.10027085
0.405,-21.17772003
0.406,-21.23603943
0.407,-21.31433263
0.408,-21.38470435
0.409,-21.45675343
0.41,-21.52662275
0.411,-21.59025827
0.412,-21.65251562
0.413,-21.72219291
0.414,-21.78424816
0.415,-21.84363976
0.416,-21.91053202
0.417,-21.96820492
0.418,-22.0171431
0.419,-22.07234341
0.42,-22.12295338
0.421,-22.17976668
0.422,-22.23391782
0.423,-22.28788481
0.424,-22.32436317
0.425,-22.37092799
0.426,-22.41532879
0.427,-22.45906787
0.428,-22.50707661
0.429,-22.53660719
0.43,-22.57128144
0.431,-22.60074114
0.432,-22.64914458
0.433,-22.68786115
0.434,-22.71378936
0.435,-22.74227715
0.436,-22.76946829
0.437,-22.80841525
0.438,-22.84586596
0.439,-22.85895518
0.44,-22.88615031
0.441,-22.90850693
0.442,-22.93965487
0.443,-22.9519139
0.444,-22.98019591
0.445,-23.00080266
0.446,-23.02551494
0.447,-23.03562946
0.448,-23.05249692
0.449,-23.06973523
0.45,-23.08997348
0.451,-23.1084541
0.452,-23.11691071
0.453,-23.12836439
0.454,-23.14507835
0.455,-23.16664878
0.456,-23.18318234
0.457,-23.19553333
0.458,-23.20230501
0.459,-23.20946901
0.46,-23.2410804
0.461,-23.25035307
0.462,-23.25669846
0.463,-23.26402759
0.464,-23.2818686
0.465,-23.29509495
0.466,-23.30477517
0.467,-23.31170651
0.468,-23.35002544
0.469,-23.34765843
0.47,-23.35982534
0.471,-23.38161615
0.472,-23.38044833
0.473,-23.40442404
0.474,-23.42837175
0.475,-23.43389881
0.476,-23.44912285
0.477,-23.46577255
0.478,-23.49757014
0.479,-23.52454479
0.48,-23.53357907
0.481,-23.54658698
0.482,-23.56922838
0.483,-23.59133295
0.484,-23.62434422
0.485,-23.63579489
0.486,-23.65893417
0.487,-23.69535589
0.488,-23.71299562
0.489,-23.74145534
0.49,-23.77264212
0.491,-23.80153762
0.492,-23.83518275
0.493,-23.85981196
0.494,-23.87855376
0.495,-23.92383193
0.496,-23.95737651
0.497,-23.98866733
0.498,-24.03402984
0.499,-24.05670398
0.5,-24.05236327
0.501,-24.09511483
0.502,-24.11397836
0.503,-24.15408268
0.504,-24.19421616
0.505,-24.232955
0.506,-24.27842793
0.507,-24.30969706
0.508,-24.31353788
0.509,-24.34453908
0.51,-24.3584406
0.511,-24.40457502
0.512,-24.4444167
0.513,-24.50061023
0.514,-24.55030018
0.515,-24.61276175
0.516,-24.6372151
0.517,-24.68542425
0.518,-24.69225613
0.519,-24.74883899
0.52,-24.76934674
0.521,-24.77113568
0.522,-24.79053306
0.523,-24.84403989
0.524,-24.88171033
0.525,-24.93329005
0.526,-24.96288314
0.527,-24.97822066
0.528,-25.01282404
0.529,-25.03337161
0.53,-25.0616169
0.531,-25.11106048
0.532,-25.17324599
0.533,-25.22047595
0.534,-25.27173863
0.535,-25.30117814
0.536,-25.31666201
0.537,-25.34604039
0.538,-25.39310729
0.539,-25.43689567
0.54,-25.50707387
0.541,-25.5708476
0.542,-25.61781237
0.543,-25.67192246
0.544,-25.69417654
0.545,-25.73281148
0.546,-25.76774791
0.547,-25.76485866
0.548,-25.82659875
0.549,-25.88367428
0.55,-25.94483576
0.551,-25.99887268
0.552,-26.04743706
0.553,-26.07540287
0.554,-26.12527369
0.555,-26.14665748
0.556,-26.19613976
0.557,-26.24894924
0.558,-26.31242862
0.559,-26.37810213
0.56,-26.43799695
0.561,-26.48003015
0.562,-26.51511772
0.563,-26.58303996
0.564,-26.62211348
0.565,-26.67433472
0.566,-26.74975987
0.567,-26.7896779
0.568,-26.8621377
0.569,-26.91637757
0.57,-26.97027514
0.571,-27.01280408
0.572,-27.08712478
0.573,-27.1237651
0.574,-27.19745203
0.575,-27.25587133
0.576,-27.30415912
0.577,-27.3697746
0.578,-27.42810954
0.579,-27.4750182
0.58,-27.52883853
0.581,-27.60054907
0.582,-27.65283195
0.583,-27.70062391
0.584,-27.77258505
0.585,-27.81161234
0.586,-27.86481899
0.587,-27.91764573
0.588,-27.97674855
0.589,-28.02335491
0.59,-28.0905289
0.591,-28.14076925
0.592,-28.19724764
0.593,-28.22905673
0.594,-28.2865088
0.595,-28.33673914
0.596,-28.37910037
0.597,-28.41601222
0.598,-28.48373867
0.599,-28.53481848
0.6,-28.57265848
0.601,-28.55254691
0.602,-28.57690397
0.603,-28.57884663
0.604,-28.58298117
0.605,-28.58922683
0.606,-28.59934909
0.607,-28.61997063
0.608,-28.60795297
0.609,-28.58926668
0.61,-28.54255588
0.611,-28.51179514
0.612,-28.46117864
0.613,-28.39447907
0.614,-28.32466708
0.615,-28.28377383
0.616,-28.22907152
0.617,-28.14678266
0.618,-28.05574984
0.619,-27.96438902
0.62,-27.87083441
0.621,-27.77571514
0.622,-27.66539351
0.623,-27.55423156
0.624,-27.4305378
0.625,-27.3171463
0.626,-27.19343629
0.627,-27.05783676
0.628,-26.91380107
0.629,-26.79588411
0.63,-26.64498461
0.631,-26.50770083
0.632,-26.3680624
0.633,-26.2021469
0.634,-26.04451528
0.635,-25.87818147
0.636,-25.72321279
0.637,-25.57291696
0.638,-25.41706214
0.639,-25.24788489
0.64,-25.09521095
0.641,-24.91915173
0.642,-24.75028489
0.643,-24.58785462
0.644,-24.40907561
0.645,-24.24161326
0.646,-24.07023434
0.647,-23.92147648
0.648,-23.75789665
0.649,-23.5871402
0.65,-23.41469301
0.651,-23.25926628
0.652,-23.10039489
0.653,-22.94123615
0.654,-22.773621
0.655,-22.61994785
0.656,-22.47638029
0.657,-22.32652215
0.658,-22.18274679
0.659,-22.04975894
0.66,-21.9050064
0.661,-21.75121153
0.662,-21.62245656
0.663,-21.49079712
0.664,-21.38149222
0.665,-21.26234784
0.666,-21.14078633
0.667,-21.01945701
0.668,-20.91900618
0.669,-20.81588338
0.67,-20.71076105
0.671,-20.61625401
0.672,-20.52857437
0.673,-20.44746439
0.674,-20.36258762
0.675,-20.29306991
0.676,-20.23320644
0.677,-20.1697377
0.678,-20.09777554
0.679,-20.04295201
0.68,-20.00039926
0.681,-19.96368361
0.682,-19.93356363
0.683,-19.8903325
0.684,-19.86851702
0.685,-19.83737976
0.686,-19.82785764
0.687,-19.82948002
0.688,-19.81997029
0.689,-19.82188471
0.69,-19.82130896
0.691,-19.8187117
0.692,-19.84691338
0.693,-19.87223791
0.694,-19.90188815
0.695,-19.92593479
0.696,-19.95584005
0.697,-19.9966685
0.698,-20.03885546
0.699,-20.08249758
0.7,-20.14097384
0.701,-20.19133737
0.702,-20.25047388
0.703,-20.30817059
0.704,-20.38278271
0.705,-20.45596757
0.706,-20.53282529
0.707,-20.60233705
0.708,-20.679167
0.709,-20.7519821
0.71,-20.84851327
0.711,-20.9292806
0.712,-21.02911143
0.713,-21.12001682
0.714,-21.20669098
0.715,-21.30520389
0.716,-21.40770575
0.717,-21.50502084
0.718,-21.5963235
0.719,-21.70011318
0.72,-21.80163983
0.721,-21.9124111
0.722,-22.02160475
0.723,-22.10939421
0.724,-22.21745535
0.725,-22.32969145
0.726,-22.4274233
0.727,-22.53120255
0.728,-22.63461563
0.729,-22.74439861
0.73,-22.84202809
0.731,-22.9471629
0.732,-23.04708381
0.733,-23.15048368
0.734,-23.24023601
0.735,-23.33798763
0.736,-23.43851352
0.737,-23.53843477
0.738,-23.62784881
0.739,-23.71465943
0.74,-23.81379666
0.741,-23.89877009
0.742,-23.97574505
0.743,-24.05759866
0.744,-24.14564298
0.745,-24.229669
0.746,-24.29829201
0.747,-24.36950398
0.748,-24.44433024
0.749,-24.51869077
0.75,-24.58044602
0.751,-24.63738095
0.752,-24.70544162
0.753,-24.77036327
0.754,-24.80831303
0.755,-24.87163056
0.756,-24.92509624
0.757,-24.97103239
0.758,-25.00675443
0.759,-25.04843081
0.76,-25.09377824
0.761,-25.12586092
0.762,-25.1474978
0.763,-25.1874739
0.764,-25.2193389
0.765,-25.24439805
0.766,-25.25440972
0.767,-25.27401516
0.768,-25.2862253
0.769,-25.30298962
0.77,-25.31375283
0.771,-25.32067375
0.772,-25.32433701
0.773,-25.32751186
0.774,-25.32306535
0.775,-25.32677179
0.776,-25.31246915
0.777,-25.29607905
0.778,-25.29281678
0.779,-25.28096897
0.78,-25.26884887
0.781,-25.24537475
0.782,-25.21458304
0.783,-25.20450324
0.784,-25.17372402
0.785,-25.13922169
0.786,-25.11802133
0.787,-25.07660063
0.788,-25.04422968
0.789,-25.0187756
0.79,-24.98502837
0.791,-24.93550224
0.792,-24.88552709
0.793,-24.84625558
0.794,-24.81631349
0.795,-24.76026097
0.796,-24.71421225
0.797,-24.65938009
0.798,-24.62063031
0.799,-24.56790066
0.8,-24.51203283
0.801,-24.4554289
0.802,-24.40446001
0.803,-24.34886605
0.804,-24.30055965
0.805,-24.23956345
0.806,-24.18308005
0.807,-24.12625077
0.808,-24.07011226
0.809,-24.01646658
0.81,-23.95406809
0.811,-23.89050381
0.812,-23.83441109
0.813,-23.77944675
0.814,-23.73601372
0.815,-23.66914144
0.816,-23.60583114
0.817,-23.5525687
0.818,-23.4877041
0.819,-23.44215943
0.82,-23.39616666
0.821,-23.33949977
0.822,-23.27746836
0.823,-23.22749895
0.824,-23.17178906
0.825,-23.13258975
0.826,-23.07994631
0.827,-23.02602054
0.828,-22.98114097
0.829,-22.92923066
0.83,-22.90087296
0.831,-22.85150543
0.832,-22.80961224
0.833,-22.77241942
0.834,-22.72555552
0.835,-22.68385902
0.836,-22.65347708
0.837,-22.62577547
0.838,-22.60099907
0.839,-22.56389411
0.84,-22.52324688
0.841,-22.50028631
0.842,-22.48244197
0.843,-22.45728513
0.844,-22.43830762
0.845,-22.41413551
0.846,-22.38914576
0.847,-22.37912459
0.848,-22.36823957
0.849,-22.35722143
0.85,-22.34560363
0.851,-22.32827344
0.852,-22.30992802
0.853,-22.32272862
0.854,-22.326495
0.855,-22.32320379
0.856,-22.30958522
0.857,-22.30176977
0.858,-22.313884
0.859,-22.32454782
0.86,-22.33412279
0.861,-22.33918185
0.862,-22.33480593
0.863,-22.35052173
0.864,-22.36931662
0.865,-22.39110783
0.866,-22.40175826
0.867,-22.40277846
0.868,-22.41438956
0.869,-22.44248022
0.87,-22.4773524
0.871,-22.49810525
0.872,-22.50210035
0.873,-22.51532797
0.874,-22.54576138
0.875,-22.58933848
0.876,-22.60823388
0.877,-22.62521203
0.878,-22.63804925
0.879,-22.67107869
0.88,-22.71224024
0.881,-22.74057807
0.882,-22.75713285
0.883,-22.7808543
0.884,-22.79945777
0.885,-22.84384187
0.886,-22.88330869
0.887,-22.90624169
0.888,-22.92187982
0.889,-22.94546014
0.89,-22.98079605
0.891,-23.02551024
0.892,-23.04456912
0.893,-23.06206537
0.894,-23.08304808
0.895,-23.12248326
0.896,-23.16142023
0.897,-23.18480127
0.898,-23.19628826
0.899,-23.2132091
0.9,-23.24823655
0.901,-23.28948064
0.902,-23.30255831
0.903,-23.32458148
0.904,-23.33774176
0.905,-23.36992421
0.906,-23.40038149
0.907,-23.41633506
0.908,-23.43754764
0.909,-23.43893591
0.91,-23.46899258
0.911,-23.50236262
0.912,-23.5142653
0.913,-23.53365757
0.914,-23.53658178
0.915,-23.55274264
0.916,-23.5834319
0.917,-23.59846321
0.918,-23.6034096
0.919,-23.61198891
0.92,-23.62907394
0.921,-23.65352358
0.922,-23.66118013
0.923,-23.66300092
0.924,-23.66715726
0.925,-23.68145708
0.926,-23.7019082
0.927,-23.70542732
0.928,-23.70835002
0.929,-23.71094676
0.93,-23.72235233
0.931,-23.73486622
0.932,-23.73576416
0.933,-23.73380169
0.934,-23.73335088
0.935,-23.73679754
0.936,-23.75130743
0.937,-23.74879669
0.938,-23.751962
0.939,-23.74189275
0.94,-23.74032207
0.941,-23.75193496
0.942,-23.74865885
0.943,-23.73435617
0.944,-23.73933804
0.945,-23.7300457
0.946,-23.73782313
0.947,-23.73726625
0.948,-23.72153242
0.949,-23.71026493
0.95,-23.71128264
0.951,-23.7090632
0.952,-23.7082809
0.953,-23.69178554
0.954,-23.68564054
0.955,-23.6756663
0.956,-23.67447089
0.957,-23.66844201
0.958,-23.65351209
0.959,-23.63769112
0.96,-23.63255029
0.961,-23.62975461
0.962,-23.62848402
0.963,-23.61187376
0.964,-23.59194766
0.965,-23.5847405
0.966,-23.57691547
0.967,-23.57546009
0.968,-23.55974815
0.969,-23.54178152
0.97,-23.53101943
0.971,-23.52715551
0.972,-23.53081481
0.973,-23.50480038
0.974,-23.48366532
0.975,-23.47724009
0.976,-23.46641416
0.977,-23.46819926
0.978,-23.46026074
0.979,-23.4296161
0.98,-23.42158047
0.981,-23.41436865
0.982,-23.41365418
0.983,-23.4043004
0.984,-23.37997306
0.985,-23.36497831
0.986,-23.36083412
0.987,-23.3650569
0.988,-23.36307143
0.989,-23.3362149
0.99,-23.31368128
0.991,-23.30918928
0.992,-23.31354553
0.993,-23.31648095
0.994,-23.29804516
0.995,-23.2774346
0.996,-23.26622969
0.997,-23.27558992
0.998,-23.27489834
0.999,-23.26575401
1,-23.23878035
1.001,-23.22871994
1.002,-23.23743526
1.003,-23.24786824
1.004,-23.23756286
1.005,-23.22042245
1.006,-23.2029894
1.007,-23.20418319
1.008,-23.21682256
1.009,-23.21597191
1.01,-23.19859141
1.011,-23.18727211
1.012,-23.18605282
1.013,-23.20141678
1.014,-23.20561674
1.015,-23.19390255
1.016,-23.16876069
1.017,-23.17082563
1.018,-23.18704688
1.019,-23.2045557
1.02,-23.19555289
1.021,-23.175627
1.022,-23.17159854
1.023,-23.18564604
1.024,-23.20081705
1.025,-23.20422024
1.026,-23.18297441
1.027,-23.18296518
1.028,-23.19696229
1.029,-23.21795356
1.03,-23.2230029
1.031,-23.21000705
1.032,-23.200338
1.033,-23.21228102
1.034,-23.23048007
1.035,-23.25654267
1.036,-23.24810788
1.037,-23.23635329
1.038,-23.24538684
1.039,-23.27360614
1.04,-23.29009071
1.041,-23.29140261
1.042,-23.27922367
1.043,-23.28785755
1.044,-23.3219033
1.045,-23.34748132
1.046,-23.35113997
1.047,-23.34312122
1.048,-23.34841775
1.049,-23.37636794
1.05,-23.40733033
1.051,-23.41892313
1.052,-23.41916282
1.053,-23.4231983
1.054,-23.45274701
1.055,-23.48845602
1.056,-23.51151289
1.057,-23.50414625
1.058,-23.51318812
1.059,-23.53645286
1.06,-23.58360294
1.061,-23.61165462
1.062,-23.61338597
1.063,-23.62321364
1.064,-23.64643283
1.065,-23.69061824
1.066,-23.72699615
1.067,-23.72763157
1.068,-23.74280989
1.069,-23.77622687
1.07,-23.81986429
1.071,-23.85476683
1.072,-23.86956915
1.073,-23.87956928
1.074,-23.91715835
1.075,-23.95970976
1.076,-23.99775379
1.077,-24.02235532
1.078,-24.04221435
1.079,-24.07492408
1.08,-24.12523492
1.081,-24.16443637
1.082,-24.1898642
1.083,-24.20923302
1.084,-24.24712062
1.085,-24.29992176
1.086,-24.34997051
1.087,-24.3757287
1.088,-24.40249038
1.089,-24.44307887
1.09,-24.49604418
1.091,-24.53901946
1.092,-24.57324483
1.093,-24.60625377
1.094,-24.65712194
1.095,-24.70606962
1.096,-24.75809081
1.097,-24.79315879
1.098,-24.82831254
1.099,-24.88360232
1.1,-24.93159006
1.101,-24.97849066
1.102,-25.0289956
1.103,-25.06880827
1.104,-25.12043357
1.105,-25.17854864
1.106,-25.22795022
1.107,-25.27212168
1.108,-25.31695735
1.109,-25.37468261
1.11,-25.4300331
1.111,-25.49017347
1.112,-25.53615335
1.113,-25.5834554
1.114,-25.64224076
1.115,-25.70242454
1.116,-25.75451537
1.117,-25.81016994
1.118,-25.85826052
1.119,-25.9251425
1.12,-25.98683346
1.121,-26.03758956
1.122,-26.08943767
1.123,-26.14703263
1.124,-26.21267689
1.125,-26.27623116
1.126,-26.32219091
1.127,-26.38170254
1.128,-26.44510587
1.129,-26.51497395
1.13,-26.57924834
1.131,-26.62245285
1.132,-26.68010524
1.133,-26.75185225
1.134,-26.8250227
1.135,-26.87769594
1.136,-26.92976288
1.137,-26.99978073
1.138,-27.06793112
1.139,-27.1358962
1.14,-27.18440168
1.141,-27.23506191
1.142,-27.32259298
1.143,-27.39038912
1.144,-27.45524979
1.145,-27.49987558
1.146,-27.56915106
1.147,-27.64875731
1.148,-27.70874233
1.149,-27.76456014
1.15,-27.82317908
1.151,-27.90067815
1.152,-27.97411151
1.153,-28.03189415
1.154,-28.09338869
1.155,-28.16008905
1.156,-28.23189829
1.157,-28.29250283
1.158,-28.34979982
1.159,-28.42709106
1.16,-28.50182788
1.161,-28.56437794
1.162,-28.62197187
1.163,-28.68453237
1.164,-28.7626209
1.165,-28.83773492
1.166,-28.88351362
1.167,-28.95020381
1.168,-29.03463001
1.169,-29.10654527
1.17,-29.16343221
1.171,-29.21791011
1.172,-29.2947019
1.173,-29.36870185
1.174,-29.43693843
1.175,-29.48721778
1.176,-29.56021824
1.177,-29.64204353
1.178,-29.70990418
1.179,-29.76657571
1.18,-29.8307982
1.181,-29.90473714
1.182,-29.97677314
1.183,-30.03893542
1.184,-30.10622064
1.185,-30.18130653
1.186,-30.2502985
1.187,-30.31302692
1.188,-30.37818873
1.189,-30.45126278
1.19,-30.52093078
1.191,-30.58514259
1.192,-30.65718277
1.193,-30.72438644
1.194,-30.79556329
1.195,-30.86021151
1.196,-30.93041451
1.197,-31.00465096
1.198,-31.06096742
1.199,-31.12874432
1.2,-31.21330437
1.201,-31.28252617
1.202,-31.34790725
1.203,-31.40808445
1.204,-31.48605219
1.205,-31.55776948
1.206,-31.62472362
1.207,-31.69105034
1.208,-31.76155807
1.209,-31.83821478
1.21,-31.90597607
1.211,-31.97357651
1.212,-32.04644448
1.213,-32.10965874
1.214,-32.18638079
1.215,-32.25317896
1.216,-32.33801763
1.217,-32.3942666
1.218,-32.46062482
1.219,-32.54725248
1.22,-32.6108486
1.221,-32.68858839
1.222,-32.74616499
1.223,-32.82308034
1.224,-32.90107673
1.225,-32.97272031
1.226,-33.04318095
1.227,-33.11013132
1.228,-33.17981115
1.229,-33.25944432
1.23,-33.33693734
1.231,-33.39851607
1.232,-33.47117474
1.233,-33.55003038
1.234,-33.63293537
1.235,-33.69074904
1.236,-33.76330753
1.237,-33.83419969
1.238,-33.91903339
1.239,-33.99558941
1.24,-34.05349
1.241,-34.13406555
1.242,-34.21235433
1.243,-34.29152274
1.244,-34.35258551
1.245,-34.42498431
1.246,-34.50230405
1.247,-34.5880309
1.248,-34.66020904
1.249,-34.72519904
1.25,-34.79780565
1.251,-34.8827745
1.252,-34.96411744
1.253,-35.02558571
1.254,-35.10021518
1.255,-35.17694128
1.256,-35.25769445
1.257,-35.33574136
1.258,-35.40872642
1.259,-35.48004708
1.26,-35.55459365
1.261,-35.62974508
1.262,-35.71214275
1.263,-35.79150021
1.264,-35.85817871
1.265,-35.93063548
1.266,-36.01362479
1.267,-36.09802279
1.268,-36.16074898
1.269,-36.23764653
1.27,-36.31402598
1.271,-36.39835354
1.272,-36.47716193
1.273,-36.54360956
1.274,-36.61707576
1.275,-36.6997321
1.276,-36.7811706
1.277,-36.84943353
1.278,-36.92162552
1.279,-37.00644874
1.28,-37.09194053
1.281,-37.15976989
1.282,-37.22700635
1.283,-37.30773754
1.284,-37.39292579
1.285,-37.46824536
1.286,-37.54140547
1.287,-37.61245717
1.288,-37.6994725
1.289,-37.77283577
1.29,-37.84643832
1.291,-37.92761289
1.292,-38.00228224
1.293,-38.07424431
1.294,-38.15345304
1.295,-38.23379994
1.296,-38.30982303
1.297,-38.37968207
1.298,-38.46323301
1.299,-38.53749167
1.3,-38.61144123
1.301,-38.68701585
1.302,-38.76221956
1.303,-38.84590301
1.304,-38.92100138
1.305,-38.98329115
1.306,-39.06291946
1.307,-39.14805062
1.308,-39.22232399
1.309,-39.28596993
1.31,-39.36731307
1.311,-39.44950889
1.312,-39.51772253
1.313,-39.5909169
1.314,-39.66199342
1.315,-39.74500779
1.316,-39.81747933
1.317,-39.88310184
1.318,-39.96935729
1.319,-40.03612575
1.32,-40.11056583
1.321,-40.17936297
1.322,-40.25620283
1.323,-40.33161327
1.324,-40.40486275
1.325,-40.4766838
1.326,-40.54298277
1.327,-40.61779405
1.328,-40.69615017
1.329,-40.76226764
1.33,-40.83475318
1.331,-40.89949973
1.332,-40.9811975
1.333,-41.05414854
1.334,-41.11475262
1.335,-41.18614253
1.336,-41.25895443
1.337,-41.33380449
1.338,-41.39688058
1.339,-41.47278025
1.34,-41.52874933
1.341,-41.600476
1.342,-41.67845266
1.343,-41.7546131
1.344,-41.80069578
1.345,-41.86254052
1.346,-41.94054509
1.347,-42.02904459
1.348,-42.08073561
1.349,-42.13245514
1.35,-42.20031551
1.351,-42.28279368
1.352,-42.35649972
1.353,-42.40564981
1.354,-42.45938919
1.355,-42.53154448
1.356,-42.61451491
1.357,-42.67129403
1.358,-42.71945061
1.359,-42.78611282
1.36,-42.86232376
1.361,-42.92388518
1.362,-42.97316793
1.363,-43.03872517
1.364,-43.11180973
1.365,-43.16748537
1.366,-43.22319766
1.367,-43.27726772
1.368,-43.35185558
1.369,-43.41174144
1.37,-43.46437124
1.371,-43.51855198
1.372,-43.5857287
1.373,-43.64474065
1.374,-43.69908349
1.375,-43.76218893
1.376,-43.81687157
1.377,-43.87274219
1.378,-43.92956124
1.379,-43.99280075
1.38,-44.04341593
1.381,-44.09744669
1.382,-44.14470246
1.383,-44.21399684
1.384,-44.26718073
1.385,-44.3192338
1.386,-44.36256602
1.387,-44.431294
1.388,-44.48257523
1.389,-44.5343032
1.39,-44.57711736
1.391,-44.63507548
1.392,-44.69648331
1.393,-44.74185205
1.394,-44.78262485
1.395,-44.8373533
1.396,-44.89870975
1.397,-44.9434157
1.398,-44.98530002
1.399,-45.04241793
1.4,-45.09227987
1.401,-45.13662607
1.402,-45.18364667
1.403,-45.23706869
1.404,-45.2879319
1.405,-45.32259163
1.406,-45.36828008
1.407,-45.42518785
1.408,-45.48320161
1.409,-45.50625667
1.41,-45.54796879
1.411,-45.60548517
1.412,-45.65991517
1.413,-45.68463603
1.414,-45.72666125
1.415,-45.78632675
1.416,-45.83415665
1.417,-45.85944112
1.418,-45.89608765
1.419,-45.95510309
1.42,-46.00305099
1.421,-46.02814595
1.422,-46.06517286
1.423,-46.11615354
1.424,-46.16018873
1.425,-46.197646
1.426,-46.22665048
1.427,-46.26930773
1.428,-46.31092984
1.429,-46.35489556
1.43,-46.3865451
1.431,-46.42339978
1.432,-46.45617505
1.433,-46.50119675
1.434,-46.53869047
1.435,-46.56756512
1.436,-46.60011551
1.437,-46.6390058
1.438,-46.68733667
1.439,-46.7054
1.44,-46.73864116
1.441,-46.77757332
1.442,-46.82146865
1.443,-46.83715505
1.444,-46.86921915
1.445,-46.90926333
1.446,-46.94828752
1.447,-46.97524705
1.448,-46.99755704
1.449,-47.03216613
1.45,-47.05794319
1.451,-47.09633801
1.452,-47.12299254
1.453,-47.15191404
1.454,-47.17081166
1.455,-47.20913664
1.456,-47.24415531
1.457,-47.26379083
1.458,-47.28108266
1.459,-47.31237083
1.46,-47.35097891
1.461,-47.36905851
1.462,-47.38269083
1.463,-47.41202568
1.464,-47.44409724
1.465,-47.47581722
1.466,-47.48652976
1.467,-47.50699267
1.468,-47.52988109
1.469,-47.55861065
1.47,-47.57797447
1.471,-47.59668156
1.472,-47.61748224
1.473,-47.63740128
1.474,-47.67128805
1.475,-47.67845475
1.476,-47.69551064
1.477,-47.70971747
1.478,-47.73762181
1.479,-47.7507943
1.48,-47.76473498
1.481,-47.7809791
1.482,-47.80171027
1.483,-47.82312689
1.484,-47.82696069
1.485,-47.84753741
1.486,-47.8573117
1.487,-47.87849654
1.488,-47.88237811
1.489,-47.90171152
1.49,-47.90755604
1.491,-47.92101467
1.492,-47.93623905
1.493,-47.94372403
1.494,-47.95442369
1.495,-47.96028944
1.496,-47.97449695
1.497,-47.97910972
1.498,-47.99192847
1.499,-47.99000705
1.5,-48.0050838
1.501,-48.01337596
1.502,-48.01913334
1.503,-48.02324907
1.504,-48.02700447
1.505,-48.02903101
1.506,-48.03143869
1.507,-48.04342286
1.508,-48.03916334
1.509,-48.04700787
1.51,-48.04579752
1.511,-48.04828243
1.512,-48.04391547
1.513,-48.04823716
1.514,-48.04923048
1.515,-48.04338673
1.516,-48.04707608
1.517,-48.04432833
1.518,-48.04728642
1.519,-48.03773816
1.52,-48.03785628
1.521,-48.03085609
1.522,-48.02863129
1.523,-48.02498593
1.524,-48.01933089
1.525,-48.01679442
1.526,-48.00523614
1.527,-48.00687114
1.528,-47.99794503
1.529,-47.99376811
1.53,-47.97971018
1.531,-47.98051084
1.532,-47.97074618
1.533,-47.95751334
1.534,-47.95260152
1.535,-47.94545679
1.536,-47.93842279
1.537,-47.92028896
1.538,-47.91879825
1.539,-47.90759506
1.54,-47.90105991
1.541,-47.88472469
1.542,-47.87335839
1.543,-47.86977082
1.544,-47.85825073
1.545,-47.84785472
1.546,-47.83015874
1.547,-47.82896762
1.548,-47.81229109
1.549,-47.8071621
1.55,-47.79158744
1.551,-47.77949795
1.552,-47.77205547
1.553,-47.75734764
1.554,-47.74858133
1.555,-47.72985883
1.556,-47.72617831
1.557,-47.71234947
1.558,-47.7073437
1.559,-47.68738743
1.56,-47.67492832
1.561,-47.67400548
1.562,-47.66012271
1.563,-47.64803896
1.564,-47.62556106
1.565,-47.62566763
1.566,-47.61453394
1.567,-47.6075779
1.568,-47.59195236
1.569,-47.57977823
1.57,-47.57511195
1.571,-47.5650407
1.572,-47.5626482
1.573,-47.53995197
1.574,-47.53425865
1.575,-47.52745857
1.576,-47.52992661
1.577,-47.5115858
1.578,-47.49358377
1.579,-47.49492465
1.58,-47.49031985
1.581,-47.48805563
1.582,-47.46644728
1.583,-47.46231349
1.584,-47.45955078
1.585,-47.46171519
1.586,-47.44821605
1.587,-47.43442421
1.588,-47.43586925
1.589,-47.43318343
1.59,-47.43677279
1.591,-47.41613261
1.592,-47.41359871
1.593,-47.41756634
1.594,-47.42002561
1.595,-47.40567972
1.596,-47.39754591
1.597,-47.40232651
1.598,-47.40429642
1.599,-47.4084756
1.6,-47.39166361
1.601,-47.39007986
1.602,-47.39728458
1.603,-47.40326233
1.604,-47.39562279
1.605,-47.38920115
1.606,-47.39471207
1.607,-47.39644253
1.608,-47.40367219
1.609,-47.39452367
1.61,-47.39516854
1.611,-47.40063733
1.612,-47.4115527
1.613,-47.4075819
1.614,-47.40535793
1.615,-47.41092045
1.616,-47.41318201
1.617,-47.42764043
1.618,-47.4233592
1.619,-47.42216336
1.62,-47.42727289
1.621,-47.4416103
1.622,-47.44317091
1.623,-47.44196242
1.624,-47.44627518
1.625,-47.45148343
1.626,-47.47003431
1.627,-47.46529349
1.628,-47.46867833
1.629,-47.47408148
1.63,-47.49296804
1.631,-47.48995515
1.632,-47.4923711
1.633,-47.50289134
1.634,-47.51047465
1.635,-47.52358371
1.636,-47.5225645
1.637,-47.52776819
1.638,-47.52911616
1.639,-47.55205125
1.64,-47.5543626
1.641,-47.55564369
1.642,-47.56165121
1.643,-47.57452488
1.644,-47.5855385
1.645,-47.58670483
1.646,-47.59305961
1.647,-47.59894203
1.648,-47.61956398
1.649,-47.6144208
1.65,-47.6219077
1.651,-47.62844572
1.652,-47.64022493
1.653,-47.6447922
1.654,-47.64817233
1.655,-47.66113318
1.656,-47.66481306
1.657,-47.67997536
1.658,-47.67714851
1.659,-47.68752484
1.66,-47.68933649
1.661,-47.70300833
1.662,-47.70312803
1.663,-47.71006708
1.664,-47.71944499
1.665,-47.72265603
1.666,-47.73598937
1.667,-47.7331886
1.668,-47.74074557
1.669,-47.74121122
1.67,-47.75781072
1.671,-47.75359577
1.672,-47.75923552
1.673,-47.76440702
1.674,-47.76905996
1.675,-47.77966413
1.676,-47.77569388
1.677,-47.78641746
1.678,-47.78314774
1.679,-47.79325662
1.68,-47.787606
1.681,-47.79679225
1.682,-47.79611163
1.683,-47.80098049
1.684,-47.80774423
1.685,-47.80562189
1.686,-47.81022662
1.687,-47.80539843
1.688,-47.81697829
1.689,-47.80953174
1.69,-47.81330617
1.691,-47.81180176
1.692,-47.81826606
1.693,-47.82104903
1.694,-47.81364814
1.695,-47.81606878
1.696,-47.8132884
1.697,-47.8214694
1.698,-47.81203464
1.699,-47.81731436
1.7,-47.812724
1.701,-47.82007221
1.702,-47.81695532
1.703,-47.80824795
1.704,-47.81086061
1.705,-47.80853389
1.706,-47.81199968
1.707,-47.79929245
1.708,-47.80627423
1.709,-47.79731959
1.71,-47.80221276
1.711,-47.79437607
1.712,-47.78911658
1.713,-47.79128769
1.714,-47.78796694
1.715,-47.78912002
1.716,-47.77038603
1.717,-47.77637879
1.718,-47.77004112
1.719,-47.77658364
1.72,-47.76343633
1.721,-47.75708016
1.722,-47.75734781
1.723,-47.75615084
1.724,-47.75264778
1.725,-47.73645387
1.726,-47.74174411
1.727,-47.73473496
1.728,-47.737813
1.729,-47.72463782
1.73,-47.72123036
1.731,-47.71825936
1.732,-47.71505495
1.733,-47.71210037
1.734,-47.6998305
1.735,-47.70096399
1.736,-47.69180963
1.737,-47.69584307
1.738,-47.68283134
1.739,-47.67726881
1.74,-47.67348045
1.741,-47.67034834
1.742,-47.67576692
1.743,-47.65660722
1.744,-47.65568438
1.745,-47.64929737
1.746,-47.65659985
1.747,-47.63689841
1.748,-47.63499016
1.749,-47.63500457
1.75,-47.63513549
1.751,-47.63303146
1.752,-47.61493146
1.753,-47.6158586
1.754,-47.61137606
1.755,-47.61891248
1.756,-47.60318742
1.757,-47.59596565
1.758,-47.59697526
1.759,-47.59990979
1.76,-47.6021813
1.761,-47.58274833
1.762,-47.58271601
1.763,-47.5801542
1.764,-47.59185251
1.765,-47.57137108
1.766,-47.56705038
1.767,-47.5685894
1.768,-47.57256951
1.769,-47.57282625
1.77,-47.5581685
1.771,-47.56136892
1.772,-47.55878479
1.773,-47.56659679
1.774,-47.55273342
1.775,-47.54862612
1.776,-47.55008131
1.777,-47.55393053
1.778,-47.55809623
1.779,-47.54370109
1.78,-47.54796911
1.781,-47.54292872
1.782,-47.55633118
1.783,-47.54171993
1.784,-47.53906492
1.785,-47.54200371
1.786,-47.55278898
1.787,-47.5531317
1.788,-47.53728406
1.789,-47.54228559
1.79,-47.54366781
1.791,-47.55771431
1.792,-47.54458821
1.793,-47.54359384
1.794,-47.54496602
1.795,-47.55289724
1.796,-47.55751309
1.797,-47.54912649
1.798,-47.55024373
1.799,-47.54959991
1.8,-47.56426867
1.801,-47.5571543
1.802,-47.55716581
1.803,-47.55551528
1.804,-47.56795404
1.805,-47.57229607
1.806,-47.5616476
1.807,-47.56638915
1.808,-47.56930752
1.809,-47.58166367
1.81,-47.57176728
1.811,-47.5732464
1.812,-47.57503838
1.813,-47.58945482
1.814,-47.59134352
1.815,-47.58360134
1.816,-47.58858309
1.817,-47.59332708
1.818,-47.60690781
1.819,-47.59496242
1.82,-47.5986372
1.821,-47.59883919
1.822,-47.61471544
1.823,-47.6150604
1.824,-47.6107194
1.825,-47.61365566
1.826,-47.61636202
1.827,-47.63248898
1.828,-47.62474661
1.829,-47.62863542
1.83,-47.6257013
1.831,-47.64160067
1.832,-47.63906109
1.833,-47.63953413
1.834,-47.64232694
1.835,-47.64735064
1.836,-47.65655208
1.837,-47.64903746
1.838,-47.65772678
1.839,-47.65590886
1.84,-47.6669522
1.841,-47.65972847
1.842,-47.66453766
1.843,-47.66892459
1.844,-47.67173244
1.845,-47.68059487
1.846,-47.67701056
1.847,-47.68183797
1.848,-47.67880871
1.849,-47.69049133
1.85,-47.68337156
1.851,-47.69100745
1.852,-47.6878637
1.853,-47.69585426
1.854,-47.70017909
1.855,-47.6961584
1.856,-47.70036315
1.857,-47.69941135
1.858,-47.71216902
1.859,-47.70258577
1.86,-47.70593559
1.861,-47.70654294
1.862,-47.71483454
1.863,-47.71061798
1.864,-47.70781731
1.865,-47.71516895
1.866,-47.71258478
1.867,-47.72156941
1.868,-47.71127933
1.869,-47.71701514
1.87,-47.71437584
1.871,-47.72351259
1.872,-47.71841904
1.873,-47.71583812
1.874,-47.7167296
1.875,-47.72241151
1.876,-47.72999527
1.877,-47.71672426
1.878,-47.71718768
1.879,-47.71603625
1.88,-47.73088044
1.881,-47.72030216
1.882,-47.71533017
1.883,-47.71714033
1.884,-47.72122335
1.885,-47.7243325
1.886,-47.71314454
1.887,-47.71726402
1.888,-47.7147493
1.889,-47.72708497
1.89,-47.7112022
1.891,-47.71123839
1.892,-47.71116044
1.893,-47.71274441
1.894,-47.71508605
1.895,-47.7051259
1.896,-47.70778978
1.897,-47.70281847
1.898,-47.71470965
1.899,-47.70052496
1.9,-47.70037
1.901,-47.69864927
1.902,-47.70529536
1.903,-47.70328483
1.904,-47.69001425
1.905,-47.69485303
1.906,-47.69116254
1.907,-47.7000497
1.908,-47.68391314
1.909,-47.6837908
1.91,-47.68464948
1.911,-47.68784751
1.912,-47.68607299
1.913,-47.67726799
1.914,-47.67690778
1.915,-47.67340333
1.916,-47.68301949
1.917,-47.67127343
1.918,-47.66941678
1.919,-47.66470098
1.92,-47.67268504
1.921,-47.6675561
1.922,-47.65886667
1.923,-47.66077631
1.924,-47.65960628
1.925,-47.66640857
1.926,-47.6508501
1.927,-47.64971523
1.928,-47.64796834
1.929,-47.65565588
1.93,-47.64965108
1.931,-47.63924473
1.932,-47.64576058
1.933,-47.64445766
1.934,-47.65092598
1.935,-47.63248111
1.936,-47.63251101
1.937,-47.63219416
1.938,-47.64052486
1.939,-47.62921794
1.94,-47.62458224
1.941,-47.62863568
1.942,-47.62796122
1.943,-47.63659918
1.944,-47.62090349
1.945,-47.62190617
1.946,-47.61970554
1.947,-47.62862565
1.948,-47.61816506
1.949,-47.61447828
1.95,-47.61532921
1.951,-47.61560122
1.952,-47.62251947
1.953,-47.60879574
1.954,-47.61511348
1.955,-47.61276112
1.956,-47.61733014
1.957,-47.6053689
1.958,-47.60657213
1.959,-47.61132338
1.96,-47.61076137
1.961,-47.61570966
1.962,-47.60374041
1.963,-47.60736321
1.964,-47.60596153
1.965,-47.61267688
1.966,-47.60547043
1.967,-47.60582916
1.968,-47.60613697
1.969,-47.6061116
1.97,-47.61638538
1.971,-47.6045483
1.972,-47.60534786
1.973,-47.60206143
1.974,-47.61539238
1.975,-47.60867648
1.976,-47.60639408
1.977,-47.60760292
1.978,-47.60863962
1.979,-47.61655157
1.98,-47.60587945
1.981,-47.61033019
1.982,-47.60671215
1.983,-47.61623213
1.984,-47.61110661
1.985,-47.61168477
1.986,-47.61120793
1.987,-47.6140483
1.988,-47.62287081
1.989,-47.61489177
1.99,-47.61671222
1.991,-47.61357694
1.992,-47.62818743
1.993,-47.61638057
1.994,-47.61440243
1.995,-47.61818418
1.996,-47.62804155
1.997,-47.63223823
1.998,-47.62059561
1.999,-47.62479983
2,-47.62425979
2.001,-47.63714957
2.002,-47.62740626
2.003,-47.62895554
2.004,-47.63026138
2.005,-47.63741293
2.006,-47.63815629
2.007,-47.6332505
2.008,-47.63888194
2.009,-47.63580062
2.01,-47.64670401
2.011,-47.63947043
2.012,-47.64224852
2.013,-47.64033131
2.014,-47.65046543
2.015,-47.64822657
2.016,-47.64456379
2.017,-47.64874241
2.018,-47.64942274
2.019,-47.66062777
2.02,-47.64925363
2.021,-47.65351892
2.022,-47.6516446
2.023,-47.66043962
2.024,-47.65487665
2.025,-47.65587264
2.026,-47.66009742
2.027,-47.65976323
2.028,-47.66838063
2.029,-47.65968028
2.03,-47.6650008
2.031,-47.66113736
2.032,-47.67226756
2.033,-47.66720011
2.034,-47.66585914
2.035,-47.66653565
2.036,-47.66763336
2.037,-47.6770588
2.038,-47.66824052
2.039,-47.67276197
2.04,-47.66717584
2.041,-47.6808608
2.042,-47.67186243
2.043,-47.67309213
2.044,-47.67281741
2.045,-47.67572183
2.046,-47.68442599
2.047,-47.6714582
2.048,-47.67735441
2.049,-47.67515558
2.05,-47.68649918
2.051,-47.67432458
2.052,-47.67520923
2.053,-47.67746556
2.054,-47.68216668
2.055,-47.68701424
2.056,-47.67487825
2.057,-47.68160267
2.058,-47.67703971
2.059,-47.69011214
2.06,-47.67673685
2.061,-47.67704526
2.062,-47.6782907
2.063,-47.68788567
2.064,-47.68853276
2.065,-47.67425258
2.066,-47.67840518
2.067,-47.67827745
2.068,-47.68795621
2.069,-47.67473817
2.07,-47.67727914
2.071,-47.67717592
2.072,-47.68343897
2.073,-47.68242602
2.074,-47.67310763
2.075,-47.67939407
2.076,-47.67727004
2.077,-47.68213481
2.078,-47.6684619
2.079,-47.67506405
2.08,-47.67254951
2.081,-47.67945551
2.082,-47.67643603
2.083,-47.66800282
2.084,-47.67350758
2.085,-47.67147394
2.086,-47.68048827
2.087,-47.66679013
2.088,-47.66668954
2.089,-47.66430809
2.09,-47.67582568
2.091,-47.67055806
2.092,-47.661884
2.093,-47.66587442
2.094,-47.66651581
2.095,-47.67202582
2.096,-47.65867456
2.097,-47.66282128
2.098,-47.66063828
2.099,-47.6669561
2.1,-47.66310044
2.101,-47.65711702
2.102,-47.65916676
2.103,-47.65732591
2.104,-47.66481956
2.105,-47.65314742
2.106,-47.65537021
2.107,-47.65054114
2.108,-47.66294191
2.109,-47.65254001
2.11,-47.64542538
2.111,-47.64928357
2.112,-47.65343487
2.113,-47.65750787
2.114,-47.64162754
2.115,-47.64729473
2.116,-47.64640867
2.117,-47.65741519
2.118,-47.64402601
2.119,-47.63924061
2.12,-47.64358731
2.121,-47.64579288
2.122,-47.65076158
2.123,-47.63657727
2.124,-47.64246068
2.125,-47.63710872
2.126,-47.64779969
2.127,-47.63602839
2.128,-47.63948689
2.129,-47.6381387
2.13,-47.64370969
2.131,-47.64318324
2.132,-47.6310709
2.133,-47.63753941
2.134,-47.63551371
2.135,-47.64442759
2.136,-47.63069468
2.137,-47.63315435
2.138,-47.63379516
2.139,-47.63986032
2.14,-47.63686161
2.141,-47.63022014
2.142,-47.6362074
2.143,-47.63227725
2.144,-47.64179802
2.145,-47.62996987
2.146,-47.6331926
2.147,-47.62971542
2.148,-47.6377847
2.149,-47.63668074
2.15,-47.63026502
2.151,-47.63273579
2.152,-47.63014136
2.153,-47.64057599
2.154,-47.63031605
2.155,-47.63221192
2.156,-47.62888015
2.157,-47.6382243
2.158,-47.63753156
2.159,-47.63208588
2.16,-47.6325064
2.161,-47.63025987
2.162,-47.64073126
2.163,-47.6305587
2.164,-47.6329356
2.165,-47.63203314
2.166,-47.64136848
2.167,-47.6340358
2.168,-47.63119252
2.169,-47.63459497
2.17,-47.63417934
2.171,-47.64375065
2.172,-47.63358297
2.173,-47.63666259
2.174,-47.63484631
2.175,-47.64416633
2.176,-47.63611418
2.177,-47.63598632
2.178,-47.63685155
2.179,-47.64098401
2.18,-47.64758195
2.181,-47.63568021
2.182,-47.64030879
2.183,-47.6371149
2.184,-47.64972487
2.185,-47.64038592
2.186,-47.64029289
2.187,-47.64478035
2.188,-47.64514283
2.189,-47.65047339
2.19,-47.64182838
2.191,-47.64659068
2.192,-47.6427094
2.193,-47.6522825
2.194,-47.642667
2.195,-47.64875686
2.196,-47.64784109
2.197,-47.64711562
2.198,-47.65091115
2.199,-47.64735616
2.2,-47.65300872
2.201,-47.64773653
2.202,-47.65973455
2.203,-47.64771164
2.204,-47.64979659
2.205,-47.64890757
2.206,-47.65809928
2.207,-47.65659769
2.208,-47.65064313
2.209,-47.65584829
2.21,-47.65263296
2.211,-47.66419093
2.212,-47.65158486
2.213,-47.65623842
2.214,-47.65516868
2.215,-47.66090906
2.216,-47.6573916
2.217,-47.65761624
2.218,-47.65914336
2.219,-47.65513146
2.22,-47.66788921
2.221,-47.65742777
2.222,-47.6591437
2.223,-47.65621527
2.224,-47.66591019
2.225,-47.65900337
2.226,-47.65671476
2.227,-47.66092194
2.228,-47.66164468
2.229,-47.6717809
2.23,-47.65768245
2.231,-47.66253828
2.232,-47.6606795
2.233,-47.67091477
2.234,-47.65829776
2.235,-47.65544237
2.236,-47.66325399
2.237,-47.66496706
2.238,-47.67251193
2.239,-47.65793089
2.24,-47.66240589
2.241,-47.66034753
2.242,-47.67078228
2.243,-47.66209138
2.244,-47.66034319
2.245,-47.66274359
2.246,-47.66376238
2.247,-47.67177008
2.248,-47.65847414
2.249,-47.66424561
2.25,-47.65946586
2.251,-47.67129569
2.252,-47.65889173
2.253,-47.65848565
2.254,-47.66329165
2.255,-47.66428717
2.256,-47.66810219
2.257,-47.65611568
2.258,-47.66456907
2.259,-47.66000814
2.26,-47.6689819
2.261,-47.65748283
2.262,-47.65784853
2.263,-47.65927235
2.264,-47.66314273
2.265,-47.6666431
2.266,-47.65544493
2.267,-47.66091566
2.268,-47.65576918
2.269,-47.66805126
2.27,-47.65564315
2.271,-47.65710418
2.272,-47.65684948
2.273,-47.66189114
2.274,-47.66834177
2.275,-47.65453487
2.276,-47.65650474
2.277,-47.6530442
2.278,-47.66512848
2.279,-47.65243327
2.28,-47.65449298
2.281,-47.65349689
2.282,-47.66121118
2.283,-47.65978273
2.284,-47.64929423
2.285,-47.65586551
2.286,-47.65325041
2.287,-47.66117051
2.288,-47.64822927
2.289,-47.65093306
2.29,-47.64995014
2.291,-47.65818685
2.292,-47.65717657
2.293,-47.64622787
2.294,-47.65025663
2.295,-47.65071524
2.296,-47.66060159
2.297,-47.64492924
2.298,-47.64871837
2.299,-47.64622356
2.3,-47.6556538
2.301,-47.65147557
2.302,-47.64379075
2.303,-47.64933222
2.304,-47.64992557
2.305,-47.65683151
2.306,-47.64118215
2.307,-47.64765841
2.308,-47.6463975
2.309,-47.65194006
2.31,-47.64574366
2.311,-47.64366144
2.312,-47.64793844
2.313,-47.643588
2.314,-47.65300812
2.315,-47.64293767
2.316,-47.64846395
2.317,-47.64335248
2.318,-47.6524886
2.319,-47.64236091
2.32,-47.64252829
2.321,-47.64340793
2.322,-47.64453951
2.323,-47.65236044
2.324,-47.63793189
2.325,-47.64437051
2.326,-47.64315624
2.327,-47.65169215
2.328,-47.63974953
2.329,-47.64244593
2.33,-47.64310507
2.331,-47.64322789
2.332,-47.65067204
2.333,-47.64063406
2.334,-47.64437374
2.335,-47.63757716
2.336,-47.65137404
2.337,-47.64073459
2.338,-47.64159547
2.339,-47.64225578
2.34,-47.64461016
2.341,-47.65250429
2.342,-47.63999779
2.343,-47.64311288
2.344,-47.64032556
2.345,-47.65229864
2.346,-47.64043177
2.347,-47.64241716
2.348,-47.64351728
2.349,-47.64950677
2.35,-47.6496861
2.351,-47.63900139
2.352,-47.6458892
2.353,-47.64409478
2.354,-47.65206604
2.355,-47.63926887
2.356,-47.64305446
2.357,-47.64401354
2.358,-47.65234869
2.359,-47.65294505
2.36,-47.64315624
2.361,-47.64733705
2.362,-47.64418996
2.363,-47.65670579
2.364,-47.643463
2.365,-47.64439056
2.366,-47.64255153
2.367,-47.65274731
2.368,-47.65212933
2.369,-47.64586351
2.37,-47.65064039
2.371,-47.6475755
2.372,-47.65501539
2.373,-47.6437946
2.374,-47.64932788
2.375,-47.64675727
2.376,-47.65401892
2.377,-47.65227884
2.378,-47.64625813
2.379,-47.65071209
2.38,-47.6485544
2.381,-47.65769077
2.382,-47.64711155
2.383,-47.65250655
2.384,-47.64743726
2.385,-47.65880137
2.386,-47.65441908
2.387,-47.64938847
2.388,-47.649978
2.389,-47.6519182
2.39,-47.66232769
2.391,-47.64973878
2.392,-47.65215567
2.393,-47.64791729
2.394,-47.66147487
2.395,-47.65506182
2.396,-47.65018701
2.397,-47.65132787
2.398,-47.65461484
2.399,-47.66194467
2.4,-47.65084646
2.401,-47.65665076
2.402,-47.65081301
2.403,-47.66183383
2.404,-47.65400839
2.405,-47.65469135
2.406,-47.6536559
2.407,-47.65705734
2.408,-47.66155097
2.409,-47.64897407
2.41,-47.65486408
2.411,-47.65285382
2.412,-47.66568589
2.413,-47.65377289
2.414,-47.65301156
2.415,-47.65284427
2.416,-47.65851979
2.417,-47.66206621
2.418,-47.6509362
2.419,-47.65612985
2.42,-47.65453459
2.421,-47.66466423
2.422,-47.65026905
2.423,-47.65494438
2.424,-47.65534059
2.425,-47.66072531
2.426,-47.66094599
2.427,-47.65322904
2.428,-47.65894439
2.429,-47.65355645
2.43,-47.66296597
2.431,-47.65235556
2.432,-47.65745708
2.433,-47.65330046
2.434,-47.6619699
2.435,-47.65999283
2.436,-47.65251917
2.437,-47.65608737
2.438,-47.65396029
2.439,-47.66301795
2.44,-47.64944723
2.441,-47.65532683
2.442,-47.65604168
2.443,-47.66252357
2.444,-47.65763782
2.445,-47.65183125
2.446,-47.65681661
2.447,-47.6551584
2.448,-47.66420021
2.449,-47.65209042
2.45,-47.65484975
