#Exudyn implicit second order time integration sensor output file
#measure Node number = 483
#OutputVariableType = AngularVelocity
#simulation started = 2022-04-08,01:24:11
#columns contain: time, comma separated sensor values (e.g, x,y,z position coordinates)
#number of sensor values = 3
#Exudyn version = 1.2.34.dev1; Python3.9.11; Windows AVX2 FLOAT64
#
0,0,0,0
0.001,0,0,-1.140881951e-06
0.002,0,0,-2.362626987e-06
0.003,0,0,-2.825409201e-06
0.004,0,0,-4.283115923e-06
0.005,0,0,-8.46118536e-06
0.006,0,0,-1.803829166e-05
0.007,0,0,-1.877557951e-05
0.008,0,0,-1.27047967e-05
0.009,0,0,-1.070586725e-05
0.01,0,0,-1.131459937e-05
0.011,0,0,-1.427210122e-05
0.012,0,0,-1.967354139e-05
0.013,0,0,-2.317050812e-05
0.014,0,0,-2.200601691e-05
0.015,0,0,-1.911696398e-05
0.016,0,0,-1.788217656e-05
0.017,0,0,-1.9197456e-05
0.018,0,0,-2.249319982e-05
0.019,0,0,-2.56964477e-05
0.02,0,0,-2.673176396e-05
0.021,0,0,-2.515230625e-05
0.022,0,0,-2.322823564e-05
0.023,0,0,-2.287064633e-05
0.024,0,0,-2.440051545e-05
0.025,0,0,-2.679051507e-05
0.026,0,0,-2.819020328e-05
0.027,0,0,-2.792993772e-05
0.028,0,0,-2.625595842e-05
0.029,0,0,-2.502255751e-05
0.03,0,0,-2.510000736e-05
0.031,0,0,-2.616723764e-05
0.032,0,0,-2.743285144e-05
0.033,0,0,-2.774496138e-05
0.034,0,0,-2.676864123e-05
0.035,0,0,-2.533091811e-05
0.036,0,0,-2.45068848e-05
0.037,0,0,-2.468849114e-05
0.038,0,0,-2.531320302e-05
0.039,0,0,-2.562777054e-05
0.04,0,0,-2.511736177e-05
0.041,0,0,-2.389468247e-05
0.042,0,0,-2.278561081e-05
0.043,0,0,-2.218313911e-05
0.044,0,0,-2.205881043e-05
0.045,0,0,-2.218853121e-05
0.046,0,0,-2.188020132e-05
0.047,0,0,-2.083821559e-05
0.048,0,0,-1.953163561e-05
0.049,0,0,-1.83765264e-05
0.05,0,0,-1.767069729e-05
0.051,0,0,-1.734508968e-05
0.052,0,0,-1.675001897e-05
0.053,0,0,-3.682070069e-06
0.054,0,0,0.0001212031623
0.055,0,0,0.0004819891373
0.056,0,0,0.001112966513
0.057,0,0,0.002013842289
0.058,0,0,0.003182187016
0.059,0,0,0.004629321967
0.06,0,0,0.006406370286
0.061,0,0,0.008598637695
0.062,0,0,0.01127138152
0.063,0,0,0.01444659612
0.064,0,0,0.0181238693
0.065,0,0,0.02230598936
0.066,0,0,0.0270182673
0.067,0,0,0.03231345557
0.068,0,0,0.03824494045
0.069,0,0,0.04485143059
0.07,0,0,0.05214168362
0.071,0,0,0.06011386187
0.072,0,0,0.06877328627
0.073,0,0,0.07814107669
0.074,0,0,0.08825495962
0.075,0,0,0.09915028053
0.076,0,0,0.1108453087
0.077,0,0,0.1233386317
0.078,0,0,0.1366277255
0.079,0,0,0.1507081881
0.08,0,0,0.165596635
0.081,0,0,0.1813092271
0.082,0,0,0.197864925
0.083,0,0,0.2152637113
0.084,0,0,0.2335014941
0.085,0,0,0.2525631809
0.086,0,0,0.2724327738
0.087,0,0,0.2931224796
0.088,0,0,0.3146349049
0.089,0,0,0.3369638291
0.09,0,0,0.3600949182
0.091,0,0,0.3840174942
0.092,0,0,0.4087079846
0.093,0,0,0.4341524648
0.094,0,0,0.4603458204
0.095,0,0,0.4872779834
0.096,0,0,0.5149288169
0.097,0,0,0.5432754829
0.098,0,0,0.5722996812
0.099,0,0,0.6019738429
0.1,0,0,0.6322830372
0.101,0,0,0.6632103854
0.102,0,0,0.694728528
0.103,0,0,0.7268127244
0.104,0,0,0.7594383388
0.105,0,0,0.7925771109
0.106,0,0,0.8262019505
0.107,0,0,0.8602917151
0.108,0,0,0.8948144092
0.109,0,0,0.929743706
0.11,0,0,0.9650551491
0.111,0,0,1.000712799
0.112,0,0,1.036683524
0.113,0,0,1.072944176
0.114,0,0,1.109471124
0.115,0,0,1.146227968
0.116,0,0,1.183185524
0.117,0,0,1.220312364
0.118,0,0,1.257572096
0.119,0,0,1.294941322
0.12,0,0,1.332395376
0.121,0,0,1.369915823
0.122,0,0,1.407448195
0.123,0,0,1.444960431
0.124,0,0,1.482425995
0.125,0,0,1.519814939
0.126,0,0,1.557108314
0.127,0,0,1.594283845
0.128,0,0,1.631301404
0.129,0,0,1.668139359
0.13,0,0,1.704767526
0.131,0,0,1.741153509
0.132,0,0,1.777272721
0.133,0,0,1.813103783
0.134,0,0,1.848621309
0.135,0,0,1.883797555
0.136,0,0,1.918623298
0.137,0,0,1.953072281
0.138,0,0,1.987118019
0.139,0,0,2.020742036
0.14,0,0,2.053924825
0.141,0,0,2.086642947
0.142,0,0,2.118883015
0.143,0,0,2.150640912
0.144,0,0,2.181888573
0.145,0,0,2.212615114
0.146,0,0,2.242817641
0.147,0,0,2.272474483
0.148,0,0,2.30156744
0.149,0,0,2.330091874
0.15,0,0,2.358046001
0.151,0,0,2.38542838
0.152,0,0,2.412225647
0.153,0,0,2.438438383
0.154,0,0,2.464050525
0.155,0,0,2.489043921
0.156,0,0,2.513436103
0.157,0,0,2.537247676
0.158,0,0,2.560470156
0.159,0,0,2.583096721
0.16,0,0,2.605126694
0.161,0,0,2.626548988
0.162,0,0,2.647387183
0.163,0,0,2.667655772
0.164,0,0,2.687367887
0.165,0,0,2.706516051
0.166,0,0,2.725112164
0.167,0,0,2.743160469
0.168,0,0,2.760680994
0.169,0,0,2.777686507
0.17,0,0,2.794181189
0.171,0,0,2.810181295
0.172,0,0,2.825711946
0.173,0,0,2.840790107
0.174,0,0,2.855431611
0.175,0,0,2.869641646
0.176,0,0,2.883439932
0.177,0,0,2.896851421
0.178,0,0,2.909889937
0.179,0,0,2.922569109
0.18,0,0,2.934919098
0.181,0,0,2.946966352
0.182,0,0,2.958730547
0.183,0,0,2.970230414
0.184,0,0,2.981479685
0.185,0,0,2.992492549
0.186,0,0,3.003302019
0.187,0,0,3.013934313
0.188,0,0,3.024421203
0.189,0,0,3.034772912
0.19,0,0,3.045021202
0.191,0,0,3.055174423
0.192,0,0,3.065251297
0.193,0,0,3.075284088
0.194,0,0,3.08530728
0.195,0,0,3.095339903
0.196,0,0,3.105392353
0.197,0,0,3.115479168
0.198,0,0,3.125644113
0.199,0,0,3.135895488
0.2,0,0,3.146261952
0.201,0,0,3.156741794
0.202,0,0,3.167391931
0.203,0,0,3.17820227
0.204,0,0,3.18921438
0.205,0,0,3.200425496
0.206,0,0,3.211860101
0.207,0,0,3.22354101
0.208,0,0,3.235490325
0.209,0,0,3.24770345
0.21,0,0,3.260200655
0.211,0,0,3.273017912
0.212,0,0,3.286176933
0.213,0,0,3.29963647
0.214,0,0,3.313439905
0.215,0,0,3.327606625
0.216,0,0,3.342146312
0.217,0,0,3.357057175
0.218,0,0,3.372349425
0.219,0,0,3.38803681
0.22,0,0,3.40414911
0.221,0,0,3.420646933
0.222,0,0,3.437566516
0.223,0,0,3.454901233
0.224,0,0,3.472667639
0.225,0,0,3.490836665
0.226,0,0,3.509464623
0.227,0,0,3.528500398
0.228,0,0,3.547980422
0.229,0,0,3.567874478
0.23,0,0,3.58822594
0.231,0,0,3.608986155
0.232,0,0,3.63013894
0.233,0,0,3.651744802
0.234,0,0,3.673773384
0.235,0,0,3.696196548
0.236,0,0,3.719038601
0.237,0,0,3.742284724
0.238,0,0,3.765946371
0.239,0,0,3.789938592
0.24,0,0,3.814318298
0.241,0,0,3.839059803
0.242,0,0,3.86417902
0.243,0,0,3.889656281
0.244,0,0,3.915467161
0.245,0,0,3.941590534
0.246,0,0,3.967996242
0.247,0,0,3.994729012
0.248,0,0,4.021773775
0.249,0,0,4.049052384
0.25,0,0,4.076615595
0.251,0,0,4.104424013
0.252,0,0,4.132467917
0.253,0,0,4.16072454
0.254,0,0,4.189179283
0.255,0,0,4.217823869
0.256,0,0,4.246658911
0.257,0,0,4.275636698
0.258,0,0,4.304757159
0.259,0,0,4.3339823
0.26,0,0,4.3633628
0.261,0,0,4.392799762
0.262,0,0,4.422344667
0.263,0,0,4.45195158
0.264,0,0,4.481599196
0.265,0,0,4.511254498
0.266,0,0,4.540950116
0.267,0,0,4.570658433
0.268,0,0,4.600313061
0.269,0,0,4.630000964
0.27,0,0,4.65962074
0.271,0,0,4.689156051
0.272,0,0,4.718615303
0.273,0,0,4.74800879
0.274,0,0,4.77726855
0.275,0,0,4.806484969
0.276,0,0,4.835528513
0.277,0,0,4.864432546
0.278,0,0,4.893178015
0.279,0,0,4.921739518
0.28,0,0,4.950155244
0.281,0,0,4.978369973
0.282,0,0,5.006394716
0.283,0,0,5.034209354
0.284,0,0,5.06177966
0.285,0,0,5.089178092
0.286,0,0,5.116268626
0.287,0,0,5.143132063
0.288,0,0,5.16976657
0.289,0,0,5.196163502
0.29,0,0,5.222251649
0.291,0,0,5.24806064
0.292,0,0,5.27359914
0.293,0,0,5.298860541
0.294,0,0,5.323844801
0.295,0,0,5.348526159
0.296,0,0,5.372909201
0.297,0,0,5.3969746
0.298,0,0,5.420780975
0.299,0,0,5.444267003
0.3,0,0,5.467450063
0.301,0,0,5.490324704
0.302,0,0,5.512940957
0.303,0,0,5.535204938
0.304,0,0,5.557182246
0.305,0,0,5.578848746
0.306,0,0,5.600219182
0.307,0,0,5.621357281
0.308,0,0,5.642161759
0.309,0,0,5.662684092
0.31,0,0,5.682913418
0.311,0,0,5.70286507
0.312,0,0,5.722577548
0.313,0,0,5.741962481
0.314,0,0,5.761177029
0.315,0,0,5.780085137
0.316,0,0,5.798761655
0.317,0,0,5.817213459
0.318,0,0,5.835404038
0.319,0,0,5.85337464
0.32,0,0,5.871174607
0.321,0,0,5.888731132
0.322,0,0,5.90613185
0.323,0,0,5.92331593
0.324,0,0,5.940320858
0.325,0,0,5.957219357
0.326,0,0,5.973888455
0.327,0,0,5.990475391
0.328,0,0,6.006882873
0.329,0,0,6.023147872
0.33,0,0,6.039376113
0.331,0,0,6.055436431
0.332,0,0,6.071442943
0.333,0,0,6.087397182
0.334,0,0,6.103256785
0.335,0,0,6.119048637
0.336,0,0,6.134784525
0.337,0,0,6.15048948
0.338,0,0,6.166157856
0.339,0,0,6.181843805
0.34,0,0,6.197580443
0.341,0,0,6.213263317
0.342,0,0,6.228948448
0.343,0,0,6.244702678
0.344,0,0,6.260459215
0.345,0,0,6.276293725
0.346,0,0,6.292196026
0.347,0,0,6.308143416
0.348,0,0,6.324216469
0.349,0,0,6.340323389
0.35,0,0,6.356590587
0.351,0,0,6.372889346
0.352,0,0,6.389346389
0.353,0,0,6.405927329
0.354,0,0,6.422647838
0.355,0,0,6.439467026
0.356,0,0,6.456467225
0.357,0,0,6.473598871
0.358,0,0,6.490890793
0.359,0,0,6.508424647
0.36,0,0,6.525992264
0.361,0,0,6.543835986
0.362,0,0,6.561813732
0.363,0,0,6.580002062
0.364,0,0,6.598314125
0.365,0,0,6.616932925
0.366,0,0,6.635706305
0.367,0,0,6.65468122
0.368,0,0,6.673828998
0.369,0,0,6.693178683
0.37,0,0,6.71270493
0.371,0,0,6.732510835
0.372,0,0,6.752513211
0.373,0,0,6.77271631
0.374,0,0,6.793094568
0.375,0,0,6.81372016
0.376,0,0,6.834528908
0.377,0,0,6.855535988
0.378,0,0,6.87676082
0.379,0,0,6.898174181
0.38,0,0,6.919792204
0.381,0,0,6.941625269
0.382,0,0,6.963657642
0.383,0,0,6.985838273
0.384,0,0,7.008289387
0.385,0,0,7.030810957
0.386,0,0,7.053643123
0.387,0,0,7.076534295
0.388,0,0,7.099697307
0.389,0,0,7.122913665
0.39,0,0,7.146347743
0.391,0,0,7.17000837
0.392,0,0,7.193719894
0.393,0,0,7.217600109
0.394,0,0,7.241618737
0.395,0,0,7.265761852
0.396,0,0,7.290030464
0.397,0,0,7.314426891
0.398,0,0,7.338957274
0.399,0,0,7.363548294
0.4,0,0,7.388288983
0.401,0,0,7.413076107
0.402,0,0,7.437926043
0.403,0,0,7.462861522
0.404,0,0,7.487895081
0.405,0,0,7.513006294
0.406,0,0,7.538133044
0.407,0,0,7.563341469
0.408,0,0,7.588518345
0.409,0,0,7.613791642
0.41,0,0,7.639051958
0.411,0,0,7.664336926
0.412,0,0,7.689623748
0.413,0,0,7.714943551
0.414,0,0,7.740205131
0.415,0,0,7.765480459
0.416,0,0,7.790790853
0.417,0,0,7.815942052
0.418,0,0,7.841189057
0.419,0,0,7.866337874
0.42,0,0,7.891404777
0.421,0,0,7.916506179
0.422,0,0,7.941424984
0.423,0,0,7.966406311
0.424,0,0,7.991227441
0.425,0,0,8.016039839
0.426,0,0,8.040691748
0.427,0,0,8.065264469
0.428,0,0,8.089778848
0.429,0,0,8.114192566
0.43,0,0,8.13848346
0.431,0,0,8.162703824
0.432,0,0,8.186700765
0.433,0,0,8.21076792
0.434,0,0,8.234555638
0.435,0,0,8.258377891
0.436,0,0,8.281854921
0.437,0,0,8.305376355
0.438,0,0,8.328687604
0.439,0,0,8.351889459
0.44,0,0,8.374946522
0.441,0,0,8.39793764
0.442,0,0,8.420701687
0.443,0,0,8.443357827
0.444,0,0,8.465880776
0.445,0,0,8.488156555
0.446,0,0,8.510437254
0.447,0,0,8.532482743
0.448,0,0,8.554484122
0.449,0,0,8.576295887
0.45,0,0,8.597907961
0.451,0,0,8.619406896
0.452,0,0,8.6407818
0.453,0,0,8.662013159
0.454,0,0,8.68316957
0.455,0,0,8.704076678
0.456,0,0,8.72494232
0.457,0,0,8.745557859
0.458,0,0,8.76623655
0.459,0,0,8.78661089
0.46,0,0,8.807003648
0.461,0,0,8.82717143
0.462,0,0,8.847234395
0.463,0,0,8.867250614
0.464,0,0,8.887034477
0.465,0,0,8.906814641
0.466,0,0,8.926514719
0.467,0,0,8.946094778
0.468,0,0,8.965552763
0.469,0,0,8.984919751
0.47,0,0,9.00418091
0.471,0,0,9.023340159
0.472,0,0,9.042587596
0.473,0,0,9.061592731
0.474,0,0,9.080611089
0.475,0,0,9.099574898
0.476,0,0,9.118431897
0.477,0,0,9.137265077
0.478,0,0,9.156082356
0.479,0,0,9.174788693
0.48,0,0,9.193495283
0.481,0,0,9.212127805
0.482,0,0,9.230857803
0.483,0,0,9.249439592
0.484,0,0,9.268106181
0.485,0,0,9.286677928
0.486,0,0,9.305246408
0.487,0,0,9.323878017
0.488,0,0,9.342474582
0.489,0,0,9.361011892
0.49,0,0,9.379736738
0.491,0,0,9.398365441
0.492,0,0,9.416983501
0.493,0,0,9.435748929
0.494,0,0,9.454395874
0.495,0,0,9.473157095
0.496,0,0,9.491972588
0.497,0,0,9.51081646
0.498,0,0,9.52970927
0.499,0,0,9.54863155
0.5,0,0,9.567571291
0.501,0,0,9.58674625
0.502,0,0,9.60582674
0.503,0,0,9.625048152
0.504,0,0,9.644218666
0.505,0,0,9.663646787
0.506,0,0,9.682900954
0.507,0,0,9.702449454
0.508,0,0,9.72203409
0.509,0,0,9.741678978
0.51,0,0,9.761402432
0.511,0,0,9.781188169
0.512,0,0,9.801109109
0.513,0,0,9.821030161
0.514,0,0,9.841089849
0.515,0,0,9.861239046
0.516,0,0,9.881557911
0.517,0,0,9.901949625
0.518,0,0,9.922315501
0.519,0,0,9.94285733
0.52,0,0,9.963441722
0.521,0,0,9.984171743
0.522,0,0,10.00506231
0.523,0,0,10.02589565
0.524,0,0,10.0468607
0.525,0,0,10.0680292
0.526,0,0,10.08918288
0.527,0,0,10.1104985
0.528,0,0,10.13175026
0.529,0,0,10.15334853
0.53,0,0,10.17478082
0.531,0,0,10.19642735
0.532,0,0,10.21806781
0.533,0,0,10.23991324
0.534,0,0,10.2617694
0.535,0,0,10.28375824
0.536,0,0,10.30575728
0.537,0,0,10.32786675
0.538,0,0,10.35005257
0.539,0,0,10.37222395
0.54,0,0,10.39448855
0.541,0,0,10.416867
0.542,0,0,10.43929601
0.543,0,0,10.46177781
0.544,0,0,10.48428842
0.545,0,0,10.50676953
0.546,0,0,10.52935845
0.547,0,0,10.55170777
0.548,0,0,10.5738079
0.549,0,0,10.59599057
0.55,0,0,10.61828827
0.551,0,0,10.64060462
0.552,0,0,10.66283696
0.553,0,0,10.68529941
0.554,0,0,10.70753516
0.555,0,0,10.72974268
0.556,0,0,10.75178662
0.557,0,0,10.77381021
0.558,0,0,10.79568749
0.559,0,0,10.81765546
0.56,0,0,10.83947676
0.561,0,0,10.86139182
0.562,0,0,10.88325051
0.563,0,0,10.90498691
0.564,0,0,10.92658239
0.565,0,0,10.94792549
0.566,0,0,10.96909596
0.567,0,0,10.99034813
0.568,0,0,11.01158142
0.569,0,0,11.03264892
0.57,0,0,11.05382043
0.571,0,0,11.07477462
0.572,0,0,11.09542302
0.573,0,0,11.11595613
0.574,0,0,11.13642794
0.575,0,0,11.15697236
0.576,0,0,11.17735617
0.577,0,0,11.19771002
0.578,0,0,11.21789946
0.579,0,0,11.23797769
0.58,0,0,11.25786942
0.581,0,0,11.2777304
0.582,0,0,11.29737767
0.583,0,0,11.31704437
0.584,0,0,11.33662617
0.585,0,0,11.35615992
0.586,0,0,11.3754979
0.587,0,0,11.39461529
0.588,0,0,11.41377371
0.589,0,0,11.4327591
0.59,0,0,11.45169357
0.591,0,0,11.47051026
0.592,0,0,11.48939374
0.593,0,0,11.50799219
0.594,0,0,11.5265411
0.595,0,0,11.54502343
0.596,0,0,11.56352063
0.597,0,0,11.58189053
0.598,0,0,11.60014796
0.599,0,0,11.61845884
0.6,0,0,11.63664606
0.601,0,0,11.65489436
0.602,0,0,11.67302819
0.603,0,0,11.69103368
0.604,0,0,11.70895291
0.605,0,0,11.72694287
0.606,0,0,11.74456982
0.607,0,0,11.76191288
0.608,0,0,11.77900733
0.609,0,0,11.79573341
0.61,0,0,11.81226862
0.611,0,0,11.82846244
0.612,0,0,11.84434696
0.613,0,0,11.8599712
0.614,0,0,11.87513
0.615,0,0,11.88969959
0.616,0,0,11.90404388
0.617,0,0,11.91788634
0.618,0,0,11.93127125
0.619,0,0,11.94396815
0.62,0,0,11.95623832
0.621,0,0,11.96807157
0.622,0,0,11.97934591
0.623,0,0,11.99009659
0.624,0,0,12.00013033
0.625,0,0,12.00968006
0.626,0,0,12.01874856
0.627,0,0,12.02717761
0.628,0,0,12.03478434
0.629,0,0,12.04186338
0.63,0,0,12.04835574
0.631,0,0,12.05422062
0.632,0,0,12.05949489
0.633,0,0,12.06408034
0.634,0,0,12.0680569
0.635,0,0,12.0712992
0.636,0,0,12.07395139
0.637,0,0,12.07590257
0.638,0,0,12.07736854
0.639,0,0,12.07796731
0.64,0,0,12.07799705
0.641,0,0,12.0773799
0.642,0,0,12.07636166
0.643,0,0,12.07456784
0.644,0,0,12.07222541
0.645,0,0,12.0690857
0.646,0,0,12.06559006
0.647,0,0,12.06138519
0.648,0,0,12.05661614
0.649,0,0,12.05113092
0.65,0,0,12.04534076
0.651,0,0,12.0390911
0.652,0,0,12.03213182
0.653,0,0,12.02480215
0.654,0,0,12.01678414
0.655,0,0,12.00855791
0.656,0,0,11.99978248
0.657,0,0,11.99047944
0.658,0,0,11.98096957
0.659,0,0,11.97091353
0.66,0,0,11.96050472
0.661,0,0,11.94986841
0.662,0,0,11.93888502
0.663,0,0,11.92747326
0.664,0,0,11.91570771
0.665,0,0,11.90388599
0.666,0,0,11.89179108
0.667,0,0,11.87943451
0.668,0,0,11.86695096
0.669,0,0,11.85424752
0.67,0,0,11.8415465
0.671,0,0,11.82850432
0.672,0,0,11.81532153
0.673,0,0,11.80214743
0.674,0,0,11.78899354
0.675,0,0,11.7757916
0.676,0,0,11.7626808
0.677,0,0,11.74941707
0.678,0,0,11.73624457
0.679,0,0,11.72308481
0.68,0,0,11.71002276
0.681,0,0,11.69718119
0.682,0,0,11.68424792
0.683,0,0,11.67169739
0.684,0,0,11.65929911
0.685,0,0,11.64703016
0.686,0,0,11.63483462
0.687,0,0,11.62286026
0.688,0,0,11.61121254
0.689,0,0,11.59982766
0.69,0,0,11.58873401
0.691,0,0,11.57793189
0.692,0,0,11.56737406
0.693,0,0,11.55741715
0.694,0,0,11.54741525
0.695,0,0,11.53788549
0.696,0,0,11.52866946
0.697,0,0,11.51986327
0.698,0,0,11.51141761
0.699,0,0,11.50348635
0.7,0,0,11.49581033
0.701,0,0,11.48865537
0.702,0,0,11.48190259
0.703,0,0,11.47544927
0.704,0,0,11.46949718
0.705,0,0,11.4639844
0.706,0,0,11.45885648
0.707,0,0,11.45424927
0.708,0,0,11.45022289
0.709,0,0,11.44645447
0.71,0,0,11.44313667
0.711,0,0,11.44022935
0.712,0,0,11.43777514
0.713,0,0,11.43576325
0.714,0,0,11.43424596
0.715,0,0,11.43309947
0.716,0,0,11.43265249
0.717,0,0,11.43232858
0.718,0,0,11.4326931
0.719,0,0,11.43320304
0.72,0,0,11.43431841
0.721,0,0,11.43559615
0.722,0,0,11.43746119
0.723,0,0,11.43965078
0.724,0,0,11.44226643
0.725,0,0,11.44530916
0.726,0,0,11.4485769
0.727,0,0,11.45234923
0.728,0,0,11.45633953
0.729,0,0,11.46050802
0.73,0,0,11.46521359
0.731,0,0,11.47017964
0.732,0,0,11.47541139
0.733,0,0,11.48102654
0.734,0,0,11.48678903
0.735,0,0,11.49292754
0.736,0,0,11.49909928
0.737,0,0,11.50563659
0.738,0,0,11.51220658
0.739,0,0,11.519055
0.74,0,0,11.52613985
0.741,0,0,11.53329673
0.742,0,0,11.54068644
0.743,0,0,11.54824436
0.744,0,0,11.55586286
0.745,0,0,11.56358176
0.746,0,0,11.57140466
0.747,0,0,11.57918877
0.748,0,0,11.58717993
0.749,0,0,11.59509192
0.75,0,0,11.60305332
0.751,0,0,11.61114712
0.752,0,0,11.61924256
0.753,0,0,11.62718802
0.754,0,0,11.63512209
0.755,0,0,11.64313102
0.756,0,0,11.65086184
0.757,0,0,11.65871124
0.758,0,0,11.66634547
0.759,0,0,11.67401319
0.76,0,0,11.68142629
0.761,0,0,11.68893167
0.762,0,0,11.69613948
0.763,0,0,11.70337028
0.764,0,0,11.71031013
0.765,0,0,11.71713694
0.766,0,0,11.72365877
0.767,0,0,11.73020971
0.768,0,0,11.73635048
0.769,0,0,11.74244472
0.77,0,0,11.74834886
0.771,0,0,11.75395925
0.772,0,0,11.75952157
0.773,0,0,11.76465308
0.774,0,0,11.76949693
0.775,0,0,11.77418825
0.776,0,0,11.77861617
0.777,0,0,11.78280977
0.778,0,0,11.78666834
0.779,0,0,11.79050879
0.78,0,0,11.79397924
0.781,0,0,11.79720189
0.782,0,0,11.80010098
0.783,0,0,11.80265647
0.784,0,0,11.80486863
0.785,0,0,11.80692981
0.786,0,0,11.80861593
0.787,0,0,11.81026655
0.788,0,0,11.81148071
0.789,0,0,11.81257448
0.79,0,0,11.81312023
0.791,0,0,11.81363842
0.792,0,0,11.81368377
0.793,0,0,11.81350436
0.794,0,0,11.81305869
0.795,0,0,11.81235729
0.796,0,0,11.81152356
0.797,0,0,11.81046024
0.798,0,0,11.80898179
0.799,0,0,11.80738187
0.8,0,0,11.80548743
0.801,0,0,11.80332006
0.802,0,0,11.80083897
0.803,0,0,11.79817852
0.804,0,0,11.79550962
0.805,0,0,11.79246169
0.806,0,0,11.78938453
0.807,0,0,11.78589117
0.808,0,0,11.78243253
0.809,0,0,11.77852441
0.81,0,0,11.77450509
0.811,0,0,11.77041284
0.812,0,0,11.7662197
0.813,0,0,11.76181433
0.814,0,0,11.75743071
0.815,0,0,11.75272304
0.816,0,0,11.74798178
0.817,0,0,11.74306131
0.818,0,0,11.7378909
0.819,0,0,11.73282704
0.82,0,0,11.72769841
0.821,0,0,11.72253049
0.822,0,0,11.71725455
0.823,0,0,11.71198945
0.824,0,0,11.70669965
0.825,0,0,11.70128039
0.826,0,0,11.69584371
0.827,0,0,11.69028881
0.828,0,0,11.68484045
0.829,0,0,11.67948936
0.83,0,0,11.67409603
0.831,0,0,11.66880445
0.832,0,0,11.66356171
0.833,0,0,11.65829789
0.834,0,0,11.65306232
0.835,0,0,11.64781843
0.836,0,0,11.64279858
0.837,0,0,11.63776141
0.838,0,0,11.63302238
0.839,0,0,11.62826948
0.84,0,0,11.62372398
0.841,0,0,11.61920117
0.842,0,0,11.61474846
0.843,0,0,11.61044085
0.844,0,0,11.60626753
0.845,0,0,11.60222818
0.846,0,0,11.59849084
0.847,0,0,11.59489735
0.848,0,0,11.59147751
0.849,0,0,11.58820837
0.85,0,0,11.58505906
0.851,0,0,11.58217412
0.852,0,0,11.57925308
0.853,0,0,11.57676819
0.854,0,0,11.57437299
0.855,0,0,11.57236549
0.856,0,0,11.57039575
0.857,0,0,11.56876395
0.858,0,0,11.56716321
0.859,0,0,11.56582037
0.86,0,0,11.56458095
0.861,0,0,11.56375796
0.862,0,0,11.562938
0.863,0,0,11.56267925
0.864,0,0,11.56246899
0.865,0,0,11.56241401
0.866,0,0,11.56273921
0.867,0,0,11.5630623
0.868,0,0,11.5636195
0.869,0,0,11.56436987
0.87,0,0,11.56537516
0.871,0,0,11.56665226
0.872,0,0,11.56811979
0.873,0,0,11.56980921
0.874,0,0,11.57163187
0.875,0,0,11.57371361
0.876,0,0,11.5759388
0.877,0,0,11.57810486
0.878,0,0,11.58070413
0.879,0,0,11.58340915
0.88,0,0,11.58634181
0.881,0,0,11.58949996
0.882,0,0,11.59277278
0.883,0,0,11.5962127
0.884,0,0,11.59964208
0.885,0,0,11.60324143
0.886,0,0,11.60688909
0.887,0,0,11.61077296
0.888,0,0,11.61481413
0.889,0,0,11.61887151
0.89,0,0,11.62315626
0.891,0,0,11.62749602
0.892,0,0,11.63184587
0.893,0,0,11.63628018
0.894,0,0,11.64077555
0.895,0,0,11.6453162
0.896,0,0,11.64990471
0.897,0,0,11.65456337
0.898,0,0,11.65927643
0.899,0,0,11.66396916
0.9,0,0,11.6688836
0.901,0,0,11.67341175
0.902,0,0,11.67820669
0.903,0,0,11.68287098
0.904,0,0,11.6875663
0.905,0,0,11.69219146
0.906,0,0,11.69686878
0.907,0,0,11.70145233
0.908,0,0,11.70611524
0.909,0,0,11.71051528
0.91,0,0,11.71497269
0.911,0,0,11.7192896
0.912,0,0,11.723563
0.913,0,0,11.72768563
0.914,0,0,11.73173889
0.915,0,0,11.73576288
0.916,0,0,11.73961284
0.917,0,0,11.74337838
0.918,0,0,11.74698434
0.919,0,0,11.75046213
0.92,0,0,11.7538123
0.921,0,0,11.75700184
0.922,0,0,11.76007782
0.923,0,0,11.76296822
0.924,0,0,11.76583312
0.925,0,0,11.76845108
0.926,0,0,11.77085701
0.927,0,0,11.77317704
0.928,0,0,11.77535677
0.929,0,0,11.77721244
0.93,0,0,11.77903759
0.931,0,0,11.78051709
0.932,0,0,11.78208935
0.933,0,0,11.78316311
0.934,0,0,11.78427929
0.935,0,0,11.78516264
0.936,0,0,11.78587391
0.937,0,0,11.78640244
0.938,0,0,11.78668659
0.939,0,0,11.78684317
0.94,0,0,11.78679358
0.941,0,0,11.78654525
0.942,0,0,11.78615373
0.943,0,0,11.7855864
0.944,0,0,11.78489334
0.945,0,0,11.78396755
0.946,0,0,11.78278008
0.947,0,0,11.78156265
0.948,0,0,11.78000761
0.949,0,0,11.77854317
0.95,0,0,11.77668538
0.951,0,0,11.77477379
0.952,0,0,11.77274973
0.953,0,0,11.77057854
0.954,0,0,11.76814925
0.955,0,0,11.76567965
0.956,0,0,11.7631095
0.957,0,0,11.76035178
0.958,0,0,11.75744555
0.959,0,0,11.75449997
0.96,0,0,11.75137756
0.961,0,0,11.74820425
0.962,0,0,11.74492141
0.963,0,0,11.74151605
0.964,0,0,11.73804178
0.965,0,0,11.73447629
0.966,0,0,11.73082226
0.967,0,0,11.72717764
0.968,0,0,11.72343553
0.969,0,0,11.71967825
0.97,0,0,11.71585999
0.971,0,0,11.71205378
0.972,0,0,11.70808683
0.973,0,0,11.7041618
0.974,0,0,11.70025837
0.975,0,0,11.69624816
0.976,0,0,11.69232563
0.977,0,0,11.68844045
0.978,0,0,11.68446605
0.979,0,0,11.68069594
0.98,0,0,11.67666727
0.981,0,0,11.67292038
0.982,0,0,11.66908247
0.983,0,0,11.66532654
0.984,0,0,11.66159717
0.985,0,0,11.65794867
0.986,0,0,11.65444866
0.987,0,0,11.65094325
0.988,0,0,11.64750771
0.989,0,0,11.64413701
0.99,0,0,11.6408163
0.991,0,0,11.63767781
0.992,0,0,11.63463409
0.993,0,0,11.63155889
0.994,0,0,11.62882208
0.995,0,0,11.62598023
0.996,0,0,11.62346669
0.997,0,0,11.6208507
0.998,0,0,11.61851699
0.999,0,0,11.61622618
1,0,0,11.61406855
1.001,0,0,11.61198044
1.002,0,0,11.61021535
1.003,0,0,11.60843226
1.004,0,0,11.60683389
1.005,0,0,11.60526877
1.006,0,0,11.60406117
1.007,0,0,11.60280951
1.008,0,0,11.60172509
1.009,0,0,11.60076653
1.01,0,0,11.59993266
1.011,0,0,11.59934383
1.012,0,0,11.59883218
1.013,0,0,11.59836934
1.014,0,0,11.59803587
1.015,0,0,11.59782646
1.016,0,0,11.59774089
1.017,0,0,11.59776801
1.018,0,0,11.5979372
1.019,0,0,11.59829461
1.02,0,0,11.59868297
1.021,0,0,11.59923213
1.022,0,0,11.59975699
1.023,0,0,11.60048168
1.024,0,0,11.60125739
1.025,0,0,11.60206473
1.026,0,0,11.60311184
1.027,0,0,11.60410595
1.028,0,0,11.60531201
1.029,0,0,11.60645172
1.03,0,0,11.60779307
1.031,0,0,11.60918662
1.032,0,0,11.61050631
1.033,0,0,11.61192797
1.034,0,0,11.61334156
1.035,0,0,11.61489814
1.036,0,0,11.61653024
1.037,0,0,11.61814753
1.038,0,0,11.6198506
1.039,0,0,11.62157201
1.04,0,0,11.62324531
1.041,0,0,11.62502085
1.042,0,0,11.62661411
1.043,0,0,11.62840732
1.044,0,0,11.63004077
1.045,0,0,11.6319007
1.046,0,0,11.63356189
1.047,0,0,11.63533129
1.048,0,0,11.63696287
1.049,0,0,11.63867257
1.05,0,0,11.64025766
1.051,0,0,11.64184552
1.052,0,0,11.64336034
1.053,0,0,11.64492416
1.054,0,0,11.64635432
1.055,0,0,11.64786694
1.056,0,0,11.6492709
1.057,0,0,11.65052482
1.058,0,0,11.65177149
1.059,0,0,11.6529146
1.06,0,0,11.65403107
1.061,0,0,11.65503658
1.062,0,0,11.65597905
1.063,0,0,11.65684477
1.064,0,0,11.65762892
1.065,0,0,11.65838725
1.066,0,0,11.65890465
1.067,0,0,11.65946966
1.068,0,0,11.65982155
1.069,0,0,11.66012364
1.07,0,0,11.66037926
1.071,0,0,11.66048877
1.072,0,0,11.66045577
1.073,0,0,11.66044981
1.074,0,0,11.66014522
1.075,0,0,11.65992811
1.076,0,0,11.65940706
1.077,0,0,11.65890747
1.078,0,0,11.65818407
1.079,0,0,11.65742575
1.08,0,0,11.65668337
1.081,0,0,11.65565142
1.082,0,0,11.65452908
1.083,0,0,11.65332495
1.084,0,0,11.65198507
1.085,0,0,11.65054127
1.086,0,0,11.64903577
1.087,0,0,11.64739347
1.088,0,0,11.64569153
1.089,0,0,11.64384504
1.09,0,0,11.64188491
1.091,0,0,11.63978066
1.092,0,0,11.63763776
1.093,0,0,11.63527386
1.094,0,0,11.63301586
1.095,0,0,11.63057983
1.096,0,0,11.62797881
1.097,0,0,11.6254397
1.098,0,0,11.62269151
1.099,0,0,11.61993506
1.1,0,0,11.61699672
1.101,0,0,11.61406065
1.102,0,0,11.6110314
1.103,0,0,11.60787955
1.104,0,0,11.60482833
1.105,0,0,11.60165154
1.106,0,0,11.59834941
1.107,0,0,11.59502889
1.108,0,0,11.5915531
1.109,0,0,11.58814084
1.11,0,0,11.58465647
1.111,0,0,11.5811312
1.112,0,0,11.57763376
1.113,0,0,11.5740461
1.114,0,0,11.5705581
1.115,0,0,11.56685443
1.116,0,0,11.56328272
1.117,0,0,11.55949381
1.118,0,0,11.55590113
1.119,0,0,11.55218205
1.12,0,0,11.54852991
1.121,0,0,11.54487383
1.122,0,0,11.54131834
1.123,0,0,11.53767949
1.124,0,0,11.53405099
1.125,0,0,11.5303599
1.126,0,0,11.52679033
1.127,0,0,11.52316997
1.128,0,0,11.51965727
1.129,0,0,11.51626931
1.13,0,0,11.51280679
1.131,0,0,11.50949246
1.132,0,0,11.50607069
1.133,0,0,11.50275112
1.134,0,0,11.49950764
1.135,0,0,11.4962514
1.136,0,0,11.49317583
1.137,0,0,11.49007258
1.138,0,0,11.48718788
1.139,0,0,11.48419098
1.14,0,0,11.48145639
1.141,0,0,11.478535
1.142,0,0,11.47585376
1.143,0,0,11.47318304
1.144,0,0,11.4706352
1.145,0,0,11.46811717
1.146,0,0,11.46581597
1.147,0,0,11.4635144
1.148,0,0,11.46139854
1.149,0,0,11.45929323
1.15,0,0,11.45724949
1.151,0,0,11.45528355
1.152,0,0,11.45334536
1.153,0,0,11.45166317
1.154,0,0,11.44995722
1.155,0,0,11.44845643
1.156,0,0,11.44696109
1.157,0,0,11.44563951
1.158,0,0,11.44446943
1.159,0,0,11.44323893
1.16,0,0,11.44216852
1.161,0,0,11.44104451
1.162,0,0,11.4402321
1.163,0,0,11.43930483
1.164,0,0,11.43869018
1.165,0,0,11.43795802
1.166,0,0,11.43745022
1.167,0,0,11.43702672
1.168,0,0,11.43669446
1.169,0,0,11.4363833
1.17,0,0,11.43620779
1.171,0,0,11.43606546
1.172,0,0,11.43600991
1.173,0,0,11.43591306
1.174,0,0,11.43605974
1.175,0,0,11.43623104
1.176,0,0,11.43633616
1.177,0,0,11.43672957
1.178,0,0,11.43711199
1.179,0,0,11.43762028
1.18,0,0,11.43812063
1.181,0,0,11.4385669
1.182,0,0,11.43911125
1.183,0,0,11.43970009
1.184,0,0,11.44045143
1.185,0,0,11.44106462
1.186,0,0,11.44188068
1.187,0,0,11.44258996
1.188,0,0,11.4434835
1.189,0,0,11.44428592
1.19,0,0,11.44510396
1.191,0,0,11.44606921
1.192,0,0,11.44689165
1.193,0,0,11.44784905
1.194,0,0,11.44884412
1.195,0,0,11.4497763
1.196,0,0,11.45071305
1.197,0,0,11.45153963
1.198,0,0,11.45246097
1.199,0,0,11.45335458
1.2,0,0,11.45428709
1.201,0,0,11.45526343
1.202,0,0,11.45622688
1.203,0,0,11.45716577
1.204,0,0,11.45796
1.205,0,0,11.45877594
1.206,0,0,11.45958241
1.207,0,0,11.46037778
1.208,0,0,11.46098756
1.209,0,0,11.46174947
1.21,0,0,11.46238739
1.211,0,0,11.46308279
1.212,0,0,11.46357827
1.213,0,0,11.46415656
1.214,0,0,11.46457343
1.215,0,0,11.46508173
1.216,0,0,11.46542561
1.217,0,0,11.46580367
1.218,0,0,11.46602951
1.219,0,0,11.46636548
1.22,0,0,11.46649742
1.221,0,0,11.46653584
1.222,0,0,11.46661969
1.223,0,0,11.46645371
1.224,0,0,11.46640705
1.225,0,0,11.46625384
1.226,0,0,11.46609587
1.227,0,0,11.46582452
1.228,0,0,11.46538082
1.229,0,0,11.46501268
1.23,0,0,11.46448535
1.231,0,0,11.46400778
1.232,0,0,11.46339039
1.233,0,0,11.46277651
1.234,0,0,11.46197848
1.235,0,0,11.46115066
1.236,0,0,11.46030718
1.237,0,0,11.45924519
1.238,0,0,11.45830488
1.239,0,0,11.45711758
1.24,0,0,11.45601697
1.241,0,0,11.4548477
1.242,0,0,11.45370262
1.243,0,0,11.45247898
1.244,0,0,11.45099603
1.245,0,0,11.44964236
1.246,0,0,11.44808565
1.247,0,0,11.44650806
1.248,0,0,11.44489193
1.249,0,0,11.44333254
1.25,0,0,11.44177525
1.251,0,0,11.43992759
1.252,0,0,11.43822215
1.253,0,0,11.43635164
1.254,0,0,11.4345578
1.255,0,0,11.43252336
1.256,0,0,11.43067541
1.257,0,0,11.4286846
1.258,0,0,11.42679054
1.259,0,0,11.42489154
1.26,0,0,11.42278326
1.261,0,0,11.42081553
1.262,0,0,11.41875033
1.263,0,0,11.41664008
1.264,0,0,11.4145234
1.265,0,0,11.41236463
1.266,0,0,11.4102904
1.267,0,0,11.40801892
1.268,0,0,11.40599256
1.269,0,0,11.40386488
1.27,0,0,11.40174478
1.271,0,0,11.39961506
1.272,0,0,11.39749319
1.273,0,0,11.39550536
1.274,0,0,11.39333389
1.275,0,0,11.39124446
1.276,0,0,11.38906687
1.277,0,0,11.38708655
1.278,0,0,11.38496344
1.279,0,0,11.38306399
1.28,0,0,11.38116868
1.281,0,0,11.37927569
1.282,0,0,11.37738965
1.283,0,0,11.37533045
1.284,0,0,11.3734112
1.285,0,0,11.37152517
1.286,0,0,11.36967714
1.287,0,0,11.36800137
1.288,0,0,11.36629619
1.289,0,0,11.36479133
1.29,0,0,11.36312652
1.291,0,0,11.36162252
1.292,0,0,11.36002274
1.293,0,0,11.35844075
1.294,0,0,11.35694399
1.295,0,0,11.3555192
1.296,0,0,11.35435819
1.297,0,0,11.353038
1.298,0,0,11.35187815
1.299,0,0,11.35067717
1.3,0,0,11.34965114
1.301,0,0,11.34849868
1.302,0,0,11.34741555
1.303,0,0,11.34645097
1.304,0,0,11.34549284
1.305,0,0,11.34469081
1.306,0,0,11.34373304
1.307,0,0,11.34307322
1.308,0,0,11.34243114
1.309,0,0,11.3417947
1.31,0,0,11.34122534
1.311,0,0,11.34070617
1.312,0,0,11.34035264
1.313,0,0,11.33982791
1.314,0,0,11.33948237
1.315,0,0,11.33910498
1.316,0,0,11.33876515
1.317,0,0,11.33851508
1.318,0,0,11.33838026
1.319,0,0,11.33837843
1.32,0,0,11.33837612
1.321,0,0,11.33832207
1.322,0,0,11.33842307
1.323,0,0,11.33834768
1.324,0,0,11.33836152
1.325,0,0,11.33845621
1.326,0,0,11.3386774
1.327,0,0,11.33894403
1.328,0,0,11.3391483
1.329,0,0,11.33932885
1.33,0,0,11.33976243
1.331,0,0,11.34008616
1.332,0,0,11.34050225
1.333,0,0,11.34082706
1.334,0,0,11.34132755
1.335,0,0,11.34179773
1.336,0,0,11.34228641
1.337,0,0,11.34275364
1.338,0,0,11.34315713
1.339,0,0,11.34372972
1.34,0,0,11.34415029
1.341,0,0,11.34491835
1.342,0,0,11.34552193
1.343,0,0,11.34620288
1.344,0,0,11.34673275
1.345,0,0,11.34734288
1.346,0,0,11.34785253
1.347,0,0,11.34833737
1.348,0,0,11.34902952
1.349,0,0,11.34964517
1.35,0,0,11.35040566
1.351,0,0,11.35090499
1.352,0,0,11.35150618
1.353,0,0,11.35208713
1.354,0,0,11.35263371
1.355,0,0,11.35316733
1.356,0,0,11.35368327
1.357,0,0,11.35441142
1.358,0,0,11.35494069
1.359,0,0,11.35549959
1.36,0,0,11.3559545
1.361,0,0,11.35643939
1.362,0,0,11.35678888
1.363,0,0,11.35723838
1.364,0,0,11.35763425
1.365,0,0,11.35813594
1.366,0,0,11.35850372
1.367,0,0,11.35897223
1.368,0,0,11.35929078
1.369,0,0,11.35951159
1.37,0,0,11.35979148
1.371,0,0,11.36006994
1.372,0,0,11.36047443
1.373,0,0,11.36066609
1.374,0,0,11.36074022
1.375,0,0,11.36098357
1.376,0,0,11.36102471
1.377,0,0,11.36109333
1.378,0,0,11.36105525
1.379,0,0,11.36131066
1.38,0,0,11.36139896
1.381,0,0,11.3614295
1.382,0,0,11.36145182
1.383,0,0,11.36137973
1.384,0,0,11.36127394
1.385,0,0,11.36110878
1.386,0,0,11.36094667
1.387,0,0,11.36089185
1.388,0,0,11.36068422
1.389,0,0,11.36053257
1.39,0,0,11.3602892
1.391,0,0,11.35994259
1.392,0,0,11.35966517
1.393,0,0,11.35936549
1.394,0,0,11.35917049
1.395,0,0,11.35895694
1.396,0,0,11.3585182
1.397,0,0,11.35825996
1.398,0,0,11.35782986
1.399,0,0,11.35736882
1.4,0,0,11.3567391
1.401,0,0,11.35645871
1.402,0,0,11.35614532
1.403,0,0,11.35575467
1.404,0,0,11.35531186
1.405,0,0,11.35474914
1.406,0,0,11.35420543
1.407,0,0,11.35371851
1.408,0,0,11.35322565
1.409,0,0,11.35284448
1.41,0,0,11.35233129
1.411,0,0,11.35191627
1.412,0,0,11.35148366
1.413,0,0,11.35093446
1.414,0,0,11.35038558
1.415,0,0,11.34985363
1.416,0,0,11.34944234
1.417,0,0,11.3490513
1.418,0,0,11.34838595
1.419,0,0,11.34801273
1.42,0,0,11.34756091
1.421,0,0,11.34714762
1.422,0,0,11.34648917
1.423,0,0,11.3461348
1.424,0,0,11.34589239
1.425,0,0,11.34561979
1.426,0,0,11.34527086
1.427,0,0,11.34480446
1.428,0,0,11.34436914
1.429,0,0,11.34397411
1.43,0,0,11.34358821
1.431,0,0,11.34334605
1.432,0,0,11.34309769
1.433,0,0,11.34298985
1.434,0,0,11.34284357
1.435,0,0,11.34253097
1.436,0,0,11.34224473
1.437,0,0,11.34200799
1.438,0,0,11.34190748
1.439,0,0,11.34192834
1.44,0,0,11.34177576
1.441,0,0,11.34184135
1.442,0,0,11.34179062
1.443,0,0,11.34180903
1.444,0,0,11.3416531
1.445,0,0,11.34173846
1.446,0,0,11.34187888
1.447,0,0,11.34208547
1.448,0,0,11.34216815
1.449,0,0,11.34232583
1.45,0,0,11.34244861
1.451,0,0,11.34266115
1.452,0,0,11.34282449
1.453,0,0,11.34313064
1.454,0,0,11.34342681
1.455,0,0,11.34382266
1.456,0,0,11.34433151
1.457,0,0,11.34464548
1.458,0,0,11.34501697
1.459,0,0,11.34538081
1.46,0,0,11.34590925
1.461,0,0,11.34642396
1.462,0,0,11.34681118
1.463,0,0,11.34746097
1.464,0,0,11.34809199
1.465,0,0,11.34863217
1.466,0,0,11.34905606
1.467,0,0,11.34980967
1.468,0,0,11.35057643
1.469,0,0,11.35138844
1.47,0,0,11.35201334
1.471,0,0,11.35276192
1.472,0,0,11.35339891
1.473,0,0,11.35409587
1.474,0,0,11.35486962
1.475,0,0,11.35574613
1.476,0,0,11.35668013
1.477,0,0,11.35762953
1.478,0,0,11.35863826
1.479,0,0,11.35942072
1.48,0,0,11.36019864
1.481,0,0,11.36091459
1.482,0,0,11.36200545
1.483,0,0,11.36298379
1.484,0,0,11.36388077
1.485,0,0,11.36488776
1.486,0,0,11.36603206
1.487,0,0,11.36704947
1.488,0,0,11.36785591
1.489,0,0,11.36890837
1.49,0,0,11.36993584
1.491,0,0,11.37114358
1.492,0,0,11.37212273
1.493,0,0,11.37323857
1.494,0,0,11.37431709
1.495,0,0,11.37532108
1.496,0,0,11.37636669
1.497,0,0,11.37739694
1.498,0,0,11.37849718
1.499,0,0,11.37966481
1.5,0,0,11.38085516
1.501,0,0,11.38187633
1.502,0,0,11.38295653
1.503,0,0,11.38392529
1.504,0,0,11.38513992
1.505,0,0,11.38620877
1.506,0,0,11.38733996
1.507,0,0,11.38838819
1.508,0,0,11.38953501
1.509,0,0,11.39053369
1.51,0,0,11.39142237
1.511,0,0,11.39250404
1.512,0,0,11.39358344
1.513,0,0,11.39468844
1.514,0,0,11.39560309
1.515,0,0,11.39643914
1.516,0,0,11.39728716
1.517,0,0,11.39799887
1.518,0,0,11.39878185
1.519,0,0,11.39955823
1.52,0,0,11.40036899
1.521,0,0,11.40127556
1.522,0,0,11.40205508
1.523,0,0,11.40263806
1.524,0,0,11.40315219
1.525,0,0,11.40363843
1.526,0,0,11.40429237
1.527,0,0,11.40465196
1.528,0,0,11.40507514
1.529,0,0,11.40556111
1.53,0,0,11.40608799
1.531,0,0,11.40630579
1.532,0,0,11.4064527
1.533,0,0,11.40663809
1.534,0,0,11.40691511
1.535,0,0,11.40701821
1.536,0,0,11.40709325
1.537,0,0,11.40711548
1.538,0,0,11.40713515
1.539,0,0,11.40702306
1.54,0,0,11.40688549
1.541,0,0,11.40675873
1.542,0,0,11.40654082
1.543,0,0,11.40642727
1.544,0,0,11.4061566
1.545,0,0,11.40577227
1.546,0,0,11.40526892
1.547,0,0,11.40479781
1.548,0,0,11.40447723
1.549,0,0,11.40392344
1.55,0,0,11.40333854
1.551,0,0,11.40277156
1.552,0,0,11.40223543
1.553,0,0,11.40134912
1.554,0,0,11.4005871
1.555,0,0,11.39981837
1.556,0,0,11.39922251
1.557,0,0,11.39843717
1.558,0,0,11.39761315
1.559,0,0,11.39673273
1.56,0,0,11.39574352
1.561,0,0,11.39466759
1.562,0,0,11.39360551
1.563,0,0,11.39259113
1.564,0,0,11.39158036
1.565,0,0,11.39069319
1.566,0,0,11.38961394
1.567,0,0,11.38852892
1.568,0,0,11.38728214
1.569,0,0,11.38613568
1.57,0,0,11.38497029
1.571,0,0,11.38365101
1.572,0,0,11.38237764
1.573,0,0,11.38124206
1.574,0,0,11.3802029
1.575,0,0,11.3788188
1.576,0,0,11.37756735
1.577,0,0,11.37629816
1.578,0,0,11.37517963
1.579,0,0,11.3739208
1.58,0,0,11.37254083
1.581,0,0,11.37124709
1.582,0,0,11.36994908
1.583,0,0,11.368625
1.584,0,0,11.36727498
1.585,0,0,11.36601692
1.586,0,0,11.36482823
1.587,0,0,11.36374066
1.588,0,0,11.36243935
1.589,0,0,11.36114883
1.59,0,0,11.35971068
1.591,0,0,11.35858664
1.592,0,0,11.35741267
1.593,0,0,11.35616367
1.594,0,0,11.35497213
1.595,0,0,11.35393845
1.596,0,0,11.35295224
1.597,0,0,11.35163753
1.598,0,0,11.35040963
1.599,0,0,11.34932316
1.6,0,0,11.34839906
1.601,0,0,11.34740067
1.602,0,0,11.34630502
1.603,0,0,11.34533255
1.604,0,0,11.3443733
1.605,0,0,11.34339938
1.606,0,0,11.34240893
1.607,0,0,11.34144026
1.608,0,0,11.3406311
1.609,0,0,11.33997398
1.61,0,0,11.33917273
1.611,0,0,11.33842788
1.612,0,0,11.33756211
1.613,0,0,11.33694168
1.614,0,0,11.3362739
1.615,0,0,11.33550237
1.616,0,0,11.33476824
1.617,0,0,11.33432425
1.618,0,0,11.33387526
1.619,0,0,11.33322288
1.62,0,0,11.33258273
1.621,0,0,11.33224058
1.622,0,0,11.33195982
1.623,0,0,11.33162507
1.624,0,0,11.33119936
1.625,0,0,11.33082459
1.626,0,0,11.33048441
1.627,0,0,11.33014338
1.628,0,0,11.32989489
1.629,0,0,11.32965883
1.63,0,0,11.3296007
1.631,0,0,11.32963855
1.632,0,0,11.329547
1.633,0,0,11.3294038
1.634,0,0,11.32915503
1.635,0,0,11.32916011
1.636,0,0,11.32917251
1.637,0,0,11.32916439
1.638,0,0,11.32913719
1.639,0,0,11.32948389
1.64,0,0,11.32971578
1.641,0,0,11.32982026
1.642,0,0,11.32982536
1.643,0,0,11.33005223
1.644,0,0,11.33034506
1.645,0,0,11.33058944
1.646,0,0,11.3308183
1.647,0,0,11.33112083
1.648,0,0,11.33147921
1.649,0,0,11.3318153
1.65,0,0,11.33216716
1.651,0,0,11.33242247
1.652,0,0,11.3328671
1.653,0,0,11.33335198
1.654,0,0,11.33384357
1.655,0,0,11.33423316
1.656,0,0,11.33456069
1.657,0,0,11.3351298
1.658,0,0,11.33569198
1.659,0,0,11.33621807
1.66,0,0,11.33660662
1.661,0,0,11.33731707
1.662,0,0,11.33782655
1.663,0,0,11.33824817
1.664,0,0,11.33863701
1.665,0,0,11.33924146
1.666,0,0,11.34003543
1.667,0,0,11.34069466
1.668,0,0,11.34127281
1.669,0,0,11.34179452
1.67,0,0,11.3423306
1.671,0,0,11.34286997
1.672,0,0,11.34337069
1.673,0,0,11.34383455
1.674,0,0,11.3445527
1.675,0,0,11.34526167
1.676,0,0,11.34601996
1.677,0,0,11.34655859
1.678,0,0,11.34706032
1.679,0,0,11.34766765
1.68,0,0,11.34815544
1.681,0,0,11.34858242
1.682,0,0,11.34903607
1.683,0,0,11.34979219
1.684,0,0,11.3504411
1.685,0,0,11.35096862
1.686,0,0,11.35146516
1.687,0,0,11.35203397
1.688,0,0,11.35261832
1.689,0,0,11.35305657
1.69,0,0,11.35345829
1.691,0,0,11.35390698
1.692,0,0,11.35435319
1.693,0,0,11.35482603
1.694,0,0,11.3553088
1.695,0,0,11.35570155
1.696,0,0,11.35630414
1.697,0,0,11.35678226
1.698,0,0,11.35719181
1.699,0,0,11.35734746
1.7,0,0,11.35758409
1.701,0,0,11.35798009
1.702,0,0,11.35837807
1.703,0,0,11.35865014
1.704,0,0,11.35904273
1.705,0,0,11.35951779
1.706,0,0,11.35977522
1.707,0,0,11.35979687
1.708,0,0,11.35989514
1.709,0,0,11.36020029
1.71,0,0,11.36052687
1.711,0,0,11.36075209
1.712,0,0,11.36096185
1.713,0,0,11.36123258
1.714,0,0,11.36133075
1.715,0,0,11.36144831
1.716,0,0,11.36141086
1.717,0,0,11.36139864
1.718,0,0,11.36150727
1.719,0,0,11.36166047
1.72,0,0,11.36183986
1.721,0,0,11.36180348
1.722,0,0,11.36183888
1.723,0,0,11.3618994
1.724,0,0,11.3619293
1.725,0,0,11.36165311
1.726,0,0,11.36157933
1.727,0,0,11.3616153
1.728,0,0,11.3616132
1.729,0,0,11.36147881
1.73,0,0,11.36137338
1.731,0,0,11.36141471
1.732,0,0,11.36140294
1.733,0,0,11.36128702
1.734,0,0,11.36102016
1.735,0,0,11.36079356
1.736,0,0,11.36051397
1.737,0,0,11.36029098
1.738,0,0,11.36002415
1.739,0,0,11.35992819
1.74,0,0,11.35995355
1.741,0,0,11.35989947
1.742,0,0,11.35971065
1.743,0,0,11.35926859
1.744,0,0,11.35891971
1.745,0,0,11.35858748
1.746,0,0,11.35839131
1.747,0,0,11.35803042
1.748,0,0,11.35794005
1.749,0,0,11.35784841
1.75,0,0,11.35759979
1.751,0,0,11.3572031
1.752,0,0,11.35681563
1.753,0,0,11.35660369
1.754,0,0,11.35630582
1.755,0,0,11.35594852
1.756,0,0,11.35563269
1.757,0,0,11.35542429
1.758,0,0,11.35515258
1.759,0,0,11.35493402
1.76,0,0,11.35449078
1.761,0,0,11.35422154
1.762,0,0,11.35392728
1.763,0,0,11.35368587
1.764,0,0,11.35337708
1.765,0,0,11.35293955
1.766,0,0,11.35267613
1.767,0,0,11.35247271
1.768,0,0,11.3522077
1.769,0,0,11.35175053
1.77,0,0,11.35152944
1.771,0,0,11.35138236
1.772,0,0,11.35102761
1.773,0,0,11.35058043
1.774,0,0,11.35023684
1.775,0,0,11.3501033
1.776,0,0,11.34995501
1.777,0,0,11.34977093
1.778,0,0,11.34956119
1.779,0,0,11.34929458
1.78,0,0,11.34888662
1.781,0,0,11.34858216
1.782,0,0,11.34814173
1.783,0,0,11.34796697
1.784,0,0,11.34790137
1.785,0,0,11.34796014
1.786,0,0,11.34781531
1.787,0,0,11.347434
1.788,0,0,11.34712636
1.789,0,0,11.34698171
1.79,0,0,11.3466644
1.791,0,0,11.34632429
1.792,0,0,11.34626134
1.793,0,0,11.34633058
1.794,0,0,11.34623249
1.795,0,0,11.34602314
1.796,0,0,11.34584864
1.797,0,0,11.34579342
1.798,0,0,11.34564692
1.799,0,0,11.34547377
1.8,0,0,11.34532063
1.801,0,0,11.34522685
1.802,0,0,11.34516631
1.803,0,0,11.3450777
1.804,0,0,11.34493496
1.805,0,0,11.34494328
1.806,0,0,11.34500661
1.807,0,0,11.34504346
1.808,0,0,11.34486765
1.809,0,0,11.34469282
1.81,0,0,11.34456508
1.811,0,0,11.34464984
1.812,0,0,11.34456347
1.813,0,0,11.34455415
1.814,0,0,11.34473881
1.815,0,0,11.34494576
1.816,0,0,11.34493218
1.817,0,0,11.34469323
1.818,0,0,11.34456637
1.819,0,0,11.34464524
1.82,0,0,11.34476506
1.821,0,0,11.34484569
1.822,0,0,11.34500846
1.823,0,0,11.34510029
1.824,0,0,11.34519204
1.825,0,0,11.34515083
1.826,0,0,11.34502994
1.827,0,0,11.34505606
1.828,0,0,11.34521675
1.829,0,0,11.34553143
1.83,0,0,11.34554854
1.831,0,0,11.3456866
1.832,0,0,11.3457883
1.833,0,0,11.34603637
1.834,0,0,11.34599312
1.835,0,0,11.3459577
1.836,0,0,11.34608578
1.837,0,0,11.34626063
1.838,0,0,11.34639397
1.839,0,0,11.34642374
1.84,0,0,11.3466273
1.841,0,0,11.34690935
1.842,0,0,11.34711236
1.843,0,0,11.34718682
1.844,0,0,11.34728301
1.845,0,0,11.34723484
1.846,0,0,11.3473812
1.847,0,0,11.34744888
1.848,0,0,11.34760872
1.849,0,0,11.34782869
1.85,0,0,11.34811715
1.851,0,0,11.34846556
1.852,0,0,11.34849996
1.853,0,0,11.34846263
1.854,0,0,11.34851811
1.855,0,0,11.3486409
1.856,0,0,11.34861803
1.857,0,0,11.34873014
1.858,0,0,11.34913523
1.859,0,0,11.3495084
1.86,0,0,11.34962273
1.861,0,0,11.34959946
1.862,0,0,11.34969993
1.863,0,0,11.34980694
1.864,0,0,11.34988995
1.865,0,0,11.34998326
1.866,0,0,11.35018611
1.867,0,0,11.35031132
1.868,0,0,11.35054814
1.869,0,0,11.35060581
1.87,0,0,11.35069453
1.871,0,0,11.35076283
1.872,0,0,11.35094712
1.873,0,0,11.35105005
1.874,0,0,11.35106889
1.875,0,0,11.35107693
1.876,0,0,11.35131589
1.877,0,0,11.35152668
1.878,0,0,11.3515522
1.879,0,0,11.35159524
1.88,0,0,11.35175769
1.881,0,0,11.35187419
1.882,0,0,11.35181856
1.883,0,0,11.35173726
1.884,0,0,11.35182246
1.885,0,0,11.35208267
1.886,0,0,11.35225824
1.887,0,0,11.35236291
1.888,0,0,11.35242531
1.889,0,0,11.35241183
1.89,0,0,11.352362
1.891,0,0,11.35220402
1.892,0,0,11.35221428
1.893,0,0,11.35226067
1.894,0,0,11.35256852
1.895,0,0,11.35273167
1.896,0,0,11.3528326
1.897,0,0,11.35271487
1.898,0,0,11.35268944
1.899,0,0,11.35261942
1.9,0,0,11.35243591
1.901,0,0,11.35240359
1.902,0,0,11.35255675
1.903,0,0,11.35275469
1.904,0,0,11.35277336
1.905,0,0,11.35273046
1.906,0,0,11.3527375
1.907,0,0,11.35278474
1.908,0,0,11.35273043
1.909,0,0,11.35262037
1.91,0,0,11.35248045
1.911,0,0,11.3524648
1.912,0,0,11.35247847
1.913,0,0,11.35244985
1.914,0,0,11.35253375
1.915,0,0,11.35256234
1.916,0,0,11.35266484
1.917,0,0,11.35258391
1.918,0,0,11.35239751
1.919,0,0,11.35214718
1.92,0,0,11.35217732
1.921,0,0,11.35217807
1.922,0,0,11.35208565
1.923,0,0,11.35213178
1.924,0,0,11.35227985
1.925,0,0,11.35230742
1.926,0,0,11.35204237
1.927,0,0,11.35177591
1.928,0,0,11.35168028
1.929,0,0,11.35173586
1.93,0,0,11.3517062
1.931,0,0,11.35178696
1.932,0,0,11.3517576
1.933,0,0,11.35174144
1.934,0,0,11.35162888
1.935,0,0,11.35138173
1.936,0,0,11.35119786
1.937,0,0,11.35111075
1.938,0,0,11.35124224
1.939,0,0,11.3512799
1.94,0,0,11.35117492
1.941,0,0,11.35103417
1.942,0,0,11.35106889
1.943,0,0,11.35097289
1.944,0,0,11.35071631
1.945,0,0,11.35057542
1.946,0,0,11.35062769
1.947,0,0,11.35066063
1.948,0,0,11.35049697
1.949,0,0,11.35043403
1.95,0,0,11.35046829
1.951,0,0,11.35055957
1.952,0,0,11.35045444
1.953,0,0,11.35032233
1.954,0,0,11.3501056
1.955,0,0,11.35002663
1.956,0,0,11.34994356
1.957,0,0,11.34984811
1.958,0,0,11.34979152
1.959,0,0,11.34988683
1.96,0,0,11.35002827
1.961,0,0,11.35005721
1.962,0,0,11.34982903
1.963,0,0,11.34961295
1.964,0,0,11.34954106
1.965,0,0,11.34941241
1.966,0,0,11.34927482
1.967,0,0,11.34935324
1.968,0,0,11.3495464
1.969,0,0,11.34965883
1.97,0,0,11.34950883
1.971,0,0,11.34932084
1.972,0,0,11.34922366
1.973,0,0,11.34917384
1.974,0,0,11.34913428
1.975,0,0,11.34910291
1.976,0,0,11.34909274
1.977,0,0,11.34922665
1.978,0,0,11.34917457
1.979,0,0,11.34912367
1.98,0,0,11.34899943
1.981,0,0,11.34902555
1.982,0,0,11.34905028
1.983,0,0,11.34903892
1.984,0,0,11.34884337
1.985,0,0,11.34884377
1.986,0,0,11.3489612
1.987,0,0,11.34898306
1.988,0,0,11.34891636
1.989,0,0,11.34893176
1.99,0,0,11.34899251
1.991,0,0,11.34894252
1.992,0,0,11.34878066
1.993,0,0,11.34867355
1.994,0,0,11.34885964
1.995,0,0,11.34893148
1.996,0,0,11.34902629
1.997,0,0,11.34902415
1.998,0,0,11.34894392
1.999,0,0,11.34895411
2,0,0,11.34882891
2.001,0,0,11.34878192
2.002,0,0,11.34866978
2.003,0,0,11.34883849
2.004,0,0,11.34907459
2.005,0,0,11.34922193
2.006,0,0,11.3491027
2.007,0,0,11.34906332
2.008,0,0,11.34906418
2.009,0,0,11.34892764
2.01,0,0,11.34879832
2.011,0,0,11.34884902
2.012,0,0,11.34912212
2.013,0,0,11.34923545
2.014,0,0,11.34923901
2.015,0,0,11.34918506
2.016,0,0,11.34926277
2.017,0,0,11.34923624
2.018,0,0,11.34924018
2.019,0,0,11.34921074
2.02,0,0,11.34920633
2.021,0,0,11.3492758
2.022,0,0,11.3493061
2.023,0,0,11.3493791
2.024,0,0,11.34940465
2.025,0,0,11.34952163
2.026,0,0,11.34966086
2.027,0,0,11.34961411
2.028,0,0,11.34939337
2.029,0,0,11.34937216
2.03,0,0,11.34949027
2.031,0,0,11.349534
2.032,0,0,11.34957953
2.033,0,0,11.34971938
2.034,0,0,11.34992099
2.035,0,0,11.34990944
2.036,0,0,11.34976234
2.037,0,0,11.34968887
2.038,0,0,11.34975436
2.039,0,0,11.34981788
2.04,0,0,11.34991969
2.041,0,0,11.34997458
2.042,0,0,11.35011475
2.043,0,0,11.35015552
2.044,0,0,11.35010676
2.045,0,0,11.34995623
2.046,0,0,11.34991651
2.047,0,0,11.35000442
2.048,0,0,11.35021538
2.049,0,0,11.35028672
2.05,0,0,11.35025123
2.051,0,0,11.35034921
2.052,0,0,11.35043325
2.053,0,0,11.35034476
2.054,0,0,11.35020242
2.055,0,0,11.35025628
2.056,0,0,11.35040314
2.057,0,0,11.35046232
2.058,0,0,11.35039363
2.059,0,0,11.35045316
2.06,0,0,11.35057907
2.061,0,0,11.35067189
2.062,0,0,11.35072993
2.063,0,0,11.35058894
2.064,0,0,11.35059119
2.065,0,0,11.35049929
2.066,0,0,11.35052497
2.067,0,0,11.35048878
2.068,0,0,11.35061804
2.069,0,0,11.35081906
2.07,0,0,11.35101161
2.071,0,0,11.35093341
2.072,0,0,11.35069982
2.073,0,0,11.35065636
2.074,0,0,11.35066004
2.075,0,0,11.35061159
2.076,0,0,11.35057511
2.077,0,0,11.35079383
2.078,0,0,11.35100143
2.079,0,0,11.35106285
2.08,0,0,11.35089578
2.081,0,0,11.35083771
2.082,0,0,11.3507984
2.083,0,0,11.35073716
2.084,0,0,11.3507742
2.085,0,0,11.35078129
2.086,0,0,11.35093249
2.087,0,0,11.35094874
2.088,0,0,11.35097077
2.089,0,0,11.35084881
2.09,0,0,11.35079692
2.091,0,0,11.35084979
2.092,0,0,11.35094176
2.093,0,0,11.35084295
2.094,0,0,11.35074801
2.095,0,0,11.35087122
2.096,0,0,11.35095529
2.097,0,0,11.35088991
2.098,0,0,11.35075124
2.099,0,0,11.35085781
2.1,0,0,11.35093304
2.101,0,0,11.35081744
2.102,0,0,11.35063101
2.103,0,0,11.35067042
2.104,0,0,11.35078752
2.105,0,0,11.35090091
2.106,0,0,11.35092761
2.107,0,0,11.35087642
2.108,0,0,11.35082414
2.109,0,0,11.35073481
2.11,0,0,11.35060227
2.111,0,0,11.35050574
2.112,0,0,11.35055456
2.113,0,0,11.3507456
2.114,0,0,11.35092092
2.115,0,0,11.35083005
2.116,0,0,11.35068474
2.117,0,0,11.35066695
2.118,0,0,11.35058878
2.119,0,0,11.35041203
2.12,0,0,11.35031208
2.121,0,0,11.35046319
2.122,0,0,11.35068364
2.123,0,0,11.3507272
2.124,0,0,11.35061908
2.125,0,0,11.35058538
2.126,0,0,11.35050877
2.127,0,0,11.35050121
2.128,0,0,11.3503734
2.129,0,0,11.35036619
2.13,0,0,11.3503725
2.131,0,0,11.35043734
2.132,0,0,11.35042413
2.133,0,0,11.35038929
2.134,0,0,11.35039774
2.135,0,0,11.35048656
2.136,0,0,11.35049551
2.137,0,0,11.35029102
2.138,0,0,11.35018451
2.139,0,0,11.35023117
2.14,0,0,11.35027571
2.141,0,0,11.35022399
2.142,0,0,11.3502554
2.143,0,0,11.35037309
2.144,0,0,11.35045714
2.145,0,0,11.35026866
2.146,0,0,11.35006773
2.147,0,0,11.35006251
2.148,0,0,11.35007755
2.149,0,0,11.35021249
2.15,0,0,11.35020544
2.151,0,0,11.35028801
2.152,0,0,11.35026204
2.153,0,0,11.35023261
2.154,0,0,11.35009912
2.155,0,0,11.34995923
2.156,0,0,11.34992546
2.157,0,0,11.35007408
2.158,0,0,11.35020213
2.159,0,0,11.35011989
2.16,0,0,11.35010398
2.161,0,0,11.35016514
2.162,0,0,11.35013012
2.163,0,0,11.34987829
2.164,0,0,11.34979506
2.165,0,0,11.34993087
2.166,0,0,11.35009345
2.167,0,0,11.35005384
2.168,0,0,11.34999476
2.169,0,0,11.35004203
2.17,0,0,11.35007248
2.171,0,0,11.35010837
2.172,0,0,11.34998594
2.173,0,0,11.34994839
2.174,0,0,11.34990012
2.175,0,0,11.34991185
2.176,0,0,11.34989492
2.177,0,0,11.3499089
2.178,0,0,11.34996323
2.179,0,0,11.35016413
2.18,0,0,11.35022518
2.181,0,0,11.35001152
2.182,0,0,11.34988669
2.183,0,0,11.34989105
2.184,0,0,11.34989795
2.185,0,0,11.3498187
2.186,0,0,11.34989655
2.187,0,0,11.35010784
2.188,0,0,11.35024619
2.189,0,0,11.35012099
2.19,0,0,11.349992
2.191,0,0,11.3499129
2.192,0,0,11.3499427
2.193,0,0,11.34998049
2.194,0,0,11.34997519
2.195,0,0,11.35003975
2.196,0,0,11.35014001
2.197,0,0,11.35020369
2.198,0,0,11.35012924
2.199,0,0,11.350012
2.2,0,0,11.34996163
2.201,0,0,11.35007851
2.202,0,0,11.35011399
2.203,0,0,11.35003415
2.204,0,0,11.35008472
2.205,0,0,11.35019417
2.206,0,0,11.35019317
2.207,0,0,11.35006426
2.208,0,0,11.35005223
2.209,0,0,11.35018304
2.21,0,0,11.35025503
2.211,0,0,11.35012632
2.212,0,0,11.3500953
2.213,0,0,11.35010605
2.214,0,0,11.35028698
2.215,0,0,11.35033807
2.216,0,0,11.3503232
2.217,0,0,11.35026244
2.218,0,0,11.35025041
2.219,0,0,11.35020317
2.22,0,0,11.35011286
2.221,0,0,11.35007254
2.222,0,0,11.35019585
2.223,0,0,11.35047127
2.224,0,0,11.35053024
2.225,0,0,11.3504028
2.226,0,0,11.35031273
2.227,0,0,11.35034357
2.228,0,0,11.35024458
2.229,0,0,11.35012115
2.23,0,0,11.35016265
2.231,0,0,11.35039582
2.232,0,0,11.35054461
2.233,0,0,11.35045838
2.234,0,0,11.35046308
2.235,0,0,11.35039043
2.236,0,0,11.35042644
2.237,0,0,11.35034231
2.238,0,0,11.35031083
2.239,0,0,11.35031816
2.24,0,0,11.35042649
2.241,0,0,11.35052955
2.242,0,0,11.35053883
2.243,0,0,11.35046223
2.244,0,0,11.3504534
2.245,0,0,11.35058168
2.246,0,0,11.35051396
2.247,0,0,11.35039406
2.248,0,0,11.35034196
2.249,0,0,11.35045658
2.25,0,0,11.35045987
2.251,0,0,11.35042053
2.252,0,0,11.35050621
2.253,0,0,11.35069056
2.254,0,0,11.35066133
2.255,0,0,11.35047068
2.256,0,0,11.3503976
2.257,0,0,11.35038115
2.258,0,0,11.35049439
2.259,0,0,11.35055027
2.26,0,0,11.35062224
2.261,0,0,11.35065414
2.262,0,0,11.35065847
2.263,0,0,11.35055695
2.264,0,0,11.35042308
2.265,0,0,11.35032615
2.266,0,0,11.35042385
2.267,0,0,11.35063125
2.268,0,0,11.35065877
2.269,0,0,11.35062673
2.27,0,0,11.35064228
2.271,0,0,11.35067497
2.272,0,0,11.35052826
2.273,0,0,11.35035787
2.274,0,0,11.35036603
2.275,0,0,11.35054645
2.276,0,0,11.35058964
2.277,0,0,11.35059115
2.278,0,0,11.35059121
2.279,0,0,11.35064937
2.28,0,0,11.35066162
2.281,0,0,11.35056195
2.282,0,0,11.35046469
2.283,0,0,11.35044365
2.284,0,0,11.35051315
2.285,0,0,11.35052705
2.286,0,0,11.35050257
2.287,0,0,11.35048024
2.288,0,0,11.35062912
2.289,0,0,11.35076263
2.29,0,0,11.35064765
2.291,0,0,11.35045173
2.292,0,0,11.35039632
2.293,0,0,11.35040094
2.294,0,0,11.35034933
2.295,0,0,11.3503596
2.296,0,0,11.35049656
2.297,0,0,11.35074092
2.298,0,0,11.35068948
2.299,0,0,11.35058035
2.3,0,0,11.35039094
2.301,0,0,11.35035703
2.302,0,0,11.35036231
2.303,0,0,11.35038619
2.304,0,0,11.35044637
2.305,0,0,11.35053399
2.306,0,0,11.35059948
2.307,0,0,11.3505662
2.308,0,0,11.35043117
2.309,0,0,11.35026762
2.31,0,0,11.35032942
2.311,0,0,11.35043475
2.312,0,0,11.35039743
2.313,0,0,11.35034024
2.314,0,0,11.35046444
2.315,0,0,11.35055569
2.316,0,0,11.35043605
2.317,0,0,11.35031709
2.318,0,0,11.3502767
2.319,0,0,11.3503815
2.32,0,0,11.35030803
2.321,0,0,11.35027665
2.322,0,0,11.35026817
2.323,0,0,11.35038942
2.324,0,0,11.35043903
2.325,0,0,11.35041401
2.326,0,0,11.35035357
2.327,0,0,11.35032341
2.328,0,0,11.35028344
2.329,0,0,11.35021998
2.33,0,0,11.35013055
2.331,0,0,11.35011201
2.332,0,0,11.350363
2.333,0,0,11.35052735
2.334,0,0,11.35044406
2.335,0,0,11.35027048
2.336,0,0,11.35020059
2.337,0,0,11.35015587
2.338,0,0,11.35003667
2.339,0,0,11.34995678
2.34,0,0,11.35013554
2.341,0,0,11.35039615
2.342,0,0,11.35044081
2.343,0,0,11.35035628
2.344,0,0,11.3502008
2.345,0,0,11.35015304
2.346,0,0,11.35011991
2.347,0,0,11.35008407
2.348,0,0,11.35005243
2.349,0,0,11.35018462
2.35,0,0,11.3502806
2.351,0,0,11.35031257
2.352,0,0,11.35021844
2.353,0,0,11.35011029
2.354,0,0,11.35020151
2.355,0,0,11.35023865
2.356,0,0,11.35013712
2.357,0,0,11.35004583
2.358,0,0,11.35017578
2.359,0,0,11.35023
2.36,0,0,11.35019466
2.361,0,0,11.35014492
2.362,0,0,11.35022509
2.363,0,0,11.35026798
2.364,0,0,11.35023554
2.365,0,0,11.35012388
2.366,0,0,11.35002969
2.367,0,0,11.35007796
2.368,0,0,11.35017438
2.369,0,0,11.3502538
2.37,0,0,11.35028178
2.371,0,0,11.3503488
2.372,0,0,11.35027911
2.373,0,0,11.35015639
2.374,0,0,11.34997796
2.375,0,0,11.34995527
2.376,0,0,11.35018253
2.377,0,0,11.35031301
2.378,0,0,11.35028126
2.379,0,0,11.35024039
2.38,0,0,11.35028201
2.381,0,0,11.35020739
2.382,0,0,11.35003801
2.383,0,0,11.34989633
2.384,0,0,11.3501082
2.385,0,0,11.35021786
2.386,0,0,11.35028273
2.387,0,0,11.35025565
2.388,0,0,11.35025202
2.389,0,0,11.35029431
2.39,0,0,11.35023905
2.391,0,0,11.3501451
2.392,0,0,11.35008603
2.393,0,0,11.35010477
2.394,0,0,11.3501626
2.395,0,0,11.35022749
2.396,0,0,11.35018059
2.397,0,0,11.35022085
2.398,0,0,11.35035061
2.399,0,0,11.35037995
2.4,0,0,11.35021071
2.401,0,0,11.35009799
2.402,0,0,11.35015351
2.403,0,0,11.35017466
2.404,0,0,11.35011882
2.405,0,0,11.35010168
2.406,0,0,11.35035338
2.407,0,0,11.35045185
2.408,0,0,11.35040466
2.409,0,0,11.3502055
2.41,0,0,11.35010582
2.411,0,0,11.35007967
2.412,0,0,11.35014175
2.413,0,0,11.35021749
2.414,0,0,11.35032177
2.415,0,0,11.35040404
2.416,0,0,11.35040599
2.417,0,0,11.35034252
2.418,0,0,11.35014326
2.419,0,0,11.35015646
2.42,0,0,11.35025043
2.421,0,0,11.35028388
2.422,0,0,11.35023657
2.423,0,0,11.35028986
2.424,0,0,11.35038809
2.425,0,0,11.35037787
2.426,0,0,11.35022462
2.427,0,0,11.35016005
2.428,0,0,11.35025624
2.429,0,0,11.35028406
2.43,0,0,11.35027708
2.431,0,0,11.35023072
2.432,0,0,11.35029334
2.433,0,0,11.35037296
2.434,0,0,11.35040461
2.435,0,0,11.35035049
2.436,0,0,11.35028901
2.437,0,0,11.35027557
2.438,0,0,11.35025527
2.439,0,0,11.35021501
2.44,0,0,11.35012287
2.441,0,0,11.35025127
2.442,0,0,11.3504677
2.443,0,0,11.35052232
2.444,0,0,11.35040028
2.445,0,0,11.35034907
2.446,0,0,11.35031066
2.447,0,0,11.35022283
2.448,0,0,11.3500411
2.449,0,0,11.35012453
2.45,0,0,11.35038089
