#Exudyn implicit second order time integration sensor output file
#measure Node number = 483
#OutputVariableType = AngularVelocity
#simulation started = 2022-04-08,01:10:23
#columns contain: time, comma separated sensor values (e.g, x,y,z position coordinates)
#number of sensor values = 3
#Exudyn version = 1.2.34.dev1; Python3.9.11; Windows AVX2 FLOAT64
#
0,0,0,0
0.001,0,0,5.755622922e-07
0.002,0,0,5.166391578e-07
0.003,0,0,7.499436028e-07
0.004,0,0,7.059213793e-07
0.005,0,0,-4.722824323e-07
0.006,0,0,-2.926867276e-06
0.007,0,0,-1.81166081e-06
0.008,0,0,5.996675533e-07
0.009,0,0,1.468153646e-06
0.01,0,0,1.495722297e-06
0.011,0,0,7.044799984e-07
0.012,0,0,-5.740834562e-07
0.013,0,0,-7.679917087e-07
0.014,0,0,4.57718901e-07
0.015,0,0,1.695835859e-06
0.016,0,0,2.131313441e-06
0.017,0,0,1.756056779e-06
0.018,0,0,9.320779109e-07
0.019,0,0,4.82885746e-07
0.02,0,0,9.307540353e-07
0.021,0,0,1.85527539e-06
0.022,0,0,2.499343245e-06
0.023,0,0,2.50180081e-06
0.024,0,0,2.014803567e-06
0.025,0,0,1.554437035e-06
0.026,0,0,1.596114181e-06
0.027,0,0,2.130051991e-06
0.028,0,0,2.718164834e-06
0.029,0,0,2.940791688e-06
0.03,0,0,2.725207233e-06
0.031,0,0,2.354237498e-06
0.032,0,0,2.208178812e-06
0.033,0,0,2.430466598e-06
0.034,0,0,2.841267456e-06
0.035,0,0,3.120169265e-06
0.036,0,0,3.086869596e-06
0.037,0,0,2.833775152e-06
0.038,0,0,2.620426316e-06
0.039,0,0,2.637740708e-06
0.04,0,0,2.858416143e-06
0.041,0,0,3.088627396e-06
0.042,0,0,3.140182815e-06
0.043,0,0,2.990706006e-06
0.044,0,0,2.78270506e-06
0.045,0,0,2.685350975e-06
0.046,0,0,2.747722811e-06
0.047,0,0,2.884996718e-06
0.048,0,0,2.952229349e-06
0.049,0,0,2.871829268e-06
0.05,0,0,2.696698827e-06
0.051,0,0,2.547959697e-06
0.052,0,0,2.593808961e-06
0.053,0,0,1.691205226e-05
0.054,0,0,0.000150290498
0.055,0,0,0.0005237795467
0.056,0,0,0.001166460233
0.057,0,0,0.002078019825
0.058,0,0,0.003256270662
0.059,0,0,0.004717338208
0.06,0,0,0.00651959582
0.061,0,0,0.008749110705
0.062,0,0,0.01146046271
0.063,0,0,0.01466748742
0.064,0,0,0.01836954664
0.065,0,0,0.02257562413
0.066,0,0,0.02731974971
0.067,0,0,0.03265288579
0.068,0,0,0.03862154527
0.069,0,0,0.04525462796
0.07,0,0,0.05255938328
0.071,0,0,0.0605343346
0.072,0,0,0.06918802563
0.073,0,0,0.07855037745
0.074,0,0,0.08865551736
0.075,0,0,0.09952654852
0.076,0,0,0.1111733102
0.077,0,0,0.1235915031
0.078,0,0,0.1367789763
0.079,0,0,0.1507372613
0.08,0,0,0.1654845149
0.081,0,0,0.1810340836
0.082,0,0,0.1973929168
0.083,0,0,0.2145594768
0.084,0,0,0.2325186192
0.085,0,0,0.2512651558
0.086,0,0,0.2707907987
0.087,0,0,0.2911003782
0.088,0,0,0.312191108
0.089,0,0,0.3340600717
0.09,0,0,0.3566917984
0.091,0,0,0.38007306
0.092,0,0,0.4041825778
0.093,0,0,0.4290115141
0.094,0,0,0.454548471
0.095,0,0,0.4807784096
0.096,0,0,0.5076944267
0.097,0,0,0.535270206
0.098,0,0,0.5634886902
0.099,0,0,0.5923255803
0.1,0,0,0.6217621315
0.101,0,0,0.6517817219
0.102,0,0,0.682365009
0.103,0,0,0.7134887635
0.104,0,0,0.7451302562
0.105,0,0,0.7772668088
0.106,0,0,0.8098751567
0.107,0,0,0.842928178
0.108,0,0,0.8764005509
0.109,0,0,0.9102665307
0.11,0,0,0.9445072619
0.111,0,0,0.9790903144
0.112,0,0,1.013991322
0.113,0,0,1.049186384
0.114,0,0,1.084651942
0.115,0,0,1.120358686
0.116,0,0,1.156274852
0.117,0,0,1.192389217
0.118,0,0,1.228666634
0.119,0,0,1.265080957
0.12,0,0,1.301611092
0.121,0,0,1.338226342
0.122,0,0,1.374900119
0.123,0,0,1.411605724
0.124,0,0,1.448312895
0.125,0,0,1.485010685
0.126,0,0,1.521662831
0.127,0,0,1.558247391
0.128,0,0,1.59474506
0.129,0,0,1.631121664
0.13,0,0,1.667345845
0.131,0,0,1.703396239
0.132,0,0,1.73925471
0.133,0,0,1.7748959
0.134,0,0,1.810295483
0.135,0,0,1.845427825
0.136,0,0,1.880274073
0.137,0,0,1.914809648
0.138,0,0,1.949009968
0.139,0,0,1.98285722
0.14,0,0,2.016340442
0.141,0,0,2.049442129
0.142,0,0,2.082141414
0.143,0,0,2.114415679
0.144,0,0,2.146253294
0.145,0,0,2.177634729
0.146,0,0,2.20855005
0.147,0,0,2.238992995
0.148,0,0,2.268949262
0.149,0,0,2.298402698
0.15,0,0,2.327334975
0.151,0,0,2.355748073
0.152,0,0,2.383634474
0.153,0,0,2.410986971
0.154,0,0,2.437804374
0.155,0,0,2.464069741
0.156,0,0,2.489777078
0.157,0,0,2.514922091
0.158,0,0,2.539517188
0.159,0,0,2.563562398
0.16,0,0,2.587054887
0.161,0,0,2.609987152
0.162,0,0,2.632357772
0.163,0,0,2.654178802
0.164,0,0,2.675456363
0.165,0,0,2.696194429
0.166,0,0,2.716402469
0.167,0,0,2.736082099
0.168,0,0,2.755247761
0.169,0,0,2.773898971
0.17,0,0,2.792039853
0.171,0,0,2.809693331
0.172,0,0,2.826874574
0.173,0,0,2.843599522
0.174,0,0,2.859879114
0.175,0,0,2.875712554
0.176,0,0,2.891116115
0.177,0,0,2.906112145
0.178,0,0,2.920726309
0.179,0,0,2.934967485
0.18,0,0,2.948849229
0.181,0,0,2.962392161
0.182,0,0,2.975615623
0.183,0,0,2.988531332
0.184,0,0,3.001160952
0.185,0,0,3.013502937
0.186,0,0,3.025591104
0.187,0,0,3.037457638
0.188,0,0,3.049107404
0.189,0,0,3.060570187
0.19,0,0,3.07186531
0.191,0,0,3.08301855
0.192,0,0,3.094035265
0.193,0,0,3.104935662
0.194,0,0,3.115756521
0.195,0,0,3.126512711
0.196,0,0,3.137220005
0.197,0,0,3.147894951
0.198,0,0,3.158572247
0.199,0,0,3.169276676
0.2,0,0,3.180018352
0.201,0,0,3.190801609
0.202,0,0,3.201650874
0.203,0,0,3.212604215
0.204,0,0,3.223671161
0.205,0,0,3.234877747
0.206,0,0,3.246238971
0.207,0,0,3.257764005
0.208,0,0,3.269473035
0.209,0,0,3.281364728
0.21,0,0,3.293463644
0.211,0,0,3.305813842
0.212,0,0,3.318427271
0.213,0,0,3.331303931
0.214,0,0,3.344442362
0.215,0,0,3.357861057
0.216,0,0,3.371576786
0.217,0,0,3.385593617
0.218,0,0,3.399942119
0.219,0,0,3.41462782
0.22,0,0,3.429658182
0.221,0,0,3.445047457
0.222,0,0,3.460783035
0.223,0,0,3.476870395
0.224,0,0,3.493307618
0.225,0,0,3.510145168
0.226,0,0,3.52738231
0.227,0,0,3.545001882
0.228,0,0,3.562991831
0.229,0,0,3.581384422
0.23,0,0,3.600164024
0.231,0,0,3.619305584
0.232,0,0,3.638857077
0.233,0,0,3.658828066
0.234,0,0,3.679185958
0.235,0,0,3.699907275
0.236,0,0,3.721033575
0.237,0,0,3.742544081
0.238,0,0,3.764407358
0.239,0,0,3.786652777
0.24,0,0,3.809296152
0.241,0,0,3.832281712
0.242,0,0,3.855599652
0.243,0,0,3.879294053
0.244,0,0,3.903347532
0.245,0,0,3.927704432
0.246,0,0,3.952384261
0.247,0,0,3.977413026
0.248,0,0,4.002738301
0.249,0,0,4.028340795
0.25,0,0,4.054212189
0.251,0,0,4.080367317
0.252,0,0,4.106807526
0.253,0,0,4.133497846
0.254,0,0,4.160423761
0.255,0,0,4.187577165
0.256,0,0,4.214944008
0.257,0,0,4.242492207
0.258,0,0,4.270218623
0.259,0,0,4.298161056
0.26,0,0,4.326276587
0.261,0,0,4.354502384
0.262,0,0,4.382875546
0.263,0,0,4.411400897
0.264,0,0,4.439973675
0.265,0,0,4.468632957
0.266,0,0,4.497444537
0.267,0,0,4.526302497
0.268,0,0,4.55518718
0.269,0,0,4.584143447
0.27,0,0,4.613122082
0.271,0,0,4.642073838
0.272,0,0,4.671042965
0.273,0,0,4.700005714
0.274,0,0,4.728940832
0.275,0,0,4.757834554
0.276,0,0,4.786687238
0.277,0,0,4.815466619
0.278,0,0,4.844145086
0.279,0,0,4.872759659
0.28,0,0,4.901276683
0.281,0,0,4.929659981
0.282,0,0,4.957930372
0.283,0,0,4.986060348
0.284,0,0,5.01402015
0.285,0,0,5.041884828
0.286,0,0,5.069573521
0.287,0,0,5.09702562
0.288,0,0,5.124364928
0.289,0,0,5.151490859
0.29,0,0,5.17837699
0.291,0,0,5.205100938
0.292,0,0,5.231597829
0.293,0,0,5.25787981
0.294,0,0,5.283938065
0.295,0,0,5.309752784
0.296,0,0,5.335326851
0.297,0,0,5.360618709
0.298,0,0,5.385692564
0.299,0,0,5.410549388
0.3,0,0,5.435128206
0.301,0,0,5.459439153
0.302,0,0,5.483492414
0.303,0,0,5.507269316
0.304,0,0,5.530792948
0.305,0,0,5.554048318
0.306,0,0,5.577018176
0.307,0,0,5.599742487
0.308,0,0,5.622218619
0.309,0,0,5.644398571
0.31,0,0,5.666302253
0.311,0,0,5.687996193
0.312,0,0,5.709384459
0.313,0,0,5.73049436
0.314,0,0,5.751407065
0.315,0,0,5.772011823
0.316,0,0,5.7923896
0.317,0,0,5.812530827
0.318,0,0,5.832434488
0.319,0,0,5.852101334
0.32,0,0,5.871522526
0.321,0,0,5.890753512
0.322,0,0,5.909713842
0.323,0,0,5.928504952
0.324,0,0,5.94705997
0.325,0,0,5.965457116
0.326,0,0,5.983672006
0.327,0,0,6.00164876
0.328,0,0,6.019499052
0.329,0,0,6.037118116
0.33,0,0,6.054628994
0.331,0,0,6.071986846
0.332,0,0,6.08919565
0.333,0,0,6.106299199
0.334,0,0,6.123254088
0.335,0,0,6.140073798
0.336,0,0,6.15681296
0.337,0,0,6.17348532
0.338,0,0,6.189991681
0.339,0,0,6.206467848
0.34,0,0,6.222898043
0.341,0,0,6.239236964
0.342,0,0,6.255542539
0.343,0,0,6.271784042
0.344,0,0,6.288045835
0.345,0,0,6.304228146
0.346,0,0,6.320435073
0.347,0,0,6.336616461
0.348,0,0,6.352805652
0.349,0,0,6.369030565
0.35,0,0,6.385258323
0.351,0,0,6.40156688
0.352,0,0,6.417878998
0.353,0,0,6.43424056
0.354,0,0,6.450660101
0.355,0,0,6.467147554
0.356,0,0,6.483713493
0.357,0,0,6.50036789
0.358,0,0,6.517121375
0.359,0,0,6.533967301
0.36,0,0,6.550923124
0.361,0,0,6.567925818
0.362,0,0,6.585120082
0.363,0,0,6.602410431
0.364,0,0,6.61981353
0.365,0,0,6.63739374
0.366,0,0,6.655091984
0.367,0,0,6.672929933
0.368,0,0,6.690917571
0.369,0,0,6.709068615
0.37,0,0,6.727366749
0.371,0,0,6.745806656
0.372,0,0,6.7644488
0.373,0,0,6.783239774
0.374,0,0,6.8022157
0.375,0,0,6.821328417
0.376,0,0,6.840670301
0.377,0,0,6.860153522
0.378,0,0,6.879832694
0.379,0,0,6.899646368
0.38,0,0,6.919666396
0.381,0,0,6.939847943
0.382,0,0,6.960251274
0.383,0,0,6.980790872
0.384,0,0,7.001562787
0.385,0,0,7.022469094
0.386,0,0,7.043550551
0.387,0,0,7.064795406
0.388,0,0,7.086256051
0.389,0,0,7.107839404
0.39,0,0,7.129619154
0.391,0,0,7.151577648
0.392,0,0,7.173688478
0.393,0,0,7.195952904
0.394,0,0,7.218347328
0.395,0,0,7.24095053
0.396,0,0,7.263635491
0.397,0,0,7.286524451
0.398,0,0,7.309520529
0.399,0,0,7.332668319
0.4,0,0,7.35593896
0.401,0,0,7.379349282
0.402,0,0,7.402901952
0.403,0,0,7.426519701
0.404,0,0,7.450264365
0.405,0,0,7.474096425
0.406,0,0,7.498049642
0.407,0,0,7.522118407
0.408,0,0,7.546247343
0.409,0,0,7.570510843
0.41,0,0,7.594803625
0.411,0,0,7.619190869
0.412,0,0,7.643573894
0.413,0,0,7.668088579
0.414,0,0,7.692631553
0.415,0,0,7.717206881
0.416,0,0,7.741882336
0.417,0,0,7.766538777
0.418,0,0,7.791252793
0.419,0,0,7.81594781
0.42,0,0,7.840698387
0.421,0,0,7.865446233
0.422,0,0,7.890185367
0.423,0,0,7.91494646
0.424,0,0,7.939681494
0.425,0,0,7.964404653
0.426,0,0,7.989126977
0.427,0,0,8.013808672
0.428,0,0,8.038481841
0.429,0,0,8.063083247
0.43,0,0,8.087644965
0.431,0,0,8.11217417
0.432,0,0,8.136634201
0.433,0,0,8.16106227
0.434,0,0,8.18545972
0.435,0,0,8.209765012
0.436,0,0,8.23400187
0.437,0,0,8.258125873
0.438,0,0,8.282182171
0.439,0,0,8.306196951
0.44,0,0,8.330057916
0.441,0,0,8.353931056
0.442,0,0,8.377663226
0.443,0,0,8.401262678
0.444,0,0,8.42484245
0.445,0,0,8.448242839
0.446,0,0,8.471564324
0.447,0,0,8.494789596
0.448,0,0,8.517874336
0.449,0,0,8.540890956
0.45,0,0,8.563759723
0.451,0,0,8.586537197
0.452,0,0,8.609217499
0.453,0,0,8.631752194
0.454,0,0,8.654169165
0.455,0,0,8.676471685
0.456,0,0,8.698635826
0.457,0,0,8.720702624
0.458,0,0,8.742648148
0.459,0,0,8.764490296
0.46,0,0,8.786227413
0.461,0,0,8.807789245
0.462,0,0,8.829275437
0.463,0,0,8.850613448
0.464,0,0,8.871841291
0.465,0,0,8.892977139
0.466,0,0,8.913970671
0.467,0,0,8.934889722
0.468,0,0,8.955685043
0.469,0,0,8.976377855
0.47,0,0,8.99696744
0.471,0,0,9.017424964
0.472,0,0,9.037787001
0.473,0,0,9.058058851
0.474,0,0,9.078224816
0.475,0,0,9.098325901
0.476,0,0,9.118327739
0.477,0,0,9.138239677
0.478,0,0,9.158089958
0.479,0,0,9.177837313
0.48,0,0,9.19746857
0.481,0,0,9.217061389
0.482,0,0,9.236597321
0.483,0,0,9.256020691
0.484,0,0,9.275423526
0.485,0,0,9.294788542
0.486,0,0,9.314051869
0.487,0,0,9.333254347
0.488,0,0,9.352469133
0.489,0,0,9.371599736
0.49,0,0,9.390645144
0.491,0,0,9.409726387
0.492,0,0,9.428770296
0.493,0,0,9.447741053
0.494,0,0,9.466719029
0.495,0,0,9.485699124
0.496,0,0,9.504640817
0.497,0,0,9.523526387
0.498,0,0,9.542448415
0.499,0,0,9.561364274
0.5,0,0,9.580241532
0.501,0,0,9.599124769
0.502,0,0,9.618070479
0.503,0,0,9.637011865
0.504,0,0,9.65587343
0.505,0,0,9.674609032
0.506,0,0,9.693230725
0.507,0,0,9.71178893
0.508,0,0,9.730331884
0.509,0,0,9.748924579
0.51,0,0,9.767536229
0.511,0,0,9.786186476
0.512,0,0,9.80487883
0.513,0,0,9.823544174
0.514,0,0,9.842160084
0.515,0,0,9.860729689
0.516,0,0,9.879173876
0.517,0,0,9.897509598
0.518,0,0,9.915906022
0.519,0,0,9.934369363
0.52,0,0,9.952889861
0.521,0,0,9.971469745
0.522,0,0,9.990099784
0.523,0,0,10.00864322
0.524,0,0,10.02700988
0.525,0,0,10.0452951
0.526,0,0,10.06362464
0.527,0,0,10.08201555
0.528,0,0,10.10048501
0.529,0,0,10.11905652
0.53,0,0,10.13769054
0.531,0,0,10.15628891
0.532,0,0,10.17478904
0.533,0,0,10.19324769
0.534,0,0,10.21166307
0.535,0,0,10.23006042
0.536,0,0,10.24849714
0.537,0,0,10.26703508
0.538,0,0,10.2856729
0.539,0,0,10.30431596
0.54,0,0,10.322944
0.541,0,0,10.34155931
0.542,0,0,10.36008908
0.543,0,0,10.37858817
0.544,0,0,10.39710291
0.545,0,0,10.41568207
0.546,0,0,10.43433701
0.547,0,0,10.45306439
0.548,0,0,10.47180995
0.549,0,0,10.49053616
0.55,0,0,10.50923561
0.551,0,0,10.52790067
0.552,0,0,10.5465742
0.553,0,0,10.56528586
0.554,0,0,10.58404909
0.555,0,0,10.60288507
0.556,0,0,10.62176185
0.557,0,0,10.64068887
0.558,0,0,10.65964419
0.559,0,0,10.67861983
0.56,0,0,10.69761924
0.561,0,0,10.71668742
0.562,0,0,10.73582725
0.563,0,0,10.7550253
0.564,0,0,10.77427945
0.565,0,0,10.79357749
0.566,0,0,10.81291937
0.567,0,0,10.83233288
0.568,0,0,10.85181661
0.569,0,0,10.87138037
0.57,0,0,10.89101461
0.571,0,0,10.91072755
0.572,0,0,10.9304981
0.573,0,0,10.95032517
0.574,0,0,10.97019785
0.575,0,0,10.99013485
0.576,0,0,11.0101576
0.577,0,0,11.0302629
0.578,0,0,11.05044222
0.579,0,0,11.07069921
0.58,0,0,11.09101108
0.581,0,0,11.11136662
0.582,0,0,11.13178854
0.583,0,0,11.15227203
0.584,0,0,11.17279912
0.585,0,0,11.19338224
0.586,0,0,11.21403505
0.587,0,0,11.23475604
0.588,0,0,11.25552656
0.589,0,0,11.27633721
0.59,0,0,11.29716787
0.591,0,0,11.31803459
0.592,0,0,11.33893542
0.593,0,0,11.35988238
0.594,0,0,11.38086986
0.595,0,0,11.40190899
0.596,0,0,11.42297415
0.597,0,0,11.44405089
0.598,0,0,11.46513559
0.599,0,0,11.4862463
0.6,0,0,11.50736793
0.601,0,0,11.5285101
0.602,0,0,11.54965889
0.603,0,0,11.57082626
0.604,0,0,11.59199472
0.605,0,0,11.61306862
0.606,0,0,11.63396086
0.607,0,0,11.65461907
0.608,0,0,11.67503911
0.609,0,0,11.69520965
0.61,0,0,11.71512789
0.611,0,0,11.73477032
0.612,0,0,11.75413286
0.613,0,0,11.77320641
0.614,0,0,11.79195365
0.615,0,0,11.81031308
0.616,0,0,11.82823721
0.617,0,0,11.84572421
0.618,0,0,11.8627629
0.619,0,0,11.87934559
0.62,0,0,11.89544677
0.621,0,0,11.91103693
0.622,0,0,11.92610256
0.623,0,0,11.9406438
0.624,0,0,11.95464862
0.625,0,0,11.9680839
0.626,0,0,11.98094127
0.627,0,0,11.99322077
0.628,0,0,12.00491675
0.629,0,0,12.01597897
0.63,0,0,12.02640964
0.631,0,0,12.0361914
0.632,0,0,12.04532647
0.633,0,0,12.05381634
0.634,0,0,12.06166386
0.635,0,0,12.06886797
0.636,0,0,12.07541852
0.637,0,0,12.08131575
0.638,0,0,12.0865417
0.639,0,0,12.09107638
0.64,0,0,12.09492587
0.641,0,0,12.0980837
0.642,0,0,12.10058162
0.643,0,0,12.10244458
0.644,0,0,12.10366767
0.645,0,0,12.10425013
0.646,0,0,12.10416811
0.647,0,0,12.1034385
0.648,0,0,12.10205725
0.649,0,0,12.10002709
0.65,0,0,12.09736465
0.651,0,0,12.09408629
0.652,0,0,12.09022587
0.653,0,0,12.08579409
0.654,0,0,12.08079886
0.655,0,0,12.07525392
0.656,0,0,12.06916028
0.657,0,0,12.06250488
0.658,0,0,12.05531539
0.659,0,0,12.04760002
0.66,0,0,12.03939717
0.661,0,0,12.03072505
0.662,0,0,12.02160527
0.663,0,0,12.01206539
0.664,0,0,12.00211477
0.665,0,0,11.99174694
0.666,0,0,11.98098382
0.667,0,0,11.96985031
0.668,0,0,11.95837524
0.669,0,0,11.94656743
0.67,0,0,11.93445552
0.671,0,0,11.92206624
0.672,0,0,11.90941853
0.673,0,0,11.89654334
0.674,0,0,11.88344576
0.675,0,0,11.87013429
0.676,0,0,11.85662773
0.677,0,0,11.84297193
0.678,0,0,11.82918066
0.679,0,0,11.81526645
0.68,0,0,11.80126773
0.681,0,0,11.78721673
0.682,0,0,11.77311909
0.683,0,0,11.75898566
0.684,0,0,11.74484075
0.685,0,0,11.73071304
0.686,0,0,11.71661624
0.687,0,0,11.70257184
0.688,0,0,11.68859409
0.689,0,0,11.6747037
0.69,0,0,11.66092655
0.691,0,0,11.64728515
0.692,0,0,11.63379875
0.693,0,0,11.62048439
0.694,0,0,11.60735575
0.695,0,0,11.59442429
0.696,0,0,11.58170948
0.697,0,0,11.569221
0.698,0,0,11.55697177
0.699,0,0,11.54499326
0.7,0,0,11.53329927
0.701,0,0,11.52190472
0.702,0,0,11.51082288
0.703,0,0,11.50004789
0.704,0,0,11.48959895
0.705,0,0,11.47950073
0.706,0,0,11.4697568
0.707,0,0,11.46036624
0.708,0,0,11.45133107
0.709,0,0,11.4426696
0.71,0,0,11.4344041
0.711,0,0,11.4265491
0.712,0,0,11.41909025
0.713,0,0,11.41204414
0.714,0,0,11.40540259
0.715,0,0,11.39917798
0.716,0,0,11.39335751
0.717,0,0,11.3879542
0.718,0,0,11.38297232
0.719,0,0,11.37842371
0.72,0,0,11.37432259
0.721,0,0,11.37064537
0.722,0,0,11.36739656
0.723,0,0,11.364569
0.724,0,0,11.36216442
0.725,0,0,11.36018222
0.726,0,0,11.35860514
0.727,0,0,11.35743678
0.728,0,0,11.35668573
0.729,0,0,11.35634381
0.73,0,0,11.35641801
0.731,0,0,11.35689868
0.732,0,0,11.35777184
0.733,0,0,11.35902208
0.734,0,0,11.36063916
0.735,0,0,11.36262348
0.736,0,0,11.36496738
0.737,0,0,11.36766256
0.738,0,0,11.37071235
0.739,0,0,11.37410244
0.74,0,0,11.37782005
0.741,0,0,11.38184658
0.742,0,0,11.38616205
0.743,0,0,11.39077938
0.744,0,0,11.39568849
0.745,0,0,11.40087857
0.746,0,0,11.40633115
0.747,0,0,11.41203878
0.748,0,0,11.41797896
0.749,0,0,11.42415173
0.75,0,0,11.43053681
0.751,0,0,11.43712577
0.752,0,0,11.44390101
0.753,0,0,11.45085855
0.754,0,0,11.45798339
0.755,0,0,11.46528123
0.756,0,0,11.47273786
0.757,0,0,11.48031854
0.758,0,0,11.48802038
0.759,0,0,11.49583258
0.76,0,0,11.50373032
0.761,0,0,11.5117069
0.762,0,0,11.51975027
0.763,0,0,11.52785537
0.764,0,0,11.53602786
0.765,0,0,11.54424901
0.766,0,0,11.55250363
0.767,0,0,11.56077244
0.768,0,0,11.56904743
0.769,0,0,11.57732356
0.77,0,0,11.58557347
0.771,0,0,11.59378002
0.772,0,0,11.60194653
0.773,0,0,11.61006934
0.774,0,0,11.61815284
0.775,0,0,11.626181
0.776,0,0,11.63412367
0.777,0,0,11.64197421
0.778,0,0,11.64971728
0.779,0,0,11.65735515
0.78,0,0,11.66488756
0.781,0,0,11.672298
0.782,0,0,11.67958259
0.783,0,0,11.68672711
0.784,0,0,11.69372373
0.785,0,0,11.70057757
0.786,0,0,11.70725968
0.787,0,0,11.71376882
0.788,0,0,11.72010298
0.789,0,0,11.72626385
0.79,0,0,11.73224014
0.791,0,0,11.7380318
0.792,0,0,11.74363031
0.793,0,0,11.74902904
0.794,0,0,11.75421253
0.795,0,0,11.75917308
0.796,0,0,11.76391369
0.797,0,0,11.76842925
0.798,0,0,11.77273401
0.799,0,0,11.77682184
0.8,0,0,11.78068809
0.801,0,0,11.7843333
0.802,0,0,11.78774468
0.803,0,0,11.79090755
0.804,0,0,11.79382913
0.805,0,0,11.79651519
0.806,0,0,11.79896535
0.807,0,0,11.80118702
0.808,0,0,11.80318039
0.809,0,0,11.8049429
0.81,0,0,11.8064628
0.811,0,0,11.80774122
0.812,0,0,11.80877797
0.813,0,0,11.80959043
0.814,0,0,11.81018125
0.815,0,0,11.81054295
0.816,0,0,11.81068303
0.817,0,0,11.81060507
0.818,0,0,11.81031919
0.819,0,0,11.80981785
0.82,0,0,11.80909413
0.821,0,0,11.80815415
0.822,0,0,11.80701222
0.823,0,0,11.80567966
0.824,0,0,11.80416329
0.825,0,0,11.8024607
0.826,0,0,11.80058346
0.827,0,0,11.79853631
0.828,0,0,11.79630376
0.829,0,0,11.79389861
0.83,0,0,11.79133545
0.831,0,0,11.78861443
0.832,0,0,11.78574934
0.833,0,0,11.78275271
0.834,0,0,11.77962521
0.835,0,0,11.77637482
0.836,0,0,11.77300767
0.837,0,0,11.76952479
0.838,0,0,11.76593967
0.839,0,0,11.76224956
0.84,0,0,11.75846041
0.841,0,0,11.75458873
0.842,0,0,11.75065217
0.843,0,0,11.74665594
0.844,0,0,11.74258976
0.845,0,0,11.73845705
0.846,0,0,11.73427637
0.847,0,0,11.73005774
0.848,0,0,11.72580951
0.849,0,0,11.72154188
0.85,0,0,11.71726104
0.851,0,0,11.71297356
0.852,0,0,11.70867886
0.853,0,0,11.70437756
0.854,0,0,11.70007842
0.855,0,0,11.69579479
0.856,0,0,11.69153568
0.857,0,0,11.68731296
0.858,0,0,11.68313778
0.859,0,0,11.67900856
0.86,0,0,11.67492569
0.861,0,0,11.67088748
0.862,0,0,11.66691344
0.863,0,0,11.66299302
0.864,0,0,11.65913398
0.865,0,0,11.65534781
0.866,0,0,11.65164408
0.867,0,0,11.64804153
0.868,0,0,11.64453504
0.869,0,0,11.64112258
0.87,0,0,11.63779883
0.871,0,0,11.6345606
0.872,0,0,11.63142318
0.873,0,0,11.62840042
0.874,0,0,11.62548562
0.875,0,0,11.62268493
0.876,0,0,11.62000421
0.877,0,0,11.61743865
0.878,0,0,11.61499049
0.879,0,0,11.61264635
0.88,0,0,11.61041761
0.881,0,0,11.60830638
0.882,0,0,11.60632569
0.883,0,0,11.60447857
0.884,0,0,11.60275289
0.885,0,0,11.60115084
0.886,0,0,11.59966569
0.887,0,0,11.59830432
0.888,0,0,11.59704792
0.889,0,0,11.595904
0.89,0,0,11.59488261
0.891,0,0,11.59397981
0.892,0,0,11.59320449
0.893,0,0,11.59255246
0.894,0,0,11.59201492
0.895,0,0,11.59159399
0.896,0,0,11.59126133
0.897,0,0,11.59101764
0.898,0,0,11.59087837
0.899,0,0,11.59084542
0.9,0,0,11.59091208
0.901,0,0,11.59107713
0.902,0,0,11.59134944
0.903,0,0,11.59171681
0.904,0,0,11.5921758
0.905,0,0,11.59270774
0.906,0,0,11.59331649
0.907,0,0,11.59400299
0.908,0,0,11.59477216
0.909,0,0,11.59561081
0.91,0,0,11.59651963
0.911,0,0,11.59750028
0.912,0,0,11.59855338
0.913,0,0,11.59966918
0.914,0,0,11.60083087
0.915,0,0,11.60204452
0.916,0,0,11.60331251
0.917,0,0,11.60463735
0.918,0,0,11.60601783
0.919,0,0,11.60743352
0.92,0,0,11.60888963
0.921,0,0,11.61038116
0.922,0,0,11.61190828
0.923,0,0,11.6134704
0.924,0,0,11.6150571
0.925,0,0,11.61667241
0.926,0,0,11.61831525
0.927,0,0,11.61997403
0.928,0,0,11.62165618
0.929,0,0,11.62335477
0.93,0,0,11.62506434
0.931,0,0,11.62677892
0.932,0,0,11.62850054
0.933,0,0,11.63023143
0.934,0,0,11.63197212
0.935,0,0,11.6337054
0.936,0,0,11.63543349
0.937,0,0,11.63715327
0.938,0,0,11.63886617
0.939,0,0,11.64057039
0.94,0,0,11.64226699
0.941,0,0,11.64395263
0.942,0,0,11.64562985
0.943,0,0,11.64729069
0.944,0,0,11.64893269
0.945,0,0,11.6505493
0.946,0,0,11.65212918
0.947,0,0,11.65367536
0.948,0,0,11.65520098
0.949,0,0,11.65669686
0.95,0,0,11.65816924
0.951,0,0,11.6596129
0.952,0,0,11.66102466
0.953,0,0,11.66241105
0.954,0,0,11.66376182
0.955,0,0,11.66506829
0.956,0,0,11.66633424
0.957,0,0,11.66755058
0.958,0,0,11.66872457
0.959,0,0,11.66986039
0.96,0,0,11.67096061
0.961,0,0,11.67202507
0.962,0,0,11.6730486
0.963,0,0,11.67404097
0.964,0,0,11.6749917
0.965,0,0,11.67589345
0.966,0,0,11.67673758
0.967,0,0,11.67752494
0.968,0,0,11.67826071
0.969,0,0,11.67895762
0.97,0,0,11.67961147
0.971,0,0,11.68022441
0.972,0,0,11.68079467
0.973,0,0,11.68133386
0.974,0,0,11.6818351
0.975,0,0,11.68229242
0.976,0,0,11.68268447
0.977,0,0,11.68301893
0.978,0,0,11.68330849
0.979,0,0,11.68356335
0.98,0,0,11.68378052
0.981,0,0,11.68395592
0.982,0,0,11.68409028
0.983,0,0,11.68418682
0.984,0,0,11.68424699
0.985,0,0,11.68426379
0.986,0,0,11.68424239
0.987,0,0,11.68417405
0.988,0,0,11.6840711
0.989,0,0,11.68393356
0.99,0,0,11.68376021
0.991,0,0,11.68355249
0.992,0,0,11.6833147
0.993,0,0,11.68304663
0.994,0,0,11.68275347
0.995,0,0,11.68242933
0.996,0,0,11.68207623
0.997,0,0,11.68169561
0.998,0,0,11.68128828
0.999,0,0,11.68085436
1,0,0,11.68040005
1.001,0,0,11.67991759
1.002,0,0,11.67941002
1.003,0,0,11.67887796
1.004,0,0,11.67832453
1.005,0,0,11.67775743
1.006,0,0,11.67716276
1.007,0,0,11.67654289
1.008,0,0,11.67589493
1.009,0,0,11.67521292
1.01,0,0,11.67450471
1.011,0,0,11.67377275
1.012,0,0,11.67301188
1.013,0,0,11.67222723
1.014,0,0,11.67140981
1.015,0,0,11.67056354
1.016,0,0,11.6696892
1.017,0,0,11.66878267
1.018,0,0,11.66784207
1.019,0,0,11.66687215
1.02,0,0,11.66586714
1.021,0,0,11.66483602
1.022,0,0,11.6637789
1.023,0,0,11.662689
1.024,0,0,11.66156419
1.025,0,0,11.66041268
1.026,0,0,11.65922923
1.027,0,0,11.65800801
1.028,0,0,11.6567564
1.029,0,0,11.65548028
1.03,0,0,11.65416295
1.031,0,0,11.6528171
1.032,0,0,11.65144662
1.033,0,0,11.6500515
1.034,0,0,11.64861788
1.035,0,0,11.64715152
1.036,0,0,11.64566526
1.037,0,0,11.64414477
1.038,0,0,11.64258963
1.039,0,0,11.64099799
1.04,0,0,11.63936999
1.041,0,0,11.63772769
1.042,0,0,11.63605908
1.043,0,0,11.6343689
1.044,0,0,11.63265151
1.045,0,0,11.63089847
1.046,0,0,11.62912285
1.047,0,0,11.62732258
1.048,0,0,11.62550379
1.049,0,0,11.6236499
1.05,0,0,11.62176455
1.051,0,0,11.61985505
1.052,0,0,11.6179285
1.053,0,0,11.61597199
1.054,0,0,11.61399173
1.055,0,0,11.61199791
1.056,0,0,11.60999376
1.057,0,0,11.60797134
1.058,0,0,11.60593255
1.059,0,0,11.60386707
1.06,0,0,11.60177651
1.061,0,0,11.59966229
1.062,0,0,11.59753323
1.063,0,0,11.59539089
1.064,0,0,11.59323569
1.065,0,0,11.5910717
1.066,0,0,11.58891087
1.067,0,0,11.58674952
1.068,0,0,11.58457321
1.069,0,0,11.58237304
1.07,0,0,11.58015277
1.071,0,0,11.57791464
1.072,0,0,11.57566927
1.073,0,0,11.57342617
1.074,0,0,11.57118537
1.075,0,0,11.56895488
1.076,0,0,11.56672299
1.077,0,0,11.56449304
1.078,0,0,11.56226122
1.079,0,0,11.56001322
1.08,0,0,11.55775493
1.081,0,0,11.55550584
1.082,0,0,11.55326485
1.083,0,0,11.55103065
1.084,0,0,11.54879852
1.085,0,0,11.54658684
1.086,0,0,11.5443805
1.087,0,0,11.54217855
1.088,0,0,11.53998131
1.089,0,0,11.53777754
1.09,0,0,11.53559806
1.091,0,0,11.53343142
1.092,0,0,11.53127651
1.093,0,0,11.52913618
1.094,0,0,11.52700867
1.095,0,0,11.52489811
1.096,0,0,11.52280028
1.097,0,0,11.52072199
1.098,0,0,11.5186536
1.099,0,0,11.51661211
1.1,0,0,11.51458927
1.101,0,0,11.5125811
1.102,0,0,11.51059357
1.103,0,0,11.50862415
1.104,0,0,11.50667778
1.105,0,0,11.50474806
1.106,0,0,11.50284729
1.107,0,0,11.50096649
1.108,0,0,11.49911057
1.109,0,0,11.49726879
1.11,0,0,11.49545502
1.111,0,0,11.49367129
1.112,0,0,11.49190817
1.113,0,0,11.49016839
1.114,0,0,11.48845873
1.115,0,0,11.48677242
1.116,0,0,11.4851177
1.117,0,0,11.48348645
1.118,0,0,11.48187259
1.119,0,0,11.48028755
1.12,0,0,11.47872631
1.121,0,0,11.47718206
1.122,0,0,11.47567056
1.123,0,0,11.47418229
1.124,0,0,11.47272378
1.125,0,0,11.47129695
1.126,0,0,11.46989193
1.127,0,0,11.46851539
1.128,0,0,11.46715902
1.129,0,0,11.46582701
1.13,0,0,11.46451336
1.131,0,0,11.46322173
1.132,0,0,11.46196176
1.133,0,0,11.46072703
1.134,0,0,11.45951669
1.135,0,0,11.45832936
1.136,0,0,11.45717169
1.137,0,0,11.45604051
1.138,0,0,11.4549163
1.139,0,0,11.45380841
1.14,0,0,11.45272341
1.141,0,0,11.45167065
1.142,0,0,11.4506417
1.143,0,0,11.44961584
1.144,0,0,11.44861487
1.145,0,0,11.44762566
1.146,0,0,11.44666282
1.147,0,0,11.445712
1.148,0,0,11.44477995
1.149,0,0,11.4438685
1.15,0,0,11.44297714
1.151,0,0,11.44210369
1.152,0,0,11.44124185
1.153,0,0,11.44038273
1.154,0,0,11.43953399
1.155,0,0,11.43869191
1.156,0,0,11.43785992
1.157,0,0,11.43703961
1.158,0,0,11.43623283
1.159,0,0,11.43544572
1.16,0,0,11.43466421
1.161,0,0,11.43389393
1.162,0,0,11.43313102
1.163,0,0,11.43236003
1.164,0,0,11.43158589
1.165,0,0,11.43082077
1.166,0,0,11.43006328
1.167,0,0,11.4293095
1.168,0,0,11.42855594
1.169,0,0,11.42781019
1.17,0,0,11.42705762
1.171,0,0,11.42631587
1.172,0,0,11.42557119
1.173,0,0,11.42483928
1.174,0,0,11.4240977
1.175,0,0,11.42334056
1.176,0,0,11.4225787
1.177,0,0,11.42180862
1.178,0,0,11.42102886
1.179,0,0,11.42025101
1.18,0,0,11.41947355
1.181,0,0,11.41869171
1.182,0,0,11.41791795
1.183,0,0,11.41713921
1.184,0,0,11.41633828
1.185,0,0,11.41552638
1.186,0,0,11.41470178
1.187,0,0,11.41387112
1.188,0,0,11.41302125
1.189,0,0,11.41217518
1.19,0,0,11.41131793
1.191,0,0,11.41046159
1.192,0,0,11.40959022
1.193,0,0,11.4086982
1.194,0,0,11.40778904
1.195,0,0,11.4068717
1.196,0,0,11.40593379
1.197,0,0,11.40498866
1.198,0,0,11.40403509
1.199,0,0,11.4030728
1.2,0,0,11.40210499
1.201,0,0,11.40111352
1.202,0,0,11.40009618
1.203,0,0,11.3990745
1.204,0,0,11.39803783
1.205,0,0,11.39698846
1.206,0,0,11.3959202
1.207,0,0,11.39484053
1.208,0,0,11.39375819
1.209,0,0,11.39266612
1.21,0,0,11.39154923
1.211,0,0,11.39041082
1.212,0,0,11.38926252
1.213,0,0,11.38810219
1.214,0,0,11.38693254
1.215,0,0,11.38573654
1.216,0,0,11.38451892
1.217,0,0,11.38329638
1.218,0,0,11.38206675
1.219,0,0,11.38082272
1.22,0,0,11.37956093
1.221,0,0,11.37829409
1.222,0,0,11.37701356
1.223,0,0,11.37572497
1.224,0,0,11.37442175
1.225,0,0,11.37309469
1.226,0,0,11.37175479
1.227,0,0,11.37040653
1.228,0,0,11.36904584
1.229,0,0,11.36767244
1.23,0,0,11.36629057
1.231,0,0,11.3648944
1.232,0,0,11.36349698
1.233,0,0,11.36208499
1.234,0,0,11.36065448
1.235,0,0,11.35921808
1.236,0,0,11.3577799
1.237,0,0,11.35632925
1.238,0,0,11.35487281
1.239,0,0,11.35340529
1.24,0,0,11.3519234
1.241,0,0,11.35043699
1.242,0,0,11.34894248
1.243,0,0,11.34742549
1.244,0,0,11.34591314
1.245,0,0,11.34440758
1.246,0,0,11.34290159
1.247,0,0,11.3413931
1.248,0,0,11.33987689
1.249,0,0,11.33834525
1.25,0,0,11.33681061
1.251,0,0,11.33526825
1.252,0,0,11.33370744
1.253,0,0,11.3321482
1.254,0,0,11.33059959
1.255,0,0,11.32905894
1.256,0,0,11.32751686
1.257,0,0,11.32597104
1.258,0,0,11.32442243
1.259,0,0,11.32287346
1.26,0,0,11.32131553
1.261,0,0,11.31975419
1.262,0,0,11.31820576
1.263,0,0,11.31667208
1.264,0,0,11.31512993
1.265,0,0,11.31358561
1.266,0,0,11.31204932
1.267,0,0,11.31050475
1.268,0,0,11.30896728
1.269,0,0,11.3074274
1.27,0,0,11.30588591
1.271,0,0,11.30436019
1.272,0,0,11.30284653
1.273,0,0,11.3013476
1.274,0,0,11.29984973
1.275,0,0,11.29835634
1.276,0,0,11.29686324
1.277,0,0,11.29538352
1.278,0,0,11.29390335
1.279,0,0,11.29241465
1.28,0,0,11.29094803
1.281,0,0,11.28948786
1.282,0,0,11.28804845
1.283,0,0,11.28662077
1.284,0,0,11.285204
1.285,0,0,11.28380558
1.286,0,0,11.28242286
1.287,0,0,11.28102988
1.288,0,0,11.27963781
1.289,0,0,11.27826572
1.29,0,0,11.27691141
1.291,0,0,11.27555776
1.292,0,0,11.27421696
1.293,0,0,11.27290361
1.294,0,0,11.27160932
1.295,0,0,11.27032177
1.296,0,0,11.26903481
1.297,0,0,11.26776692
1.298,0,0,11.26651815
1.299,0,0,11.26528153
1.3,0,0,11.26406631
1.301,0,0,11.26287204
1.302,0,0,11.26169598
1.303,0,0,11.26053378
1.304,0,0,11.25936979
1.305,0,0,11.25822114
1.306,0,0,11.25708698
1.307,0,0,11.25597133
1.308,0,0,11.25486722
1.309,0,0,11.25378607
1.31,0,0,11.25272645
1.311,0,0,11.25167752
1.312,0,0,11.25065391
1.313,0,0,11.2496596
1.314,0,0,11.24866483
1.315,0,0,11.24768167
1.316,0,0,11.24672354
1.317,0,0,11.24578186
1.318,0,0,11.2448538
1.319,0,0,11.24393852
1.32,0,0,11.24301861
1.321,0,0,11.24213864
1.322,0,0,11.24129333
1.323,0,0,11.24045687
1.324,0,0,11.23963312
1.325,0,0,11.23883175
1.326,0,0,11.2380578
1.327,0,0,11.23729619
1.328,0,0,11.23653438
1.329,0,0,11.23578563
1.33,0,0,11.23505828
1.331,0,0,11.23435745
1.332,0,0,11.23366768
1.333,0,0,11.23297795
1.334,0,0,11.23230849
1.335,0,0,11.23167595
1.336,0,0,11.23105925
1.337,0,0,11.23043779
1.338,0,0,11.22984622
1.339,0,0,11.22927173
1.34,0,0,11.22871905
1.341,0,0,11.2281807
1.342,0,0,11.22764581
1.343,0,0,11.22712196
1.344,0,0,11.22662141
1.345,0,0,11.22613526
1.346,0,0,11.22565832
1.347,0,0,11.22519553
1.348,0,0,11.2247475
1.349,0,0,11.2243092
1.35,0,0,11.22387896
1.351,0,0,11.22347432
1.352,0,0,11.22307974
1.353,0,0,11.22270079
1.354,0,0,11.22234968
1.355,0,0,11.22200138
1.356,0,0,11.22165726
1.357,0,0,11.22132933
1.358,0,0,11.22100855
1.359,0,0,11.22068787
1.36,0,0,11.22039036
1.361,0,0,11.22009439
1.362,0,0,11.21981661
1.363,0,0,11.21956671
1.364,0,0,11.21932474
1.365,0,0,11.21908704
1.366,0,0,11.21886704
1.367,0,0,11.21865423
1.368,0,0,11.21845105
1.369,0,0,11.21825561
1.37,0,0,11.21806583
1.371,0,0,11.21789984
1.372,0,0,11.21773582
1.373,0,0,11.21756675
1.374,0,0,11.2173991
1.375,0,0,11.21725758
1.376,0,0,11.21713397
1.377,0,0,11.21701433
1.378,0,0,11.21689272
1.379,0,0,11.21680051
1.38,0,0,11.21673309
1.381,0,0,11.21667047
1.382,0,0,11.21660179
1.383,0,0,11.21653457
1.384,0,0,11.21647752
1.385,0,0,11.21642238
1.386,0,0,11.21637055
1.387,0,0,11.21632991
1.388,0,0,11.21630869
1.389,0,0,11.21630803
1.39,0,0,11.21630984
1.391,0,0,11.21631317
1.392,0,0,11.21633278
1.393,0,0,11.2163549
1.394,0,0,11.2163766
1.395,0,0,11.21640987
1.396,0,0,11.21645578
1.397,0,0,11.21651895
1.398,0,0,11.21659951
1.399,0,0,11.21668318
1.4,0,0,11.2167617
1.401,0,0,11.21684691
1.402,0,0,11.21693342
1.403,0,0,11.21702445
1.404,0,0,11.21713116
1.405,0,0,11.21725611
1.406,0,0,11.21740176
1.407,0,0,11.2175591
1.408,0,0,11.21772835
1.409,0,0,11.21789463
1.41,0,0,11.21806828
1.411,0,0,11.2182464
1.412,0,0,11.21844113
1.413,0,0,11.2186423
1.414,0,0,11.21884369
1.415,0,0,11.21905999
1.416,0,0,11.21929746
1.417,0,0,11.21953407
1.418,0,0,11.21978035
1.419,0,0,11.22003914
1.42,0,0,11.22031386
1.421,0,0,11.22061415
1.422,0,0,11.22091585
1.423,0,0,11.22122552
1.424,0,0,11.22155747
1.425,0,0,11.2219013
1.426,0,0,11.22224528
1.427,0,0,11.22259844
1.428,0,0,11.22296578
1.429,0,0,11.22334984
1.43,0,0,11.22374274
1.431,0,0,11.22414191
1.432,0,0,11.2245453
1.433,0,0,11.22497252
1.434,0,0,11.22542397
1.435,0,0,11.22588311
1.436,0,0,11.22635776
1.437,0,0,11.22685035
1.438,0,0,11.22736377
1.439,0,0,11.22789167
1.44,0,0,11.22841484
1.441,0,0,11.22894933
1.442,0,0,11.22950994
1.443,0,0,11.23008044
1.444,0,0,11.23065174
1.445,0,0,11.23124048
1.446,0,0,11.23186088
1.447,0,0,11.23250103
1.448,0,0,11.23315576
1.449,0,0,11.23382596
1.45,0,0,11.23451905
1.451,0,0,11.23523477
1.452,0,0,11.23595303
1.453,0,0,11.23667776
1.454,0,0,11.23742729
1.455,0,0,11.23819696
1.456,0,0,11.23897696
1.457,0,0,11.239776
1.458,0,0,11.24059216
1.459,0,0,11.24142548
1.46,0,0,11.24227539
1.461,0,0,11.24312992
1.462,0,0,11.2440088
1.463,0,0,11.24492305
1.464,0,0,11.24585907
1.465,0,0,11.24681368
1.466,0,0,11.24778258
1.467,0,0,11.24877335
1.468,0,0,11.24978616
1.469,0,0,11.25080671
1.47,0,0,11.25182332
1.471,0,0,11.25286747
1.472,0,0,11.25393846
1.473,0,0,11.25501953
1.474,0,0,11.25611792
1.475,0,0,11.25724589
1.476,0,0,11.25838673
1.477,0,0,11.25955141
1.478,0,0,11.26072931
1.479,0,0,11.26192484
1.48,0,0,11.26314936
1.481,0,0,11.26439593
1.482,0,0,11.26565506
1.483,0,0,11.26692221
1.484,0,0,11.26821251
1.485,0,0,11.2695103
1.486,0,0,11.27082842
1.487,0,0,11.27215576
1.488,0,0,11.27349823
1.489,0,0,11.27487061
1.49,0,0,11.27627201
1.491,0,0,11.27768012
1.492,0,0,11.27911089
1.493,0,0,11.28056772
1.494,0,0,11.28203748
1.495,0,0,11.28351878
1.496,0,0,11.28500584
1.497,0,0,11.28650155
1.498,0,0,11.28803
1.499,0,0,11.28957879
1.5,0,0,11.29112367
1.501,0,0,11.29269249
1.502,0,0,11.2942727
1.503,0,0,11.29585859
1.504,0,0,11.29744785
1.505,0,0,11.2990365
1.506,0,0,11.30064216
1.507,0,0,11.30227543
1.508,0,0,11.30391079
1.509,0,0,11.30553654
1.51,0,0,11.30716401
1.511,0,0,11.30878551
1.512,0,0,11.3103865
1.513,0,0,11.31196577
1.514,0,0,11.31352968
1.515,0,0,11.3150884
1.516,0,0,11.31664108
1.517,0,0,11.31817385
1.518,0,0,11.3196811
1.519,0,0,11.32117937
1.52,0,0,11.32265376
1.521,0,0,11.3241058
1.522,0,0,11.32552979
1.523,0,0,11.32693078
1.524,0,0,11.32831344
1.525,0,0,11.3296733
1.526,0,0,11.33100129
1.527,0,0,11.33228171
1.528,0,0,11.33353474
1.529,0,0,11.33474358
1.53,0,0,11.33591175
1.531,0,0,11.33703693
1.532,0,0,11.33812539
1.533,0,0,11.33919004
1.534,0,0,11.34022918
1.535,0,0,11.34123515
1.536,0,0,11.3421896
1.537,0,0,11.34311868
1.538,0,0,11.3440003
1.539,0,0,11.34483204
1.54,0,0,11.34560406
1.541,0,0,11.34632381
1.542,0,0,11.34700713
1.543,0,0,11.34765553
1.544,0,0,11.34826493
1.545,0,0,11.34881956
1.546,0,0,11.34934038
1.547,0,0,11.34980415
1.548,0,0,11.35021709
1.549,0,0,11.35057785
1.55,0,0,11.35089808
1.551,0,0,11.35118595
1.552,0,0,11.35143674
1.553,0,0,11.35165351
1.554,0,0,11.35181274
1.555,0,0,11.35193972
1.556,0,0,11.35200334
1.557,0,0,11.35201425
1.558,0,0,11.35196927
1.559,0,0,11.35188113
1.56,0,0,11.35175037
1.561,0,0,11.35158819
1.562,0,0,11.35138853
1.563,0,0,11.35114087
1.564,0,0,11.3508726
1.565,0,0,11.35055769
1.566,0,0,11.35020255
1.567,0,0,11.34980744
1.568,0,0,11.34937695
1.569,0,0,11.34890727
1.57,0,0,11.34840318
1.571,0,0,11.34786372
1.572,0,0,11.34727526
1.573,0,0,11.34666765
1.574,0,0,11.34601814
1.575,0,0,11.34533484
1.576,0,0,11.3446236
1.577,0,0,11.34389104
1.578,0,0,11.34314118
1.579,0,0,11.3423695
1.58,0,0,11.34157919
1.581,0,0,11.34075608
1.582,0,0,11.3399226
1.583,0,0,11.33905508
1.584,0,0,11.33815095
1.585,0,0,11.33722709
1.586,0,0,11.33629101
1.587,0,0,11.33534288
1.588,0,0,11.33438334
1.589,0,0,11.33340833
1.59,0,0,11.33241143
1.591,0,0,11.33141322
1.592,0,0,11.33039964
1.593,0,0,11.3293785
1.594,0,0,11.32835
1.595,0,0,11.32733064
1.596,0,0,11.32631365
1.597,0,0,11.32529887
1.598,0,0,11.32427875
1.599,0,0,11.32324043
1.6,0,0,11.3222099
1.601,0,0,11.3211612
1.602,0,0,11.32011104
1.603,0,0,11.31905901
1.604,0,0,11.31801911
1.605,0,0,11.31699424
1.606,0,0,11.31598614
1.607,0,0,11.31499189
1.608,0,0,11.3139975
1.609,0,0,11.31302993
1.61,0,0,11.31207288
1.611,0,0,11.31112081
1.612,0,0,11.31017561
1.613,0,0,11.30924627
1.614,0,0,11.30832588
1.615,0,0,11.30742899
1.616,0,0,11.30654377
1.617,0,0,11.30567317
1.618,0,0,11.30483433
1.619,0,0,11.30400841
1.62,0,0,11.30319961
1.621,0,0,11.30241202
1.622,0,0,11.30165831
1.623,0,0,11.30093837
1.624,0,0,11.30024825
1.625,0,0,11.29958228
1.626,0,0,11.29892672
1.627,0,0,11.29830374
1.628,0,0,11.29769248
1.629,0,0,11.29710112
1.63,0,0,11.29653035
1.631,0,0,11.29598918
1.632,0,0,11.29547849
1.633,0,0,11.29501397
1.634,0,0,11.29456886
1.635,0,0,11.29415396
1.636,0,0,11.29377791
1.637,0,0,11.29342648
1.638,0,0,11.29309928
1.639,0,0,11.29281052
1.64,0,0,11.29254529
1.641,0,0,11.29231842
1.642,0,0,11.29212139
1.643,0,0,11.29194893
1.644,0,0,11.29180052
1.645,0,0,11.29167272
1.646,0,0,11.29156782
1.647,0,0,11.29148582
1.648,0,0,11.29143685
1.649,0,0,11.29142143
1.65,0,0,11.2914455
1.651,0,0,11.29150691
1.652,0,0,11.29159539
1.653,0,0,11.29171221
1.654,0,0,11.2918582
1.655,0,0,11.29201982
1.656,0,0,11.29219868
1.657,0,0,11.29240358
1.658,0,0,11.29262915
1.659,0,0,11.29287409
1.66,0,0,11.29314891
1.661,0,0,11.29344431
1.662,0,0,11.29376713
1.663,0,0,11.29412013
1.664,0,0,11.29448688
1.665,0,0,11.29487828
1.666,0,0,11.29530786
1.667,0,0,11.29574897
1.668,0,0,11.29621204
1.669,0,0,11.29668832
1.67,0,0,11.2971826
1.671,0,0,11.29767946
1.672,0,0,11.29819086
1.673,0,0,11.2987045
1.674,0,0,11.29923975
1.675,0,0,11.29979553
1.676,0,0,11.30036796
1.677,0,0,11.30095057
1.678,0,0,11.30155461
1.679,0,0,11.30216416
1.68,0,0,11.30278724
1.681,0,0,11.30342104
1.682,0,0,11.30405197
1.683,0,0,11.30469897
1.684,0,0,11.30535693
1.685,0,0,11.30601518
1.686,0,0,11.30667222
1.687,0,0,11.30733068
1.688,0,0,11.30799405
1.689,0,0,11.30864847
1.69,0,0,11.30930586
1.691,0,0,11.30995115
1.692,0,0,11.31061451
1.693,0,0,11.31127932
1.694,0,0,11.31194565
1.695,0,0,11.31260689
1.696,0,0,11.31328029
1.697,0,0,11.31394383
1.698,0,0,11.3146044
1.699,0,0,11.31524777
1.7,0,0,11.31586836
1.701,0,0,11.31649071
1.702,0,0,11.31710313
1.703,0,0,11.31770675
1.704,0,0,11.31830368
1.705,0,0,11.31889244
1.706,0,0,11.31946687
1.707,0,0,11.32003828
1.708,0,0,11.32060155
1.709,0,0,11.32114822
1.71,0,0,11.32169729
1.711,0,0,11.32223878
1.712,0,0,11.32275659
1.713,0,0,11.32325689
1.714,0,0,11.3237422
1.715,0,0,11.32420306
1.716,0,0,11.32463984
1.717,0,0,11.3250559
1.718,0,0,11.32545051
1.719,0,0,11.32584654
1.72,0,0,11.32623775
1.721,0,0,11.32661143
1.722,0,0,11.32696422
1.723,0,0,11.32731288
1.724,0,0,11.327633
1.725,0,0,11.32793505
1.726,0,0,11.32821405
1.727,0,0,11.3284677
1.728,0,0,11.32872054
1.729,0,0,11.32895464
1.73,0,0,11.32916766
1.731,0,0,11.32935423
1.732,0,0,11.32952809
1.733,0,0,11.32966917
1.734,0,0,11.32978911
1.735,0,0,11.32988493
1.736,0,0,11.32995706
1.737,0,0,11.33003341
1.738,0,0,11.33009979
1.739,0,0,11.33015075
1.74,0,0,11.33018333
1.741,0,0,11.33020676
1.742,0,0,11.33019832
1.743,0,0,11.33016536
1.744,0,0,11.33009755
1.745,0,0,11.3300059
1.746,0,0,11.32990483
1.747,0,0,11.32979043
1.748,0,0,11.32966669
1.749,0,0,11.32953302
1.75,0,0,11.32939176
1.751,0,0,11.32922832
1.752,0,0,11.32905477
1.753,0,0,11.32886292
1.754,0,0,11.32865302
1.755,0,0,11.32843571
1.756,0,0,11.32819638
1.757,0,0,11.3279452
1.758,0,0,11.32767891
1.759,0,0,11.32740283
1.76,0,0,11.32710637
1.761,0,0,11.32678892
1.762,0,0,11.32645862
1.763,0,0,11.32612229
1.764,0,0,11.32579119
1.765,0,0,11.32545789
1.766,0,0,11.32510713
1.767,0,0,11.32475408
1.768,0,0,11.32440056
1.769,0,0,11.32403716
1.77,0,0,11.32366144
1.771,0,0,11.32327441
1.772,0,0,11.32287342
1.773,0,0,11.32247387
1.774,0,0,11.32207216
1.775,0,0,11.32165738
1.776,0,0,11.32123818
1.777,0,0,11.32082548
1.778,0,0,11.32040011
1.779,0,0,11.31997222
1.78,0,0,11.31954136
1.781,0,0,11.31911
1.782,0,0,11.31869862
1.783,0,0,11.3182851
1.784,0,0,11.31787273
1.785,0,0,11.31745435
1.786,0,0,11.31704361
1.787,0,0,11.31661801
1.788,0,0,11.31618344
1.789,0,0,11.31574681
1.79,0,0,11.3153145
1.791,0,0,11.31490062
1.792,0,0,11.31449803
1.793,0,0,11.31409384
1.794,0,0,11.31370632
1.795,0,0,11.31332998
1.796,0,0,11.31295684
1.797,0,0,11.31258403
1.798,0,0,11.31221213
1.799,0,0,11.31184532
1.8,0,0,11.31149336
1.801,0,0,11.3111475
1.802,0,0,11.31079638
1.803,0,0,11.31045724
1.804,0,0,11.31013111
1.805,0,0,11.30980157
1.806,0,0,11.30948331
1.807,0,0,11.30917953
1.808,0,0,11.30888582
1.809,0,0,11.30862077
1.81,0,0,11.30836278
1.811,0,0,11.30811455
1.812,0,0,11.3078806
1.813,0,0,11.30766491
1.814,0,0,11.3074458
1.815,0,0,11.30722977
1.816,0,0,11.30702368
1.817,0,0,11.30682836
1.818,0,0,11.30665268
1.819,0,0,11.30648796
1.82,0,0,11.30631999
1.821,0,0,11.3061761
1.822,0,0,11.30604255
1.823,0,0,11.3059219
1.824,0,0,11.30581206
1.825,0,0,11.30571675
1.826,0,0,11.30564187
1.827,0,0,11.3055936
1.828,0,0,11.30555189
1.829,0,0,11.30550763
1.83,0,0,11.30547671
1.831,0,0,11.30545011
1.832,0,0,11.30542023
1.833,0,0,11.30539605
1.834,0,0,11.30539323
1.835,0,0,11.30541359
1.836,0,0,11.30545782
1.837,0,0,11.30551302
1.838,0,0,11.30556977
1.839,0,0,11.30565339
1.84,0,0,11.30574072
1.841,0,0,11.30583578
1.842,0,0,11.3059296
1.843,0,0,11.30603637
1.844,0,0,11.30615336
1.845,0,0,11.30629301
1.846,0,0,11.30642773
1.847,0,0,11.3065635
1.848,0,0,11.30670756
1.849,0,0,11.30685891
1.85,0,0,11.30701319
1.851,0,0,11.30717949
1.852,0,0,11.30736493
1.853,0,0,11.30757139
1.854,0,0,11.30779078
1.855,0,0,11.30801239
1.856,0,0,11.30823541
1.857,0,0,11.30847825
1.858,0,0,11.3087103
1.859,0,0,11.30893522
1.86,0,0,11.30915539
1.861,0,0,11.30938297
1.862,0,0,11.30962053
1.863,0,0,11.30987084
1.864,0,0,11.31012155
1.865,0,0,11.31037243
1.866,0,0,11.31063643
1.867,0,0,11.31090575
1.868,0,0,11.31116938
1.869,0,0,11.31143233
1.87,0,0,11.31170636
1.871,0,0,11.31198008
1.872,0,0,11.31226555
1.873,0,0,11.31254005
1.874,0,0,11.31281407
1.875,0,0,11.31308897
1.876,0,0,11.31334845
1.877,0,0,11.31359534
1.878,0,0,11.31384024
1.879,0,0,11.31410187
1.88,0,0,11.31437445
1.881,0,0,11.31465497
1.882,0,0,11.31493426
1.883,0,0,11.3152112
1.884,0,0,11.31549122
1.885,0,0,11.3157521
1.886,0,0,11.31599735
1.887,0,0,11.31623797
1.888,0,0,11.31647335
1.889,0,0,11.31670628
1.89,0,0,11.31694084
1.891,0,0,11.31716499
1.892,0,0,11.31738748
1.893,0,0,11.3176089
1.894,0,0,11.31782592
1.895,0,0,11.31803406
1.896,0,0,11.31823992
1.897,0,0,11.31844823
1.898,0,0,11.31864835
1.899,0,0,11.31885277
1.9,0,0,11.31903876
1.901,0,0,11.31922931
1.902,0,0,11.31940426
1.903,0,0,11.3195636
1.904,0,0,11.31970656
1.905,0,0,11.31984474
1.906,0,0,11.31997967
1.907,0,0,11.32011358
1.908,0,0,11.32023887
1.909,0,0,11.32035143
1.91,0,0,11.32046794
1.911,0,0,11.32058292
1.912,0,0,11.32068504
1.913,0,0,11.32077103
1.914,0,0,11.32085891
1.915,0,0,11.3209377
1.916,0,0,11.32100648
1.917,0,0,11.32106698
1.918,0,0,11.32110942
1.919,0,0,11.32114548
1.92,0,0,11.32117133
1.921,0,0,11.32118231
1.922,0,0,11.32118911
1.923,0,0,11.32120305
1.924,0,0,11.321215
1.925,0,0,11.32122223
1.926,0,0,11.32123647
1.927,0,0,11.32122921
1.928,0,0,11.32121989
1.929,0,0,11.32118976
1.93,0,0,11.32114423
1.931,0,0,11.32108426
1.932,0,0,11.32102486
1.933,0,0,11.3209632
1.934,0,0,11.32089237
1.935,0,0,11.32082332
1.936,0,0,11.32074109
1.937,0,0,11.32066027
1.938,0,0,11.32057362
1.939,0,0,11.32047512
1.94,0,0,11.32036898
1.941,0,0,11.32026817
1.942,0,0,11.32017023
1.943,0,0,11.32007308
1.944,0,0,11.31996962
1.945,0,0,11.31985764
1.946,0,0,11.31973235
1.947,0,0,11.31959426
1.948,0,0,11.3194385
1.949,0,0,11.31927668
1.95,0,0,11.31912016
1.951,0,0,11.31896437
1.952,0,0,11.31881328
1.953,0,0,11.31866746
1.954,0,0,11.31852063
1.955,0,0,11.31837395
1.956,0,0,11.31822094
1.957,0,0,11.31805491
1.958,0,0,11.31788318
1.959,0,0,11.31771784
1.96,0,0,11.31754461
1.961,0,0,11.31736708
1.962,0,0,11.3171953
1.963,0,0,11.31701519
1.964,0,0,11.31683461
1.965,0,0,11.31665147
1.966,0,0,11.31646145
1.967,0,0,11.3162846
1.968,0,0,11.31611872
1.969,0,0,11.31595901
1.97,0,0,11.31579978
1.971,0,0,11.31564625
1.972,0,0,11.31548579
1.973,0,0,11.31532029
1.974,0,0,11.31515041
1.975,0,0,11.31496321
1.976,0,0,11.3147843
1.977,0,0,11.31461098
1.978,0,0,11.31443692
1.979,0,0,11.31427067
1.98,0,0,11.31411371
1.981,0,0,11.31396793
1.982,0,0,11.31382216
1.983,0,0,11.31368067
1.984,0,0,11.31353294
1.985,0,0,11.31339413
1.986,0,0,11.31326872
1.987,0,0,11.31314624
1.988,0,0,11.31301543
1.989,0,0,11.31289674
1.99,0,0,11.31277074
1.991,0,0,11.31264593
1.992,0,0,11.31251955
1.993,0,0,11.31238818
1.994,0,0,11.31227459
1.995,0,0,11.31217109
1.996,0,0,11.31207728
1.997,0,0,11.31198985
1.998,0,0,11.31191001
1.999,0,0,11.31182847
2,0,0,11.31174815
2.001,0,0,11.31167347
2.002,0,0,11.31159174
2.003,0,0,11.311529
2.004,0,0,11.3114687
2.005,0,0,11.31140648
2.006,0,0,11.31134487
2.007,0,0,11.31129413
2.008,0,0,11.31124727
2.009,0,0,11.31120007
2.01,0,0,11.31115932
2.011,0,0,11.31112585
2.012,0,0,11.31112048
2.013,0,0,11.31111923
2.014,0,0,11.31112192
2.015,0,0,11.31111958
2.016,0,0,11.31112909
2.017,0,0,11.31112828
2.018,0,0,11.3111248
2.019,0,0,11.31111939
2.02,0,0,11.31111326
2.021,0,0,11.31112664
2.022,0,0,11.31114841
2.023,0,0,11.31117609
2.024,0,0,11.31121287
2.025,0,0,11.31125931
2.026,0,0,11.31130717
2.027,0,0,11.31135061
2.028,0,0,11.31139796
2.029,0,0,11.31144694
2.03,0,0,11.31151529
2.031,0,0,11.31158793
2.032,0,0,11.31165944
2.033,0,0,11.31172996
2.034,0,0,11.3118121
2.035,0,0,11.3118784
2.036,0,0,11.31194185
2.037,0,0,11.3119987
2.038,0,0,11.31206102
2.039,0,0,11.31214801
2.04,0,0,11.31224318
2.041,0,0,11.31234723
2.042,0,0,11.31245236
2.043,0,0,11.31257027
2.044,0,0,11.3126749
2.045,0,0,11.31277313
2.046,0,0,11.31286292
2.047,0,0,11.31295388
2.048,0,0,11.3130493
2.049,0,0,11.31315073
2.05,0,0,11.31324604
2.051,0,0,11.31334883
2.052,0,0,11.31345696
2.053,0,0,11.31356728
2.054,0,0,11.31367441
2.055,0,0,11.31378417
2.056,0,0,11.31389941
2.057,0,0,11.31402748
2.058,0,0,11.31415514
2.059,0,0,11.31427019
2.06,0,0,11.31438629
2.061,0,0,11.31450715
2.062,0,0,11.31460774
2.063,0,0,11.31470235
2.064,0,0,11.31478995
2.065,0,0,11.31487596
2.066,0,0,11.3149793
2.067,0,0,11.31508719
2.068,0,0,11.31519434
2.069,0,0,11.31531542
2.07,0,0,11.31543407
2.071,0,0,11.3155428
2.072,0,0,11.31564594
2.073,0,0,11.31574505
2.074,0,0,11.31584945
2.075,0,0,11.31595196
2.076,0,0,11.31605068
2.077,0,0,11.31613295
2.078,0,0,11.31622233
2.079,0,0,11.31630333
2.08,0,0,11.31637768
2.081,0,0,11.31644189
2.082,0,0,11.31650796
2.083,0,0,11.31658264
2.084,0,0,11.31666969
2.085,0,0,11.31675762
2.086,0,0,11.31683574
2.087,0,0,11.316917
2.088,0,0,11.31699335
2.089,0,0,11.31704777
2.09,0,0,11.31709076
2.091,0,0,11.31712923
2.092,0,0,11.31716346
2.093,0,0,11.31720727
2.094,0,0,11.31724655
2.095,0,0,11.3172813
2.096,0,0,11.31732384
2.097,0,0,11.31736698
2.098,0,0,11.31740291
2.099,0,0,11.31743541
2.1,0,0,11.31746881
2.101,0,0,11.3175063
2.102,0,0,11.31754052
2.103,0,0,11.31755994
2.104,0,0,11.3175673
2.105,0,0,11.31758262
2.106,0,0,11.31758154
2.107,0,0,11.31757076
2.108,0,0,11.31754896
2.109,0,0,11.31752985
2.11,0,0,11.31751681
2.111,0,0,11.31751694
2.112,0,0,11.31751609
2.113,0,0,11.31750843
2.114,0,0,11.31751303
2.115,0,0,11.31751299
2.116,0,0,11.31749885
2.117,0,0,11.31747316
2.118,0,0,11.31744345
2.119,0,0,11.31740729
2.12,0,0,11.31737531
2.121,0,0,11.31733462
2.122,0,0,11.31728963
2.123,0,0,11.31724862
2.124,0,0,11.31720623
2.125,0,0,11.31715582
2.126,0,0,11.31710389
2.127,0,0,11.31705893
2.128,0,0,11.31701894
2.129,0,0,11.31698498
2.13,0,0,11.31694385
2.131,0,0,11.31689154
2.132,0,0,11.31684681
2.133,0,0,11.31678387
2.134,0,0,11.31670961
2.135,0,0,11.31662672
2.136,0,0,11.31654635
2.137,0,0,11.31647245
2.138,0,0,11.31640847
2.139,0,0,11.3163456
2.14,0,0,11.3162808
2.141,0,0,11.31622822
2.142,0,0,11.31616825
2.143,0,0,11.3161065
2.144,0,0,11.3160433
2.145,0,0,11.31597647
2.146,0,0,11.31591042
2.147,0,0,11.31584998
2.148,0,0,11.31577139
2.149,0,0,11.31569319
2.15,0,0,11.31561049
2.151,0,0,11.31552507
2.152,0,0,11.31543474
2.153,0,0,11.31534999
2.154,0,0,11.31527917
2.155,0,0,11.31521812
2.156,0,0,11.31516827
2.157,0,0,11.31511536
2.158,0,0,11.31506117
2.159,0,0,11.31501333
2.16,0,0,11.31495097
2.161,0,0,11.31487606
2.162,0,0,11.31479877
2.163,0,0,11.31472281
2.164,0,0,11.31465363
2.165,0,0,11.31459204
2.166,0,0,11.31452865
2.167,0,0,11.31446594
2.168,0,0,11.31441181
2.169,0,0,11.31435219
2.17,0,0,11.31429113
2.171,0,0,11.31424197
2.172,0,0,11.31419606
2.173,0,0,11.3141539
2.174,0,0,11.31412194
2.175,0,0,11.31407265
2.176,0,0,11.31402928
2.177,0,0,11.31397645
2.178,0,0,11.31391936
2.179,0,0,11.31385226
2.18,0,0,11.31379655
2.181,0,0,11.31375205
2.182,0,0,11.31371781
2.183,0,0,11.3136951
2.184,0,0,11.31367249
2.185,0,0,11.31365797
2.186,0,0,11.31364776
2.187,0,0,11.31362673
2.188,0,0,11.31359848
2.189,0,0,11.31357542
2.19,0,0,11.31355121
2.191,0,0,11.31352799
2.192,0,0,11.31350907
2.193,0,0,11.31348778
2.194,0,0,11.313467
2.195,0,0,11.31345092
2.196,0,0,11.31343202
2.197,0,0,11.31341244
2.198,0,0,11.31341245
2.199,0,0,11.31341527
2.2,0,0,11.3134257
2.201,0,0,11.31344896
2.202,0,0,11.31346114
2.203,0,0,11.31348071
2.204,0,0,11.31349048
2.205,0,0,11.31349067
2.206,0,0,11.31348626
2.207,0,0,11.31349114
2.208,0,0,11.31349753
2.209,0,0,11.31351698
2.21,0,0,11.31353481
2.211,0,0,11.31355176
2.212,0,0,11.31357574
2.213,0,0,11.31360514
2.214,0,0,11.31363062
2.215,0,0,11.31365656
2.216,0,0,11.31369184
2.217,0,0,11.31372496
2.218,0,0,11.31375749
2.219,0,0,11.31378817
2.22,0,0,11.31381843
2.221,0,0,11.31384077
2.222,0,0,11.3138628
2.223,0,0,11.3138796
2.224,0,0,11.31390765
2.225,0,0,11.31394629
2.226,0,0,11.31398973
2.227,0,0,11.31403213
2.228,0,0,11.3140857
2.229,0,0,11.31413517
2.23,0,0,11.3141881
2.231,0,0,11.31423753
2.232,0,0,11.31427497
2.233,0,0,11.3143162
2.234,0,0,11.3143598
2.235,0,0,11.31439863
2.236,0,0,11.31444089
2.237,0,0,11.31447706
2.238,0,0,11.3145118
2.239,0,0,11.31454784
2.24,0,0,11.31459045
2.241,0,0,11.31462656
2.242,0,0,11.31467392
2.243,0,0,11.31473224
2.244,0,0,11.31479129
2.245,0,0,11.31484872
2.246,0,0,11.31490581
2.247,0,0,11.31495975
2.248,0,0,11.31500167
2.249,0,0,11.31503815
2.25,0,0,11.31506243
2.251,0,0,11.31510107
2.252,0,0,11.31514283
2.253,0,0,11.31518514
2.254,0,0,11.31522134
2.255,0,0,11.31527087
2.256,0,0,11.31531561
2.257,0,0,11.31535988
2.258,0,0,11.31540202
2.259,0,0,11.31543555
2.26,0,0,11.31548037
2.261,0,0,11.31552662
2.262,0,0,11.31556658
2.263,0,0,11.31560359
2.264,0,0,11.31563335
2.265,0,0,11.31565501
2.266,0,0,11.3156708
2.267,0,0,11.31568961
2.268,0,0,11.31570255
2.269,0,0,11.31573207
2.27,0,0,11.31576936
2.271,0,0,11.31580645
2.272,0,0,11.31584259
2.273,0,0,11.31588345
2.274,0,0,11.31591928
2.275,0,0,11.31594294
2.276,0,0,11.31596051
2.277,0,0,11.31596373
2.278,0,0,11.31598308
2.279,0,0,11.31599583
2.28,0,0,11.31599978
2.281,0,0,11.31600117
2.282,0,0,11.31601803
2.283,0,0,11.31602657
2.284,0,0,11.31603311
2.285,0,0,11.31603744
2.286,0,0,11.31603835
2.287,0,0,11.31605825
2.288,0,0,11.3160802
2.289,0,0,11.3160977
2.29,0,0,11.31611635
2.291,0,0,11.3161294
2.292,0,0,11.31612672
2.293,0,0,11.31611254
2.294,0,0,11.31609465
2.295,0,0,11.31607286
2.296,0,0,11.31606374
2.297,0,0,11.31606007
2.298,0,0,11.31605364
2.299,0,0,11.31605146
2.3,0,0,11.31605685
2.301,0,0,11.31605951
2.302,0,0,11.31605127
2.303,0,0,11.31603771
2.304,0,0,11.31601713
2.305,0,0,11.31600585
2.306,0,0,11.31599418
2.307,0,0,11.31597236
2.308,0,0,11.31594618
2.309,0,0,11.31592958
2.31,0,0,11.3158984
2.311,0,0,11.31586695
2.312,0,0,11.31583247
2.313,0,0,11.31580119
2.314,0,0,11.31578918
2.315,0,0,11.31578049
2.316,0,0,11.31577056
2.317,0,0,11.31576924
2.318,0,0,11.31576406
2.319,0,0,11.31574122
2.32,0,0,11.31570622
2.321,0,0,11.31566511
2.322,0,0,11.31562154
2.323,0,0,11.31558716
2.324,0,0,11.31555705
2.325,0,0,11.31551913
2.326,0,0,11.31549134
2.327,0,0,11.31546556
2.328,0,0,11.31544174
2.329,0,0,11.3154109
2.33,0,0,11.3153819
2.331,0,0,11.31535511
2.332,0,0,11.31534266
2.333,0,0,11.31533043
2.334,0,0,11.31530748
2.335,0,0,11.31528394
2.336,0,0,11.31526164
2.337,0,0,11.31521986
2.338,0,0,11.31517261
2.339,0,0,11.31512318
2.34,0,0,11.31507811
2.341,0,0,11.31505464
2.342,0,0,11.3150361
2.343,0,0,11.31501902
2.344,0,0,11.31500847
2.345,0,0,11.31500246
2.346,0,0,11.31498162
2.347,0,0,11.31495114
2.348,0,0,11.31491785
2.349,0,0,11.31488343
2.35,0,0,11.31485568
2.351,0,0,11.31482537
2.352,0,0,11.3147863
2.353,0,0,11.3147615
2.354,0,0,11.31473661
2.355,0,0,11.31471504
2.356,0,0,11.31468747
2.357,0,0,11.31466487
2.358,0,0,11.31464865
2.359,0,0,11.31464485
2.36,0,0,11.31463972
2.361,0,0,11.3146258
2.362,0,0,11.31461983
2.363,0,0,11.31461144
2.364,0,0,11.31458606
2.365,0,0,11.31455239
2.366,0,0,11.314521
2.367,0,0,11.31449009
2.368,0,0,11.31447406
2.369,0,0,11.31446037
2.37,0,0,11.31444527
2.371,0,0,11.31444275
2.372,0,0,11.31444491
2.373,0,0,11.3144406
2.374,0,0,11.31443421
2.375,0,0,11.31443362
2.376,0,0,11.31443664
2.377,0,0,11.31444451
2.378,0,0,11.31444412
2.379,0,0,11.31442949
2.38,0,0,11.31442576
2.381,0,0,11.31441142
2.382,0,0,11.31439743
2.383,0,0,11.31437849
2.384,0,0,11.31437166
2.385,0,0,11.31437458
2.386,0,0,11.31439188
2.387,0,0,11.31440864
2.388,0,0,11.31441821
2.389,0,0,11.31443672
2.39,0,0,11.31444868
2.391,0,0,11.31444795
2.392,0,0,11.31443766
2.393,0,0,11.31443174
2.394,0,0,11.31442598
2.395,0,0,11.31443072
2.396,0,0,11.31443341
2.397,0,0,11.31443699
2.398,0,0,11.31445725
2.399,0,0,11.3144701
2.4,0,0,11.31447791
2.401,0,0,11.3144834
2.402,0,0,11.31450151
2.403,0,0,11.31452569
2.404,0,0,11.31455624
2.405,0,0,11.31458035
2.406,0,0,11.31459398
2.407,0,0,11.31461569
2.408,0,0,11.31461934
2.409,0,0,11.31461934
2.41,0,0,11.31461108
2.411,0,0,11.31461198
2.412,0,0,11.31462028
2.413,0,0,11.31464416
2.414,0,0,11.31466864
2.415,0,0,11.31469338
2.416,0,0,11.31472699
2.417,0,0,11.3147555
2.418,0,0,11.3147749
2.419,0,0,11.31478836
2.42,0,0,11.31480859
2.421,0,0,11.3148273
2.422,0,0,11.3148504
2.423,0,0,11.31486465
2.424,0,0,11.31487954
2.425,0,0,11.31490171
2.426,0,0,11.31491404
2.427,0,0,11.31491911
2.428,0,0,11.31492639
2.429,0,0,11.31494739
2.43,0,0,11.31497881
2.431,0,0,11.31501507
2.432,0,0,11.31504618
2.433,0,0,11.31507024
2.434,0,0,11.31509736
2.435,0,0,11.31510742
2.436,0,0,11.31510981
2.437,0,0,11.31510905
2.438,0,0,11.31511202
2.439,0,0,11.31511842
2.44,0,0,11.31513663
2.441,0,0,11.31514999
2.442,0,0,11.31516958
2.443,0,0,11.31519355
2.444,0,0,11.31521565
2.445,0,0,11.31523021
2.446,0,0,11.31524634
2.447,0,0,11.31526971
2.448,0,0,11.31528958
2.449,0,0,11.31531297
2.45,0,0,11.31532418
