#Exudyn implicit second order time integration sensor output file
#measure Node number = 243
#OutputVariableType = AngularVelocity
#simulation started = 2022-04-08,00:48:27
#columns contain: time, comma separated sensor values (e.g, x,y,z position coordinates)
#number of sensor values = 3
#Exudyn version = 1.2.34.dev1; Python3.9.11; Windows AVX2 FLOAT64
#
0,0,0,0
0.001,0,0,-1.130312495e-06
0.002,0,0,-1.187042293e-06
0.003,0,0,-2.186729253e-06
0.004,0,0,-1.790169537e-06
0.005,0,0,-2.715081935e-06
0.006,0,0,-7.541928924e-06
0.007,0,0,-8.084825477e-06
0.008,0,0,-4.988676649e-06
0.009,0,0,-3.909369054e-06
0.01,0,0,-3.724277745e-06
0.011,0,0,-4.405679028e-06
0.012,0,0,-6.678260613e-06
0.013,0,0,-8.424502877e-06
0.014,0,0,-7.785213299e-06
0.015,0,0,-6.290445894e-06
0.016,0,0,-5.415765547e-06
0.017,0,0,-5.530142758e-06
0.018,0,0,-6.719451632e-06
0.019,0,0,-8.198084606e-06
0.02,0,0,-8.647726639e-06
0.021,0,0,-7.892267274e-06
0.022,0,0,-6.853321094e-06
0.023,0,0,-6.38825671e-06
0.024,0,0,-6.805162635e-06
0.025,0,0,-7.783494973e-06
0.026,0,0,-8.490665038e-06
0.027,0,0,-8.356941152e-06
0.028,0,0,-7.606571273e-06
0.029,0,0,-6.892159944e-06
0.03,0,0,-6.73533595e-06
0.031,0,0,-7.174715174e-06
0.032,0,0,-7.749217911e-06
0.033,0,0,-7.921093374e-06
0.034,0,0,-7.520384365e-06
0.035,0,0,-6.844117641e-06
0.036,0,0,-6.376186327e-06
0.037,0,0,-6.360341907e-06
0.038,0,0,-6.650425895e-06
0.039,0,0,-6.864656741e-06
0.04,0,0,-6.701816181e-06
0.041,0,0,-6.191081001e-06
0.042,0,0,-5.631694936e-06
0.043,0,0,-5.315258989e-06
0.044,0,0,-5.306570432e-06
0.045,0,0,-5.409432221e-06
0.046,0,0,-5.344945608e-06
0.047,0,0,-5.001101728e-06
0.048,0,0,-4.485341636e-06
0.049,0,0,-4.030948184e-06
0.05,0,0,-3.792113529e-06
0.051,0,0,-3.725606513e-06
0.052,0,0,-3.586161517e-06
0.053,0,0,9.104662619e-06
0.054,0,0,0.0001336229656
0.055,0,0,0.0004920111199
0.056,0,0,0.001120378393
0.057,0,0,0.002018941459
0.058,0,0,0.003185447818
0.059,0,0,0.00463059514
0.06,0,0,0.006404937638
0.061,0,0,0.008592483954
0.062,0,0,0.01125849778
0.063,0,0,0.01442656487
0.064,0,0,0.01809713496
0.065,0,0,0.02227244605
0.066,0,0,0.02697683851
0.067,0,0,0.03226179149
0.068,0,0,0.03817776922
0.069,0,0,0.04475960646
0.07,0,0,0.05201626203
0.071,0,0,0.05995238147
0.072,0,0,0.06856814616
0.073,0,0,0.07789472354
0.074,0,0,0.08796675202
0.075,0,0,0.09881328769
0.076,0,0,0.1104447703
0.077,0,0,0.1228478903
0.078,0,0,0.1360251608
0.079,0,0,0.1499708197
0.08,0,0,0.1647221023
0.081,0,0,0.1802982481
0.082,0,0,0.1966957057
0.083,0,0,0.2138908635
0.084,0,0,0.2318810104
0.085,0,0,0.2506597644
0.086,0,0,0.270223627
0.087,0,0,0.2905792739
0.088,0,0,0.3117354393
0.089,0,0,0.3336660625
0.09,0,0,0.3563596662
0.091,0,0,0.3798065687
0.092,0,0,0.4039939014
0.093,0,0,0.4288949036
0.094,0,0,0.4544972477
0.095,0,0,0.4808191469
0.096,0,0,0.5078312682
0.097,0,0,0.5355066021
0.098,0,0,0.5638264083
0.099,0,0,0.5927655647
0.1,0,0,0.6223090357
0.101,0,0,0.6524182117
0.102,0,0,0.6831035152
0.103,0,0,0.7143512814
0.104,0,0,0.7461145404
0.105,0,0,0.7783671842
0.106,0,0,0.811078029
0.107,0,0,0.8442356647
0.108,0,0,0.877808079
0.109,0,0,0.9117783256
0.11,0,0,0.9461324434
0.111,0,0,0.9808405164
0.112,0,0,1.015864942
0.113,0,0,1.051166486
0.114,0,0,1.086732892
0.115,0,0,1.122543792
0.116,0,0,1.158575288
0.117,0,0,1.194795722
0.118,0,0,1.231171969
0.119,0,0,1.267684177
0.12,0,0,1.304304917
0.121,0,0,1.341010776
0.122,0,0,1.377774162
0.123,0,0,1.414571164
0.124,0,0,1.451380175
0.125,0,0,1.488168411
0.126,0,0,1.524903155
0.127,0,0,1.561554916
0.128,0,0,1.598111168
0.129,0,0,1.634551199
0.13,0,0,1.670850592
0.131,0,0,1.706973241
0.132,0,0,1.742894302
0.133,0,0,1.77858919
0.134,0,0,1.814031335
0.135,0,0,1.849207596
0.136,0,0,1.884105165
0.137,0,0,1.918698494
0.138,0,0,1.952962504
0.139,0,0,1.986868463
0.14,0,0,2.020398017
0.141,0,0,2.053543153
0.142,0,0,2.086293693
0.143,0,0,2.118631344
0.144,0,0,2.150530929
0.145,0,0,2.181971928
0.146,0,0,2.212939419
0.147,0,0,2.243422467
0.148,0,0,2.273415737
0.149,0,0,2.302912441
0.15,0,0,2.331897444
0.151,0,0,2.360363844
0.152,0,0,2.388282793
0.153,0,0,2.415650832
0.154,0,0,2.442476427
0.155,0,0,2.468759307
0.156,0,0,2.494490884
0.157,0,0,2.519670209
0.158,0,0,2.544294263
0.159,0,0,2.568339646
0.16,0,0,2.59181012
0.161,0,0,2.614721178
0.162,0,0,2.637081068
0.163,0,0,2.658891676
0.164,0,0,2.68015041
0.165,0,0,2.700850433
0.166,0,0,2.720997841
0.167,0,0,2.740613456
0.168,0,0,2.759733332
0.169,0,0,2.778358635
0.17,0,0,2.796475665
0.171,0,0,2.814092427
0.172,0,0,2.831212757
0.173,0,0,2.847852154
0.174,0,0,2.864046136
0.175,0,0,2.879823686
0.176,0,0,2.89516963
0.177,0,0,2.910108205
0.178,0,0,2.924678741
0.179,0,0,2.938872718
0.18,0,0,2.952694239
0.181,0,0,2.966176058
0.182,0,0,2.979340797
0.183,0,0,2.992211209
0.184,0,0,3.004807072
0.185,0,0,3.017137934
0.186,0,0,3.029225427
0.187,0,0,3.041075579
0.188,0,0,3.052715214
0.189,0,0,3.06418738
0.19,0,0,3.075507444
0.191,0,0,3.086653122
0.192,0,0,3.09764841
0.193,0,0,3.108527663
0.194,0,0,3.119327769
0.195,0,0,3.130067555
0.196,0,0,3.140775386
0.197,0,0,3.151466825
0.198,0,0,3.162131983
0.199,0,0,3.172810293
0.2,0,0,3.183496439
0.201,0,0,3.194233252
0.202,0,0,3.205055318
0.203,0,0,3.215972241
0.204,0,0,3.227017224
0.205,0,0,3.238205805
0.206,0,0,3.24952894
0.207,0,0,3.261003405
0.208,0,0,3.272670532
0.209,0,0,3.284537887
0.21,0,0,3.296627771
0.211,0,0,3.30895145
0.212,0,0,3.321523701
0.213,0,0,3.334367645
0.214,0,0,3.347479431
0.215,0,0,3.36088027
0.216,0,0,3.374574989
0.217,0,0,3.388576439
0.218,0,0,3.402920571
0.219,0,0,3.417609213
0.22,0,0,3.432637636
0.221,0,0,3.447998061
0.222,0,0,3.46371355
0.223,0,0,3.479791702
0.224,0,0,3.496221396
0.225,0,0,3.513035995
0.226,0,0,3.530253095
0.227,0,0,3.5478545
0.228,0,0,3.565842435
0.229,0,0,3.584205131
0.23,0,0,3.602952652
0.231,0,0,3.622066747
0.232,0,0,3.641550445
0.233,0,0,3.66143674
0.234,0,0,3.681748984
0.235,0,0,3.702451173
0.236,0,0,3.723555771
0.237,0,0,3.745030627
0.238,0,0,3.766865946
0.239,0,0,3.789043148
0.24,0,0,3.811632185
0.241,0,0,3.834601767
0.242,0,0,3.857922092
0.243,0,0,3.881600748
0.244,0,0,3.905620487
0.245,0,0,3.92997087
0.246,0,0,3.954647902
0.247,0,0,3.979640915
0.248,0,0,4.004930842
0.249,0,0,4.030546628
0.25,0,0,4.056439682
0.251,0,0,4.082603626
0.252,0,0,4.109063304
0.253,0,0,4.135787336
0.254,0,0,4.16271883
0.255,0,0,4.189871709
0.256,0,0,4.217232722
0.257,0,0,4.24476365
0.258,0,0,4.272502819
0.259,0,0,4.300475237
0.26,0,0,4.328642572
0.261,0,0,4.356945223
0.262,0,0,4.38536546
0.263,0,0,4.413874864
0.264,0,0,4.442464068
0.265,0,0,4.471187918
0.266,0,0,4.500048647
0.267,0,0,4.529017162
0.268,0,0,4.558042188
0.269,0,0,4.587109125
0.27,0,0,4.616169515
0.271,0,0,4.645199768
0.272,0,0,4.674258924
0.273,0,0,4.703306001
0.274,0,0,4.732358023
0.275,0,0,4.761408093
0.276,0,0,4.79041282
0.277,0,0,4.819355505
0.278,0,0,4.848172946
0.279,0,0,4.876853019
0.28,0,0,4.905396389
0.281,0,0,4.933891019
0.282,0,0,4.962339888
0.283,0,0,4.990673645
0.284,0,0,5.018863021
0.285,0,0,5.046839915
0.286,0,0,5.074657928
0.287,0,0,5.102278803
0.288,0,0,5.129739184
0.289,0,0,5.157015532
0.29,0,0,5.184164963
0.291,0,0,5.211155334
0.292,0,0,5.237917185
0.293,0,0,5.264415581
0.294,0,0,5.290647203
0.295,0,0,5.316607168
0.296,0,0,5.342356429
0.297,0,0,5.36792327
0.298,0,0,5.39325939
0.299,0,0,5.418308851
0.3,0,0,5.443086018
0.301,0,0,5.467564627
0.302,0,0,5.49178898
0.303,0,0,5.515787695
0.304,0,0,5.539503462
0.305,0,0,5.562932579
0.306,0,0,5.586099042
0.307,0,0,5.609026353
0.308,0,0,5.631708086
0.309,0,0,5.654094928
0.31,0,0,5.67622035
0.311,0,0,5.698095768
0.312,0,0,5.719663805
0.313,0,0,5.74102622
0.314,0,0,5.762095229
0.315,0,0,5.78291129
0.316,0,0,5.803510809
0.317,0,0,5.823886136
0.318,0,0,5.843999792
0.319,0,0,5.863812672
0.32,0,0,5.883325086
0.321,0,0,5.902631224
0.322,0,0,5.921787527
0.323,0,0,5.940753685
0.324,0,0,5.959515198
0.325,0,0,5.978096658
0.326,0,0,5.996449558
0.327,0,0,6.014551592
0.328,0,0,6.03247197
0.329,0,0,6.050241505
0.33,0,0,6.067868178
0.331,0,0,6.085359851
0.332,0,0,6.102712717
0.333,0,0,6.119933776
0.334,0,0,6.136992202
0.335,0,0,6.153895328
0.336,0,0,6.170690277
0.337,0,0,6.18730099
0.338,0,0,6.203858314
0.339,0,0,6.220412053
0.34,0,0,6.236913298
0.341,0,0,6.253286246
0.342,0,0,6.269602657
0.343,0,0,6.285869052
0.344,0,0,6.302100299
0.345,0,0,6.318319171
0.346,0,0,6.334522965
0.347,0,0,6.350768258
0.348,0,0,6.366997469
0.349,0,0,6.383185075
0.35,0,0,6.399436796
0.351,0,0,6.415719565
0.352,0,0,6.431955586
0.353,0,0,6.44819773
0.354,0,0,6.464553831
0.355,0,0,6.480990532
0.356,0,0,6.497512367
0.357,0,0,6.514135568
0.358,0,0,6.530834327
0.359,0,0,6.547600856
0.36,0,0,6.564415431
0.361,0,0,6.581354257
0.362,0,0,6.598457608
0.363,0,0,6.615629581
0.364,0,0,6.632995809
0.365,0,0,6.650486286
0.366,0,0,6.668102843
0.367,0,0,6.685850777
0.368,0,0,6.703722945
0.369,0,0,6.721660203
0.37,0,0,6.739788601
0.371,0,0,6.758120477
0.372,0,0,6.776628807
0.373,0,0,6.795312979
0.374,0,0,6.814152774
0.375,0,0,6.833159373
0.376,0,0,6.852296883
0.377,0,0,6.871635534
0.378,0,0,6.891162591
0.379,0,0,6.910931986
0.38,0,0,6.930799423
0.381,0,0,6.950876252
0.382,0,0,6.971190989
0.383,0,0,6.991659333
0.384,0,0,7.012177093
0.385,0,0,7.032863263
0.386,0,0,7.053816261
0.387,0,0,7.074957183
0.388,0,0,7.096206825
0.389,0,0,7.11775267
0.39,0,0,7.13954215
0.391,0,0,7.16141273
0.392,0,0,7.183355834
0.393,0,0,7.205444228
0.394,0,0,7.227757381
0.395,0,0,7.250225314
0.396,0,0,7.272882293
0.397,0,0,7.295678621
0.398,0,0,7.318652015
0.399,0,0,7.34171183
0.4,0,0,7.364905773
0.401,0,0,7.388151574
0.402,0,0,7.411554387
0.403,0,0,7.435095445
0.404,0,0,7.458811661
0.405,0,0,7.482617601
0.406,0,0,7.506596322
0.407,0,0,7.530639378
0.408,0,0,7.554690563
0.409,0,0,7.578820003
0.41,0,0,7.603088406
0.411,0,0,7.627484633
0.412,0,0,7.651857547
0.413,0,0,7.676304
0.414,0,0,7.700917278
0.415,0,0,7.72560832
0.416,0,0,7.750246476
0.417,0,0,7.774909653
0.418,0,0,7.7995968
0.419,0,0,7.824308974
0.42,0,0,7.849121053
0.421,0,0,7.873923046
0.422,0,0,7.898769088
0.423,0,0,7.923689849
0.424,0,0,7.948636453
0.425,0,0,7.973397196
0.426,0,0,7.998035295
0.427,0,0,8.022781998
0.428,0,0,8.04752447
0.429,0,0,8.07223066
0.43,0,0,8.096906429
0.431,0,0,8.121622796
0.432,0,0,8.146331231
0.433,0,0,8.170890216
0.434,0,0,8.195358861
0.435,0,0,8.219708078
0.436,0,0,8.244112768
0.437,0,0,8.268375666
0.438,0,0,8.292533757
0.439,0,0,8.316712659
0.44,0,0,8.3408463
0.441,0,0,8.364860969
0.442,0,0,8.388646899
0.443,0,0,8.412448184
0.444,0,0,8.436143795
0.445,0,0,8.45977699
0.446,0,0,8.483246657
0.447,0,0,8.506706548
0.448,0,0,8.530050786
0.449,0,0,8.553333507
0.45,0,0,8.576467665
0.451,0,0,8.599321326
0.452,0,0,8.622069474
0.453,0,0,8.644807264
0.454,0,0,8.667353444
0.455,0,0,8.689848264
0.456,0,0,8.712337775
0.457,0,0,8.734686245
0.458,0,0,8.756923076
0.459,0,0,8.778927858
0.46,0,0,8.800746409
0.461,0,0,8.822538757
0.462,0,0,8.844214189
0.463,0,0,8.865653961
0.464,0,0,8.88705071
0.465,0,0,8.908536817
0.466,0,0,8.929758646
0.467,0,0,8.950809653
0.468,0,0,8.971781859
0.469,0,0,8.992685837
0.47,0,0,9.013383056
0.471,0,0,9.033981804
0.472,0,0,9.054522407
0.473,0,0,9.075029814
0.474,0,0,9.095445035
0.475,0,0,9.115622438
0.476,0,0,9.135780084
0.477,0,0,9.15583006
0.478,0,0,9.175702061
0.479,0,0,9.195548246
0.48,0,0,9.215363227
0.481,0,0,9.235106038
0.482,0,0,9.254792423
0.483,0,0,9.274460734
0.484,0,0,9.294058526
0.485,0,0,9.313514782
0.486,0,0,9.332756355
0.487,0,0,9.351934032
0.488,0,0,9.371177134
0.489,0,0,9.390363258
0.49,0,0,9.409641793
0.491,0,0,9.428892901
0.492,0,0,9.448071389
0.493,0,0,9.467120366
0.494,0,0,9.486107416
0.495,0,0,9.505054743
0.496,0,0,9.524078909
0.497,0,0,9.542977294
0.498,0,0,9.561839036
0.499,0,0,9.580900224
0.5,0,0,9.599902787
0.501,0,0,9.618787946
0.502,0,0,9.637786138
0.503,0,0,9.656636968
0.504,0,0,9.675471769
0.505,0,0,9.694226542
0.506,0,0,9.712744907
0.507,0,0,9.731419861
0.508,0,0,9.750056262
0.509,0,0,9.768748909
0.51,0,0,9.787524655
0.511,0,0,9.806107293
0.512,0,0,9.824714265
0.513,0,0,9.843303492
0.514,0,0,9.861932965
0.515,0,0,9.880463768
0.516,0,0,9.899128681
0.517,0,0,9.917637679
0.518,0,0,9.936413652
0.519,0,0,9.955015314
0.52,0,0,9.973489432
0.521,0,0,9.992190476
0.522,0,0,10.01071954
0.523,0,0,10.02923781
0.524,0,0,10.04786427
0.525,0,0,10.06641037
0.526,0,0,10.08515714
0.527,0,0,10.10384665
0.528,0,0,10.12240385
0.529,0,0,10.14119361
0.53,0,0,10.15991117
0.531,0,0,10.17854278
0.532,0,0,10.19717882
0.533,0,0,10.21581688
0.534,0,0,10.23462161
0.535,0,0,10.25337664
0.536,0,0,10.27215674
0.537,0,0,10.29097562
0.538,0,0,10.30990004
0.539,0,0,10.32872746
0.54,0,0,10.34758867
0.541,0,0,10.36635244
0.542,0,0,10.38532329
0.543,0,0,10.40450844
0.544,0,0,10.42339925
0.545,0,0,10.44247064
0.546,0,0,10.46154491
0.547,0,0,10.48056415
0.548,0,0,10.49968493
0.549,0,0,10.51868489
0.55,0,0,10.53787878
0.551,0,0,10.55728247
0.552,0,0,10.57652145
0.553,0,0,10.5958868
0.554,0,0,10.6152157
0.555,0,0,10.63447832
0.556,0,0,10.65379656
0.557,0,0,10.67307186
0.558,0,0,10.69249831
0.559,0,0,10.71204207
0.56,0,0,10.73164042
0.561,0,0,10.75129083
0.562,0,0,10.77094352
0.563,0,0,10.79071569
0.564,0,0,10.81059746
0.565,0,0,10.83035146
0.566,0,0,10.8500741
0.567,0,0,10.87016506
0.568,0,0,10.89008233
0.569,0,0,10.91007318
0.57,0,0,10.93022859
0.571,0,0,10.95036857
0.572,0,0,10.9707528
0.573,0,0,10.99097044
0.574,0,0,11.01129349
0.575,0,0,11.03190527
0.576,0,0,11.05228368
0.577,0,0,11.07281126
0.578,0,0,11.09340452
0.579,0,0,11.11393915
0.58,0,0,11.13464079
0.581,0,0,11.15537172
0.582,0,0,11.17615059
0.583,0,0,11.19713994
0.584,0,0,11.21814064
0.585,0,0,11.23903543
0.586,0,0,11.26012984
0.587,0,0,11.28119866
0.588,0,0,11.3022445
0.589,0,0,11.32325324
0.59,0,0,11.3443279
0.591,0,0,11.3657592
0.592,0,0,11.3870235
0.593,0,0,11.40822995
0.594,0,0,11.42950057
0.595,0,0,11.45075582
0.596,0,0,11.47212998
0.597,0,0,11.49327895
0.598,0,0,11.51439673
0.599,0,0,11.53594048
0.6,0,0,11.5574576
0.601,0,0,11.57887436
0.602,0,0,11.60031691
0.603,0,0,11.62146512
0.604,0,0,11.64268071
0.605,0,0,11.66377128
0.606,0,0,11.68471379
0.607,0,0,11.70541422
0.608,0,0,11.7259755
0.609,0,0,11.74631244
0.61,0,0,11.76627486
0.611,0,0,11.78604252
0.612,0,0,11.80549164
0.613,0,0,11.82442725
0.614,0,0,11.84291214
0.615,0,0,11.86131832
0.616,0,0,11.87913076
0.617,0,0,11.89639529
0.618,0,0,11.9134027
0.619,0,0,11.92975195
0.62,0,0,11.94584504
0.621,0,0,11.96126135
0.622,0,0,11.97613891
0.623,0,0,11.99060646
0.624,0,0,12.00449471
0.625,0,0,12.01763396
0.626,0,0,12.03024483
0.627,0,0,12.0420626
0.628,0,0,12.05329445
0.629,0,0,12.0638978
0.63,0,0,12.07407517
0.631,0,0,12.08374974
0.632,0,0,12.09257057
0.633,0,0,12.10077276
0.634,0,0,12.10814431
0.635,0,0,12.11491569
0.636,0,0,12.12117894
0.637,0,0,12.1265023
0.638,0,0,12.13101022
0.639,0,0,12.13515714
0.64,0,0,12.1388136
0.641,0,0,12.14144938
0.642,0,0,12.14357564
0.643,0,0,12.14472781
0.644,0,0,12.1454418
0.645,0,0,12.14546574
0.646,0,0,12.14478349
0.647,0,0,12.14353844
0.648,0,0,12.1418316
0.649,0,0,12.13938814
0.65,0,0,12.13618062
0.651,0,0,12.13225428
0.652,0,0,12.12767267
0.653,0,0,12.12252254
0.654,0,0,12.11685914
0.655,0,0,12.11095747
0.656,0,0,12.1044525
0.657,0,0,12.09754559
0.658,0,0,12.08989947
0.659,0,0,12.08149311
0.66,0,0,12.07266708
0.661,0,0,12.06336007
0.662,0,0,12.053461
0.663,0,0,12.04333329
0.664,0,0,12.03333652
0.665,0,0,12.02269045
0.666,0,0,12.01169656
0.667,0,0,12.00014229
0.668,0,0,11.98790715
0.669,0,0,11.97565319
0.67,0,0,11.96292561
0.671,0,0,11.950034
0.672,0,0,11.93716931
0.673,0,0,11.92428681
0.674,0,0,11.91100935
0.675,0,0,11.89753295
0.676,0,0,11.88364133
0.677,0,0,11.86934219
0.678,0,0,11.85511165
0.679,0,0,11.84079327
0.68,0,0,11.82675702
0.681,0,0,11.81270234
0.682,0,0,11.79880133
0.683,0,0,11.78466677
0.684,0,0,11.7701716
0.685,0,0,11.75581446
0.686,0,0,11.74131784
0.687,0,0,11.72698209
0.688,0,0,11.71277128
0.689,0,0,11.69932223
0.69,0,0,11.68580529
0.691,0,0,11.67256132
0.692,0,0,11.65924908
0.693,0,0,11.64579735
0.694,0,0,11.63256276
0.695,0,0,11.61938532
0.696,0,0,11.60661634
0.697,0,0,11.59432776
0.698,0,0,11.58270559
0.699,0,0,11.57117782
0.7,0,0,11.55994799
0.701,0,0,11.54876141
0.702,0,0,11.53774484
0.703,0,0,11.52703248
0.704,0,0,11.51657882
0.705,0,0,11.50674234
0.706,0,0,11.49748548
0.707,0,0,11.48875936
0.708,0,0,11.48045681
0.709,0,0,11.47207152
0.71,0,0,11.46405934
0.711,0,0,11.45643853
0.712,0,0,11.4491239
0.713,0,0,11.44212329
0.714,0,0,11.43618899
0.715,0,0,11.43060399
0.716,0,0,11.42564898
0.717,0,0,11.42085152
0.718,0,0,11.41613282
0.719,0,0,11.41190522
0.72,0,0,11.40789651
0.721,0,0,11.40438453
0.722,0,0,11.40155991
0.723,0,0,11.39952559
0.724,0,0,11.39785319
0.725,0,0,11.39678064
0.726,0,0,11.39575306
0.727,0,0,11.39504149
0.728,0,0,11.39438218
0.729,0,0,11.39411406
0.73,0,0,11.39443707
0.731,0,0,11.39534896
0.732,0,0,11.39702656
0.733,0,0,11.39903737
0.734,0,0,11.40131207
0.735,0,0,11.4038429
0.736,0,0,11.40683027
0.737,0,0,11.40950933
0.738,0,0,11.4125179
0.739,0,0,11.41618616
0.74,0,0,11.42025614
0.741,0,0,11.42513928
0.742,0,0,11.43004073
0.743,0,0,11.43521197
0.744,0,0,11.44057877
0.745,0,0,11.44605918
0.746,0,0,11.45144354
0.747,0,0,11.45721709
0.748,0,0,11.46336669
0.749,0,0,11.4699043
0.75,0,0,11.47688481
0.751,0,0,11.48394976
0.752,0,0,11.491081
0.753,0,0,11.49813417
0.754,0,0,11.5053302
0.755,0,0,11.51259326
0.756,0,0,11.51998855
0.757,0,0,11.52778987
0.758,0,0,11.53572592
0.759,0,0,11.5438964
0.76,0,0,11.55239711
0.761,0,0,11.56065329
0.762,0,0,11.56838799
0.763,0,0,11.57647377
0.764,0,0,11.58442999
0.765,0,0,11.59264797
0.766,0,0,11.60103419
0.767,0,0,11.60932701
0.768,0,0,11.61782681
0.769,0,0,11.62639887
0.77,0,0,11.6346599
0.771,0,0,11.64266485
0.772,0,0,11.65077418
0.773,0,0,11.65862748
0.774,0,0,11.6666455
0.775,0,0,11.67468106
0.776,0,0,11.68255691
0.777,0,0,11.69029143
0.778,0,0,11.69783593
0.779,0,0,11.70531968
0.78,0,0,11.71250471
0.781,0,0,11.71989096
0.782,0,0,11.72697748
0.783,0,0,11.73394809
0.784,0,0,11.74089882
0.785,0,0,11.74772768
0.786,0,0,11.75392911
0.787,0,0,11.75995976
0.788,0,0,11.76578369
0.789,0,0,11.77154751
0.79,0,0,11.77749101
0.791,0,0,11.78304294
0.792,0,0,11.78853738
0.793,0,0,11.79389648
0.794,0,0,11.79885922
0.795,0,0,11.80330961
0.796,0,0,11.80759608
0.797,0,0,11.81151138
0.798,0,0,11.81541066
0.799,0,0,11.8193529
0.8,0,0,11.82296143
0.801,0,0,11.82641319
0.802,0,0,11.82929698
0.803,0,0,11.83220505
0.804,0,0,11.83457019
0.805,0,0,11.83700045
0.806,0,0,11.83910099
0.807,0,0,11.84095209
0.808,0,0,11.84265199
0.809,0,0,11.84425525
0.81,0,0,11.84541737
0.811,0,0,11.84597222
0.812,0,0,11.84664066
0.813,0,0,11.84684306
0.814,0,0,11.8472852
0.815,0,0,11.84734027
0.816,0,0,11.84731346
0.817,0,0,11.84715983
0.818,0,0,11.84655276
0.819,0,0,11.84547861
0.82,0,0,11.84410844
0.821,0,0,11.84275823
0.822,0,0,11.84115458
0.823,0,0,11.83978002
0.824,0,0,11.83801947
0.825,0,0,11.83643585
0.826,0,0,11.83418286
0.827,0,0,11.83178656
0.828,0,0,11.82907835
0.829,0,0,11.82613724
0.83,0,0,11.82344697
0.831,0,0,11.82048103
0.832,0,0,11.8175628
0.833,0,0,11.81453486
0.834,0,0,11.81171808
0.835,0,0,11.80790913
0.836,0,0,11.80418207
0.837,0,0,11.80020402
0.838,0,0,11.79633202
0.839,0,0,11.79284072
0.84,0,0,11.78893512
0.841,0,0,11.78532273
0.842,0,0,11.78157352
0.843,0,0,11.77764985
0.844,0,0,11.77309004
0.845,0,0,11.76865942
0.846,0,0,11.76419262
0.847,0,0,11.7599423
0.848,0,0,11.75592916
0.849,0,0,11.75188329
0.85,0,0,11.74799743
0.851,0,0,11.74373546
0.852,0,0,11.73954664
0.853,0,0,11.7348431
0.854,0,0,11.73041476
0.855,0,0,11.72609787
0.856,0,0,11.72204758
0.857,0,0,11.71801288
0.858,0,0,11.71436396
0.859,0,0,11.71058384
0.86,0,0,11.70656195
0.861,0,0,11.70269693
0.862,0,0,11.69847475
0.863,0,0,11.69476384
0.864,0,0,11.69104545
0.865,0,0,11.6875616
0.866,0,0,11.68435512
0.867,0,0,11.68137558
0.868,0,0,11.67815871
0.869,0,0,11.67479558
0.87,0,0,11.67155484
0.871,0,0,11.66822943
0.872,0,0,11.66556769
0.873,0,0,11.66278486
0.874,0,0,11.66052875
0.875,0,0,11.65825676
0.876,0,0,11.65608737
0.877,0,0,11.65382227
0.878,0,0,11.65133889
0.879,0,0,11.64909799
0.88,0,0,11.646942
0.881,0,0,11.64527713
0.882,0,0,11.64349349
0.883,0,0,11.6425444
0.884,0,0,11.64133758
0.885,0,0,11.64019135
0.886,0,0,11.6390087
0.887,0,0,11.63750927
0.888,0,0,11.63641549
0.889,0,0,11.63525815
0.89,0,0,11.63458867
0.891,0,0,11.63414506
0.892,0,0,11.63411177
0.893,0,0,11.63393028
0.894,0,0,11.63381442
0.895,0,0,11.63357194
0.896,0,0,11.63330159
0.897,0,0,11.63314116
0.898,0,0,11.63294418
0.899,0,0,11.63335933
0.9,0,0,11.63372737
0.901,0,0,11.63457433
0.902,0,0,11.63519625
0.903,0,0,11.63575254
0.904,0,0,11.63621859
0.905,0,0,11.63699267
0.906,0,0,11.63749177
0.907,0,0,11.6382128
0.908,0,0,11.63946513
0.909,0,0,11.64051433
0.91,0,0,11.64198227
0.911,0,0,11.64304688
0.912,0,0,11.64419565
0.913,0,0,11.64532153
0.914,0,0,11.64655785
0.915,0,0,11.64760909
0.916,0,0,11.64900358
0.917,0,0,11.65058831
0.918,0,0,11.65206922
0.919,0,0,11.65384377
0.92,0,0,11.65527435
0.921,0,0,11.65692496
0.922,0,0,11.65826145
0.923,0,0,11.65985523
0.924,0,0,11.66124539
0.925,0,0,11.66278875
0.926,0,0,11.66442916
0.927,0,0,11.66613523
0.928,0,0,11.66783781
0.929,0,0,11.66969534
0.93,0,0,11.67161284
0.931,0,0,11.67302242
0.932,0,0,11.67476501
0.933,0,0,11.67620135
0.934,0,0,11.67782206
0.935,0,0,11.67941942
0.936,0,0,11.68104484
0.937,0,0,11.68257636
0.938,0,0,11.68438466
0.939,0,0,11.68609069
0.94,0,0,11.6877286
0.941,0,0,11.68944252
0.942,0,0,11.69072429
0.943,0,0,11.69225483
0.944,0,0,11.69352862
0.945,0,0,11.69502061
0.946,0,0,11.69637162
0.947,0,0,11.69786925
0.948,0,0,11.69940406
0.949,0,0,11.70079053
0.95,0,0,11.70208478
0.951,0,0,11.70309322
0.952,0,0,11.7042426
0.953,0,0,11.70516848
0.954,0,0,11.70664364
0.955,0,0,11.70765033
0.956,0,0,11.70869907
0.957,0,0,11.70993745
0.958,0,0,11.71087165
0.959,0,0,11.71169492
0.96,0,0,11.71233786
0.961,0,0,11.71294083
0.962,0,0,11.71376848
0.963,0,0,11.71476559
0.964,0,0,11.71558517
0.965,0,0,11.71647846
0.966,0,0,11.71720346
0.967,0,0,11.71765144
0.968,0,0,11.71797727
0.969,0,0,11.71829048
0.97,0,0,11.71869267
0.971,0,0,11.71901292
0.972,0,0,11.71956926
0.973,0,0,11.72007885
0.974,0,0,11.72056317
0.975,0,0,11.72078241
0.976,0,0,11.72091395
0.977,0,0,11.72070551
0.978,0,0,11.72081727
0.979,0,0,11.72103246
0.98,0,0,11.72096279
0.981,0,0,11.72119108
0.982,0,0,11.72127724
0.983,0,0,11.72127862
0.984,0,0,11.72106828
0.985,0,0,11.72068153
0.986,0,0,11.72022446
0.987,0,0,11.72015625
0.988,0,0,11.72006601
0.989,0,0,11.71993438
0.99,0,0,11.71998886
0.991,0,0,11.71966179
0.992,0,0,11.71924773
0.993,0,0,11.718524
0.994,0,0,11.71791626
0.995,0,0,11.71721407
0.996,0,0,11.71696068
0.997,0,0,11.7168024
0.998,0,0,11.71674217
0.999,0,0,11.71653016
1,0,0,11.71598033
1.001,0,0,11.71521232
1.002,0,0,11.7142197
1.003,0,0,11.71367619
1.004,0,0,11.71284259
1.005,0,0,11.71235424
1.006,0,0,11.71198452
1.007,0,0,11.71184341
1.008,0,0,11.71143696
1.009,0,0,11.71076956
1.01,0,0,11.70979958
1.011,0,0,11.70881877
1.012,0,0,11.70804607
1.013,0,0,11.70701584
1.014,0,0,11.70652341
1.015,0,0,11.70596767
1.016,0,0,11.70552819
1.017,0,0,11.70474889
1.018,0,0,11.70382879
1.019,0,0,11.70275178
1.02,0,0,11.70157556
1.021,0,0,11.70057467
1.022,0,0,11.69953112
1.023,0,0,11.69881087
1.024,0,0,11.69791274
1.025,0,0,11.69713336
1.026,0,0,11.69592527
1.027,0,0,11.6947407
1.028,0,0,11.69358691
1.029,0,0,11.69219307
1.03,0,0,11.69085909
1.031,0,0,11.68979465
1.032,0,0,11.68878021
1.033,0,0,11.68776501
1.034,0,0,11.68645236
1.035,0,0,11.68497507
1.036,0,0,11.68373643
1.037,0,0,11.68230345
1.038,0,0,11.68074384
1.039,0,0,11.67919529
1.04,0,0,11.67784054
1.041,0,0,11.67648312
1.042,0,0,11.67503485
1.043,0,0,11.67354351
1.044,0,0,11.67195645
1.045,0,0,11.67045754
1.046,0,0,11.66884435
1.047,0,0,11.66719322
1.048,0,0,11.66533118
1.049,0,0,11.66367287
1.05,0,0,11.66190761
1.051,0,0,11.65997807
1.052,0,0,11.65832463
1.053,0,0,11.65658305
1.054,0,0,11.65481578
1.055,0,0,11.65303095
1.056,0,0,11.65119062
1.057,0,0,11.64921651
1.058,0,0,11.64726116
1.059,0,0,11.64505609
1.06,0,0,11.64295432
1.061,0,0,11.64106047
1.062,0,0,11.63900926
1.063,0,0,11.63711296
1.064,0,0,11.63522762
1.065,0,0,11.63334393
1.066,0,0,11.63124949
1.067,0,0,11.6290127
1.068,0,0,11.62671147
1.069,0,0,11.62443894
1.07,0,0,11.62237079
1.071,0,0,11.62035481
1.072,0,0,11.61837654
1.073,0,0,11.61625468
1.074,0,0,11.61418965
1.075,0,0,11.61180812
1.076,0,0,11.60939139
1.077,0,0,11.60719301
1.078,0,0,11.6049562
1.079,0,0,11.60284122
1.08,0,0,11.60080931
1.081,0,0,11.59882736
1.082,0,0,11.59675101
1.083,0,0,11.59441012
1.084,0,0,11.59187398
1.085,0,0,11.58948615
1.086,0,0,11.5871664
1.087,0,0,11.58493522
1.088,0,0,11.58298391
1.089,0,0,11.58107604
1.09,0,0,11.57922814
1.091,0,0,11.57703797
1.092,0,0,11.57464542
1.093,0,0,11.57217517
1.094,0,0,11.56971706
1.095,0,0,11.56746084
1.096,0,0,11.56543605
1.097,0,0,11.56355362
1.098,0,0,11.56175429
1.099,0,0,11.56003567
1.1,0,0,11.5578196
1.101,0,0,11.55556004
1.102,0,0,11.55329183
1.103,0,0,11.55089787
1.104,0,0,11.54897621
1.105,0,0,11.54714922
1.106,0,0,11.54555134
1.107,0,0,11.54388495
1.108,0,0,11.54200786
1.109,0,0,11.53991027
1.11,0,0,11.53780461
1.111,0,0,11.53564795
1.112,0,0,11.53367857
1.113,0,0,11.53210368
1.114,0,0,11.53067625
1.115,0,0,11.52928657
1.116,0,0,11.52768325
1.117,0,0,11.52594609
1.118,0,0,11.52396869
1.119,0,0,11.52195557
1.12,0,0,11.52007741
1.121,0,0,11.51844423
1.122,0,0,11.51710418
1.123,0,0,11.51599444
1.124,0,0,11.51466397
1.125,0,0,11.51319267
1.126,0,0,11.51179856
1.127,0,0,11.50990812
1.128,0,0,11.50820419
1.129,0,0,11.50650102
1.13,0,0,11.50516905
1.131,0,0,11.50413803
1.132,0,0,11.50300709
1.133,0,0,11.50178649
1.134,0,0,11.50072194
1.135,0,0,11.49950286
1.136,0,0,11.49791455
1.137,0,0,11.49651126
1.138,0,0,11.49523588
1.139,0,0,11.4942402
1.14,0,0,11.49328272
1.141,0,0,11.49232769
1.142,0,0,11.49121247
1.143,0,0,11.49019508
1.144,0,0,11.4891428
1.145,0,0,11.48793219
1.146,0,0,11.48685309
1.147,0,0,11.48588739
1.148,0,0,11.48496061
1.149,0,0,11.48399915
1.15,0,0,11.48338327
1.151,0,0,11.48234681
1.152,0,0,11.48160404
1.153,0,0,11.48060014
1.154,0,0,11.47960001
1.155,0,0,11.47880925
1.156,0,0,11.47778363
1.157,0,0,11.47678239
1.158,0,0,11.47602253
1.159,0,0,11.475445
1.16,0,0,11.47467033
1.161,0,0,11.47409218
1.162,0,0,11.47329657
1.163,0,0,11.47256226
1.164,0,0,11.47161758
1.165,0,0,11.47052216
1.166,0,0,11.4695384
1.167,0,0,11.46863103
1.168,0,0,11.46811184
1.169,0,0,11.46760971
1.17,0,0,11.46724693
1.171,0,0,11.46667949
1.172,0,0,11.46584911
1.173,0,0,11.46467216
1.174,0,0,11.46372193
1.175,0,0,11.46279637
1.176,0,0,11.46195582
1.177,0,0,11.46125222
1.178,0,0,11.46072248
1.179,0,0,11.46051574
1.18,0,0,11.45983352
1.181,0,0,11.45882936
1.182,0,0,11.45778007
1.183,0,0,11.45666283
1.184,0,0,11.45579978
1.185,0,0,11.45502188
1.186,0,0,11.45441099
1.187,0,0,11.45398076
1.188,0,0,11.45350929
1.189,0,0,11.45266958
1.19,0,0,11.45156085
1.191,0,0,11.45029337
1.192,0,0,11.44906264
1.193,0,0,11.44811943
1.194,0,0,11.44731086
1.195,0,0,11.44690107
1.196,0,0,11.44615889
1.197,0,0,11.44549564
1.198,0,0,11.4445503
1.199,0,0,11.44337941
1.2,0,0,11.44201785
1.201,0,0,11.44044239
1.202,0,0,11.43939629
1.203,0,0,11.43859408
1.204,0,0,11.43787221
1.205,0,0,11.43709462
1.206,0,0,11.43632409
1.207,0,0,11.43523202
1.208,0,0,11.43395839
1.209,0,0,11.43251132
1.21,0,0,11.43115054
1.211,0,0,11.43007076
1.212,0,0,11.42903952
1.213,0,0,11.42804556
1.214,0,0,11.42705012
1.215,0,0,11.42591728
1.216,0,0,11.42481877
1.217,0,0,11.42347489
1.218,0,0,11.42217217
1.219,0,0,11.42080707
1.22,0,0,11.41938025
1.221,0,0,11.41818182
1.222,0,0,11.41699908
1.223,0,0,11.41597294
1.224,0,0,11.41460709
1.225,0,0,11.41343069
1.226,0,0,11.41223479
1.227,0,0,11.41085401
1.228,0,0,11.4091337
1.229,0,0,11.40749801
1.23,0,0,11.40607034
1.231,0,0,11.40475566
1.232,0,0,11.40362716
1.233,0,0,11.4023454
1.234,0,0,11.40125914
1.235,0,0,11.40002851
1.236,0,0,11.39850374
1.237,0,0,11.39679983
1.238,0,0,11.39482108
1.239,0,0,11.39307223
1.24,0,0,11.39154468
1.241,0,0,11.39030129
1.242,0,0,11.38928166
1.243,0,0,11.38801664
1.244,0,0,11.38678178
1.245,0,0,11.38524303
1.246,0,0,11.38365097
1.247,0,0,11.38164834
1.248,0,0,11.37967206
1.249,0,0,11.37815907
1.25,0,0,11.37697149
1.251,0,0,11.37568302
1.252,0,0,11.37438154
1.253,0,0,11.37300593
1.254,0,0,11.37146485
1.255,0,0,11.36977944
1.256,0,0,11.36781302
1.257,0,0,11.36606344
1.258,0,0,11.36467655
1.259,0,0,11.36342491
1.26,0,0,11.36209781
1.261,0,0,11.36068671
1.262,0,0,11.35917238
1.263,0,0,11.35769527
1.264,0,0,11.35596223
1.265,0,0,11.35422286
1.266,0,0,11.35240058
1.267,0,0,11.35080163
1.268,0,0,11.34946427
1.269,0,0,11.34815959
1.27,0,0,11.3467541
1.271,0,0,11.34518538
1.272,0,0,11.34386187
1.273,0,0,11.34261875
1.274,0,0,11.34085614
1.275,0,0,11.3390097
1.276,0,0,11.33714534
1.277,0,0,11.33556964
1.278,0,0,11.33417516
1.279,0,0,11.33269713
1.28,0,0,11.33146094
1.281,0,0,11.33031142
1.282,0,0,11.32916377
1.283,0,0,11.32773937
1.284,0,0,11.32601094
1.285,0,0,11.32427849
1.286,0,0,11.32267062
1.287,0,0,11.32122017
1.288,0,0,11.31983209
1.289,0,0,11.31854322
1.29,0,0,11.3174059
1.291,0,0,11.31617422
1.292,0,0,11.31501411
1.293,0,0,11.31344295
1.294,0,0,11.31167082
1.295,0,0,11.31025239
1.296,0,0,11.30910233
1.297,0,0,11.30784648
1.298,0,0,11.30665232
1.299,0,0,11.3054703
1.3,0,0,11.30436915
1.301,0,0,11.30317639
1.302,0,0,11.30177023
1.303,0,0,11.30026277
1.304,0,0,11.29904456
1.305,0,0,11.29787108
1.306,0,0,11.2966463
1.307,0,0,11.29545226
1.308,0,0,11.29423108
1.309,0,0,11.29323995
1.31,0,0,11.29228726
1.311,0,0,11.29136702
1.312,0,0,11.29027588
1.313,0,0,11.28900881
1.314,0,0,11.2877777
1.315,0,0,11.28651961
1.316,0,0,11.28522133
1.317,0,0,11.28390439
1.318,0,0,11.28303929
1.319,0,0,11.28241279
1.32,0,0,11.28166945
1.321,0,0,11.28094647
1.322,0,0,11.27995534
1.323,0,0,11.27900929
1.324,0,0,11.27786441
1.325,0,0,11.27673208
1.326,0,0,11.27569566
1.327,0,0,11.27490414
1.328,0,0,11.27410988
1.329,0,0,11.27357765
1.33,0,0,11.27285759
1.331,0,0,11.27211893
1.332,0,0,11.27124351
1.333,0,0,11.27036864
1.334,0,0,11.26961136
1.335,0,0,11.26875032
1.336,0,0,11.26801127
1.337,0,0,11.2673821
1.338,0,0,11.26687768
1.339,0,0,11.2662667
1.34,0,0,11.26563569
1.341,0,0,11.26523381
1.342,0,0,11.26447696
1.343,0,0,11.26386161
1.344,0,0,11.26298159
1.345,0,0,11.26222822
1.346,0,0,11.2614661
1.347,0,0,11.2609932
1.348,0,0,11.26057539
1.349,0,0,11.26050034
1.35,0,0,11.26032038
1.351,0,0,11.25999616
1.352,0,0,11.25955419
1.353,0,0,11.25876951
1.354,0,0,11.25793795
1.355,0,0,11.25709907
1.356,0,0,11.25658693
1.357,0,0,11.25619164
1.358,0,0,11.25598585
1.359,0,0,11.25591556
1.36,0,0,11.25585111
1.361,0,0,11.25571913
1.362,0,0,11.25523314
1.363,0,0,11.25489557
1.364,0,0,11.25432968
1.365,0,0,11.25399286
1.366,0,0,11.25351206
1.367,0,0,11.2532642
1.368,0,0,11.25294313
1.369,0,0,11.25282018
1.37,0,0,11.252733
1.371,0,0,11.25263401
1.372,0,0,11.25257687
1.373,0,0,11.25220444
1.374,0,0,11.25208429
1.375,0,0,11.25180668
1.376,0,0,11.25155032
1.377,0,0,11.25129747
1.378,0,0,11.25117951
1.379,0,0,11.25132514
1.38,0,0,11.25144042
1.381,0,0,11.25137607
1.382,0,0,11.25130738
1.383,0,0,11.25113512
1.384,0,0,11.25064718
1.385,0,0,11.25062098
1.386,0,0,11.25033451
1.387,0,0,11.25040053
1.388,0,0,11.25048508
1.389,0,0,11.2506621
1.39,0,0,11.25074976
1.391,0,0,11.2507983
1.392,0,0,11.25086968
1.393,0,0,11.25082587
1.394,0,0,11.25085672
1.395,0,0,11.25072517
1.396,0,0,11.25051323
1.397,0,0,11.2504671
1.398,0,0,11.25048084
1.399,0,0,11.25042205
1.4,0,0,11.25063967
1.401,0,0,11.25099589
1.402,0,0,11.25132915
1.403,0,0,11.25157074
1.404,0,0,11.25164539
1.405,0,0,11.25178253
1.406,0,0,11.25159036
1.407,0,0,11.25170138
1.408,0,0,11.2517076
1.409,0,0,11.25197253
1.41,0,0,11.25220314
1.411,0,0,11.25256445
1.412,0,0,11.25276742
1.413,0,0,11.25298227
1.414,0,0,11.25312371
1.415,0,0,11.25341322
1.416,0,0,11.25376951
1.417,0,0,11.2539018
1.418,0,0,11.2541723
1.419,0,0,11.25451696
1.42,0,0,11.25492232
1.421,0,0,11.25531427
1.422,0,0,11.25566544
1.423,0,0,11.25599755
1.424,0,0,11.25642282
1.425,0,0,11.25658799
1.426,0,0,11.25683251
1.427,0,0,11.25699851
1.428,0,0,11.25720588
1.429,0,0,11.25769553
1.43,0,0,11.25816036
1.431,0,0,11.25893863
1.432,0,0,11.25956559
1.433,0,0,11.26025601
1.434,0,0,11.26068944
1.435,0,0,11.2609748
1.436,0,0,11.26112676
1.437,0,0,11.26150924
1.438,0,0,11.26187963
1.439,0,0,11.26237044
1.44,0,0,11.2628595
1.441,0,0,11.26347933
1.442,0,0,11.26431923
1.443,0,0,11.26489465
1.444,0,0,11.26557717
1.445,0,0,11.26625639
1.446,0,0,11.26696556
1.447,0,0,11.26754719
1.448,0,0,11.26824219
1.449,0,0,11.26867294
1.45,0,0,11.26928276
1.451,0,0,11.26997549
1.452,0,0,11.27081178
1.453,0,0,11.27159872
1.454,0,0,11.27237956
1.455,0,0,11.27319885
1.456,0,0,11.27384746
1.457,0,0,11.27450127
1.458,0,0,11.27519671
1.459,0,0,11.27614211
1.46,0,0,11.2771953
1.461,0,0,11.27819357
1.462,0,0,11.27917075
1.463,0,0,11.28021777
1.464,0,0,11.28113786
1.465,0,0,11.2819652
1.466,0,0,11.28273982
1.467,0,0,11.28354597
1.468,0,0,11.28451886
1.469,0,0,11.28543697
1.47,0,0,11.28646142
1.471,0,0,11.28725215
1.472,0,0,11.2884582
1.473,0,0,11.28967261
1.474,0,0,11.29106232
1.475,0,0,11.29234024
1.476,0,0,11.2936522
1.477,0,0,11.2947454
1.478,0,0,11.29567854
1.479,0,0,11.29650881
1.48,0,0,11.29731503
1.481,0,0,11.29848506
1.482,0,0,11.29971573
1.483,0,0,11.30103907
1.484,0,0,11.30248226
1.485,0,0,11.3039294
1.486,0,0,11.30537302
1.487,0,0,11.3067032
1.488,0,0,11.30798808
1.489,0,0,11.30930236
1.49,0,0,11.31056687
1.491,0,0,11.311921
1.492,0,0,11.31331005
1.493,0,0,11.31459747
1.494,0,0,11.31603918
1.495,0,0,11.31749241
1.496,0,0,11.31904752
1.497,0,0,11.32061303
1.498,0,0,11.32211659
1.499,0,0,11.32350554
1.5,0,0,11.32494442
1.501,0,0,11.32623001
1.502,0,0,11.32783696
1.503,0,0,11.3295944
1.504,0,0,11.33129523
1.505,0,0,11.33306507
1.506,0,0,11.33483113
1.507,0,0,11.33638123
1.508,0,0,11.33778524
1.509,0,0,11.33918532
1.51,0,0,11.34052437
1.511,0,0,11.3420403
1.512,0,0,11.34330611
1.513,0,0,11.34502682
1.514,0,0,11.34653945
1.515,0,0,11.34819785
1.516,0,0,11.34986367
1.517,0,0,11.35157666
1.518,0,0,11.35324714
1.519,0,0,11.35470362
1.52,0,0,11.35610576
1.521,0,0,11.35717437
1.522,0,0,11.35820885
1.523,0,0,11.35923811
1.524,0,0,11.36061346
1.525,0,0,11.36192721
1.526,0,0,11.36334335
1.527,0,0,11.36474484
1.528,0,0,11.36610736
1.529,0,0,11.36745436
1.53,0,0,11.36851149
1.531,0,0,11.36952566
1.532,0,0,11.37057115
1.533,0,0,11.37149178
1.534,0,0,11.37245049
1.535,0,0,11.37345823
1.536,0,0,11.37426137
1.537,0,0,11.37520374
1.538,0,0,11.37602595
1.539,0,0,11.37684844
1.54,0,0,11.37760742
1.541,0,0,11.37836927
1.542,0,0,11.37893126
1.543,0,0,11.3794382
1.544,0,0,11.37976912
1.545,0,0,11.38025102
1.546,0,0,11.3809408
1.547,0,0,11.38171883
1.548,0,0,11.38233266
1.549,0,0,11.38270163
1.55,0,0,11.38317906
1.551,0,0,11.38330137
1.552,0,0,11.38327636
1.553,0,0,11.38306424
1.554,0,0,11.38309031
1.555,0,0,11.38293492
1.556,0,0,11.38315164
1.557,0,0,11.38313458
1.558,0,0,11.38328163
1.559,0,0,11.38342251
1.56,0,0,11.38350966
1.561,0,0,11.38354242
1.562,0,0,11.38326727
1.563,0,0,11.38290079
1.564,0,0,11.38232668
1.565,0,0,11.38169787
1.566,0,0,11.38090371
1.567,0,0,11.38036704
1.568,0,0,11.38004035
1.569,0,0,11.37982597
1.57,0,0,11.37946089
1.571,0,0,11.37915842
1.572,0,0,11.37877888
1.573,0,0,11.37809047
1.574,0,0,11.37736845
1.575,0,0,11.37649094
1.576,0,0,11.37571155
1.577,0,0,11.37490541
1.578,0,0,11.37427737
1.579,0,0,11.37336286
1.58,0,0,11.3725871
1.581,0,0,11.37171723
1.582,0,0,11.37096438
1.583,0,0,11.3700514
1.584,0,0,11.36920591
1.585,0,0,11.36829268
1.586,0,0,11.36728333
1.587,0,0,11.36625512
1.588,0,0,11.36520381
1.589,0,0,11.36437302
1.59,0,0,11.36369511
1.591,0,0,11.36291771
1.592,0,0,11.36206191
1.593,0,0,11.36108621
1.594,0,0,11.35993101
1.595,0,0,11.35874702
1.596,0,0,11.35737334
1.597,0,0,11.35616237
1.598,0,0,11.35497957
1.599,0,0,11.354099
1.6,0,0,11.3532375
1.601,0,0,11.35248908
1.602,0,0,11.35169675
1.603,0,0,11.3509516
1.604,0,0,11.35008118
1.605,0,0,11.34899104
1.606,0,0,11.34784326
1.607,0,0,11.34653011
1.608,0,0,11.34532535
1.609,0,0,11.34402141
1.61,0,0,11.3429129
1.611,0,0,11.34209814
1.612,0,0,11.34154997
1.613,0,0,11.34091338
1.614,0,0,11.34033497
1.615,0,0,11.33963464
1.616,0,0,11.33873228
1.617,0,0,11.33776708
1.618,0,0,11.33663348
1.619,0,0,11.33586488
1.62,0,0,11.33484961
1.621,0,0,11.33423991
1.622,0,0,11.33363499
1.623,0,0,11.33297885
1.624,0,0,11.33231817
1.625,0,0,11.33176972
1.626,0,0,11.33116323
1.627,0,0,11.33046387
1.628,0,0,11.32985184
1.629,0,0,11.32919888
1.63,0,0,11.32872818
1.631,0,0,11.32817108
1.632,0,0,11.32783101
1.633,0,0,11.32763192
1.634,0,0,11.32743618
1.635,0,0,11.32723237
1.636,0,0,11.32683821
1.637,0,0,11.32642265
1.638,0,0,11.32588196
1.639,0,0,11.32530602
1.64,0,0,11.32493086
1.641,0,0,11.32460328
1.642,0,0,11.32446315
1.643,0,0,11.32464743
1.644,0,0,11.32484302
1.645,0,0,11.32499401
1.646,0,0,11.32511717
1.647,0,0,11.32499686
1.648,0,0,11.32490704
1.649,0,0,11.32475406
1.65,0,0,11.32450322
1.651,0,0,11.32439711
1.652,0,0,11.32426438
1.653,0,0,11.32430164
1.654,0,0,11.32445782
1.655,0,0,11.32496545
1.656,0,0,11.32548288
1.657,0,0,11.32591917
1.658,0,0,11.32629529
1.659,0,0,11.32659454
1.66,0,0,11.32682229
1.661,0,0,11.32680598
1.662,0,0,11.32718973
1.663,0,0,11.3273731
1.664,0,0,11.32787625
1.665,0,0,11.3283165
1.666,0,0,11.32888309
1.667,0,0,11.32940725
1.668,0,0,11.32981111
1.669,0,0,11.33028281
1.67,0,0,11.33066463
1.671,0,0,11.33118519
1.672,0,0,11.33166915
1.673,0,0,11.33235671
1.674,0,0,11.33285961
1.675,0,0,11.33345747
1.676,0,0,11.33423831
1.677,0,0,11.33509551
1.678,0,0,11.33580734
1.679,0,0,11.33632359
1.68,0,0,11.33695451
1.681,0,0,11.33732285
1.682,0,0,11.33767254
1.683,0,0,11.33802214
1.684,0,0,11.33860467
1.685,0,0,11.33932944
1.686,0,0,11.34030296
1.687,0,0,11.34131132
1.688,0,0,11.3422224
1.689,0,0,11.34301515
1.69,0,0,11.3436198
1.691,0,0,11.34415995
1.692,0,0,11.34448992
1.693,0,0,11.34491958
1.694,0,0,11.34539954
1.695,0,0,11.34583022
1.696,0,0,11.34639301
1.697,0,0,11.34695915
1.698,0,0,11.34785069
1.699,0,0,11.34876203
1.7,0,0,11.34964285
1.701,0,0,11.35037972
1.702,0,0,11.35092097
1.703,0,0,11.35156075
1.704,0,0,11.3518978
1.705,0,0,11.35231432
1.706,0,0,11.35266779
1.707,0,0,11.35324953
1.708,0,0,11.35385661
1.709,0,0,11.35455076
1.71,0,0,11.35506388
1.711,0,0,11.3554904
1.712,0,0,11.35598109
1.713,0,0,11.35630079
1.714,0,0,11.35678013
1.715,0,0,11.35716852
1.716,0,0,11.35772825
1.717,0,0,11.35823679
1.718,0,0,11.3586674
1.719,0,0,11.35904092
1.72,0,0,11.35954538
1.721,0,0,11.36007339
1.722,0,0,11.36029738
1.723,0,0,11.36050128
1.724,0,0,11.3605312
1.725,0,0,11.36063807
1.726,0,0,11.36054533
1.727,0,0,11.36081111
1.728,0,0,11.36107801
1.729,0,0,11.3615424
1.73,0,0,11.36217707
1.731,0,0,11.3625749
1.732,0,0,11.36275154
1.733,0,0,11.36274887
1.734,0,0,11.36268487
1.735,0,0,11.36241494
1.736,0,0,11.362254
1.737,0,0,11.36206567
1.738,0,0,11.36204482
1.739,0,0,11.3620665
1.74,0,0,11.36198769
1.741,0,0,11.36217369
1.742,0,0,11.36236934
1.743,0,0,11.36249416
1.744,0,0,11.36255306
1.745,0,0,11.36244669
1.746,0,0,11.36232103
1.747,0,0,11.36196824
1.748,0,0,11.36169413
1.749,0,0,11.36146161
1.75,0,0,11.36121744
1.751,0,0,11.36111502
1.752,0,0,11.36109625
1.753,0,0,11.36085686
1.754,0,0,11.36057456
1.755,0,0,11.36020885
1.756,0,0,11.35982815
1.757,0,0,11.35961548
1.758,0,0,11.35931174
1.759,0,0,11.35914653
1.76,0,0,11.35898144
1.761,0,0,11.35880096
1.762,0,0,11.35845076
1.763,0,0,11.35814162
1.764,0,0,11.35788953
1.765,0,0,11.35747293
1.766,0,0,11.35701877
1.767,0,0,11.35636903
1.768,0,0,11.35593767
1.769,0,0,11.35524525
1.77,0,0,11.3549612
1.771,0,0,11.35461651
1.772,0,0,11.35449139
1.773,0,0,11.35440775
1.774,0,0,11.35424223
1.775,0,0,11.35400312
1.776,0,0,11.35334934
1.777,0,0,11.35272621
1.778,0,0,11.35201393
1.779,0,0,11.35140602
1.78,0,0,11.3507186
1.781,0,0,11.35034147
1.782,0,0,11.34995782
1.783,0,0,11.34955991
1.784,0,0,11.34926166
1.785,0,0,11.34898657
1.786,0,0,11.34881054
1.787,0,0,11.3484977
1.788,0,0,11.3481216
1.789,0,0,11.34770388
1.79,0,0,11.34721142
1.791,0,0,11.34659091
1.792,0,0,11.34615052
1.793,0,0,11.34573828
1.794,0,0,11.34533603
1.795,0,0,11.34507934
1.796,0,0,11.34475264
1.797,0,0,11.3443741
1.798,0,0,11.34392889
1.799,0,0,11.34353807
1.8,0,0,11.34315865
1.801,0,0,11.34289821
1.802,0,0,11.34286096
1.803,0,0,11.34266286
1.804,0,0,11.34250565
1.805,0,0,11.34216751
1.806,0,0,11.34180254
1.807,0,0,11.34149778
1.808,0,0,11.34111458
1.809,0,0,11.34077383
1.81,0,0,11.34028459
1.811,0,0,11.3401187
1.812,0,0,11.33977215
1.813,0,0,11.33969593
1.814,0,0,11.33960726
1.815,0,0,11.3397221
1.816,0,0,11.33974581
1.817,0,0,11.33972501
1.818,0,0,11.33965762
1.819,0,0,11.33927443
1.82,0,0,11.33898503
1.821,0,0,11.33848203
1.822,0,0,11.3382094
1.823,0,0,11.33799451
1.824,0,0,11.33798463
1.825,0,0,11.33806101
1.826,0,0,11.33815304
1.827,0,0,11.33811243
1.828,0,0,11.33810868
1.829,0,0,11.33833401
1.83,0,0,11.338378
1.831,0,0,11.33841719
1.832,0,0,11.33831739
1.833,0,0,11.33844562
1.834,0,0,11.33833035
1.835,0,0,11.33830864
1.836,0,0,11.33832308
1.837,0,0,11.33828749
1.838,0,0,11.33846106
1.839,0,0,11.33860973
1.84,0,0,11.33868004
1.841,0,0,11.33871563
1.842,0,0,11.33886121
1.843,0,0,11.33902815
1.844,0,0,11.33926619
1.845,0,0,11.3395283
1.846,0,0,11.33984845
1.847,0,0,11.34024419
1.848,0,0,11.34030143
1.849,0,0,11.34032517
1.85,0,0,11.34039539
1.851,0,0,11.34041823
1.852,0,0,11.3405712
1.853,0,0,11.34060301
1.854,0,0,11.34086147
1.855,0,0,11.34114655
1.856,0,0,11.34155096
1.857,0,0,11.34194723
1.858,0,0,11.34237385
1.859,0,0,11.34269414
1.86,0,0,11.34304994
1.861,0,0,11.34332756
1.862,0,0,11.34334211
1.863,0,0,11.34336563
1.864,0,0,11.3432746
1.865,0,0,11.34342868
1.866,0,0,11.34362457
1.867,0,0,11.3439796
1.868,0,0,11.34439634
1.869,0,0,11.34485277
1.87,0,0,11.34521775
1.871,0,0,11.34546179
1.872,0,0,11.34571879
1.873,0,0,11.3459949
1.874,0,0,11.34638427
1.875,0,0,11.34650604
1.876,0,0,11.34691688
1.877,0,0,11.34709266
1.878,0,0,11.34734104
1.879,0,0,11.34759749
1.88,0,0,11.34775204
1.881,0,0,11.3479724
1.882,0,0,11.34817474
1.883,0,0,11.34852835
1.884,0,0,11.34871436
1.885,0,0,11.34893604
1.886,0,0,11.34922469
1.887,0,0,11.34962517
1.888,0,0,11.34997927
1.889,0,0,11.35035569
1.89,0,0,11.35075269
1.891,0,0,11.35099263
1.892,0,0,11.35105495
1.893,0,0,11.35092627
1.894,0,0,11.35090743
1.895,0,0,11.35102619
1.896,0,0,11.35111611
1.897,0,0,11.35136098
1.898,0,0,11.35176013
1.899,0,0,11.35211542
1.9,0,0,11.35245981
1.901,0,0,11.35282496
1.902,0,0,11.3529577
1.903,0,0,11.35310015
1.904,0,0,11.35315511
1.905,0,0,11.35308407
1.906,0,0,11.35296047
1.907,0,0,11.35286341
1.908,0,0,11.35285325
1.909,0,0,11.35284538
1.91,0,0,11.35307665
1.911,0,0,11.3533105
1.912,0,0,11.35358698
1.913,0,0,11.35377755
1.914,0,0,11.35373691
1.915,0,0,11.35373197
1.916,0,0,11.35368781
1.917,0,0,11.35380171
1.918,0,0,11.35374616
1.919,0,0,11.35395248
1.92,0,0,11.35395878
1.921,0,0,11.35399262
1.922,0,0,11.35391811
1.923,0,0,11.35379704
1.924,0,0,11.35369177
1.925,0,0,11.35350881
1.926,0,0,11.3535396
1.927,0,0,11.35349572
1.928,0,0,11.35357581
1.929,0,0,11.35357246
1.93,0,0,11.35361761
1.931,0,0,11.35374481
1.932,0,0,11.35385861
1.933,0,0,11.35387318
1.934,0,0,11.35380736
1.935,0,0,11.35354682
1.936,0,0,11.35302627
1.937,0,0,11.35269238
1.938,0,0,11.35239933
1.939,0,0,11.35232748
1.94,0,0,11.35228956
1.941,0,0,11.35247902
1.942,0,0,11.35268561
1.943,0,0,11.35272897
1.944,0,0,11.35274731
1.945,0,0,11.35258265
1.946,0,0,11.35230343
1.947,0,0,11.35194202
1.948,0,0,11.35165102
1.949,0,0,11.35129727
1.95,0,0,11.35097179
1.951,0,0,11.35072861
1.952,0,0,11.35055059
1.953,0,0,11.35046277
1.954,0,0,11.35042841
1.955,0,0,11.35056432
1.956,0,0,11.35052959
1.957,0,0,11.35023451
1.958,0,0,11.34996139
1.959,0,0,11.3496391
1.96,0,0,11.34952019
1.961,0,0,11.34932259
1.962,0,0,11.34920383
1.963,0,0,11.3491763
1.964,0,0,11.34908015
1.965,0,0,11.34882319
1.966,0,0,11.34852933
1.967,0,0,11.3482015
1.968,0,0,11.3478696
1.969,0,0,11.34779466
1.97,0,0,11.34759139
1.971,0,0,11.3475243
1.972,0,0,11.34747329
1.973,0,0,11.34751393
1.974,0,0,11.3474773
1.975,0,0,11.34743908
1.976,0,0,11.34737042
1.977,0,0,11.34720544
1.978,0,0,11.34689006
1.979,0,0,11.34634615
1.98,0,0,11.34587781
1.981,0,0,11.34549165
1.982,0,0,11.3455522
1.983,0,0,11.34547993
1.984,0,0,11.34566113
1.985,0,0,11.34592106
1.986,0,0,11.34605012
1.987,0,0,11.34607621
1.988,0,0,11.3458277
1.989,0,0,11.3454684
1.99,0,0,11.34508295
1.991,0,0,11.34486146
1.992,0,0,11.34458884
1.993,0,0,11.3444006
1.994,0,0,11.3441913
1.995,0,0,11.34417691
1.996,0,0,11.3442624
1.997,0,0,11.34429279
1.998,0,0,11.34436939
1.999,0,0,11.34445335
2,0,0,11.34439347
2.001,0,0,11.34416116
2.002,0,0,11.34386736
2.003,0,0,11.34385373
2.004,0,0,11.34388598
2.005,0,0,11.34391965
2.006,0,0,11.34404021
2.007,0,0,11.34407217
2.008,0,0,11.3439858
2.009,0,0,11.34389505
2.01,0,0,11.34368002
2.011,0,0,11.3434708
2.012,0,0,11.34342481
2.013,0,0,11.3435329
2.014,0,0,11.34371847
2.015,0,0,11.34382661
2.016,0,0,11.3440586
2.017,0,0,11.34424323
2.018,0,0,11.34439666
2.019,0,0,11.34441735
2.02,0,0,11.34431841
2.021,0,0,11.34422199
2.022,0,0,11.34390348
2.023,0,0,11.3436993
2.024,0,0,11.34347595
2.025,0,0,11.3436129
2.026,0,0,11.34383637
2.027,0,0,11.34433987
2.028,0,0,11.34476467
2.029,0,0,11.34511122
2.03,0,0,11.34525718
2.031,0,0,11.34517368
2.032,0,0,11.34503089
2.033,0,0,11.34476247
2.034,0,0,11.34460024
2.035,0,0,11.34455198
2.036,0,0,11.34465484
2.037,0,0,11.34470082
2.038,0,0,11.34486422
2.039,0,0,11.34507166
2.04,0,0,11.34536643
2.041,0,0,11.3455817
2.042,0,0,11.34572258
2.043,0,0,11.34586378
2.044,0,0,11.34581871
2.045,0,0,11.34576355
2.046,0,0,11.34575065
2.047,0,0,11.34596375
2.048,0,0,11.34615584
2.049,0,0,11.34635967
2.05,0,0,11.34660328
2.051,0,0,11.34669329
2.052,0,0,11.34665607
2.053,0,0,11.34662031
2.054,0,0,11.34660797
2.055,0,0,11.3465619
2.056,0,0,11.34677478
2.057,0,0,11.34709074
2.058,0,0,11.34738102
2.059,0,0,11.34773918
2.06,0,0,11.34798586
2.061,0,0,11.34820498
2.062,0,0,11.34820091
2.063,0,0,11.34813778
2.064,0,0,11.34813018
2.065,0,0,11.34795131
2.066,0,0,11.34778976
2.067,0,0,11.3476474
2.068,0,0,11.34782755
2.069,0,0,11.34818163
2.07,0,0,11.34862523
2.071,0,0,11.34910513
2.072,0,0,11.34952704
2.073,0,0,11.34963061
2.074,0,0,11.34958418
2.075,0,0,11.3494061
2.076,0,0,11.34908574
2.077,0,0,11.34895072
2.078,0,0,11.34885304
2.079,0,0,11.34892818
2.08,0,0,11.34904798
2.081,0,0,11.3493427
2.082,0,0,11.34950076
2.083,0,0,11.34968392
2.084,0,0,11.34983022
2.085,0,0,11.34993045
2.086,0,0,11.35000818
2.087,0,0,11.34991242
2.088,0,0,11.34985892
2.089,0,0,11.34972143
2.09,0,0,11.34989831
2.091,0,0,11.3499994
2.092,0,0,11.35007904
2.093,0,0,11.35025322
2.094,0,0,11.35029418
2.095,0,0,11.35025672
2.096,0,0,11.35012252
2.097,0,0,11.34998649
2.098,0,0,11.34986248
2.099,0,0,11.34995895
2.1,0,0,11.35011304
2.101,0,0,11.35044435
2.102,0,0,11.35070559
2.103,0,0,11.35080343
2.104,0,0,11.35089261
2.105,0,0,11.35076765
2.106,0,0,11.3505035
2.107,0,0,11.350312
2.108,0,0,11.35011764
2.109,0,0,11.34991407
2.11,0,0,11.34968086
2.111,0,0,11.34971955
2.112,0,0,11.35001282
2.113,0,0,11.35030655
2.114,0,0,11.35058779
2.115,0,0,11.35081809
2.116,0,0,11.35083378
2.117,0,0,11.35071737
2.118,0,0,11.3503887
2.119,0,0,11.34997188
2.12,0,0,11.34960872
2.121,0,0,11.34941123
2.122,0,0,11.34945093
2.123,0,0,11.34944432
2.124,0,0,11.34954737
2.125,0,0,11.34969979
2.126,0,0,11.34978934
2.127,0,0,11.34970762
2.128,0,0,11.34959927
2.129,0,0,11.34958072
2.13,0,0,11.34947633
2.131,0,0,11.34941091
2.132,0,0,11.34914436
2.133,0,0,11.34907906
2.134,0,0,11.34909115
2.135,0,0,11.34912215
2.136,0,0,11.34906117
2.137,0,0,11.34899348
2.138,0,0,11.34891142
2.139,0,0,11.34873603
2.14,0,0,11.34855218
2.141,0,0,11.34832463
2.142,0,0,11.34827613
2.143,0,0,11.34841433
2.144,0,0,11.34870736
2.145,0,0,11.34884487
2.146,0,0,11.34889369
2.147,0,0,11.34876774
2.148,0,0,11.34856284
2.149,0,0,11.34828929
2.15,0,0,11.3478982
2.151,0,0,11.34764583
2.152,0,0,11.34750127
2.153,0,0,11.34746281
2.154,0,0,11.34737198
2.155,0,0,11.3475557
2.156,0,0,11.34780064
2.157,0,0,11.34798413
2.158,0,0,11.34811701
2.159,0,0,11.34815099
2.16,0,0,11.34797352
2.161,0,0,11.34766209
2.162,0,0,11.34739527
2.163,0,0,11.34695965
2.164,0,0,11.34665498
2.165,0,0,11.34662614
2.166,0,0,11.34670332
2.167,0,0,11.34687626
2.168,0,0,11.34691221
2.169,0,0,11.34693994
2.17,0,0,11.34693674
2.171,0,0,11.34684265
2.172,0,0,11.34679088
2.173,0,0,11.34679066
2.174,0,0,11.34678709
2.175,0,0,11.34664218
2.176,0,0,11.34653355
2.177,0,0,11.34645092
2.178,0,0,11.34642893
2.179,0,0,11.34638136
2.18,0,0,11.34642476
2.181,0,0,11.34634713
2.182,0,0,11.346201
2.183,0,0,11.34616488
2.184,0,0,11.34605748
2.185,0,0,11.3461069
2.186,0,0,11.34624583
2.187,0,0,11.34652327
2.188,0,0,11.34670747
2.189,0,0,11.34690752
2.19,0,0,11.34676141
2.191,0,0,11.34655078
2.192,0,0,11.34622214
2.193,0,0,11.34589142
2.194,0,0,11.34582643
2.195,0,0,11.3457217
2.196,0,0,11.34585853
2.197,0,0,11.34592763
2.198,0,0,11.34618929
2.199,0,0,11.34645208
2.2,0,0,11.34665393
2.201,0,0,11.34679289
2.202,0,0,11.34682186
2.203,0,0,11.34676822
2.204,0,0,11.34650041
2.205,0,0,11.34624742
2.206,0,0,11.34594892
2.207,0,0,11.34586151
2.208,0,0,11.34581272
2.209,0,0,11.34600636
2.21,0,0,11.34629625
2.211,0,0,11.34643602
2.212,0,0,11.34653516
2.213,0,0,11.34657614
2.214,0,0,11.34651704
2.215,0,0,11.34652659
2.216,0,0,11.34662238
2.217,0,0,11.34672856
2.218,0,0,11.3467379
2.219,0,0,11.34661982
2.22,0,0,11.34656523
2.221,0,0,11.34662883
2.222,0,0,11.34658465
2.223,0,0,11.34664891
2.224,0,0,11.34668209
2.225,0,0,11.34671612
2.226,0,0,11.34679437
2.227,0,0,11.34686967
2.228,0,0,11.34700675
2.229,0,0,11.3471195
2.23,0,0,11.34742786
2.231,0,0,11.34763528
2.232,0,0,11.34774076
2.233,0,0,11.3476568
2.234,0,0,11.3475269
2.235,0,0,11.34725595
2.236,0,0,11.34697054
2.237,0,0,11.34695244
2.238,0,0,11.34702712
2.239,0,0,11.34736163
2.24,0,0,11.34748066
2.241,0,0,11.34771519
2.242,0,0,11.34793973
2.243,0,0,11.34816927
2.244,0,0,11.34822443
2.245,0,0,11.34819533
2.246,0,0,11.34814954
2.247,0,0,11.34800578
2.248,0,0,11.3478603
2.249,0,0,11.34762097
2.25,0,0,11.34754533
2.251,0,0,11.3475874
2.252,0,0,11.34783348
2.253,0,0,11.3480013
2.254,0,0,11.3482018
2.255,0,0,11.34828857
2.256,0,0,11.34829995
2.257,0,0,11.34832319
2.258,0,0,11.3482869
2.259,0,0,11.34834781
2.26,0,0,11.34846853
2.261,0,0,11.34860535
2.262,0,0,11.34847445
2.263,0,0,11.34835823
2.264,0,0,11.34834813
2.265,0,0,11.34829252
2.266,0,0,11.34827501
2.267,0,0,11.34827891
2.268,0,0,11.34838976
2.269,0,0,11.34849977
2.27,0,0,11.34867564
2.271,0,0,11.34881664
2.272,0,0,11.34888744
2.273,0,0,11.34906805
2.274,0,0,11.34916841
2.275,0,0,11.3492626
2.276,0,0,11.34910671
2.277,0,0,11.34884375
2.278,0,0,11.34864696
2.279,0,0,11.3484704
2.28,0,0,11.34833346
2.281,0,0,11.34839565
2.282,0,0,11.3487295
2.283,0,0,11.34894108
2.284,0,0,11.34914283
2.285,0,0,11.34917734
2.286,0,0,11.34928284
2.287,0,0,11.34926475
2.288,0,0,11.34920373
2.289,0,0,11.34907609
2.29,0,0,11.34885024
2.291,0,0,11.34875254
2.292,0,0,11.34861891
2.293,0,0,11.3485261
2.294,0,0,11.34843611
2.295,0,0,11.34857848
2.296,0,0,11.34869542
2.297,0,0,11.34887146
2.298,0,0,11.34882068
2.299,0,0,11.3488108
2.3,0,0,11.34882076
2.301,0,0,11.34873567
2.302,0,0,11.34880238
2.303,0,0,11.34875349
2.304,0,0,11.34883743
2.305,0,0,11.34883134
2.306,0,0,11.34868062
2.307,0,0,11.34847747
2.308,0,0,11.34830419
2.309,0,0,11.34819166
2.31,0,0,11.34815096
2.311,0,0,11.34828728
2.312,0,0,11.34833805
2.313,0,0,11.34854078
2.314,0,0,11.34870102
2.315,0,0,11.34884265
2.316,0,0,11.34889229
2.317,0,0,11.34881592
2.318,0,0,11.34875551
2.319,0,0,11.34856357
2.32,0,0,11.3482902
2.321,0,0,11.34797984
2.322,0,0,11.34778568
2.323,0,0,11.34771161
2.324,0,0,11.34781562
2.325,0,0,11.34804487
2.326,0,0,11.34835169
2.327,0,0,11.34852256
2.328,0,0,11.34848457
2.329,0,0,11.34853135
2.33,0,0,11.34832559
2.331,0,0,11.34814848
2.332,0,0,11.3480126
2.333,0,0,11.34786505
2.334,0,0,11.34773506
2.335,0,0,11.34762907
2.336,0,0,11.34764982
2.337,0,0,11.34756114
2.338,0,0,11.34757758
2.339,0,0,11.34758238
2.34,0,0,11.34767893
2.341,0,0,11.3477259
2.342,0,0,11.3478017
2.343,0,0,11.3478471
2.344,0,0,11.34772568
2.345,0,0,11.3477317
2.346,0,0,11.34765491
2.347,0,0,11.34777458
2.348,0,0,11.34771656
2.349,0,0,11.34750817
2.35,0,0,11.34725731
2.351,0,0,11.34707374
2.352,0,0,11.3469244
2.353,0,0,11.34687952
2.354,0,0,11.34704569
2.355,0,0,11.34721274
2.356,0,0,11.34755807
2.357,0,0,11.34773709
2.358,0,0,11.34789216
2.359,0,0,11.3478648
2.36,0,0,11.34775872
2.361,0,0,11.34752096
2.362,0,0,11.34723935
2.363,0,0,11.34702257
2.364,0,0,11.34675883
2.365,0,0,11.34668218
2.366,0,0,11.34665337
2.367,0,0,11.34682518
2.368,0,0,11.34709384
2.369,0,0,11.34751073
2.37,0,0,11.34773291
2.371,0,0,11.34769487
2.372,0,0,11.34757688
2.373,0,0,11.34736023
2.374,0,0,11.34717273
2.375,0,0,11.34690759
2.376,0,0,11.34683223
2.377,0,0,11.34683707
2.378,0,0,11.34686298
2.379,0,0,11.34697296
2.38,0,0,11.34696958
2.381,0,0,11.34695513
2.382,0,0,11.34689997
2.383,0,0,11.34699407
2.384,0,0,11.34707178
2.385,0,0,11.34708588
2.386,0,0,11.34714755
2.387,0,0,11.34718121
2.388,0,0,11.34720078
2.389,0,0,11.34713934
2.39,0,0,11.34724816
2.391,0,0,11.34725374
2.392,0,0,11.34718372
2.393,0,0,11.34691049
2.394,0,0,11.34672522
2.395,0,0,11.34664516
2.396,0,0,11.34662701
2.397,0,0,11.34681925
2.398,0,0,11.34705209
2.399,0,0,11.3474509
2.4,0,0,11.34774371
2.401,0,0,11.34797172
2.402,0,0,11.34781839
2.403,0,0,11.34768165
2.404,0,0,11.34742042
2.405,0,0,11.34719246
2.406,0,0,11.34699912
2.407,0,0,11.3468117
2.408,0,0,11.3469192
2.409,0,0,11.3469443
2.41,0,0,11.34718344
2.411,0,0,11.34741398
2.412,0,0,11.34776524
2.413,0,0,11.34808029
2.414,0,0,11.34812203
2.415,0,0,11.34790279
2.416,0,0,11.34763289
2.417,0,0,11.34744915
2.418,0,0,11.34720897
2.419,0,0,11.34721437
2.42,0,0,11.34722488
2.421,0,0,11.3473944
2.422,0,0,11.34758736
2.423,0,0,11.34760994
2.424,0,0,11.34760174
2.425,0,0,11.34752439
2.426,0,0,11.34753091
2.427,0,0,11.3476124
2.428,0,0,11.34767972
2.429,0,0,11.34771764
2.43,0,0,11.34780341
2.431,0,0,11.34790571
2.432,0,0,11.3479088
2.433,0,0,11.34789443
2.434,0,0,11.34789697
2.435,0,0,11.34792083
2.436,0,0,11.3476698
2.437,0,0,11.34749603
2.438,0,0,11.34733267
2.439,0,0,11.34730778
2.44,0,0,11.34754243
2.441,0,0,11.34786984
2.442,0,0,11.34826996
2.443,0,0,11.34854615
2.444,0,0,11.34882549
2.445,0,0,11.34871421
2.446,0,0,11.3485103
2.447,0,0,11.34810919
2.448,0,0,11.34785879
2.449,0,0,11.34775438
2.45,0,0,11.34759725
