#Exudyn implicit second order time integration sensor output file
#measure Node number = 483
#OutputVariableType = AngularVelocity
#simulation started = 2022-04-08,00:48:29
#columns contain: time, comma separated sensor values (e.g, x,y,z position coordinates)
#number of sensor values = 3
#Exudyn version = 1.2.34.dev1; Python3.9.11; Windows AVX2 FLOAT64
#
0,0,0,0
0.001,0,0,-1.391518363e-06
0.002,0,0,-2.487227128e-06
0.003,0,0,-3.574726024e-06
0.004,0,0,-4.971824384e-06
0.005,0,0,-6.746969567e-06
0.006,0,0,-9.647113459e-06
0.007,0,0,-1.076621745e-05
0.008,0,0,-1.058032945e-05
0.009,0,0,-1.100518863e-05
0.01,0,0,-1.212526229e-05
0.011,0,0,-1.359379423e-05
0.012,0,0,-1.553043695e-05
0.013,0,0,-1.700177185e-05
0.014,0,0,-1.772497547e-05
0.015,0,0,-1.791808652e-05
0.016,0,0,-1.840212363e-05
0.017,0,0,-1.946114567e-05
0.018,0,0,-2.069097214e-05
0.019,0,0,-2.201816742e-05
0.02,0,0,-2.27410653e-05
0.021,0,0,-2.298306621e-05
0.022,0,0,-2.307600865e-05
0.023,0,0,-2.344930285e-05
0.024,0,0,-2.419578822e-05
0.025,0,0,-2.509581438e-05
0.026,0,0,-2.563660447e-05
0.027,0,0,-2.588273317e-05
0.028,0,0,-2.57398e-05
0.029,0,0,-2.561038937e-05
0.03,0,0,-2.581635566e-05
0.031,0,0,-2.612355008e-05
0.032,0,0,-2.642684794e-05
0.033,0,0,-2.653617797e-05
0.034,0,0,-2.634767457e-05
0.035,0,0,-2.599857611e-05
0.036,0,0,-2.571622023e-05
0.037,0,0,-2.568297547e-05
0.038,0,0,-2.56655316e-05
0.039,0,0,-2.552922261e-05
0.04,0,0,-2.52662062e-05
0.041,0,0,-2.469577534e-05
0.042,0,0,-2.419421394e-05
0.043,0,0,-2.381459674e-05
0.044,0,0,-2.341500422e-05
0.045,0,0,-2.309097477e-05
0.046,0,0,-2.266453119e-05
0.047,0,0,-2.195883941e-05
0.048,0,0,-2.123558561e-05
0.049,0,0,-2.049023738e-05
0.05,0,0,-1.971643519e-05
0.051,0,0,-1.908774383e-05
0.052,0,0,-1.831285318e-05
0.053,0,0,-5.362633321e-06
0.054,0,0,0.0001192485288
0.055,0,0,0.0004796753399
0.056,0,0,0.001110566525
0.057,0,0,0.002011486826
0.058,0,0,0.003180041537
0.059,0,0,0.004627205893
0.06,0,0,0.006404160473
0.061,0,0,0.008596219193
0.062,0,0,0.0112684791
0.063,0,0,0.01444079301
0.064,0,0,0.01811529629
0.065,0,0,0.02229456106
0.066,0,0,0.02700327481
0.067,0,0,0.0322897516
0.068,0,0,0.03820856975
0.069,0,0,0.04479580326
0.07,0,0,0.05206089941
0.071,0,0,0.06000591004
0.072,0,0,0.06863691458
0.073,0,0,0.0779746581
0.074,0,0,0.08804911958
0.075,0,0,0.09889059582
0.076,0,0,0.1105176417
0.077,0,0,0.1229276501
0.078,0,0,0.1361152368
0.079,0,0,0.150082081
0.08,0,0,0.1648341286
0.081,0,0,0.1803928372
0.082,0,0,0.1967603172
0.083,0,0,0.213946248
0.084,0,0,0.2319318949
0.085,0,0,0.2507140689
0.086,0,0,0.270280199
0.087,0,0,0.2906277813
0.088,0,0,0.3117616985
0.089,0,0,0.3336735364
0.09,0,0,0.3563590884
0.091,0,0,0.3797967635
0.092,0,0,0.4039755621
0.093,0,0,0.4288690238
0.094,0,0,0.4544759723
0.095,0,0,0.480774925
0.096,0,0,0.5077626603
0.097,0,0,0.5354193934
0.098,0,0,0.5637207073
0.099,0,0,0.592652466
0.1,0,0,0.6221810787
0.101,0,0,0.6522951954
0.102,0,0,0.682971968
0.103,0,0,0.7141942053
0.104,0,0,0.7459375932
0.105,0,0,0.7781770661
0.106,0,0,0.8108904903
0.107,0,0,0.844049248
0.108,0,0,0.8776255431
0.109,0,0,0.9116017997
0.11,0,0,0.945946724
0.111,0,0,0.9806424387
0.112,0,0,1.015657415
0.113,0,0,1.050960023
0.114,0,0,1.086531741
0.115,0,0,1.122347711
0.116,0,0,1.158378286
0.117,0,0,1.194596705
0.118,0,0,1.230980024
0.119,0,0,1.267499449
0.12,0,0,1.304124888
0.121,0,0,1.340834809
0.122,0,0,1.377600661
0.123,0,0,1.414404359
0.124,0,0,1.451207329
0.125,0,0,1.487988462
0.126,0,0,1.524724757
0.127,0,0,1.561372307
0.128,0,0,1.597913021
0.129,0,0,1.634333059
0.13,0,0,1.670613357
0.131,0,0,1.706716637
0.132,0,0,1.74261812
0.133,0,0,1.778294129
0.134,0,0,1.813712118
0.135,0,0,1.848852024
0.136,0,0,1.883704038
0.137,0,0,1.918256658
0.138,0,0,1.952479451
0.139,0,0,1.986348212
0.14,0,0,2.019839465
0.141,0,0,2.052929152
0.142,0,0,2.085604288
0.143,0,0,2.117863511
0.144,0,0,2.149688526
0.145,0,0,2.181059603
0.146,0,0,2.211970785
0.147,0,0,2.242397504
0.148,0,0,2.272319977
0.149,0,0,2.301731601
0.15,0,0,2.330630845
0.151,0,0,2.359012058
0.152,0,0,2.386863563
0.153,0,0,2.414177677
0.154,0,0,2.440943945
0.155,0,0,2.467145377
0.156,0,0,2.492781572
0.157,0,0,2.517873379
0.158,0,0,2.542422947
0.159,0,0,2.566404765
0.16,0,0,2.589828339
0.161,0,0,2.612673215
0.162,0,0,2.63495518
0.163,0,0,2.65669415
0.164,0,0,2.677904212
0.165,0,0,2.698577883
0.166,0,0,2.718705715
0.167,0,0,2.738289895
0.168,0,0,2.757348726
0.169,0,0,2.775906537
0.17,0,0,2.793980051
0.171,0,0,2.811558012
0.172,0,0,2.828659989
0.173,0,0,2.845290978
0.174,0,0,2.861473908
0.175,0,0,2.877215782
0.176,0,0,2.892542642
0.177,0,0,2.907464192
0.178,0,0,2.921998238
0.179,0,0,2.936154289
0.18,0,0,2.94995061
0.181,0,0,2.963408155
0.182,0,0,2.976535109
0.183,0,0,2.989382931
0.184,0,0,3.0019585
0.185,0,0,3.014256969
0.186,0,0,3.02629494
0.187,0,0,3.038102191
0.188,0,0,3.049701108
0.189,0,0,3.061098949
0.19,0,0,3.07234431
0.191,0,0,3.083453456
0.192,0,0,3.094433988
0.193,0,0,3.105301134
0.194,0,0,3.116081916
0.195,0,0,3.126790485
0.196,0,0,3.137464736
0.197,0,0,3.148105436
0.198,0,0,3.158757421
0.199,0,0,3.169424217
0.2,0,0,3.180143646
0.201,0,0,3.190896761
0.202,0,0,3.201728785
0.203,0,0,3.21265304
0.204,0,0,3.22371396
0.205,0,0,3.234902566
0.206,0,0,3.246232009
0.207,0,0,3.257748389
0.208,0,0,3.26944996
0.209,0,0,3.281335652
0.21,0,0,3.293434914
0.211,0,0,3.305774128
0.212,0,0,3.31839172
0.213,0,0,3.331251636
0.214,0,0,3.344383766
0.215,0,0,3.357802061
0.216,0,0,3.371526154
0.217,0,0,3.385562439
0.218,0,0,3.399907806
0.219,0,0,3.414592044
0.22,0,0,3.429640991
0.221,0,0,3.445023619
0.222,0,0,3.460774095
0.223,0,0,3.476877916
0.224,0,0,3.493361644
0.225,0,0,3.510199486
0.226,0,0,3.527447496
0.227,0,0,3.545068622
0.228,0,0,3.563088272
0.229,0,0,3.581485193
0.23,0,0,3.600299359
0.231,0,0,3.619496834
0.232,0,0,3.639052305
0.233,0,0,3.659019578
0.234,0,0,3.679393368
0.235,0,0,3.700152676
0.236,0,0,3.721295654
0.237,0,0,3.742834666
0.238,0,0,3.764772703
0.239,0,0,3.787046377
0.24,0,0,3.809684667
0.241,0,0,3.832686514
0.242,0,0,3.856058474
0.243,0,0,3.879789259
0.244,0,0,3.903874736
0.245,0,0,3.928283636
0.246,0,0,3.952995859
0.247,0,0,3.978023648
0.248,0,0,4.003394315
0.249,0,0,4.029021613
0.25,0,0,4.054959407
0.251,0,0,4.081159951
0.252,0,0,4.107650609
0.253,0,0,4.134375412
0.254,0,0,4.161340929
0.255,0,0,4.188530966
0.256,0,0,4.215944514
0.257,0,0,4.243559474
0.258,0,0,4.271365885
0.259,0,0,4.299333847
0.26,0,0,4.327487089
0.261,0,0,4.355777069
0.262,0,0,4.384223873
0.263,0,0,4.412783662
0.264,0,0,4.441466206
0.265,0,0,4.470205981
0.266,0,0,4.499052537
0.267,0,0,4.527975141
0.268,0,0,4.556926381
0.269,0,0,4.585956492
0.27,0,0,4.6150138
0.271,0,0,4.644064066
0.272,0,0,4.67310903
0.273,0,0,4.702139982
0.274,0,0,4.731126429
0.275,0,0,4.760131077
0.276,0,0,4.7890619
0.277,0,0,4.817927892
0.278,0,0,4.846710972
0.279,0,0,4.875394033
0.28,0,0,4.90399265
0.281,0,0,4.932465797
0.282,0,0,4.960817233
0.283,0,0,4.98904282
0.284,0,0,5.017115799
0.285,0,0,5.045071804
0.286,0,0,5.072820814
0.287,0,0,5.100394939
0.288,0,0,5.127787122
0.289,0,0,5.155025636
0.29,0,0,5.182030313
0.291,0,0,5.208824003
0.292,0,0,5.235409548
0.293,0,0,5.261784222
0.294,0,0,5.287928817
0.295,0,0,5.313831676
0.296,0,0,5.33948383
0.297,0,0,5.364901606
0.298,0,0,5.390071953
0.299,0,0,5.414982782
0.3,0,0,5.439650847
0.301,0,0,5.464030522
0.302,0,0,5.488195851
0.303,0,0,5.512069188
0.304,0,0,5.535663478
0.305,0,0,5.558993662
0.306,0,0,5.582018055
0.307,0,0,5.604856659
0.308,0,0,5.627392327
0.309,0,0,5.649641393
0.31,0,0,5.671646072
0.311,0,0,5.693355163
0.312,0,0,5.714847473
0.313,0,0,5.735994884
0.314,0,0,5.756957531
0.315,0,0,5.777652173
0.316,0,0,5.798079952
0.317,0,0,5.8183016
0.318,0,0,5.838239794
0.319,0,0,5.857929726
0.32,0,0,5.877422772
0.321,0,0,5.896647236
0.322,0,0,5.915693524
0.323,0,0,5.934520666
0.324,0,0,5.95310621
0.325,0,0,5.971552516
0.326,0,0,5.989766087
0.327,0,0,6.007790142
0.328,0,0,6.025643711
0.329,0,0,6.043278363
0.33,0,0,6.060821911
0.331,0,0,6.078179446
0.332,0,0,6.095401642
0.333,0,0,6.112520068
0.334,0,0,6.129484218
0.335,0,0,6.146336904
0.336,0,0,6.1630641
0.337,0,0,6.179685201
0.338,0,0,6.196199035
0.339,0,0,6.212653853
0.34,0,0,6.22910884
0.341,0,0,6.245434149
0.342,0,0,6.261725112
0.343,0,0,6.277961456
0.344,0,0,6.294164327
0.345,0,0,6.310342235
0.346,0,0,6.326510018
0.347,0,0,6.342646863
0.348,0,0,6.358856056
0.349,0,0,6.37502939
0.35,0,0,6.391255701
0.351,0,0,6.407491686
0.352,0,0,6.423752925
0.353,0,0,6.440098847
0.354,0,0,6.45646492
0.355,0,0,6.472925617
0.356,0,0,6.489428196
0.357,0,0,6.50606364
0.358,0,0,6.522752251
0.359,0,0,6.53959189
0.36,0,0,6.556452961
0.361,0,0,6.573458597
0.362,0,0,6.590564549
0.363,0,0,6.60784558
0.364,0,0,6.62514335
0.365,0,0,6.642717831
0.366,0,0,6.6603608
0.367,0,0,6.678196227
0.368,0,0,6.696155235
0.369,0,0,6.714219847
0.37,0,0,6.732444331
0.371,0,0,6.750868913
0.372,0,0,6.769452288
0.373,0,0,6.788231857
0.374,0,0,6.807155707
0.375,0,0,6.826248882
0.376,0,0,6.845547871
0.377,0,0,6.864955923
0.378,0,0,6.884606028
0.379,0,0,6.904360056
0.38,0,0,6.924368899
0.381,0,0,6.944517216
0.382,0,0,6.964911071
0.383,0,0,6.985404824
0.384,0,0,7.006165557
0.385,0,0,7.026989142
0.386,0,0,7.048112384
0.387,0,0,7.06929261
0.388,0,0,7.090752776
0.389,0,0,7.112289724
0.39,0,0,7.134082177
0.391,0,0,7.156034964
0.392,0,0,7.178133045
0.393,0,0,7.20038051
0.394,0,0,7.222765651
0.395,0,0,7.245325199
0.396,0,0,7.268043007
0.397,0,0,7.290920552
0.398,0,0,7.313919997
0.399,0,0,7.337090043
0.4,0,0,7.360372022
0.401,0,0,7.383834888
0.402,0,0,7.407311311
0.403,0,0,7.430972337
0.404,0,0,7.454712667
0.405,0,0,7.478632009
0.406,0,0,7.502593441
0.407,0,0,7.526688725
0.408,0,0,7.550846484
0.409,0,0,7.575154748
0.41,0,0,7.59945377
0.411,0,0,7.623872716
0.412,0,0,7.64829877
0.413,0,0,7.672887989
0.414,0,0,7.697440473
0.415,0,0,7.722084578
0.416,0,0,7.746826284
0.417,0,0,7.771524539
0.418,0,0,7.796281934
0.419,0,0,7.821086256
0.42,0,0,7.845851254
0.421,0,0,7.87067777
0.422,0,0,7.895447644
0.423,0,0,7.920286229
0.424,0,0,7.945108853
0.425,0,0,7.969939319
0.426,0,0,7.994704786
0.427,0,0,8.019459334
0.428,0,0,8.044180588
0.429,0,0,8.068868677
0.43,0,0,8.093508978
0.431,0,0,8.118143399
0.432,0,0,8.142658323
0.433,0,0,8.167239261
0.434,0,0,8.191669948
0.435,0,0,8.216108634
0.436,0,0,8.240327737
0.437,0,0,8.264613863
0.438,0,0,8.288756936
0.439,0,0,8.312807287
0.44,0,0,8.336833439
0.441,0,0,8.360754616
0.442,0,0,8.384583665
0.443,0,0,8.408339432
0.444,0,0,8.431957899
0.445,0,0,8.455419384
0.446,0,0,8.478873586
0.447,0,0,8.502116136
0.448,0,0,8.525365509
0.449,0,0,8.548460113
0.45,0,0,8.57145509
0.451,0,0,8.594293259
0.452,0,0,8.617075911
0.453,0,0,8.63967411
0.454,0,0,8.662204066
0.455,0,0,8.684551197
0.456,0,0,8.706844872
0.457,0,0,8.728947422
0.458,0,0,8.751062323
0.459,0,0,8.772928376
0.46,0,0,8.794776575
0.461,0,0,8.816402987
0.462,0,0,8.837944755
0.463,0,0,8.859399577
0.464,0,0,8.880656234
0.465,0,0,8.901848301
0.466,0,0,8.922966377
0.467,0,0,8.943956549
0.468,0,0,8.964852504
0.469,0,0,8.985586026
0.47,0,0,9.006206543
0.471,0,0,9.026695491
0.472,0,0,9.04717372
0.473,0,0,9.067462205
0.474,0,0,9.087704527
0.475,0,0,9.107882748
0.476,0,0,9.127923687
0.477,0,0,9.147893868
0.478,0,0,9.167800307
0.479,0,0,9.187509311
0.48,0,0,9.207255209
0.481,0,0,9.226812812
0.482,0,0,9.246418999
0.483,0,0,9.265874124
0.484,0,0,9.285389412
0.485,0,0,9.304715343
0.486,0,0,9.323983769
0.487,0,0,9.343298699
0.488,0,0,9.362437351
0.489,0,0,9.381555668
0.49,0,0,9.400689417
0.491,0,0,9.419774841
0.492,0,0,9.438810957
0.493,0,0,9.457862524
0.494,0,0,9.476771885
0.495,0,0,9.495758168
0.496,0,0,9.514685919
0.497,0,0,9.533607924
0.498,0,0,9.552472395
0.499,0,0,9.571388752
0.5,0,0,9.590256463
0.501,0,0,9.60920845
0.502,0,0,9.628100476
0.503,0,0,9.646974788
0.504,0,0,9.66566294
0.505,0,0,9.684299676
0.506,0,0,9.702736364
0.507,0,0,9.721266408
0.508,0,0,9.739840173
0.509,0,0,9.758390161
0.51,0,0,9.776988842
0.511,0,0,9.795658397
0.512,0,0,9.814280275
0.513,0,0,9.832836455
0.514,0,0,9.851334988
0.515,0,0,9.869808415
0.516,0,0,9.88836103
0.517,0,0,9.906972405
0.518,0,0,9.925305019
0.519,0,0,9.943846828
0.52,0,0,9.962429686
0.521,0,0,9.981043597
0.522,0,0,9.999639304
0.523,0,0,10.01819275
0.524,0,0,10.03674121
0.525,0,0,10.05530369
0.526,0,0,10.07365796
0.527,0,0,10.09219505
0.528,0,0,10.11066702
0.529,0,0,10.12939374
0.53,0,0,10.1478687
0.531,0,0,10.16647774
0.532,0,0,10.18495707
0.533,0,0,10.20340996
0.534,0,0,10.22179391
0.535,0,0,10.24025151
0.536,0,0,10.25878843
0.537,0,0,10.27747483
0.538,0,0,10.29620551
0.539,0,0,10.31486311
0.54,0,0,10.333555
0.541,0,0,10.35228765
0.542,0,0,10.37093107
0.543,0,0,10.3895929
0.544,0,0,10.40831487
0.545,0,0,10.42705181
0.546,0,0,10.44599611
0.547,0,0,10.4648784
0.548,0,0,10.48378041
0.549,0,0,10.50281899
0.55,0,0,10.52177646
0.551,0,0,10.54078993
0.552,0,0,10.55965115
0.553,0,0,10.57869357
0.554,0,0,10.59772816
0.555,0,0,10.61684472
0.556,0,0,10.63603375
0.557,0,0,10.65530487
0.558,0,0,10.67464739
0.559,0,0,10.6939749
0.56,0,0,10.7132892
0.561,0,0,10.73263743
0.562,0,0,10.75209061
0.563,0,0,10.77151224
0.564,0,0,10.79107392
0.565,0,0,10.81076524
0.566,0,0,10.83057441
0.567,0,0,10.85030435
0.568,0,0,10.87015701
0.569,0,0,10.88997411
0.57,0,0,10.9099343
0.571,0,0,10.92993493
0.572,0,0,10.94993597
0.573,0,0,10.97010357
0.574,0,0,10.990296
0.575,0,0,11.01071516
0.576,0,0,11.03102346
0.577,0,0,11.05143157
0.578,0,0,11.07189197
0.579,0,0,11.09236751
0.58,0,0,11.11292901
0.581,0,0,11.13359702
0.582,0,0,11.15428599
0.583,0,0,11.17504493
0.584,0,0,11.19591071
0.585,0,0,11.21680283
0.586,0,0,11.23772845
0.587,0,0,11.258658
0.588,0,0,11.27958165
0.589,0,0,11.3005963
0.59,0,0,11.32173367
0.591,0,0,11.34286888
0.592,0,0,11.36406048
0.593,0,0,11.38526641
0.594,0,0,11.40647218
0.595,0,0,11.42770535
0.596,0,0,11.44889071
0.597,0,0,11.47024495
0.598,0,0,11.4914651
0.599,0,0,11.51283234
0.6,0,0,11.53412869
0.601,0,0,11.55551382
0.602,0,0,11.57688485
0.603,0,0,11.59818947
0.604,0,0,11.61938759
0.605,0,0,11.64059346
0.606,0,0,11.66173413
0.607,0,0,11.68257298
0.608,0,0,11.70310394
0.609,0,0,11.72345005
0.61,0,0,11.7434392
0.611,0,0,11.76315505
0.612,0,0,11.78257203
0.613,0,0,11.80167982
0.614,0,0,11.82051861
0.615,0,0,11.83893181
0.616,0,0,11.85692508
0.617,0,0,11.87447162
0.618,0,0,11.89156878
0.619,0,0,11.9081801
0.62,0,0,11.92407194
0.621,0,0,11.93966311
0.622,0,0,11.95461595
0.623,0,0,11.96918899
0.624,0,0,11.98310752
0.625,0,0,11.9965083
0.626,0,0,12.00931848
0.627,0,0,12.02154171
0.628,0,0,12.03302398
0.629,0,0,12.04383548
0.63,0,0,12.05410793
0.631,0,0,12.06375257
0.632,0,0,12.07269912
0.633,0,0,12.08107012
0.634,0,0,12.08873322
0.635,0,0,12.09575111
0.636,0,0,12.10206143
0.637,0,0,12.10766502
0.638,0,0,12.11258019
0.639,0,0,12.11680202
0.64,0,0,12.12039474
0.641,0,0,12.12333817
0.642,0,0,12.1255564
0.643,0,0,12.12722322
0.644,0,0,12.12801808
0.645,0,0,12.12831506
0.646,0,0,12.1278463
0.647,0,0,12.12676939
0.648,0,0,12.12504597
0.649,0,0,12.12272229
0.65,0,0,12.11973512
0.651,0,0,12.11614156
0.652,0,0,12.11192751
0.653,0,0,12.10704415
0.654,0,0,12.10169077
0.655,0,0,12.09580878
0.656,0,0,12.08934236
0.657,0,0,12.08232389
0.658,0,0,12.07477304
0.659,0,0,12.06664137
0.66,0,0,12.05810237
0.661,0,0,12.04900262
0.662,0,0,12.03954797
0.663,0,0,12.02960983
0.664,0,0,12.01933554
0.665,0,0,12.00865535
0.666,0,0,11.99756371
0.667,0,0,11.98610966
0.668,0,0,11.97425388
0.669,0,0,11.96208191
0.67,0,0,11.94965217
0.671,0,0,11.93689988
0.672,0,0,11.92399253
0.673,0,0,11.91080972
0.674,0,0,11.89746239
0.675,0,0,11.88392607
0.676,0,0,11.87018
0.677,0,0,11.85618419
0.678,0,0,11.84211612
0.679,0,0,11.82799722
0.68,0,0,11.81385824
0.681,0,0,11.79956879
0.682,0,0,11.7852899
0.683,0,0,11.77104807
0.684,0,0,11.756772
0.685,0,0,11.74246293
0.686,0,0,11.72813076
0.687,0,0,11.71400133
0.688,0,0,11.69995797
0.689,0,0,11.68599591
0.69,0,0,11.67219916
0.691,0,0,11.65844724
0.692,0,0,11.64502675
0.693,0,0,11.6316441
0.694,0,0,11.61845252
0.695,0,0,11.60555527
0.696,0,0,11.59283052
0.697,0,0,11.58039711
0.698,0,0,11.56825312
0.699,0,0,11.55639217
0.7,0,0,11.54477053
0.701,0,0,11.53349517
0.702,0,0,11.52247734
0.703,0,0,11.51182281
0.704,0,0,11.50152532
0.705,0,0,11.49158326
0.706,0,0,11.48197744
0.707,0,0,11.47284011
0.708,0,0,11.46402923
0.709,0,0,11.45559202
0.71,0,0,11.44754785
0.711,0,0,11.43986937
0.712,0,0,11.43263232
0.713,0,0,11.42587402
0.714,0,0,11.4194514
0.715,0,0,11.41357314
0.716,0,0,11.4079949
0.717,0,0,11.40297338
0.718,0,0,11.39829353
0.719,0,0,11.39402314
0.72,0,0,11.39017371
0.721,0,0,11.3867985
0.722,0,0,11.38391024
0.723,0,0,11.38140547
0.724,0,0,11.379334
0.725,0,0,11.37767102
0.726,0,0,11.37649239
0.727,0,0,11.37567121
0.728,0,0,11.37521859
0.729,0,0,11.37516741
0.73,0,0,11.3756557
0.731,0,0,11.37646002
0.732,0,0,11.37772149
0.733,0,0,11.37931338
0.734,0,0,11.38134277
0.735,0,0,11.38362165
0.736,0,0,11.38630539
0.737,0,0,11.38930366
0.738,0,0,11.39267559
0.739,0,0,11.39640238
0.74,0,0,11.40044787
0.741,0,0,11.40476718
0.742,0,0,11.40954518
0.743,0,0,11.41445184
0.744,0,0,11.41963496
0.745,0,0,11.42507817
0.746,0,0,11.43083348
0.747,0,0,11.43684015
0.748,0,0,11.44308805
0.749,0,0,11.44950791
0.75,0,0,11.45620772
0.751,0,0,11.46314854
0.752,0,0,11.47017659
0.753,0,0,11.47725927
0.754,0,0,11.48459931
0.755,0,0,11.4921388
0.756,0,0,11.49980698
0.757,0,0,11.50762175
0.758,0,0,11.5155307
0.759,0,0,11.52352573
0.76,0,0,11.53159801
0.761,0,0,11.53965956
0.762,0,0,11.54789561
0.763,0,0,11.55608989
0.764,0,0,11.56443674
0.765,0,0,11.5726951
0.766,0,0,11.5811662
0.767,0,0,11.58958486
0.768,0,0,11.59793615
0.769,0,0,11.60619849
0.77,0,0,11.61443921
0.771,0,0,11.62268679
0.772,0,0,11.63092079
0.773,0,0,11.63904458
0.774,0,0,11.64711203
0.775,0,0,11.65520527
0.776,0,0,11.66318025
0.777,0,0,11.670931
0.778,0,0,11.67856329
0.779,0,0,11.68616164
0.78,0,0,11.69357827
0.781,0,0,11.70097067
0.782,0,0,11.70819117
0.783,0,0,11.71522611
0.784,0,0,11.72218072
0.785,0,0,11.72883724
0.786,0,0,11.73542072
0.787,0,0,11.74171103
0.788,0,0,11.74792965
0.789,0,0,11.75386339
0.79,0,0,11.75970435
0.791,0,0,11.76539193
0.792,0,0,11.7708104
0.793,0,0,11.77599214
0.794,0,0,11.78085219
0.795,0,0,11.78556461
0.796,0,0,11.79008436
0.797,0,0,11.79441162
0.798,0,0,11.7984372
0.799,0,0,11.80234634
0.8,0,0,11.80601126
0.801,0,0,11.80940647
0.802,0,0,11.81244162
0.803,0,0,11.8153217
0.804,0,0,11.81788173
0.805,0,0,11.82035168
0.806,0,0,11.8225797
0.807,0,0,11.8245133
0.808,0,0,11.82627535
0.809,0,0,11.82766643
0.81,0,0,11.82885051
0.811,0,0,11.82979065
0.812,0,0,11.8305441
0.813,0,0,11.83107768
0.814,0,0,11.83133015
0.815,0,0,11.83147729
0.816,0,0,11.83134168
0.817,0,0,11.83100389
0.818,0,0,11.83032086
0.819,0,0,11.82945828
0.82,0,0,11.82843298
0.821,0,0,11.82727015
0.822,0,0,11.82583445
0.823,0,0,11.82426098
0.824,0,0,11.8225277
0.825,0,0,11.82063886
0.826,0,0,11.81841617
0.827,0,0,11.81603045
0.828,0,0,11.8134013
0.829,0,0,11.81078696
0.83,0,0,11.80802689
0.831,0,0,11.8051205
0.832,0,0,11.80211911
0.833,0,0,11.79896145
0.834,0,0,11.7955445
0.835,0,0,11.7920989
0.836,0,0,11.78842754
0.837,0,0,11.78477535
0.838,0,0,11.78097481
0.839,0,0,11.77717351
0.84,0,0,11.77331717
0.841,0,0,11.76935376
0.842,0,0,11.76525365
0.843,0,0,11.76104181
0.844,0,0,11.75680261
0.845,0,0,11.752552
0.846,0,0,11.74830336
0.847,0,0,11.74400541
0.848,0,0,11.73974966
0.849,0,0,11.73549406
0.85,0,0,11.73121727
0.851,0,0,11.72673301
0.852,0,0,11.72237227
0.853,0,0,11.71805041
0.854,0,0,11.71375123
0.855,0,0,11.70952222
0.856,0,0,11.70530876
0.857,0,0,11.70122971
0.858,0,0,11.69706161
0.859,0,0,11.69298163
0.86,0,0,11.6888947
0.861,0,0,11.68485772
0.862,0,0,11.68099764
0.863,0,0,11.6771064
0.864,0,0,11.67345696
0.865,0,0,11.66985393
0.866,0,0,11.66631781
0.867,0,0,11.66282439
0.868,0,0,11.6594526
0.869,0,0,11.65612959
0.87,0,0,11.65295443
0.871,0,0,11.64987337
0.872,0,0,11.64693138
0.873,0,0,11.64413171
0.874,0,0,11.64152263
0.875,0,0,11.63884936
0.876,0,0,11.63632731
0.877,0,0,11.63392519
0.878,0,0,11.63164311
0.879,0,0,11.6295144
0.88,0,0,11.62757894
0.881,0,0,11.62571816
0.882,0,0,11.62410905
0.883,0,0,11.62242799
0.884,0,0,11.62094304
0.885,0,0,11.6194722
0.886,0,0,11.61822782
0.887,0,0,11.61708645
0.888,0,0,11.61608307
0.889,0,0,11.61525016
0.89,0,0,11.61452173
0.891,0,0,11.61390814
0.892,0,0,11.61338068
0.893,0,0,11.61295115
0.894,0,0,11.61256529
0.895,0,0,11.61236548
0.896,0,0,11.61222331
0.897,0,0,11.61228228
0.898,0,0,11.61240317
0.899,0,0,11.61270783
0.9,0,0,11.61298716
0.901,0,0,11.61336459
0.902,0,0,11.61385916
0.903,0,0,11.61436639
0.904,0,0,11.61503787
0.905,0,0,11.61574998
0.906,0,0,11.61665224
0.907,0,0,11.61758913
0.908,0,0,11.618551
0.909,0,0,11.61960074
0.91,0,0,11.6206092
0.911,0,0,11.62178876
0.912,0,0,11.62298482
0.913,0,0,11.62426417
0.914,0,0,11.62560736
0.915,0,0,11.62704729
0.916,0,0,11.62850754
0.917,0,0,11.63002063
0.918,0,0,11.63146273
0.919,0,0,11.63296762
0.92,0,0,11.6345033
0.921,0,0,11.63618515
0.922,0,0,11.63777385
0.923,0,0,11.6395181
0.924,0,0,11.6412471
0.925,0,0,11.6429474
0.926,0,0,11.64465973
0.927,0,0,11.64636414
0.928,0,0,11.64806069
0.929,0,0,11.64983509
0.93,0,0,11.65157012
0.931,0,0,11.65341775
0.932,0,0,11.65519723
0.933,0,0,11.65700533
0.934,0,0,11.65867754
0.935,0,0,11.6603984
0.936,0,0,11.66215025
0.937,0,0,11.66383842
0.938,0,0,11.66551185
0.939,0,0,11.6672403
0.94,0,0,11.66897047
0.941,0,0,11.6707034
0.942,0,0,11.67234218
0.943,0,0,11.67384867
0.944,0,0,11.67534088
0.945,0,0,11.67689858
0.946,0,0,11.67840704
0.947,0,0,11.67988526
0.948,0,0,11.68141731
0.949,0,0,11.68289157
0.95,0,0,11.68428027
0.951,0,0,11.68564377
0.952,0,0,11.68682003
0.953,0,0,11.68806609
0.954,0,0,11.68924977
0.955,0,0,11.69047219
0.956,0,0,11.6916928
0.957,0,0,11.69280899
0.958,0,0,11.69387114
0.959,0,0,11.69482935
0.96,0,0,11.6958065
0.961,0,0,11.69672105
0.962,0,0,11.69755333
0.963,0,0,11.69833442
0.964,0,0,11.6991365
0.965,0,0,11.69989855
0.966,0,0,11.70069435
0.967,0,0,11.70125711
0.968,0,0,11.70182313
0.969,0,0,11.70230432
0.97,0,0,11.70286588
0.971,0,0,11.7032524
0.972,0,0,11.70366776
0.973,0,0,11.70406648
0.974,0,0,11.70439638
0.975,0,0,11.70470238
0.976,0,0,11.70487791
0.977,0,0,11.70500275
0.978,0,0,11.70513339
0.979,0,0,11.70518215
0.98,0,0,11.70532277
0.981,0,0,11.70533218
0.982,0,0,11.70535112
0.983,0,0,11.70524974
0.984,0,0,11.70514032
0.985,0,0,11.70497552
0.986,0,0,11.70479633
0.987,0,0,11.704561
0.988,0,0,11.70431297
0.989,0,0,11.70406965
0.99,0,0,11.70385298
0.991,0,0,11.70348948
0.992,0,0,11.70312415
0.993,0,0,11.70264849
0.994,0,0,11.70226827
0.995,0,0,11.70182332
0.996,0,0,11.70134195
0.997,0,0,11.70087242
0.998,0,0,11.70043483
0.999,0,0,11.69990792
1,0,0,11.69937892
1.001,0,0,11.69870296
1.002,0,0,11.69813362
1.003,0,0,11.69749909
1.004,0,0,11.6969406
1.005,0,0,11.6963513
1.006,0,0,11.69570447
1.007,0,0,11.69506872
1.008,0,0,11.69432648
1.009,0,0,11.69358016
1.01,0,0,11.69285267
1.011,0,0,11.69208904
1.012,0,0,11.6912598
1.013,0,0,11.6904898
1.014,0,0,11.68970955
1.015,0,0,11.6889046
1.016,0,0,11.68798291
1.017,0,0,11.68704849
1.018,0,0,11.68605148
1.019,0,0,11.68515978
1.02,0,0,11.68415166
1.021,0,0,11.68310372
1.022,0,0,11.6821646
1.023,0,0,11.681157
1.024,0,0,11.68009548
1.025,0,0,11.6789319
1.026,0,0,11.67771287
1.027,0,0,11.67654486
1.028,0,0,11.67532782
1.029,0,0,11.67419438
1.03,0,0,11.67295187
1.031,0,0,11.67173126
1.032,0,0,11.67044904
1.033,0,0,11.66906659
1.034,0,0,11.66769296
1.035,0,0,11.66627903
1.036,0,0,11.66480937
1.037,0,0,11.66342976
1.038,0,0,11.66197059
1.039,0,0,11.66056347
1.04,0,0,11.65901446
1.041,0,0,11.65750655
1.042,0,0,11.65585061
1.043,0,0,11.65426092
1.044,0,0,11.65263898
1.045,0,0,11.6509563
1.046,0,0,11.64928197
1.047,0,0,11.64766642
1.048,0,0,11.64593592
1.049,0,0,11.64421301
1.05,0,0,11.64234933
1.051,0,0,11.64053651
1.052,0,0,11.63867679
1.053,0,0,11.63685109
1.054,0,0,11.63501929
1.055,0,0,11.63315907
1.056,0,0,11.63131377
1.057,0,0,11.62937848
1.058,0,0,11.62740825
1.059,0,0,11.62540223
1.06,0,0,11.62338381
1.061,0,0,11.6213502
1.062,0,0,11.61936477
1.063,0,0,11.61739275
1.064,0,0,11.61537432
1.065,0,0,11.61333604
1.066,0,0,11.61124405
1.067,0,0,11.60911563
1.068,0,0,11.60697478
1.069,0,0,11.60484377
1.07,0,0,11.60267023
1.071,0,0,11.60060567
1.072,0,0,11.59852278
1.073,0,0,11.59642112
1.074,0,0,11.59424568
1.075,0,0,11.59202095
1.076,0,0,11.58986376
1.077,0,0,11.58764479
1.078,0,0,11.58550863
1.079,0,0,11.58333789
1.08,0,0,11.58121221
1.081,0,0,11.57908419
1.082,0,0,11.57689816
1.083,0,0,11.5746519
1.084,0,0,11.57247736
1.085,0,0,11.57026275
1.086,0,0,11.56813186
1.087,0,0,11.56599116
1.088,0,0,11.56389848
1.089,0,0,11.56176432
1.09,0,0,11.55968441
1.091,0,0,11.55752969
1.092,0,0,11.55535566
1.093,0,0,11.55324317
1.094,0,0,11.55110265
1.095,0,0,11.54900112
1.096,0,0,11.54703734
1.097,0,0,11.54505339
1.098,0,0,11.54307914
1.099,0,0,11.54096423
1.1,0,0,11.53894944
1.101,0,0,11.53688701
1.102,0,0,11.53487773
1.103,0,0,11.53292656
1.104,0,0,11.53099661
1.105,0,0,11.52917972
1.106,0,0,11.5273584
1.107,0,0,11.52543557
1.108,0,0,11.52358612
1.109,0,0,11.52167753
1.11,0,0,11.5198316
1.111,0,0,11.51799372
1.112,0,0,11.51629314
1.113,0,0,11.51456134
1.114,0,0,11.51292396
1.115,0,0,11.51124036
1.116,0,0,11.50952835
1.117,0,0,11.50784217
1.118,0,0,11.50618535
1.119,0,0,11.50447583
1.12,0,0,11.50293822
1.121,0,0,11.50142195
1.122,0,0,11.49999963
1.123,0,0,11.49846015
1.124,0,0,11.49697057
1.125,0,0,11.49548906
1.126,0,0,11.49400179
1.127,0,0,11.49260498
1.128,0,0,11.49117616
1.129,0,0,11.48986331
1.13,0,0,11.48860521
1.131,0,0,11.48730204
1.132,0,0,11.48601775
1.133,0,0,11.4846855
1.134,0,0,11.48343625
1.135,0,0,11.48217453
1.136,0,0,11.48100931
1.137,0,0,11.47982263
1.138,0,0,11.47872371
1.139,0,0,11.47763929
1.14,0,0,11.47653065
1.141,0,0,11.47539162
1.142,0,0,11.47431575
1.143,0,0,11.47317555
1.144,0,0,11.47213375
1.145,0,0,11.47111805
1.146,0,0,11.47026334
1.147,0,0,11.46933641
1.148,0,0,11.46837282
1.149,0,0,11.46740688
1.15,0,0,11.46638785
1.151,0,0,11.46545518
1.152,0,0,11.46451346
1.153,0,0,11.46362925
1.154,0,0,11.46281692
1.155,0,0,11.46196823
1.156,0,0,11.46120231
1.157,0,0,11.46034755
1.158,0,0,11.45950162
1.159,0,0,11.45860468
1.16,0,0,11.4577993
1.161,0,0,11.45698665
1.162,0,0,11.45625106
1.163,0,0,11.45549982
1.164,0,0,11.45469154
1.165,0,0,11.45391731
1.166,0,0,11.45317772
1.167,0,0,11.45232376
1.168,0,0,11.45155791
1.169,0,0,11.45079173
1.17,0,0,11.45010022
1.171,0,0,11.44938412
1.172,0,0,11.44864159
1.173,0,0,11.44783863
1.174,0,0,11.44703886
1.175,0,0,11.44624764
1.176,0,0,11.44545712
1.177,0,0,11.44469795
1.178,0,0,11.44400368
1.179,0,0,11.44321516
1.18,0,0,11.44246036
1.181,0,0,11.44170541
1.182,0,0,11.4408939
1.183,0,0,11.44007388
1.184,0,0,11.43926462
1.185,0,0,11.43843219
1.186,0,0,11.43764659
1.187,0,0,11.43689003
1.188,0,0,11.43601817
1.189,0,0,11.43515351
1.19,0,0,11.43427589
1.191,0,0,11.4333706
1.192,0,0,11.43248627
1.193,0,0,11.43161732
1.194,0,0,11.43079125
1.195,0,0,11.42986304
1.196,0,0,11.42901244
1.197,0,0,11.42808682
1.198,0,0,11.4271079
1.199,0,0,11.42608836
1.2,0,0,11.42504651
1.201,0,0,11.42411039
1.202,0,0,11.42315413
1.203,0,0,11.4222036
1.204,0,0,11.42115936
1.205,0,0,11.42014108
1.206,0,0,11.41907599
1.207,0,0,11.41800967
1.208,0,0,11.41686604
1.209,0,0,11.41574984
1.21,0,0,11.41470607
1.211,0,0,11.41366576
1.212,0,0,11.41251254
1.213,0,0,11.41143874
1.214,0,0,11.41021609
1.215,0,0,11.40899898
1.216,0,0,11.40774721
1.217,0,0,11.40656847
1.218,0,0,11.40538523
1.219,0,0,11.40423085
1.22,0,0,11.40303779
1.221,0,0,11.40177663
1.222,0,0,11.40048785
1.223,0,0,11.39920297
1.224,0,0,11.39788772
1.225,0,0,11.39659549
1.226,0,0,11.39529549
1.227,0,0,11.39399239
1.228,0,0,11.39272049
1.229,0,0,11.3914048
1.23,0,0,11.39003348
1.231,0,0,11.38860129
1.232,0,0,11.3871688
1.233,0,0,11.38581335
1.234,0,0,11.38453068
1.235,0,0,11.38308508
1.236,0,0,11.38169705
1.237,0,0,11.38028782
1.238,0,0,11.37886443
1.239,0,0,11.37741987
1.24,0,0,11.37593816
1.241,0,0,11.37453023
1.242,0,0,11.37312551
1.243,0,0,11.3717184
1.244,0,0,11.37024049
1.245,0,0,11.3687325
1.246,0,0,11.36724023
1.247,0,0,11.36569165
1.248,0,0,11.36421587
1.249,0,0,11.36274268
1.25,0,0,11.36128517
1.251,0,0,11.35982685
1.252,0,0,11.35835656
1.253,0,0,11.35685277
1.254,0,0,11.35534122
1.255,0,0,11.35380577
1.256,0,0,11.35226625
1.257,0,0,11.35081949
1.258,0,0,11.34930692
1.259,0,0,11.34785399
1.26,0,0,11.34641564
1.261,0,0,11.34491069
1.262,0,0,11.34334646
1.263,0,0,11.34176904
1.264,0,0,11.3402786
1.265,0,0,11.33880998
1.266,0,0,11.33734234
1.267,0,0,11.33584914
1.268,0,0,11.33436026
1.269,0,0,11.33290219
1.27,0,0,11.33142174
1.271,0,0,11.32996066
1.272,0,0,11.32851225
1.273,0,0,11.32704197
1.274,0,0,11.32557648
1.275,0,0,11.32412986
1.276,0,0,11.32268323
1.277,0,0,11.32126159
1.278,0,0,11.31983674
1.279,0,0,11.31838151
1.28,0,0,11.31705504
1.281,0,0,11.31566263
1.282,0,0,11.31430175
1.283,0,0,11.31290053
1.284,0,0,11.31149953
1.285,0,0,11.31005549
1.286,0,0,11.30865814
1.287,0,0,11.30733104
1.288,0,0,11.30603525
1.289,0,0,11.30474041
1.29,0,0,11.30341782
1.291,0,0,11.30212473
1.292,0,0,11.30084663
1.293,0,0,11.29953604
1.294,0,0,11.29824031
1.295,0,0,11.29702515
1.296,0,0,11.29577546
1.297,0,0,11.29455979
1.298,0,0,11.29334869
1.299,0,0,11.29213635
1.3,0,0,11.29093907
1.301,0,0,11.28972341
1.302,0,0,11.2885172
1.303,0,0,11.28741487
1.304,0,0,11.28629982
1.305,0,0,11.28523737
1.306,0,0,11.28409139
1.307,0,0,11.28298449
1.308,0,0,11.28183019
1.309,0,0,11.28077888
1.31,0,0,11.27974585
1.311,0,0,11.27869821
1.312,0,0,11.27768453
1.313,0,0,11.27667877
1.314,0,0,11.27573712
1.315,0,0,11.27472812
1.316,0,0,11.27373868
1.317,0,0,11.27279318
1.318,0,0,11.27189689
1.319,0,0,11.27099182
1.32,0,0,11.27010034
1.321,0,0,11.26922532
1.322,0,0,11.26837344
1.323,0,0,11.26755502
1.324,0,0,11.26663581
1.325,0,0,11.26576335
1.326,0,0,11.26502484
1.327,0,0,11.26431643
1.328,0,0,11.26357525
1.329,0,0,11.26280149
1.33,0,0,11.26202246
1.331,0,0,11.26128563
1.332,0,0,11.26060084
1.333,0,0,11.25989625
1.334,0,0,11.25919834
1.335,0,0,11.25854068
1.336,0,0,11.25794725
1.337,0,0,11.25734014
1.338,0,0,11.25669961
1.339,0,0,11.25605362
1.34,0,0,11.25547636
1.341,0,0,11.25490327
1.342,0,0,11.25435728
1.343,0,0,11.25378025
1.344,0,0,11.2532538
1.345,0,0,11.25281296
1.346,0,0,11.25226682
1.347,0,0,11.25168386
1.348,0,0,11.2512406
1.349,0,0,11.25084464
1.35,0,0,11.25046016
1.351,0,0,11.25002877
1.352,0,0,11.2495621
1.353,0,0,11.24912823
1.354,0,0,11.24876039
1.355,0,0,11.24840474
1.356,0,0,11.24800983
1.357,0,0,11.24763958
1.358,0,0,11.24732934
1.359,0,0,11.2470735
1.36,0,0,11.2467569
1.361,0,0,11.24638447
1.362,0,0,11.24611722
1.363,0,0,11.24585719
1.364,0,0,11.24561085
1.365,0,0,11.24532202
1.366,0,0,11.24504938
1.367,0,0,11.24490987
1.368,0,0,11.24475127
1.369,0,0,11.24444463
1.37,0,0,11.24421454
1.371,0,0,11.24404456
1.372,0,0,11.24396454
1.373,0,0,11.24381272
1.374,0,0,11.24359142
1.375,0,0,11.24341431
1.376,0,0,11.24331592
1.377,0,0,11.243257
1.378,0,0,11.24315137
1.379,0,0,11.24302387
1.38,0,0,11.24293459
1.381,0,0,11.24287435
1.382,0,0,11.24277983
1.383,0,0,11.24262267
1.384,0,0,11.24258909
1.385,0,0,11.24261181
1.386,0,0,11.24264968
1.387,0,0,11.242628
1.388,0,0,11.24258334
1.389,0,0,11.24260105
1.39,0,0,11.242662
1.391,0,0,11.24256574
1.392,0,0,11.24251048
1.393,0,0,11.24252899
1.394,0,0,11.2426542
1.395,0,0,11.24280054
1.396,0,0,11.24286015
1.397,0,0,11.24289196
1.398,0,0,11.24298147
1.399,0,0,11.243104
1.4,0,0,11.24322083
1.401,0,0,11.24328969
1.402,0,0,11.24342613
1.403,0,0,11.24361717
1.404,0,0,11.24376544
1.405,0,0,11.24381506
1.406,0,0,11.24395465
1.407,0,0,11.24415059
1.408,0,0,11.2443585
1.409,0,0,11.2445335
1.41,0,0,11.24467759
1.411,0,0,11.24492447
1.412,0,0,11.2452239
1.413,0,0,11.24542832
1.414,0,0,11.24562122
1.415,0,0,11.24586165
1.416,0,0,11.24616257
1.417,0,0,11.24651313
1.418,0,0,11.24679444
1.419,0,0,11.24703443
1.42,0,0,11.24734874
1.421,0,0,11.24766752
1.422,0,0,11.24799636
1.423,0,0,11.24828374
1.424,0,0,11.24861652
1.425,0,0,11.24901428
1.426,0,0,11.24941904
1.427,0,0,11.24973013
1.428,0,0,11.25007513
1.429,0,0,11.25055559
1.43,0,0,11.25104918
1.431,0,0,11.25150976
1.432,0,0,11.25190965
1.433,0,0,11.25239176
1.434,0,0,11.25288596
1.435,0,0,11.25334631
1.436,0,0,11.25375961
1.437,0,0,11.25426855
1.438,0,0,11.254857
1.439,0,0,11.25545228
1.44,0,0,11.25600322
1.441,0,0,11.25650167
1.442,0,0,11.25711888
1.443,0,0,11.25776733
1.444,0,0,11.2583871
1.445,0,0,11.25897343
1.446,0,0,11.2595632
1.447,0,0,11.26025859
1.448,0,0,11.26092718
1.449,0,0,11.26157243
1.45,0,0,11.26221929
1.451,0,0,11.26298566
1.452,0,0,11.26377861
1.453,0,0,11.26454207
1.454,0,0,11.26526003
1.455,0,0,11.26609329
1.456,0,0,11.26688195
1.457,0,0,11.26766004
1.458,0,0,11.26841299
1.459,0,0,11.26924302
1.46,0,0,11.27017962
1.461,0,0,11.27113329
1.462,0,0,11.27201872
1.463,0,0,11.27286452
1.464,0,0,11.27375902
1.465,0,0,11.27473247
1.466,0,0,11.27566004
1.467,0,0,11.2765578
1.468,0,0,11.2775105
1.469,0,0,11.27858168
1.47,0,0,11.27959569
1.471,0,0,11.28061022
1.472,0,0,11.28170834
1.473,0,0,11.28285076
1.474,0,0,11.28398305
1.475,0,0,11.2850512
1.476,0,0,11.28612947
1.477,0,0,11.28729156
1.478,0,0,11.28844181
1.479,0,0,11.28956045
1.48,0,0,11.29069823
1.481,0,0,11.29190267
1.482,0,0,11.29320064
1.483,0,0,11.29452242
1.484,0,0,11.29572982
1.485,0,0,11.29699581
1.486,0,0,11.29830102
1.487,0,0,11.29961832
1.488,0,0,11.30089542
1.489,0,0,11.30218944
1.49,0,0,11.30356282
1.491,0,0,11.30498379
1.492,0,0,11.30636509
1.493,0,0,11.30771299
1.494,0,0,11.30913427
1.495,0,0,11.31062996
1.496,0,0,11.31213466
1.497,0,0,11.31353444
1.498,0,0,11.31504895
1.499,0,0,11.31657217
1.5,0,0,11.31807131
1.501,0,0,11.31952242
1.502,0,0,11.32104805
1.503,0,0,11.3226687
1.504,0,0,11.32429224
1.505,0,0,11.32585472
1.506,0,0,11.32738195
1.507,0,0,11.32891438
1.508,0,0,11.33046819
1.509,0,0,11.33203775
1.51,0,0,11.33357939
1.511,0,0,11.33507985
1.512,0,0,11.33668402
1.513,0,0,11.3382578
1.514,0,0,11.33977397
1.515,0,0,11.34127574
1.516,0,0,11.34281903
1.517,0,0,11.34434047
1.518,0,0,11.34581136
1.519,0,0,11.34717832
1.52,0,0,11.34862024
1.521,0,0,11.35005327
1.522,0,0,11.35137865
1.523,0,0,11.35266327
1.524,0,0,11.35396671
1.525,0,0,11.35531154
1.526,0,0,11.35666661
1.527,0,0,11.35790195
1.528,0,0,11.35904304
1.529,0,0,11.36019212
1.53,0,0,11.36135679
1.531,0,0,11.36242676
1.532,0,0,11.36343064
1.533,0,0,11.36445634
1.534,0,0,11.36546906
1.535,0,0,11.36640885
1.536,0,0,11.36725839
1.537,0,0,11.36807648
1.538,0,0,11.36890188
1.539,0,0,11.36974836
1.54,0,0,11.37042486
1.541,0,0,11.37109893
1.542,0,0,11.37176286
1.543,0,0,11.37241677
1.544,0,0,11.37298448
1.545,0,0,11.37344323
1.546,0,0,11.37391331
1.547,0,0,11.37437902
1.548,0,0,11.37478536
1.549,0,0,11.37504789
1.55,0,0,11.37527415
1.551,0,0,11.37551595
1.552,0,0,11.3757252
1.553,0,0,11.37587691
1.554,0,0,11.37592412
1.555,0,0,11.3760121
1.556,0,0,11.37610199
1.557,0,0,11.376097
1.558,0,0,11.3759682
1.559,0,0,11.37585964
1.56,0,0,11.3757342
1.561,0,0,11.37559393
1.562,0,0,11.37531348
1.563,0,0,11.37502118
1.564,0,0,11.37475775
1.565,0,0,11.37439919
1.566,0,0,11.3739344
1.567,0,0,11.37345412
1.568,0,0,11.37299347
1.569,0,0,11.3725807
1.57,0,0,11.37212387
1.571,0,0,11.37154882
1.572,0,0,11.37090176
1.573,0,0,11.37030812
1.574,0,0,11.36968845
1.575,0,0,11.36897561
1.576,0,0,11.36820731
1.577,0,0,11.36747802
1.578,0,0,11.36673881
1.579,0,0,11.36592771
1.58,0,0,11.36505226
1.581,0,0,11.36420057
1.582,0,0,11.3634366
1.583,0,0,11.36257223
1.584,0,0,11.36165669
1.585,0,0,11.36075851
1.586,0,0,11.35989055
1.587,0,0,11.35896699
1.588,0,0,11.35796556
1.589,0,0,11.35693666
1.59,0,0,11.35592833
1.591,0,0,11.35498998
1.592,0,0,11.354013
1.593,0,0,11.35296209
1.594,0,0,11.35192432
1.595,0,0,11.35089902
1.596,0,0,11.34990756
1.597,0,0,11.3488594
1.598,0,0,11.34780516
1.599,0,0,11.34682514
1.6,0,0,11.34584155
1.601,0,0,11.34476293
1.602,0,0,11.34371336
1.603,0,0,11.34267112
1.604,0,0,11.34175844
1.605,0,0,11.34077261
1.606,0,0,11.33975297
1.607,0,0,11.33877956
1.608,0,0,11.33781502
1.609,0,0,11.336799
1.61,0,0,11.33578521
1.611,0,0,11.33481782
1.612,0,0,11.33393419
1.613,0,0,11.33309889
1.614,0,0,11.33223073
1.615,0,0,11.33133252
1.616,0,0,11.3304901
1.617,0,0,11.32968349
1.618,0,0,11.32888903
1.619,0,0,11.32804411
1.62,0,0,11.3272509
1.621,0,0,11.32651056
1.622,0,0,11.32581547
1.623,0,0,11.32509283
1.624,0,0,11.32437651
1.625,0,0,11.32376453
1.626,0,0,11.32318797
1.627,0,0,11.32255326
1.628,0,0,11.32194242
1.629,0,0,11.32143331
1.63,0,0,11.32096099
1.631,0,0,11.32044011
1.632,0,0,11.31991919
1.633,0,0,11.31946572
1.634,0,0,11.3191338
1.635,0,0,11.3188065
1.636,0,0,11.31843965
1.637,0,0,11.31807
1.638,0,0,11.31774572
1.639,0,0,11.31750035
1.64,0,0,11.3172648
1.641,0,0,11.31702978
1.642,0,0,11.31688213
1.643,0,0,11.31682591
1.644,0,0,11.31671581
1.645,0,0,11.31663673
1.646,0,0,11.31653438
1.647,0,0,11.31658081
1.648,0,0,11.31661254
1.649,0,0,11.31659331
1.65,0,0,11.31661188
1.651,0,0,11.31671651
1.652,0,0,11.31684925
1.653,0,0,11.31694369
1.654,0,0,11.31703253
1.655,0,0,11.31721319
1.656,0,0,11.31751269
1.657,0,0,11.31781705
1.658,0,0,11.31806155
1.659,0,0,11.31834735
1.66,0,0,11.31869085
1.661,0,0,11.31905881
1.662,0,0,11.31936601
1.663,0,0,11.31969363
1.664,0,0,11.32007748
1.665,0,0,11.32053881
1.666,0,0,11.32094362
1.667,0,0,11.3213481
1.668,0,0,11.32180697
1.669,0,0,11.32237388
1.67,0,0,11.32293573
1.671,0,0,11.32346363
1.672,0,0,11.32400707
1.673,0,0,11.32462606
1.674,0,0,11.32520672
1.675,0,0,11.32572772
1.676,0,0,11.32623662
1.677,0,0,11.32684714
1.678,0,0,11.32750579
1.679,0,0,11.32814544
1.68,0,0,11.3287268
1.681,0,0,11.32930136
1.682,0,0,11.32996333
1.683,0,0,11.33067472
1.684,0,0,11.33131079
1.685,0,0,11.33196272
1.686,0,0,11.33269334
1.687,0,0,11.33339207
1.688,0,0,11.33406016
1.689,0,0,11.33465429
1.69,0,0,11.33530788
1.691,0,0,11.33602644
1.692,0,0,11.33668937
1.693,0,0,11.33731241
1.694,0,0,11.33800394
1.695,0,0,11.3387197
1.696,0,0,11.33938074
1.697,0,0,11.33998997
1.698,0,0,11.34057548
1.699,0,0,11.34119875
1.7,0,0,11.3419012
1.701,0,0,11.3425376
1.702,0,0,11.34309873
1.703,0,0,11.34367503
1.704,0,0,11.34430559
1.705,0,0,11.34491315
1.706,0,0,11.3454718
1.707,0,0,11.34600024
1.708,0,0,11.34659587
1.709,0,0,11.34712607
1.71,0,0,11.34760815
1.711,0,0,11.34804318
1.712,0,0,11.34857335
1.713,0,0,11.349101
1.714,0,0,11.3495794
1.715,0,0,11.34999584
1.716,0,0,11.35044739
1.717,0,0,11.35088784
1.718,0,0,11.35126514
1.719,0,0,11.35155397
1.72,0,0,11.35185503
1.721,0,0,11.35223917
1.722,0,0,11.35260291
1.723,0,0,11.35292136
1.724,0,0,11.35318972
1.725,0,0,11.35344409
1.726,0,0,11.35374253
1.727,0,0,11.35397151
1.728,0,0,11.35411699
1.729,0,0,11.35429747
1.73,0,0,11.35450183
1.731,0,0,11.35468463
1.732,0,0,11.35479485
1.733,0,0,11.35485971
1.734,0,0,11.35500178
1.735,0,0,11.35512236
1.736,0,0,11.35514925
1.737,0,0,11.35517017
1.738,0,0,11.35523329
1.739,0,0,11.3552572
1.74,0,0,11.35519636
1.741,0,0,11.35511294
1.742,0,0,11.35502617
1.743,0,0,11.35500408
1.744,0,0,11.3549668
1.745,0,0,11.35485449
1.746,0,0,11.35468369
1.747,0,0,11.35454233
1.748,0,0,11.35442547
1.749,0,0,11.35427037
1.75,0,0,11.35404653
1.751,0,0,11.35386771
1.752,0,0,11.35366378
1.753,0,0,11.35341596
1.754,0,0,11.35308888
1.755,0,0,11.35281478
1.756,0,0,11.35258183
1.757,0,0,11.35232901
1.758,0,0,11.35201435
1.759,0,0,11.35173165
1.76,0,0,11.35145555
1.761,0,0,11.35116991
1.762,0,0,11.35078187
1.763,0,0,11.35033942
1.764,0,0,11.34996243
1.765,0,0,11.3496236
1.766,0,0,11.3492652
1.767,0,0,11.3488587
1.768,0,0,11.34842913
1.769,0,0,11.34804213
1.77,0,0,11.34765883
1.771,0,0,11.34720148
1.772,0,0,11.34676837
1.773,0,0,11.34636407
1.774,0,0,11.34596233
1.775,0,0,11.34553228
1.776,0,0,11.34503531
1.777,0,0,11.34460289
1.778,0,0,11.34419875
1.779,0,0,11.34377129
1.78,0,0,11.34326711
1.781,0,0,11.34282182
1.782,0,0,11.34239088
1.783,0,0,11.34191866
1.784,0,0,11.34141986
1.785,0,0,11.34092996
1.786,0,0,11.34054578
1.787,0,0,11.3401909
1.788,0,0,11.33981366
1.789,0,0,11.33936642
1.79,0,0,11.33892487
1.791,0,0,11.33850559
1.792,0,0,11.33808735
1.793,0,0,11.33759074
1.794,0,0,11.3371523
1.795,0,0,11.33677759
1.796,0,0,11.33642031
1.797,0,0,11.33602251
1.798,0,0,11.33561822
1.799,0,0,11.3353109
1.8,0,0,11.33500776
1.801,0,0,11.33465059
1.802,0,0,11.33431214
1.803,0,0,11.33400818
1.804,0,0,11.33373725
1.805,0,0,11.33340088
1.806,0,0,11.33302825
1.807,0,0,11.3326555
1.808,0,0,11.33238423
1.809,0,0,11.33216405
1.81,0,0,11.3319251
1.811,0,0,11.33163772
1.812,0,0,11.33141845
1.813,0,0,11.33127549
1.814,0,0,11.33109256
1.815,0,0,11.33088573
1.816,0,0,11.33072635
1.817,0,0,11.33058262
1.818,0,0,11.33044301
1.819,0,0,11.3302131
1.82,0,0,11.33002282
1.821,0,0,11.32992758
1.822,0,0,11.32990048
1.823,0,0,11.32978478
1.824,0,0,11.32969259
1.825,0,0,11.32966645
1.826,0,0,11.32965792
1.827,0,0,11.32961536
1.828,0,0,11.32951013
1.829,0,0,11.32946568
1.83,0,0,11.32951313
1.831,0,0,11.32958475
1.832,0,0,11.32960161
1.833,0,0,11.32961377
1.834,0,0,11.32964861
1.835,0,0,11.32974169
1.836,0,0,11.32976324
1.837,0,0,11.32976799
1.838,0,0,11.32985923
1.839,0,0,11.33001885
1.84,0,0,11.33018231
1.841,0,0,11.33026241
1.842,0,0,11.33039661
1.843,0,0,11.3306001
1.844,0,0,11.33077853
1.845,0,0,11.3309124
1.846,0,0,11.33106362
1.847,0,0,11.33129372
1.848,0,0,11.3314879
1.849,0,0,11.33164478
1.85,0,0,11.33176887
1.851,0,0,11.33196839
1.852,0,0,11.3322317
1.853,0,0,11.33251498
1.854,0,0,11.33273027
1.855,0,0,11.33293221
1.856,0,0,11.33320324
1.857,0,0,11.33351415
1.858,0,0,11.33377414
1.859,0,0,11.3340288
1.86,0,0,11.33429563
1.861,0,0,11.33459643
1.862,0,0,11.33483262
1.863,0,0,11.33503445
1.864,0,0,11.33526455
1.865,0,0,11.33561699
1.866,0,0,11.33591703
1.867,0,0,11.33621822
1.868,0,0,11.33653393
1.869,0,0,11.33688678
1.87,0,0,11.33723021
1.871,0,0,11.33748548
1.872,0,0,11.3376691
1.873,0,0,11.33793803
1.874,0,0,11.33828403
1.875,0,0,11.33860456
1.876,0,0,11.33889873
1.877,0,0,11.33915311
1.878,0,0,11.33946966
1.879,0,0,11.33977089
1.88,0,0,11.34000185
1.881,0,0,11.34024183
1.882,0,0,11.3405354
1.883,0,0,11.34087892
1.884,0,0,11.34112613
1.885,0,0,11.34136064
1.886,0,0,11.34163376
1.887,0,0,11.34195858
1.888,0,0,11.34223886
1.889,0,0,11.34245672
1.89,0,0,11.342684
1.891,0,0,11.34292995
1.892,0,0,11.34315106
1.893,0,0,11.34328472
1.894,0,0,11.34347072
1.895,0,0,11.34369623
1.896,0,0,11.3439752
1.897,0,0,11.34420841
1.898,0,0,11.34438635
1.899,0,0,11.34455667
1.9,0,0,11.34478371
1.901,0,0,11.34495274
1.902,0,0,11.34508319
1.903,0,0,11.34522119
1.904,0,0,11.3453831
1.905,0,0,11.34553355
1.906,0,0,11.34562811
1.907,0,0,11.3456861
1.908,0,0,11.34583512
1.909,0,0,11.34595102
1.91,0,0,11.34604476
1.911,0,0,11.3461466
1.912,0,0,11.34628665
1.913,0,0,11.34640026
1.914,0,0,11.34646224
1.915,0,0,11.34643438
1.916,0,0,11.34642507
1.917,0,0,11.3464791
1.918,0,0,11.34654073
1.919,0,0,11.34657977
1.92,0,0,11.34654705
1.921,0,0,11.34654845
1.922,0,0,11.34657473
1.923,0,0,11.34654156
1.924,0,0,11.34650085
1.925,0,0,11.34645107
1.926,0,0,11.3464736
1.927,0,0,11.3464065
1.928,0,0,11.34631149
1.929,0,0,11.34624864
1.93,0,0,11.34624439
1.931,0,0,11.34621204
1.932,0,0,11.34611121
1.933,0,0,11.34599907
1.934,0,0,11.34590556
1.935,0,0,11.34583058
1.936,0,0,11.34564765
1.937,0,0,11.34546084
1.938,0,0,11.34530499
1.939,0,0,11.34523923
1.94,0,0,11.34516682
1.941,0,0,11.34506004
1.942,0,0,11.34492608
1.943,0,0,11.34483115
1.944,0,0,11.344695
1.945,0,0,11.34447031
1.946,0,0,11.34426128
1.947,0,0,11.34409306
1.948,0,0,11.34397601
1.949,0,0,11.34381214
1.95,0,0,11.34357704
1.951,0,0,11.34342233
1.952,0,0,11.34330775
1.953,0,0,11.34315523
1.954,0,0,11.34293815
1.955,0,0,11.34277315
1.956,0,0,11.34262743
1.957,0,0,11.34246668
1.958,0,0,11.34222045
1.959,0,0,11.3419725
1.96,0,0,11.34179849
1.961,0,0,11.34165788
1.962,0,0,11.341506
1.963,0,0,11.3412727
1.964,0,0,11.34103022
1.965,0,0,11.34085515
1.966,0,0,11.34068309
1.967,0,0,11.34048454
1.968,0,0,11.34025391
1.969,0,0,11.34012402
1.97,0,0,11.3399857
1.971,0,0,11.33979571
1.972,0,0,11.3395565
1.973,0,0,11.33938842
1.974,0,0,11.33925558
1.975,0,0,11.33908006
1.976,0,0,11.33887278
1.977,0,0,11.33868771
1.978,0,0,11.3385729
1.979,0,0,11.33842371
1.98,0,0,11.33820769
1.981,0,0,11.33794606
1.982,0,0,11.33780302
1.983,0,0,11.33773457
1.984,0,0,11.33765752
1.985,0,0,11.33749713
1.986,0,0,11.33735388
1.987,0,0,11.33727374
1.988,0,0,11.33712388
1.989,0,0,11.33695397
1.99,0,0,11.33678909
1.991,0,0,11.33670399
1.992,0,0,11.33663476
1.993,0,0,11.33648393
1.994,0,0,11.33633296
1.995,0,0,11.33626521
1.996,0,0,11.33625031
1.997,0,0,11.33617088
1.998,0,0,11.33608548
1.999,0,0,11.33600835
2,0,0,11.3360108
2.001,0,0,11.33594933
2.002,0,0,11.33582938
2.003,0,0,11.33574163
2.004,0,0,11.33571294
2.005,0,0,11.33571715
2.006,0,0,11.33568848
2.007,0,0,11.33561776
2.008,0,0,11.33557722
2.009,0,0,11.33558148
2.01,0,0,11.33557563
2.011,0,0,11.33553044
2.012,0,0,11.33554348
2.013,0,0,11.33560005
2.014,0,0,11.33566763
2.015,0,0,11.33564216
2.016,0,0,11.33562811
2.017,0,0,11.33565343
2.018,0,0,11.33569454
2.019,0,0,11.33570611
2.02,0,0,11.33573637
2.021,0,0,11.33580505
2.022,0,0,11.33587279
2.023,0,0,11.33591797
2.024,0,0,11.3358991
2.025,0,0,11.33591585
2.026,0,0,11.33599595
2.027,0,0,11.33616086
2.028,0,0,11.33626505
2.029,0,0,11.33631116
2.03,0,0,11.33642358
2.031,0,0,11.33650542
2.032,0,0,11.3365914
2.033,0,0,11.33662128
2.034,0,0,11.33669561
2.035,0,0,11.33681574
2.036,0,0,11.33691154
2.037,0,0,11.33696532
2.038,0,0,11.33707538
2.039,0,0,11.33724369
2.04,0,0,11.33737307
2.041,0,0,11.3375096
2.042,0,0,11.3375947
2.043,0,0,11.33775141
2.044,0,0,11.33788682
2.045,0,0,11.33796129
2.046,0,0,11.33799538
2.047,0,0,11.33809464
2.048,0,0,11.33824668
2.049,0,0,11.33840462
2.05,0,0,11.33852564
2.051,0,0,11.33863271
2.052,0,0,11.33877126
2.053,0,0,11.33889638
2.054,0,0,11.33898238
2.055,0,0,11.3390952
2.056,0,0,11.33926111
2.057,0,0,11.33946599
2.058,0,0,11.33957592
2.059,0,0,11.33966139
2.06,0,0,11.33976499
2.061,0,0,11.33991795
2.062,0,0,11.34000263
2.063,0,0,11.34008833
2.064,0,0,11.34022302
2.065,0,0,11.34038539
2.066,0,0,11.34051274
2.067,0,0,11.34058004
2.068,0,0,11.34066629
2.069,0,0,11.34078291
2.07,0,0,11.34095204
2.071,0,0,11.34108606
2.072,0,0,11.3411501
2.073,0,0,11.34126556
2.074,0,0,11.34136874
2.075,0,0,11.34148237
2.076,0,0,11.34153122
2.077,0,0,11.34158343
2.078,0,0,11.34169855
2.079,0,0,11.34182121
2.08,0,0,11.34185219
2.081,0,0,11.34189241
2.082,0,0,11.34201213
2.083,0,0,11.34211458
2.084,0,0,11.34220365
2.085,0,0,11.3422509
2.086,0,0,11.34234729
2.087,0,0,11.34246623
2.088,0,0,11.34253012
2.089,0,0,11.34246176
2.09,0,0,11.34241371
2.091,0,0,11.34246082
2.092,0,0,11.34256049
2.093,0,0,11.34262417
2.094,0,0,11.34262563
2.095,0,0,11.34267106
2.096,0,0,11.34273767
2.097,0,0,11.34275127
2.098,0,0,11.34272081
2.099,0,0,11.3427307
2.1,0,0,11.34280806
2.101,0,0,11.34283387
2.102,0,0,11.34278961
2.103,0,0,11.34273571
2.104,0,0,11.34277657
2.105,0,0,11.34279
2.106,0,0,11.34274762
2.107,0,0,11.34267133
2.108,0,0,11.34267817
2.109,0,0,11.34271779
2.11,0,0,11.34269146
2.111,0,0,11.34261587
2.112,0,0,11.34256184
2.113,0,0,11.34257886
2.114,0,0,11.34261332
2.115,0,0,11.34256012
2.116,0,0,11.34248747
2.117,0,0,11.3424315
2.118,0,0,11.34239343
2.119,0,0,11.34231834
2.12,0,0,11.34222305
2.121,0,0,11.34216571
2.122,0,0,11.3421996
2.123,0,0,11.34217006
2.124,0,0,11.34206444
2.125,0,0,11.34197303
2.126,0,0,11.34191921
2.127,0,0,11.34187271
2.128,0,0,11.34180673
2.129,0,0,11.34175005
2.13,0,0,11.34171193
2.131,0,0,11.34170503
2.132,0,0,11.3416005
2.133,0,0,11.34144252
2.134,0,0,11.34129487
2.135,0,0,11.34123783
2.136,0,0,11.34123451
2.137,0,0,11.34114254
2.138,0,0,11.3410371
2.139,0,0,11.34097612
2.14,0,0,11.3409549
2.141,0,0,11.34087408
2.142,0,0,11.34076269
2.143,0,0,11.34068527
2.144,0,0,11.34066109
2.145,0,0,11.3405778
2.146,0,0,11.34042259
2.147,0,0,11.34033502
2.148,0,0,11.34025905
2.149,0,0,11.3401956
2.15,0,0,11.34007667
2.151,0,0,11.3399838
2.152,0,0,11.33995479
2.153,0,0,11.33992641
2.154,0,0,11.33982902
2.155,0,0,11.33969823
2.156,0,0,11.33960606
2.157,0,0,11.33960025
2.158,0,0,11.33956473
2.159,0,0,11.33947644
2.16,0,0,11.33938155
2.161,0,0,11.33930489
2.162,0,0,11.33922592
2.163,0,0,11.3391269
2.164,0,0,11.33903197
2.165,0,0,11.33903662
2.166,0,0,11.33902827
2.167,0,0,11.3389564
2.168,0,0,11.33885288
2.169,0,0,11.33879806
2.17,0,0,11.33875852
2.171,0,0,11.33870665
2.172,0,0,11.33865399
2.173,0,0,11.33863133
2.174,0,0,11.33863839
2.175,0,0,11.3385845
2.176,0,0,11.33849399
2.177,0,0,11.33840387
2.178,0,0,11.33832133
2.179,0,0,11.33831839
2.18,0,0,11.33829188
2.181,0,0,11.33826088
2.182,0,0,11.3382458
2.183,0,0,11.33826777
2.184,0,0,11.33827546
2.185,0,0,11.33824863
2.186,0,0,11.33821084
2.187,0,0,11.33822216
2.188,0,0,11.33822955
2.189,0,0,11.33816253
2.19,0,0,11.33811142
2.191,0,0,11.33808973
2.192,0,0,11.33809463
2.193,0,0,11.33806718
2.194,0,0,11.33806999
2.195,0,0,11.33811984
2.196,0,0,11.33818541
2.197,0,0,11.33819506
2.198,0,0,11.33814116
2.199,0,0,11.3380914
2.2,0,0,11.33814077
2.201,0,0,11.33821554
2.202,0,0,11.33823156
2.203,0,0,11.33823155
2.204,0,0,11.33825242
2.205,0,0,11.33828565
2.206,0,0,11.33828568
2.207,0,0,11.33825162
2.208,0,0,11.33830538
2.209,0,0,11.33840318
2.21,0,0,11.3384574
2.211,0,0,11.33844027
2.212,0,0,11.338472
2.213,0,0,11.33854335
2.214,0,0,11.33860836
2.215,0,0,11.33860871
2.216,0,0,11.33863176
2.217,0,0,11.33872507
2.218,0,0,11.33882108
2.219,0,0,11.33882774
2.22,0,0,11.33879814
2.221,0,0,11.33878803
2.222,0,0,11.33886431
2.223,0,0,11.33893698
2.224,0,0,11.33897399
2.225,0,0,11.33903418
2.226,0,0,11.33913855
2.227,0,0,11.33921983
2.228,0,0,11.33926394
2.229,0,0,11.33928075
2.23,0,0,11.33935262
2.231,0,0,11.33946855
2.232,0,0,11.33950002
2.233,0,0,11.33945996
2.234,0,0,11.3394571
2.235,0,0,11.33952586
2.236,0,0,11.33958419
2.237,0,0,11.33965453
2.238,0,0,11.33973368
2.239,0,0,11.33986906
2.24,0,0,11.33998544
2.241,0,0,11.34002056
2.242,0,0,11.33996817
2.243,0,0,11.33996422
2.244,0,0,11.34006199
2.245,0,0,11.34014337
2.246,0,0,11.34017031
2.247,0,0,11.34019284
2.248,0,0,11.34028377
2.249,0,0,11.34038877
2.25,0,0,11.34040338
2.251,0,0,11.34039166
2.252,0,0,11.34045653
2.253,0,0,11.34057199
2.254,0,0,11.34058711
2.255,0,0,11.34060877
2.256,0,0,11.34066055
2.257,0,0,11.34075791
2.258,0,0,11.34081782
2.259,0,0,11.34082164
2.26,0,0,11.34083294
2.261,0,0,11.3409273
2.262,0,0,11.34097648
2.263,0,0,11.3409505
2.264,0,0,11.34087583
2.265,0,0,11.34088961
2.266,0,0,11.34099612
2.267,0,0,11.34107673
2.268,0,0,11.34109668
2.269,0,0,11.3411362
2.27,0,0,11.34117282
2.271,0,0,11.34119357
2.272,0,0,11.34116875
2.273,0,0,11.34116761
2.274,0,0,11.34122665
2.275,0,0,11.34127337
2.276,0,0,11.34124031
2.277,0,0,11.34117977
2.278,0,0,11.34117436
2.279,0,0,11.34117647
2.28,0,0,11.34117689
2.281,0,0,11.34117397
2.282,0,0,11.34122575
2.283,0,0,11.34129022
2.284,0,0,11.34132833
2.285,0,0,11.34130611
2.286,0,0,11.34122587
2.287,0,0,11.34119313
2.288,0,0,11.34120015
2.289,0,0,11.34120008
2.29,0,0,11.34117635
2.291,0,0,11.34115804
2.292,0,0,11.34117638
2.293,0,0,11.34119123
2.294,0,0,11.34114915
2.295,0,0,11.34109935
2.296,0,0,11.34114417
2.297,0,0,11.34114354
2.298,0,0,11.34110653
2.299,0,0,11.34105659
2.3,0,0,11.34104161
2.301,0,0,11.34103066
2.302,0,0,11.34101283
2.303,0,0,11.34097473
2.304,0,0,11.34098563
2.305,0,0,11.34097389
2.306,0,0,11.34093422
2.307,0,0,11.34081386
2.308,0,0,11.34071126
2.309,0,0,11.34072641
2.31,0,0,11.34077023
2.311,0,0,11.3407716
2.312,0,0,11.34075358
2.313,0,0,11.34073537
2.314,0,0,11.34072578
2.315,0,0,11.340662
2.316,0,0,11.34057896
2.317,0,0,11.34054824
2.318,0,0,11.34055394
2.319,0,0,11.34049103
2.32,0,0,11.34040223
2.321,0,0,11.34034702
2.322,0,0,11.34033432
2.323,0,0,11.34029582
2.324,0,0,11.34023418
2.325,0,0,11.34020973
2.326,0,0,11.34025291
2.327,0,0,11.34027415
2.328,0,0,11.34021923
2.329,0,0,11.34010318
2.33,0,0,11.34002514
2.331,0,0,11.33998903
2.332,0,0,11.33994933
2.333,0,0,11.33991504
2.334,0,0,11.33989668
2.335,0,0,11.33988555
2.336,0,0,11.33986235
2.337,0,0,11.3398004
2.338,0,0,11.3397384
2.339,0,0,11.33975375
2.34,0,0,11.33976313
2.341,0,0,11.3397121
2.342,0,0,11.3396263
2.343,0,0,11.33958587
2.344,0,0,11.33956685
2.345,0,0,11.33954776
2.346,0,0,11.33949163
2.347,0,0,11.33948381
2.348,0,0,11.33949377
2.349,0,0,11.33947397
2.35,0,0,11.33939337
2.351,0,0,11.33926799
2.352,0,0,11.33923245
2.353,0,0,11.33927479
2.354,0,0,11.33930889
2.355,0,0,11.3392946
2.356,0,0,11.33929343
2.357,0,0,11.33933621
2.358,0,0,11.33932524
2.359,0,0,11.33923444
2.36,0,0,11.33914641
2.361,0,0,11.33916857
2.362,0,0,11.33917421
2.363,0,0,11.33912382
2.364,0,0,11.3390598
2.365,0,0,11.33906872
2.366,0,0,11.33909551
2.367,0,0,11.33908683
2.368,0,0,11.3390457
2.369,0,0,11.33907371
2.37,0,0,11.33915719
2.371,0,0,11.3391914
2.372,0,0,11.33911139
2.373,0,0,11.33901336
2.374,0,0,11.33900737
2.375,0,0,11.33906024
2.376,0,0,11.33906421
2.377,0,0,11.33904414
2.378,0,0,11.33904685
2.379,0,0,11.33908597
2.38,0,0,11.33908201
2.381,0,0,11.33904945
2.382,0,0,11.33907353
2.383,0,0,11.33916394
2.384,0,0,11.33921897
2.385,0,0,11.33919275
2.386,0,0,11.33916057
2.387,0,0,11.33915746
2.388,0,0,11.33919155
2.389,0,0,11.33916721
2.39,0,0,11.33916395
2.391,0,0,11.3392013
2.392,0,0,11.33926701
2.393,0,0,11.33931793
2.394,0,0,11.33927923
2.395,0,0,11.33922117
2.396,0,0,11.33923454
2.397,0,0,11.33931987
2.398,0,0,11.33937619
2.399,0,0,11.33940647
2.4,0,0,11.33945503
2.401,0,0,11.33952124
2.402,0,0,11.33954757
2.403,0,0,11.33947778
2.404,0,0,11.33945791
2.405,0,0,11.33951132
2.406,0,0,11.33956135
2.407,0,0,11.33953313
2.408,0,0,11.33953552
2.409,0,0,11.33956752
2.41,0,0,11.33964896
2.411,0,0,11.33969096
2.412,0,0,11.33973808
2.413,0,0,11.33980354
2.414,0,0,11.33987545
2.415,0,0,11.33988905
2.416,0,0,11.33979982
2.417,0,0,11.33975754
2.418,0,0,11.3398126
2.419,0,0,11.33989057
2.42,0,0,11.3399283
2.421,0,0,11.33993194
2.422,0,0,11.33997415
2.423,0,0,11.34002793
2.424,0,0,11.34002209
2.425,0,0,11.34000416
2.426,0,0,11.34007434
2.427,0,0,11.34015021
2.428,0,0,11.34019004
2.429,0,0,11.34018739
2.43,0,0,11.34018835
2.431,0,0,11.34021396
2.432,0,0,11.34018723
2.433,0,0,11.34014895
2.434,0,0,11.34016882
2.435,0,0,11.34024411
2.436,0,0,11.34031782
2.437,0,0,11.34033559
2.438,0,0,11.34029966
2.439,0,0,11.34029329
2.44,0,0,11.34033621
2.441,0,0,11.34037438
2.442,0,0,11.34041481
2.443,0,0,11.34044378
2.444,0,0,11.3404626
2.445,0,0,11.34046288
2.446,0,0,11.34042647
2.447,0,0,11.3404085
2.448,0,0,11.3404331
2.449,0,0,11.34047193
2.45,0,0,11.34044034
