#Exudyn implicit second order time integration sensor output file
#measure Node number = 483
#OutputVariableType = AngularVelocity
#simulation started = 2022-04-08,00:48:28
#columns contain: time, comma separated sensor values (e.g, x,y,z position coordinates)
#number of sensor values = 3
#Exudyn version = 1.2.34.dev1; Python3.9.11; Windows AVX2 FLOAT64
#
0,0,0,0
0.001,0,0,5.567603927e-06
0.002,0,0,2.281005661e-06
0.003,0,0,3.212751361e-06
0.004,0,0,6.996504433e-06
0.005,0,0,4.784254152e-06
0.006,0,0,-3.242021881e-06
0.007,0,0,-7.322129838e-07
0.008,0,0,8.109509386e-06
0.009,0,0,1.185034745e-05
0.01,0,0,1.387145943e-05
0.011,0,0,1.379397133e-05
0.012,0,0,1.01540288e-05
0.013,0,0,8.617135427e-06
0.014,0,0,1.199976383e-05
0.015,0,0,1.688470155e-05
0.016,0,0,1.989541816e-05
0.017,0,0,2.05240324e-05
0.018,0,0,1.904258014e-05
0.019,0,0,1.726506084e-05
0.02,0,0,1.781048953e-05
0.021,0,0,2.080995482e-05
0.022,0,0,2.406538938e-05
0.023,0,0,2.559336395e-05
0.024,0,0,2.525063858e-05
0.025,0,0,2.39591584e-05
0.026,0,0,2.338121147e-05
0.027,0,0,2.437429474e-05
0.028,0,0,2.673877616e-05
0.029,0,0,2.858961358e-05
0.03,0,0,2.900806691e-05
0.031,0,0,2.828972376e-05
0.032,0,0,2.729708875e-05
0.033,0,0,2.715552357e-05
0.034,0,0,2.811844217e-05
0.035,0,0,2.944077775e-05
0.036,0,0,3.008793826e-05
0.037,0,0,2.971182922e-05
0.038,0,0,2.875169108e-05
0.039,0,0,2.79355001e-05
0.04,0,0,2.777287713e-05
0.041,0,0,2.835400464e-05
0.042,0,0,2.872527309e-05
0.043,0,0,2.848994942e-05
0.044,0,0,2.763766937e-05
0.045,0,0,2.649047633e-05
0.046,0,0,2.559614381e-05
0.047,0,0,2.53907814e-05
0.048,0,0,2.540981724e-05
0.049,0,0,2.51379838e-05
0.05,0,0,2.441726132e-05
0.051,0,0,2.335890654e-05
0.052,0,0,2.230990278e-05
0.053,0,0,3.400977395e-05
0.054,0,0,0.0001570561432
0.055,0,0,0.0005158770647
0.056,0,0,0.001145063834
0.057,0,0,0.002044040553
0.058,0,0,0.00321063506
0.059,0,0,0.004656095667
0.06,0,0,0.006431330409
0.061,0,0,0.008619178145
0.062,0,0,0.01128670411
0.063,0,0,0.01445691059
0.064,0,0,0.01812875044
0.065,0,0,0.02230353718
0.066,0,0,0.02700671409
0.067,0,0,0.0322875424
0.068,0,0,0.03820027239
0.069,0,0,0.04478293169
0.07,0,0,0.05204514204
0.071,0,0,0.05998675784
0.072,0,0,0.06861319141
0.073,0,0,0.07794587713
0.074,0,0,0.08801538384
0.075,0,0,0.09885206076
0.076,0,0,0.1104758615
0.077,0,0,0.1228831364
0.078,0,0,0.1360668767
0.079,0,0,0.1500310283
0.08,0,0,0.1647782033
0.081,0,0,0.1803332168
0.082,0,0,0.1966965419
0.083,0,0,0.2138808202
0.084,0,0,0.231864058
0.085,0,0,0.2506435494
0.086,0,0,0.2702076082
0.087,0,0,0.2905523581
0.088,0,0,0.3116836898
0.089,0,0,0.3335934494
0.09,0,0,0.35627701
0.091,0,0,0.3797135238
0.092,0,0,0.4038911893
0.093,0,0,0.4287825582
0.094,0,0,0.454389065
0.095,0,0,0.4806861698
0.096,0,0,0.5076733438
0.097,0,0,0.5353294232
0.098,0,0,0.5636305411
0.099,0,0,0.592562262
0.1,0,0,0.6220904426
0.101,0,0,0.6522040232
0.102,0,0,0.6828805673
0.103,0,0,0.7141030921
0.104,0,0,0.745846847
0.105,0,0,0.7780865545
0.106,0,0,0.8108026384
0.107,0,0,0.8439613751
0.108,0,0,0.8775400805
0.109,0,0,0.911515846
0.11,0,0,0.9458632047
0.111,0,0,0.9805596404
0.112,0,0,1.015575222
0.113,0,0,1.05088053
0.114,0,0,1.086454328
0.115,0,0,1.122271297
0.116,0,0,1.158304538
0.117,0,0,1.194525267
0.118,0,0,1.230910999
0.119,0,0,1.267431071
0.12,0,0,1.304059723
0.121,0,0,1.340771834
0.122,0,0,1.377541731
0.123,0,0,1.414346282
0.124,0,0,1.451154085
0.125,0,0,1.487934798
0.126,0,0,1.524663063
0.127,0,0,1.561310149
0.128,0,0,1.597855694
0.129,0,0,1.634280393
0.13,0,0,1.670565454
0.131,0,0,1.706670989
0.132,0,0,1.74257249
0.133,0,0,1.77824559
0.134,0,0,1.813662634
0.135,0,0,1.848805294
0.136,0,0,1.883660784
0.137,0,0,1.918216949
0.138,0,0,1.952443547
0.139,0,0,1.986312799
0.14,0,0,2.019803053
0.141,0,0,2.05289305
0.142,0,0,2.085571633
0.143,0,0,2.117833466
0.144,0,0,2.149662483
0.145,0,0,2.181036296
0.146,0,0,2.211948303
0.147,0,0,2.242376336
0.148,0,0,2.272300595
0.149,0,0,2.301712917
0.15,0,0,2.33061365
0.151,0,0,2.358993738
0.152,0,0,2.386848286
0.153,0,0,2.414163495
0.154,0,0,2.440931369
0.155,0,0,2.467135064
0.156,0,0,2.492775419
0.157,0,0,2.517871631
0.158,0,0,2.542424208
0.159,0,0,2.56641102
0.16,0,0,2.589835733
0.161,0,0,2.612685144
0.162,0,0,2.634972034
0.163,0,0,2.656714402
0.164,0,0,2.677932123
0.165,0,0,2.698609616
0.166,0,0,2.718743078
0.167,0,0,2.73833119
0.168,0,0,2.75739244
0.169,0,0,2.775956091
0.17,0,0,2.794034687
0.171,0,0,2.811617103
0.172,0,0,2.82872393
0.173,0,0,2.845357717
0.174,0,0,2.861543146
0.175,0,0,2.877288035
0.176,0,0,2.892621765
0.177,0,0,2.907545057
0.178,0,0,2.922083477
0.179,0,0,2.936242148
0.18,0,0,2.950043269
0.181,0,0,2.963503017
0.182,0,0,2.976630594
0.183,0,0,2.989481503
0.184,0,0,3.002056846
0.185,0,0,3.0143619
0.186,0,0,3.02640127
0.187,0,0,3.038211871
0.188,0,0,3.049811433
0.189,0,0,3.061210116
0.19,0,0,3.072457077
0.191,0,0,3.083568157
0.192,0,0,3.09454855
0.193,0,0,3.105418489
0.194,0,0,3.116195688
0.195,0,0,3.126908757
0.196,0,0,3.13758421
0.197,0,0,3.148223198
0.198,0,0,3.158872326
0.199,0,0,3.169541075
0.2,0,0,3.180259102
0.201,0,0,3.191013487
0.202,0,0,3.201842983
0.203,0,0,3.212769426
0.204,0,0,3.223825726
0.205,0,0,3.235010639
0.206,0,0,3.246342178
0.207,0,0,3.25785466
0.208,0,0,3.269553736
0.209,0,0,3.281436781
0.21,0,0,3.293532064
0.211,0,0,3.305870309
0.212,0,0,3.318480317
0.213,0,0,3.331346103
0.214,0,0,3.344469653
0.215,0,0,3.357886166
0.216,0,0,3.371607763
0.217,0,0,3.385640144
0.218,0,0,3.399983064
0.219,0,0,3.414665619
0.22,0,0,3.429702792
0.221,0,0,3.44508819
0.222,0,0,3.460832946
0.223,0,0,3.476936255
0.224,0,0,3.493410843
0.225,0,0,3.510247968
0.226,0,0,3.52748579
0.227,0,0,3.545110015
0.228,0,0,3.563118836
0.229,0,0,3.581517241
0.23,0,0,3.600323465
0.231,0,0,3.619515055
0.232,0,0,3.639071106
0.233,0,0,3.659032413
0.234,0,0,3.679398957
0.235,0,0,3.700155623
0.236,0,0,3.721294058
0.237,0,0,3.742837444
0.238,0,0,3.764754824
0.239,0,0,3.787031202
0.24,0,0,3.809666669
0.241,0,0,3.832668943
0.242,0,0,3.856030168
0.243,0,0,3.879759471
0.244,0,0,3.903836796
0.245,0,0,3.928246046
0.246,0,0,3.952958069
0.247,0,0,3.977987821
0.248,0,0,4.003343391
0.249,0,0,4.028969579
0.25,0,0,4.054898518
0.251,0,0,4.081102298
0.252,0,0,4.107590997
0.253,0,0,4.134314983
0.254,0,0,4.161276186
0.255,0,0,4.188464292
0.256,0,0,4.215869127
0.257,0,0,4.243493169
0.258,0,0,4.271291577
0.259,0,0,4.299263216
0.26,0,0,4.3274086
0.261,0,0,4.355710455
0.262,0,0,4.384147056
0.263,0,0,4.41270163
0.264,0,0,4.441387249
0.265,0,0,4.470131888
0.266,0,0,4.498972019
0.267,0,0,4.527895444
0.268,0,0,4.556845012
0.269,0,0,4.585876024
0.27,0,0,4.614932972
0.271,0,0,4.643972042
0.272,0,0,4.673038958
0.273,0,0,4.702051814
0.274,0,0,4.731054028
0.275,0,0,4.760040303
0.276,0,0,4.788986882
0.277,0,0,4.817856373
0.278,0,0,4.846633496
0.279,0,0,4.875320664
0.28,0,0,4.903923898
0.281,0,0,4.932394591
0.282,0,0,4.960741051
0.283,0,0,4.988974859
0.284,0,0,5.017054735
0.285,0,0,5.044995397
0.286,0,0,5.072779851
0.287,0,0,5.100324921
0.288,0,0,5.127743791
0.289,0,0,5.15496849
0.29,0,0,5.181980846
0.291,0,0,5.208783201
0.292,0,0,5.235364817
0.293,0,0,5.2617329
0.294,0,0,5.287893576
0.295,0,0,5.313802204
0.296,0,0,5.339463045
0.297,0,0,5.364879342
0.298,0,0,5.39004227
0.299,0,0,5.414976188
0.3,0,0,5.439627428
0.301,0,0,5.464022566
0.302,0,0,5.48819557
0.303,0,0,5.512055935
0.304,0,0,5.535662871
0.305,0,0,5.559000427
0.306,0,0,5.582035042
0.307,0,0,5.604863655
0.308,0,0,5.627413807
0.309,0,0,5.649668851
0.31,0,0,5.671670189
0.311,0,0,5.693403136
0.312,0,0,5.714863618
0.313,0,0,5.736045156
0.314,0,0,5.756984226
0.315,0,0,5.777705284
0.316,0,0,5.798143404
0.317,0,0,5.818369055
0.318,0,0,5.83829729
0.319,0,0,5.857985877
0.32,0,0,5.877479198
0.321,0,0,5.896738405
0.322,0,0,5.915764342
0.323,0,0,5.934604955
0.324,0,0,5.953192486
0.325,0,0,5.971623174
0.326,0,0,5.989853765
0.327,0,0,6.007883252
0.328,0,0,6.025738266
0.329,0,0,6.043387958
0.33,0,0,6.060915913
0.331,0,0,6.078296827
0.332,0,0,6.095504815
0.333,0,0,6.112627143
0.334,0,0,6.129588762
0.335,0,0,6.146451605
0.336,0,0,6.163184761
0.337,0,0,6.179803227
0.338,0,0,6.196327964
0.339,0,0,6.212759383
0.34,0,0,6.229218976
0.341,0,0,6.245561719
0.342,0,0,6.261873269
0.343,0,0,6.278087266
0.344,0,0,6.294305929
0.345,0,0,6.310450083
0.346,0,0,6.326653928
0.347,0,0,6.342773094
0.348,0,0,6.358975098
0.349,0,0,6.375162103
0.35,0,0,6.391376422
0.351,0,0,6.407626517
0.352,0,0,6.423873861
0.353,0,0,6.440223321
0.354,0,0,6.456594728
0.355,0,0,6.473058313
0.356,0,0,6.489553452
0.357,0,0,6.506187095
0.358,0,0,6.522880773
0.359,0,0,6.539703945
0.36,0,0,6.556588839
0.361,0,0,6.573578506
0.362,0,0,6.590683249
0.363,0,0,6.607956097
0.364,0,0,6.625264104
0.365,0,0,6.642812389
0.366,0,0,6.660468399
0.367,0,0,6.678300002
0.368,0,0,6.696245942
0.369,0,0,6.714329493
0.37,0,0,6.732535896
0.371,0,0,6.750951418
0.372,0,0,6.769549375
0.373,0,0,6.788301266
0.374,0,0,6.807251162
0.375,0,0,6.826311097
0.376,0,0,6.845631988
0.377,0,0,6.865017774
0.378,0,0,6.884666659
0.379,0,0,6.904427736
0.38,0,0,6.924425177
0.381,0,0,6.944581142
0.382,0,0,6.964979254
0.383,0,0,6.985447301
0.384,0,0,7.006210829
0.385,0,0,7.02703576
0.386,0,0,7.04814034
0.387,0,0,7.069359849
0.388,0,0,7.090782229
0.389,0,0,7.112344957
0.39,0,0,7.134092725
0.391,0,0,7.156037913
0.392,0,0,7.178164236
0.393,0,0,7.200387299
0.394,0,0,7.222771512
0.395,0,0,7.245353904
0.396,0,0,7.268024635
0.397,0,0,7.290939456
0.398,0,0,7.313912646
0.399,0,0,7.33710472
0.4,0,0,7.3603517
0.401,0,0,7.383831347
0.402,0,0,7.407303939
0.403,0,0,7.430957958
0.404,0,0,7.454700987
0.405,0,0,7.478609871
0.406,0,0,7.50256129
0.407,0,0,7.526676852
0.408,0,0,7.550812281
0.409,0,0,7.575114252
0.41,0,0,7.599434912
0.411,0,0,7.623847533
0.412,0,0,7.648271884
0.413,0,0,7.672833273
0.414,0,0,7.697422414
0.415,0,0,7.72203665
0.416,0,0,7.746747286
0.417,0,0,7.771496663
0.418,0,0,7.796237435
0.419,0,0,7.821012362
0.42,0,0,7.845829546
0.421,0,0,7.870591316
0.422,0,0,7.895446722
0.423,0,0,7.920205641
0.424,0,0,7.945079425
0.425,0,0,7.969862777
0.426,0,0,7.994659981
0.427,0,0,8.019405116
0.428,0,0,8.044122285
0.429,0,0,8.068795267
0.43,0,0,8.093489275
0.431,0,0,8.118046803
0.432,0,0,8.142641179
0.433,0,0,8.16713076
0.434,0,0,8.191655504
0.435,0,0,8.216031497
0.436,0,0,8.240354448
0.437,0,0,8.264536
0.438,0,0,8.288735178
0.439,0,0,8.31277067
0.44,0,0,8.336806357
0.441,0,0,8.360732719
0.442,0,0,8.384557698
0.443,0,0,8.408309853
0.444,0,0,8.431957075
0.445,0,0,8.455425276
0.446,0,0,8.478840878
0.447,0,0,8.502146012
0.448,0,0,8.525332415
0.449,0,0,8.548470149
0.45,0,0,8.571440739
0.451,0,0,8.59432924
0.452,0,0,8.617053078
0.453,0,0,8.639706683
0.454,0,0,8.662196928
0.455,0,0,8.684583469
0.456,0,0,8.706831532
0.457,0,0,8.728987437
0.458,0,0,8.751064805
0.459,0,0,8.773005326
0.46,0,0,8.794806377
0.461,0,0,8.816462382
0.462,0,0,8.837987322
0.463,0,0,8.859456648
0.464,0,0,8.880719019
0.465,0,0,8.90191195
0.466,0,0,8.923029786
0.467,0,0,8.944038217
0.468,0,0,8.964931614
0.469,0,0,8.985724802
0.47,0,0,9.006249361
0.471,0,0,9.026840443
0.472,0,0,9.04723839
0.473,0,0,9.067579714
0.474,0,0,9.087835451
0.475,0,0,9.107997828
0.476,0,0,9.128038568
0.477,0,0,9.148041047
0.478,0,0,9.167895182
0.479,0,0,9.187686337
0.48,0,0,9.207343882
0.481,0,0,9.227018297
0.482,0,0,9.246501997
0.483,0,0,9.266087148
0.484,0,0,9.285503713
0.485,0,0,9.304868086
0.486,0,0,9.324203722
0.487,0,0,9.343409152
0.488,0,0,9.362603631
0.489,0,0,9.381761749
0.49,0,0,9.400829418
0.491,0,0,9.419930283
0.492,0,0,9.439016424
0.493,0,0,9.457981219
0.494,0,0,9.477006292
0.495,0,0,9.495912148
0.496,0,0,9.514862002
0.497,0,0,9.533765462
0.498,0,0,9.552681402
0.499,0,0,9.571507015
0.5,0,0,9.590470898
0.501,0,0,9.609343711
0.502,0,0,9.628286849
0.503,0,0,9.647154224
0.504,0,0,9.665896641
0.505,0,0,9.684425708
0.506,0,0,9.702941872
0.507,0,0,9.721412467
0.508,0,0,9.73998816
0.509,0,0,9.758567187
0.51,0,0,9.777174439
0.511,0,0,9.795780978
0.512,0,0,9.814504062
0.513,0,0,9.833039914
0.514,0,0,9.851478881
0.515,0,0,9.869984814
0.516,0,0,9.888554649
0.517,0,0,9.907073315
0.518,0,0,9.92551899
0.519,0,0,9.943981772
0.52,0,0,9.962581873
0.521,0,0,9.981229903
0.522,0,0,9.999784203
0.523,0,0,10.01841559
0.524,0,0,10.0369407
0.525,0,0,10.0554178
0.526,0,0,10.07386025
0.527,0,0,10.09230339
0.528,0,0,10.11091585
0.529,0,0,10.12947972
0.53,0,0,10.14810169
0.531,0,0,10.1666043
0.532,0,0,10.18515376
0.533,0,0,10.20361794
0.534,0,0,10.22196259
0.535,0,0,10.24043467
0.536,0,0,10.25897112
0.537,0,0,10.27764939
0.538,0,0,10.29635888
0.539,0,0,10.31506779
0.54,0,0,10.33374766
0.541,0,0,10.35244772
0.542,0,0,10.37109774
0.543,0,0,10.3898444
0.544,0,0,10.40845933
0.545,0,0,10.4272659
0.546,0,0,10.44609503
0.547,0,0,10.46508546
0.548,0,0,10.48399247
0.549,0,0,10.50295716
0.55,0,0,10.52193666
0.551,0,0,10.54096284
0.552,0,0,10.55989212
0.553,0,0,10.57887655
0.554,0,0,10.59786375
0.555,0,0,10.6170029
0.556,0,0,10.6361932
0.557,0,0,10.65548925
0.558,0,0,10.67478168
0.559,0,0,10.69418292
0.56,0,0,10.7134588
0.561,0,0,10.73281049
0.562,0,0,10.75227399
0.563,0,0,10.77171386
0.564,0,0,10.79121794
0.565,0,0,10.81093631
0.566,0,0,10.83066354
0.567,0,0,10.85057486
0.568,0,0,10.87034081
0.569,0,0,10.89014616
0.57,0,0,10.91007401
0.571,0,0,10.93011845
0.572,0,0,10.95016619
0.573,0,0,10.97029623
0.574,0,0,10.99050523
0.575,0,0,11.01084295
0.576,0,0,11.03118546
0.577,0,0,11.05166832
0.578,0,0,11.07204712
0.579,0,0,11.09258757
0.58,0,0,11.11313473
0.581,0,0,11.13376744
0.582,0,0,11.15446732
0.583,0,0,11.175333
0.584,0,0,11.19611408
0.585,0,0,11.21695677
0.586,0,0,11.23794452
0.587,0,0,11.25887714
0.588,0,0,11.27981001
0.589,0,0,11.30084315
0.59,0,0,11.32189568
0.591,0,0,11.34312644
0.592,0,0,11.36428988
0.593,0,0,11.38547234
0.594,0,0,11.40668891
0.595,0,0,11.42794172
0.596,0,0,11.44918472
0.597,0,0,11.47042809
0.598,0,0,11.49170157
0.599,0,0,11.51307095
0.6,0,0,11.53435949
0.601,0,0,11.555795
0.602,0,0,11.57710224
0.603,0,0,11.59845147
0.604,0,0,11.61970556
0.605,0,0,11.64089996
0.606,0,0,11.66191939
0.607,0,0,11.68284133
0.608,0,0,11.70343902
0.609,0,0,11.72366004
0.61,0,0,11.74369538
0.611,0,0,11.763453
0.612,0,0,11.78285765
0.613,0,0,11.80202169
0.614,0,0,11.82077556
0.615,0,0,11.83921341
0.616,0,0,11.85723746
0.617,0,0,11.87478274
0.618,0,0,11.89185212
0.619,0,0,11.90840581
0.62,0,0,11.92439914
0.621,0,0,11.9399467
0.622,0,0,11.95497395
0.623,0,0,11.96953127
0.624,0,0,11.98339873
0.625,0,0,11.99684374
0.626,0,0,12.00962063
0.627,0,0,12.02184643
0.628,0,0,12.03333664
0.629,0,0,12.04420717
0.63,0,0,12.05441935
0.631,0,0,12.06410822
0.632,0,0,12.07312545
0.633,0,0,12.08142585
0.634,0,0,12.08912354
0.635,0,0,12.0961154
0.636,0,0,12.10240765
0.637,0,0,12.1080551
0.638,0,0,12.11295909
0.639,0,0,12.11721917
0.64,0,0,12.12085616
0.641,0,0,12.12373481
0.642,0,0,12.12605523
0.643,0,0,12.12764415
0.644,0,0,12.12853971
0.645,0,0,12.12873233
0.646,0,0,12.12828461
0.647,0,0,12.12726686
0.648,0,0,12.12552216
0.649,0,0,12.12322937
0.65,0,0,12.12022943
0.651,0,0,12.1166534
0.652,0,0,12.1125045
0.653,0,0,12.1076565
0.654,0,0,12.10224859
0.655,0,0,12.09632697
0.656,0,0,12.08994373
0.657,0,0,12.082897
0.658,0,0,12.07533565
0.659,0,0,12.06725492
0.66,0,0,12.05875573
0.661,0,0,12.04966876
0.662,0,0,12.04022308
0.663,0,0,12.03030716
0.664,0,0,12.02007698
0.665,0,0,12.00932165
0.666,0,0,11.99823222
0.667,0,0,11.98678744
0.668,0,0,11.97501029
0.669,0,0,11.96283357
0.67,0,0,11.95038471
0.671,0,0,11.93766201
0.672,0,0,11.92481257
0.673,0,0,11.91156935
0.674,0,0,11.89823567
0.675,0,0,11.88468403
0.676,0,0,11.8709778
0.677,0,0,11.85704823
0.678,0,0,11.84296395
0.679,0,0,11.82879148
0.68,0,0,11.81461216
0.681,0,0,11.80044616
0.682,0,0,11.78616283
0.683,0,0,11.77188348
0.684,0,0,11.75757599
0.685,0,0,11.74333952
0.686,0,0,11.72902414
0.687,0,0,11.71483149
0.688,0,0,11.70070608
0.689,0,0,11.68684805
0.69,0,0,11.67305357
0.691,0,0,11.65936571
0.692,0,0,11.64582019
0.693,0,0,11.63249689
0.694,0,0,11.61933552
0.695,0,0,11.60637171
0.696,0,0,11.59360563
0.697,0,0,11.58123304
0.698,0,0,11.5690053
0.699,0,0,11.557167
0.7,0,0,11.54561369
0.701,0,0,11.53429252
0.702,0,0,11.52329024
0.703,0,0,11.51259616
0.704,0,0,11.50225964
0.705,0,0,11.49227959
0.706,0,0,11.48271336
0.707,0,0,11.47346558
0.708,0,0,11.46468431
0.709,0,0,11.45626656
0.71,0,0,11.44826412
0.711,0,0,11.44055053
0.712,0,0,11.43331699
0.713,0,0,11.42643483
0.714,0,0,11.42008893
0.715,0,0,11.41410304
0.716,0,0,11.40855007
0.717,0,0,11.40344102
0.718,0,0,11.39879598
0.719,0,0,11.39454289
0.72,0,0,11.39072865
0.721,0,0,11.38722732
0.722,0,0,11.38435048
0.723,0,0,11.38184619
0.724,0,0,11.37977934
0.725,0,0,11.3780998
0.726,0,0,11.37686255
0.727,0,0,11.37600918
0.728,0,0,11.3755551
0.729,0,0,11.37552216
0.73,0,0,11.37589634
0.731,0,0,11.37677183
0.732,0,0,11.37798887
0.733,0,0,11.37960811
0.734,0,0,11.3815768
0.735,0,0,11.38390969
0.736,0,0,11.38646422
0.737,0,0,11.38946268
0.738,0,0,11.39278163
0.739,0,0,11.39657184
0.74,0,0,11.40056142
0.741,0,0,11.40490289
0.742,0,0,11.40956657
0.743,0,0,11.414586
0.744,0,0,11.41977203
0.745,0,0,11.42518324
0.746,0,0,11.43085766
0.747,0,0,11.43685764
0.748,0,0,11.44306832
0.749,0,0,11.44956086
0.75,0,0,11.45617558
0.751,0,0,11.4630565
0.752,0,0,11.4700828
0.753,0,0,11.47725143
0.754,0,0,11.48454627
0.755,0,0,11.49202706
0.756,0,0,11.49970588
0.757,0,0,11.50754841
0.758,0,0,11.51545737
0.759,0,0,11.52345775
0.76,0,0,11.53147315
0.761,0,0,11.53957045
0.762,0,0,11.54772985
0.763,0,0,11.55596033
0.764,0,0,11.56429485
0.765,0,0,11.57259859
0.766,0,0,11.58098539
0.767,0,0,11.58940506
0.768,0,0,11.59776702
0.769,0,0,11.60612133
0.77,0,0,11.61427884
0.771,0,0,11.62252169
0.772,0,0,11.63074383
0.773,0,0,11.63895509
0.774,0,0,11.64700464
0.775,0,0,11.6550249
0.776,0,0,11.66299329
0.777,0,0,11.6708266
0.778,0,0,11.67851817
0.779,0,0,11.68600349
0.78,0,0,11.69351319
0.781,0,0,11.7008994
0.782,0,0,11.70815973
0.783,0,0,11.71521728
0.784,0,0,11.72215848
0.785,0,0,11.72884917
0.786,0,0,11.73542361
0.787,0,0,11.74172244
0.788,0,0,11.74793694
0.789,0,0,11.75393169
0.79,0,0,11.75979557
0.791,0,0,11.76543071
0.792,0,0,11.77089114
0.793,0,0,11.7761709
0.794,0,0,11.78105289
0.795,0,0,11.78575679
0.796,0,0,11.79029406
0.797,0,0,11.79463439
0.798,0,0,11.7987818
0.799,0,0,11.80261676
0.8,0,0,11.80630508
0.801,0,0,11.80973124
0.802,0,0,11.81286707
0.803,0,0,11.81565115
0.804,0,0,11.81831873
0.805,0,0,11.82078816
0.806,0,0,11.82304874
0.807,0,0,11.82500789
0.808,0,0,11.82678045
0.809,0,0,11.82824361
0.81,0,0,11.82946618
0.811,0,0,11.83040925
0.812,0,0,11.83115551
0.813,0,0,11.83172466
0.814,0,0,11.83204937
0.815,0,0,11.83212834
0.816,0,0,11.83206767
0.817,0,0,11.83173424
0.818,0,0,11.83114651
0.819,0,0,11.83027401
0.82,0,0,11.82931452
0.821,0,0,11.82807875
0.822,0,0,11.82672764
0.823,0,0,11.82511849
0.824,0,0,11.82338754
0.825,0,0,11.82148487
0.826,0,0,11.81933792
0.827,0,0,11.81697175
0.828,0,0,11.81440329
0.829,0,0,11.81177941
0.83,0,0,11.80902053
0.831,0,0,11.80617363
0.832,0,0,11.80311885
0.833,0,0,11.79998953
0.834,0,0,11.79658996
0.835,0,0,11.79313268
0.836,0,0,11.78947766
0.837,0,0,11.78583922
0.838,0,0,11.78203782
0.839,0,0,11.77824967
0.84,0,0,11.77440044
0.841,0,0,11.7704176
0.842,0,0,11.76641193
0.843,0,0,11.76223223
0.844,0,0,11.75792646
0.845,0,0,11.75369375
0.846,0,0,11.74940145
0.847,0,0,11.74515239
0.848,0,0,11.74085686
0.849,0,0,11.73659266
0.85,0,0,11.73229691
0.851,0,0,11.72798945
0.852,0,0,11.72355347
0.853,0,0,11.71917396
0.854,0,0,11.71491271
0.855,0,0,11.71069604
0.856,0,0,11.70645809
0.857,0,0,11.70225859
0.858,0,0,11.69817107
0.859,0,0,11.69404799
0.86,0,0,11.68999937
0.861,0,0,11.68593522
0.862,0,0,11.68206714
0.863,0,0,11.67826923
0.864,0,0,11.67452614
0.865,0,0,11.67091198
0.866,0,0,11.6672876
0.867,0,0,11.66383813
0.868,0,0,11.66037251
0.869,0,0,11.65704064
0.87,0,0,11.6538731
0.871,0,0,11.65077809
0.872,0,0,11.64780329
0.873,0,0,11.64499001
0.874,0,0,11.64234483
0.875,0,0,11.63968003
0.876,0,0,11.63716356
0.877,0,0,11.63465028
0.878,0,0,11.63234341
0.879,0,0,11.63020933
0.88,0,0,11.62825403
0.881,0,0,11.62634019
0.882,0,0,11.62462609
0.883,0,0,11.62302452
0.884,0,0,11.62150201
0.885,0,0,11.6200738
0.886,0,0,11.61874085
0.887,0,0,11.61756458
0.888,0,0,11.61657914
0.889,0,0,11.61567097
0.89,0,0,11.61486778
0.891,0,0,11.61417894
0.892,0,0,11.61370875
0.893,0,0,11.61321529
0.894,0,0,11.6128913
0.895,0,0,11.6126294
0.896,0,0,11.61251702
0.897,0,0,11.61251192
0.898,0,0,11.61260138
0.899,0,0,11.61283025
0.9,0,0,11.61311957
0.901,0,0,11.61347905
0.902,0,0,11.61385659
0.903,0,0,11.61441053
0.904,0,0,11.61507398
0.905,0,0,11.61586021
0.906,0,0,11.61660194
0.907,0,0,11.61756855
0.908,0,0,11.6185303
0.909,0,0,11.61958873
0.91,0,0,11.6205516
0.911,0,0,11.62164315
0.912,0,0,11.62285088
0.913,0,0,11.62412552
0.914,0,0,11.62546567
0.915,0,0,11.62682497
0.916,0,0,11.62828226
0.917,0,0,11.62982775
0.918,0,0,11.63126402
0.919,0,0,11.63277467
0.92,0,0,11.63428816
0.921,0,0,11.63589897
0.922,0,0,11.63751925
0.923,0,0,11.63923227
0.924,0,0,11.64092756
0.925,0,0,11.64266082
0.926,0,0,11.64436183
0.927,0,0,11.64603121
0.928,0,0,11.64776744
0.929,0,0,11.64953306
0.93,0,0,11.65127191
0.931,0,0,11.6530211
0.932,0,0,11.65488715
0.933,0,0,11.65664262
0.934,0,0,11.65841389
0.935,0,0,11.66008986
0.936,0,0,11.66174669
0.937,0,0,11.66352757
0.938,0,0,11.66524774
0.939,0,0,11.66695393
0.94,0,0,11.66859758
0.941,0,0,11.67036543
0.942,0,0,11.67203326
0.943,0,0,11.67360899
0.944,0,0,11.67513635
0.945,0,0,11.67662519
0.946,0,0,11.67819304
0.947,0,0,11.67967456
0.948,0,0,11.68118526
0.949,0,0,11.68262342
0.95,0,0,11.68410207
0.951,0,0,11.68541798
0.952,0,0,11.68670352
0.953,0,0,11.68791327
0.954,0,0,11.68921047
0.955,0,0,11.69039889
0.956,0,0,11.69161845
0.957,0,0,11.6927649
0.958,0,0,11.69388627
0.959,0,0,11.69486811
0.96,0,0,11.69577675
0.961,0,0,11.69671821
0.962,0,0,11.69763228
0.963,0,0,11.69847309
0.964,0,0,11.69927109
0.965,0,0,11.70000048
0.966,0,0,11.70085366
0.967,0,0,11.7014993
0.968,0,0,11.70207844
0.969,0,0,11.70256448
0.97,0,0,11.70309041
0.971,0,0,11.70357421
0.972,0,0,11.70401964
0.973,0,0,11.70439717
0.974,0,0,11.70474398
0.975,0,0,11.70510312
0.976,0,0,11.70531521
0.977,0,0,11.70549573
0.978,0,0,11.70561717
0.979,0,0,11.70577613
0.98,0,0,11.70578035
0.981,0,0,11.7058832
0.982,0,0,11.70587591
0.983,0,0,11.70583451
0.984,0,0,11.70573417
0.985,0,0,11.70555342
0.986,0,0,11.7054292
0.987,0,0,11.70523071
0.988,0,0,11.70504036
0.989,0,0,11.70475739
0.99,0,0,11.70450546
0.991,0,0,11.70422584
0.992,0,0,11.70384273
0.993,0,0,11.70341888
0.994,0,0,11.70291673
0.995,0,0,11.70253891
0.996,0,0,11.70207982
0.997,0,0,11.70165239
0.998,0,0,11.70114051
0.999,0,0,11.70068071
1,0,0,11.70014881
1.001,0,0,11.69956611
1.002,0,0,11.69889135
1.003,0,0,11.69828591
1.004,0,0,11.69767183
1.005,0,0,11.69707431
1.006,0,0,11.69645146
1.007,0,0,11.69580228
1.008,0,0,11.69510564
1.009,0,0,11.69436004
1.01,0,0,11.6936009
1.011,0,0,11.6928541
1.012,0,0,11.69203637
1.013,0,0,11.69124368
1.014,0,0,11.69034253
1.015,0,0,11.68957524
1.016,0,0,11.68870222
1.017,0,0,11.68776537
1.018,0,0,11.6867783
1.019,0,0,11.68582311
1.02,0,0,11.68487926
1.021,0,0,11.6838481
1.022,0,0,11.68283129
1.023,0,0,11.68176448
1.024,0,0,11.6807592
1.025,0,0,11.67962018
1.026,0,0,11.67841955
1.027,0,0,11.67713085
1.028,0,0,11.67601598
1.029,0,0,11.67477352
1.03,0,0,11.67359222
1.031,0,0,11.67232741
1.032,0,0,11.67102395
1.033,0,0,11.66968601
1.034,0,0,11.6682642
1.035,0,0,11.66684698
1.036,0,0,11.66541577
1.037,0,0,11.66394905
1.038,0,0,11.662518
1.039,0,0,11.66102364
1.04,0,0,11.65956849
1.041,0,0,11.65799575
1.042,0,0,11.6563974
1.043,0,0,11.65471177
1.044,0,0,11.6531019
1.045,0,0,11.65144531
1.046,0,0,11.64975773
1.047,0,0,11.64804934
1.048,0,0,11.64633934
1.049,0,0,11.64463156
1.05,0,0,11.64283897
1.051,0,0,11.6409479
1.052,0,0,11.63904534
1.053,0,0,11.63727675
1.054,0,0,11.63541546
1.055,0,0,11.63353024
1.056,0,0,11.63164993
1.057,0,0,11.62972921
1.058,0,0,11.62778536
1.059,0,0,11.6257638
1.06,0,0,11.62373648
1.061,0,0,11.62168562
1.062,0,0,11.6197391
1.063,0,0,11.61768455
1.064,0,0,11.61565775
1.065,0,0,11.61366945
1.066,0,0,11.61155148
1.067,0,0,11.60942766
1.068,0,0,11.60724402
1.069,0,0,11.60515986
1.07,0,0,11.60301427
1.071,0,0,11.60091114
1.072,0,0,11.59876275
1.073,0,0,11.59669914
1.074,0,0,11.59457624
1.075,0,0,11.59238056
1.076,0,0,11.59007167
1.077,0,0,11.58791683
1.078,0,0,11.58576656
1.079,0,0,11.58361388
1.08,0,0,11.58146962
1.081,0,0,11.57933899
1.082,0,0,11.57720476
1.083,0,0,11.57499864
1.084,0,0,11.57274555
1.085,0,0,11.57055323
1.086,0,0,11.56835974
1.087,0,0,11.56627224
1.088,0,0,11.56408552
1.089,0,0,11.56202297
1.09,0,0,11.55993789
1.091,0,0,11.55781452
1.092,0,0,11.55564816
1.093,0,0,11.55352928
1.094,0,0,11.551436
1.095,0,0,11.54931115
1.096,0,0,11.54723896
1.097,0,0,11.54521168
1.098,0,0,11.54328412
1.099,0,0,11.54128045
1.1,0,0,11.53922786
1.101,0,0,11.53711103
1.102,0,0,11.53516891
1.103,0,0,11.53323649
1.104,0,0,11.5312877
1.105,0,0,11.5293855
1.106,0,0,11.52753624
1.107,0,0,11.52573572
1.108,0,0,11.52383612
1.109,0,0,11.52197442
1.11,0,0,11.52006839
1.111,0,0,11.51829741
1.112,0,0,11.51653266
1.113,0,0,11.51478833
1.114,0,0,11.51314991
1.115,0,0,11.51146109
1.116,0,0,11.50979288
1.117,0,0,11.50807231
1.118,0,0,11.50645337
1.119,0,0,11.50477845
1.12,0,0,11.50321503
1.121,0,0,11.50166373
1.122,0,0,11.50021062
1.123,0,0,11.49875971
1.124,0,0,11.4973171
1.125,0,0,11.49570243
1.126,0,0,11.49425307
1.127,0,0,11.49286969
1.128,0,0,11.4914694
1.129,0,0,11.49013094
1.13,0,0,11.48882047
1.131,0,0,11.48759192
1.132,0,0,11.48633334
1.133,0,0,11.48505485
1.134,0,0,11.48374203
1.135,0,0,11.48247987
1.136,0,0,11.48130241
1.137,0,0,11.48005449
1.138,0,0,11.47897713
1.139,0,0,11.4778804
1.14,0,0,11.47683053
1.141,0,0,11.47569921
1.142,0,0,11.47463471
1.143,0,0,11.47355582
1.144,0,0,11.47251835
1.145,0,0,11.47146654
1.146,0,0,11.47049274
1.147,0,0,11.46956797
1.148,0,0,11.46873494
1.149,0,0,11.46771197
1.15,0,0,11.46670769
1.151,0,0,11.46577595
1.152,0,0,11.46485748
1.153,0,0,11.46397989
1.154,0,0,11.46311688
1.155,0,0,11.46230618
1.156,0,0,11.46151355
1.157,0,0,11.46067722
1.158,0,0,11.45982973
1.159,0,0,11.45895719
1.16,0,0,11.4581713
1.161,0,0,11.45729809
1.162,0,0,11.45656479
1.163,0,0,11.45582092
1.164,0,0,11.45510753
1.165,0,0,11.45429815
1.166,0,0,11.45350157
1.167,0,0,11.45269326
1.168,0,0,11.45194693
1.169,0,0,11.45116526
1.17,0,0,11.45041578
1.171,0,0,11.44966836
1.172,0,0,11.44904247
1.173,0,0,11.44824796
1.174,0,0,11.44744244
1.175,0,0,11.44666213
1.176,0,0,11.44586258
1.177,0,0,11.44511961
1.178,0,0,11.44438815
1.179,0,0,11.44367995
1.18,0,0,11.44292324
1.181,0,0,11.44213531
1.182,0,0,11.44130828
1.183,0,0,11.4404983
1.184,0,0,11.43974567
1.185,0,0,11.43883529
1.186,0,0,11.43802585
1.187,0,0,11.43723412
1.188,0,0,11.4364949
1.189,0,0,11.4356389
1.19,0,0,11.43477411
1.191,0,0,11.43385279
1.192,0,0,11.43301452
1.193,0,0,11.43212323
1.194,0,0,11.43126018
1.195,0,0,11.43034455
1.196,0,0,11.42951521
1.197,0,0,11.42854479
1.198,0,0,11.42758489
1.199,0,0,11.42662768
1.2,0,0,11.42562028
1.201,0,0,11.42464338
1.202,0,0,11.42364699
1.203,0,0,11.42273633
1.204,0,0,11.42174616
1.205,0,0,11.42073629
1.206,0,0,11.41961357
1.207,0,0,11.4185477
1.208,0,0,11.4174769
1.209,0,0,11.41634241
1.21,0,0,11.41527042
1.211,0,0,11.41419194
1.212,0,0,11.4131277
1.213,0,0,11.41197065
1.214,0,0,11.41083158
1.215,0,0,11.4096352
1.216,0,0,11.40844973
1.217,0,0,11.40719184
1.218,0,0,11.40596373
1.219,0,0,11.40484193
1.22,0,0,11.40368847
1.221,0,0,11.4023925
1.222,0,0,11.40109465
1.223,0,0,11.39982241
1.224,0,0,11.39850392
1.225,0,0,11.39719925
1.226,0,0,11.39588486
1.227,0,0,11.39461488
1.228,0,0,11.39331198
1.229,0,0,11.39200776
1.23,0,0,11.39061848
1.231,0,0,11.38931825
1.232,0,0,11.38784746
1.233,0,0,11.38645711
1.234,0,0,11.38507382
1.235,0,0,11.38375417
1.236,0,0,11.38237335
1.237,0,0,11.38095264
1.238,0,0,11.3794879
1.239,0,0,11.37804476
1.24,0,0,11.37658196
1.241,0,0,11.37515009
1.242,0,0,11.3737078
1.243,0,0,11.37232677
1.244,0,0,11.37084128
1.245,0,0,11.36934346
1.246,0,0,11.36789152
1.247,0,0,11.36636633
1.248,0,0,11.36484704
1.249,0,0,11.36330453
1.25,0,0,11.36189122
1.251,0,0,11.3604519
1.252,0,0,11.35900909
1.253,0,0,11.35743643
1.254,0,0,11.3559498
1.255,0,0,11.35442819
1.256,0,0,11.35289286
1.257,0,0,11.3513623
1.258,0,0,11.34988334
1.259,0,0,11.3484391
1.26,0,0,11.34695355
1.261,0,0,11.3454208
1.262,0,0,11.343925
1.263,0,0,11.34235855
1.264,0,0,11.34083774
1.265,0,0,11.33930749
1.266,0,0,11.33786863
1.267,0,0,11.33642343
1.268,0,0,11.33493107
1.269,0,0,11.33346743
1.27,0,0,11.33193182
1.271,0,0,11.33043945
1.272,0,0,11.32894145
1.273,0,0,11.3275275
1.274,0,0,11.32609479
1.275,0,0,11.32463701
1.276,0,0,11.32312911
1.277,0,0,11.3217316
1.278,0,0,11.32034534
1.279,0,0,11.31887988
1.28,0,0,11.31740791
1.281,0,0,11.31600247
1.282,0,0,11.31466357
1.283,0,0,11.31330295
1.284,0,0,11.31188848
1.285,0,0,11.31049628
1.286,0,0,11.30910447
1.287,0,0,11.30775212
1.288,0,0,11.30639208
1.289,0,0,11.30511369
1.29,0,0,11.30382378
1.291,0,0,11.30248105
1.292,0,0,11.30120608
1.293,0,0,11.29988793
1.294,0,0,11.29860377
1.295,0,0,11.29733347
1.296,0,0,11.29616067
1.297,0,0,11.29491427
1.298,0,0,11.29370642
1.299,0,0,11.29243228
1.3,0,0,11.29128819
1.301,0,0,11.29010394
1.302,0,0,11.28887477
1.303,0,0,11.28765463
1.304,0,0,11.28656513
1.305,0,0,11.2855141
1.306,0,0,11.28445152
1.307,0,0,11.28327291
1.308,0,0,11.28218128
1.309,0,0,11.28111288
1.31,0,0,11.28007402
1.311,0,0,11.27902323
1.312,0,0,11.27804398
1.313,0,0,11.27703153
1.314,0,0,11.27601919
1.315,0,0,11.27504125
1.316,0,0,11.27405867
1.317,0,0,11.27310294
1.318,0,0,11.27221109
1.319,0,0,11.27135208
1.32,0,0,11.27045139
1.321,0,0,11.26958569
1.322,0,0,11.26868098
1.323,0,0,11.267879
1.324,0,0,11.26700194
1.325,0,0,11.26607493
1.326,0,0,11.26522447
1.327,0,0,11.26454074
1.328,0,0,11.26386533
1.329,0,0,11.26312959
1.33,0,0,11.26234634
1.331,0,0,11.26162867
1.332,0,0,11.26092709
1.333,0,0,11.26019331
1.334,0,0,11.25949433
1.335,0,0,11.25888128
1.336,0,0,11.25825286
1.337,0,0,11.25766309
1.338,0,0,11.25703218
1.339,0,0,11.25641029
1.34,0,0,11.25580771
1.341,0,0,11.25526172
1.342,0,0,11.2546758
1.343,0,0,11.25413232
1.344,0,0,11.25358506
1.345,0,0,11.25313028
1.346,0,0,11.25269681
1.347,0,0,11.25218657
1.348,0,0,11.2516447
1.349,0,0,11.25120975
1.35,0,0,11.25083386
1.351,0,0,11.250468
1.352,0,0,11.24996683
1.353,0,0,11.24955375
1.354,0,0,11.24916378
1.355,0,0,11.24880794
1.356,0,0,11.24843348
1.357,0,0,11.24812451
1.358,0,0,11.2478249
1.359,0,0,11.24753138
1.36,0,0,11.24721548
1.361,0,0,11.24687694
1.362,0,0,11.24659012
1.363,0,0,11.24634112
1.364,0,0,11.24610162
1.365,0,0,11.24580948
1.366,0,0,11.24553975
1.367,0,0,11.24532446
1.368,0,0,11.24519124
1.369,0,0,11.24498303
1.37,0,0,11.24472532
1.371,0,0,11.24452917
1.372,0,0,11.24443443
1.373,0,0,11.24435283
1.374,0,0,11.24416175
1.375,0,0,11.24399171
1.376,0,0,11.24385995
1.377,0,0,11.24378513
1.378,0,0,11.24363879
1.379,0,0,11.24351742
1.38,0,0,11.24350595
1.381,0,0,11.2434376
1.382,0,0,11.24336057
1.383,0,0,11.24323109
1.384,0,0,11.24317258
1.385,0,0,11.24316278
1.386,0,0,11.24320648
1.387,0,0,11.24318635
1.388,0,0,11.24316274
1.389,0,0,11.24312008
1.39,0,0,11.24321983
1.391,0,0,11.24324487
1.392,0,0,11.24319278
1.393,0,0,11.24318056
1.394,0,0,11.24326881
1.395,0,0,11.24340425
1.396,0,0,11.24343974
1.397,0,0,11.24349733
1.398,0,0,11.24357304
1.399,0,0,11.24370796
1.4,0,0,11.24378462
1.401,0,0,11.24386248
1.402,0,0,11.24402287
1.403,0,0,11.24420923
1.404,0,0,11.24436742
1.405,0,0,11.24443727
1.406,0,0,11.24455852
1.407,0,0,11.24469798
1.408,0,0,11.24494563
1.409,0,0,11.24513792
1.41,0,0,11.24533601
1.411,0,0,11.24551344
1.412,0,0,11.2457884
1.413,0,0,11.24603516
1.414,0,0,11.24620228
1.415,0,0,11.2463921
1.416,0,0,11.24670691
1.417,0,0,11.24707966
1.418,0,0,11.24734361
1.419,0,0,11.24759444
1.42,0,0,11.24788227
1.421,0,0,11.24824443
1.422,0,0,11.24852386
1.423,0,0,11.24879835
1.424,0,0,11.24913152
1.425,0,0,11.24947939
1.426,0,0,11.24990944
1.427,0,0,11.25027883
1.428,0,0,11.25064656
1.429,0,0,11.25105589
1.43,0,0,11.25154407
1.431,0,0,11.25199425
1.432,0,0,11.25241907
1.433,0,0,11.25282695
1.434,0,0,11.25333821
1.435,0,0,11.2538053
1.436,0,0,11.25420043
1.437,0,0,11.25463873
1.438,0,0,11.2551928
1.439,0,0,11.25586093
1.44,0,0,11.25644073
1.441,0,0,11.25695377
1.442,0,0,11.25748341
1.443,0,0,11.25813874
1.444,0,0,11.25876011
1.445,0,0,11.25934373
1.446,0,0,11.25995732
1.447,0,0,11.26060637
1.448,0,0,11.26129235
1.449,0,0,11.26192405
1.45,0,0,11.26258447
1.451,0,0,11.26331128
1.452,0,0,11.26409874
1.453,0,0,11.26487015
1.454,0,0,11.26561116
1.455,0,0,11.26634479
1.456,0,0,11.26719318
1.457,0,0,11.26803465
1.458,0,0,11.26877501
1.459,0,0,11.26954689
1.46,0,0,11.27044155
1.461,0,0,11.27143374
1.462,0,0,11.27230927
1.463,0,0,11.27317819
1.464,0,0,11.27407532
1.465,0,0,11.27501656
1.466,0,0,11.27593125
1.467,0,0,11.2768824
1.468,0,0,11.27788291
1.469,0,0,11.27893294
1.47,0,0,11.27997439
1.471,0,0,11.28101503
1.472,0,0,11.28203695
1.473,0,0,11.28312747
1.474,0,0,11.28427157
1.475,0,0,11.28540738
1.476,0,0,11.28648477
1.477,0,0,11.28761661
1.478,0,0,11.28880978
1.479,0,0,11.28996758
1.48,0,0,11.29108292
1.481,0,0,11.29228855
1.482,0,0,11.29356687
1.483,0,0,11.29491326
1.484,0,0,11.29615011
1.485,0,0,11.29741275
1.486,0,0,11.29874179
1.487,0,0,11.30007738
1.488,0,0,11.30136868
1.489,0,0,11.30269456
1.49,0,0,11.30400809
1.491,0,0,11.30540519
1.492,0,0,11.3067854
1.493,0,0,11.3081697
1.494,0,0,11.30957931
1.495,0,0,11.31110006
1.496,0,0,11.312589
1.497,0,0,11.31407339
1.498,0,0,11.31551277
1.499,0,0,11.31703021
1.5,0,0,11.31857486
1.501,0,0,11.32006493
1.502,0,0,11.32150271
1.503,0,0,11.32306022
1.504,0,0,11.32471989
1.505,0,0,11.32634868
1.506,0,0,11.32790747
1.507,0,0,11.32941965
1.508,0,0,11.33098703
1.509,0,0,11.33253656
1.51,0,0,11.33404831
1.511,0,0,11.33562687
1.512,0,0,11.33719245
1.513,0,0,11.33877099
1.514,0,0,11.34028516
1.515,0,0,11.34181586
1.516,0,0,11.34330975
1.517,0,0,11.34483521
1.518,0,0,11.34631412
1.519,0,0,11.34776257
1.52,0,0,11.34911164
1.521,0,0,11.35052566
1.522,0,0,11.35193955
1.523,0,0,11.3532648
1.524,0,0,11.35453036
1.525,0,0,11.35582783
1.526,0,0,11.35719896
1.527,0,0,11.35845539
1.528,0,0,11.35965431
1.529,0,0,11.36080343
1.53,0,0,11.36196798
1.531,0,0,11.36304808
1.532,0,0,11.36406678
1.533,0,0,11.36508306
1.534,0,0,11.36606416
1.535,0,0,11.36702126
1.536,0,0,11.36790231
1.537,0,0,11.36873998
1.538,0,0,11.36956343
1.539,0,0,11.37039951
1.54,0,0,11.37116706
1.541,0,0,11.37185031
1.542,0,0,11.37248475
1.543,0,0,11.37312509
1.544,0,0,11.37370079
1.545,0,0,11.37411403
1.546,0,0,11.37455655
1.547,0,0,11.3749952
1.548,0,0,11.37547486
1.549,0,0,11.37581357
1.55,0,0,11.37605998
1.551,0,0,11.37627199
1.552,0,0,11.37649813
1.553,0,0,11.37662538
1.554,0,0,11.37670979
1.555,0,0,11.37677211
1.556,0,0,11.37682614
1.557,0,0,11.37681299
1.558,0,0,11.37673793
1.559,0,0,11.37660407
1.56,0,0,11.37651549
1.561,0,0,11.37637021
1.562,0,0,11.37614613
1.563,0,0,11.37580399
1.564,0,0,11.37548504
1.565,0,0,11.37517289
1.566,0,0,11.37479261
1.567,0,0,11.37427335
1.568,0,0,11.37377602
1.569,0,0,11.37332584
1.57,0,0,11.37291223
1.571,0,0,11.37238017
1.572,0,0,11.3717346
1.573,0,0,11.37111217
1.574,0,0,11.37047593
1.575,0,0,11.36972069
1.576,0,0,11.36898314
1.577,0,0,11.36821991
1.578,0,0,11.36749414
1.579,0,0,11.36670947
1.58,0,0,11.36587828
1.581,0,0,11.36498146
1.582,0,0,11.36416252
1.583,0,0,11.36332712
1.584,0,0,11.36248294
1.585,0,0,11.36149439
1.586,0,0,11.36056682
1.587,0,0,11.35967264
1.588,0,0,11.35872106
1.589,0,0,11.35766376
1.59,0,0,11.35663487
1.591,0,0,11.35569375
1.592,0,0,11.35474442
1.593,0,0,11.35371899
1.594,0,0,11.35264392
1.595,0,0,11.35162753
1.596,0,0,11.35062058
1.597,0,0,11.34957326
1.598,0,0,11.34854212
1.599,0,0,11.34747268
1.6,0,0,11.34648889
1.601,0,0,11.34549584
1.602,0,0,11.34449277
1.603,0,0,11.34343035
1.604,0,0,11.34245849
1.605,0,0,11.3414825
1.606,0,0,11.34050539
1.607,0,0,11.33945802
1.608,0,0,11.33848199
1.609,0,0,11.33755365
1.61,0,0,11.33657258
1.611,0,0,11.33558693
1.612,0,0,11.33464095
1.613,0,0,11.33386173
1.614,0,0,11.33305088
1.615,0,0,11.33220465
1.616,0,0,11.33130994
1.617,0,0,11.33046172
1.618,0,0,11.32963403
1.619,0,0,11.32881062
1.62,0,0,11.32803514
1.621,0,0,11.32729312
1.622,0,0,11.32659188
1.623,0,0,11.32587662
1.624,0,0,11.32520849
1.625,0,0,11.32456909
1.626,0,0,11.323972
1.627,0,0,11.32341195
1.628,0,0,11.32285399
1.629,0,0,11.32227388
1.63,0,0,11.32178211
1.631,0,0,11.3213514
1.632,0,0,11.32084386
1.633,0,0,11.32034931
1.634,0,0,11.31990094
1.635,0,0,11.31960492
1.636,0,0,11.31927921
1.637,0,0,11.31894744
1.638,0,0,11.31865459
1.639,0,0,11.31842275
1.64,0,0,11.31817069
1.641,0,0,11.31794142
1.642,0,0,11.31779113
1.643,0,0,11.31769145
1.644,0,0,11.31759765
1.645,0,0,11.31751144
1.646,0,0,11.31741678
1.647,0,0,11.31738512
1.648,0,0,11.31741317
1.649,0,0,11.31748065
1.65,0,0,11.31751638
1.651,0,0,11.31758933
1.652,0,0,11.31772121
1.653,0,0,11.3178946
1.654,0,0,11.31798368
1.655,0,0,11.31815433
1.656,0,0,11.31840449
1.657,0,0,11.31873873
1.658,0,0,11.31903758
1.659,0,0,11.31929572
1.66,0,0,11.31958931
1.661,0,0,11.31995458
1.662,0,0,11.32028151
1.663,0,0,11.32062675
1.664,0,0,11.32100462
1.665,0,0,11.32143742
1.666,0,0,11.32188466
1.667,0,0,11.32235027
1.668,0,0,11.32279985
1.669,0,0,11.32335192
1.67,0,0,11.32389131
1.671,0,0,11.32445107
1.672,0,0,11.32496238
1.673,0,0,11.32552681
1.674,0,0,11.32612504
1.675,0,0,11.3267105
1.676,0,0,11.32721206
1.677,0,0,11.32773882
1.678,0,0,11.32838439
1.679,0,0,11.32907118
1.68,0,0,11.32973439
1.681,0,0,11.33032187
1.682,0,0,11.33095348
1.683,0,0,11.33162851
1.684,0,0,11.33224978
1.685,0,0,11.33291569
1.686,0,0,11.33358922
1.687,0,0,11.3343055
1.688,0,0,11.33495516
1.689,0,0,11.3355852
1.69,0,0,11.33619136
1.691,0,0,11.3368975
1.692,0,0,11.33757492
1.693,0,0,11.33826323
1.694,0,0,11.33886618
1.695,0,0,11.33952036
1.696,0,0,11.34023332
1.697,0,0,11.34087513
1.698,0,0,11.34144903
1.699,0,0,11.34203325
1.7,0,0,11.34274109
1.701,0,0,11.3433991
1.702,0,0,11.34400768
1.703,0,0,11.3445732
1.704,0,0,11.34516359
1.705,0,0,11.34574283
1.706,0,0,11.34625694
1.707,0,0,11.34677035
1.708,0,0,11.34728665
1.709,0,0,11.347862
1.71,0,0,11.3483951
1.711,0,0,11.34887665
1.712,0,0,11.34933641
1.713,0,0,11.34985369
1.714,0,0,11.35037886
1.715,0,0,11.35082662
1.716,0,0,11.35119032
1.717,0,0,11.35160534
1.718,0,0,11.35204656
1.719,0,0,11.35233554
1.72,0,0,11.3526142
1.721,0,0,11.35291412
1.722,0,0,11.3533273
1.723,0,0,11.3536912
1.724,0,0,11.35394793
1.725,0,0,11.35414876
1.726,0,0,11.3544148
1.727,0,0,11.35465936
1.728,0,0,11.35487803
1.729,0,0,11.35505578
1.73,0,0,11.35524284
1.731,0,0,11.35541721
1.732,0,0,11.35554871
1.733,0,0,11.35559775
1.734,0,0,11.35567357
1.735,0,0,11.3557495
1.736,0,0,11.35585303
1.737,0,0,11.35587602
1.738,0,0,11.35586265
1.739,0,0,11.35589748
1.74,0,0,11.35596556
1.741,0,0,11.35590875
1.742,0,0,11.3557795
1.743,0,0,11.35567021
1.744,0,0,11.35565424
1.745,0,0,11.35560691
1.746,0,0,11.35546241
1.747,0,0,11.35527562
1.748,0,0,11.35514644
1.749,0,0,11.35494684
1.75,0,0,11.35474607
1.751,0,0,11.35453111
1.752,0,0,11.35435399
1.753,0,0,11.35412866
1.754,0,0,11.35389244
1.755,0,0,11.35358198
1.756,0,0,11.35332909
1.757,0,0,11.3530883
1.758,0,0,11.35287198
1.759,0,0,11.3525603
1.76,0,0,11.35221507
1.761,0,0,11.35188243
1.762,0,0,11.35155367
1.763,0,0,11.3511468
1.764,0,0,11.35070292
1.765,0,0,11.3503514
1.766,0,0,11.35003153
1.767,0,0,11.3496849
1.768,0,0,11.34928938
1.769,0,0,11.34889233
1.77,0,0,11.34852663
1.771,0,0,11.34811018
1.772,0,0,11.34769698
1.773,0,0,11.34723376
1.774,0,0,11.34683186
1.775,0,0,11.34641531
1.776,0,0,11.34598703
1.777,0,0,11.34551867
1.778,0,0,11.34510735
1.779,0,0,11.34467877
1.78,0,0,11.34427268
1.781,0,0,11.34381918
1.782,0,0,11.3434055
1.783,0,0,11.3430239
1.784,0,0,11.34259619
1.785,0,0,11.34212491
1.786,0,0,11.34163584
1.787,0,0,11.34125822
1.788,0,0,11.3408954
1.789,0,0,11.34051387
1.79,0,0,11.34005832
1.791,0,0,11.33961687
1.792,0,0,11.33921994
1.793,0,0,11.3388023
1.794,0,0,11.33841062
1.795,0,0,11.33803225
1.796,0,0,11.33768772
1.797,0,0,11.3373175
1.798,0,0,11.33693073
1.799,0,0,11.33656138
1.8,0,0,11.33627316
1.801,0,0,11.33598091
1.802,0,0,11.33567144
1.803,0,0,11.3353158
1.804,0,0,11.33499252
1.805,0,0,11.3347414
1.806,0,0,11.33442715
1.807,0,0,11.33407143
1.808,0,0,11.33372388
1.809,0,0,11.33351485
1.81,0,0,11.33332274
1.811,0,0,11.33311454
1.812,0,0,11.33289267
1.813,0,0,11.33272633
1.814,0,0,11.33253667
1.815,0,0,11.33231496
1.816,0,0,11.332108
1.817,0,0,11.33194013
1.818,0,0,11.33180535
1.819,0,0,11.33167843
1.82,0,0,11.3314986
1.821,0,0,11.33135745
1.822,0,0,11.33127989
1.823,0,0,11.33125517
1.824,0,0,11.33119143
1.825,0,0,11.33109765
1.826,0,0,11.3310681
1.827,0,0,11.33108884
1.828,0,0,11.33101821
1.829,0,0,11.33092771
1.83,0,0,11.33091503
1.831,0,0,11.33098651
1.832,0,0,11.33105043
1.833,0,0,11.33106396
1.834,0,0,11.33104559
1.835,0,0,11.33112456
1.836,0,0,11.33118437
1.837,0,0,11.33124362
1.838,0,0,11.33130094
1.839,0,0,11.33141494
1.84,0,0,11.33154323
1.841,0,0,11.33169531
1.842,0,0,11.33177941
1.843,0,0,11.33193961
1.844,0,0,11.33211468
1.845,0,0,11.33230772
1.846,0,0,11.33243729
1.847,0,0,11.33257647
1.848,0,0,11.33277381
1.849,0,0,11.33300439
1.85,0,0,11.33315313
1.851,0,0,11.33323176
1.852,0,0,11.33341097
1.853,0,0,11.33370035
1.854,0,0,11.33399873
1.855,0,0,11.33422864
1.856,0,0,11.3344479
1.857,0,0,11.33473571
1.858,0,0,11.33497174
1.859,0,0,11.33520892
1.86,0,0,11.3354199
1.861,0,0,11.33569368
1.862,0,0,11.33594528
1.863,0,0,11.33619286
1.864,0,0,11.33639105
1.865,0,0,11.33666884
1.866,0,0,11.33698662
1.867,0,0,11.33734943
1.868,0,0,11.33763527
1.869,0,0,11.33787239
1.87,0,0,11.33818355
1.871,0,0,11.33849221
1.872,0,0,11.33874051
1.873,0,0,11.33891275
1.874,0,0,11.33918683
1.875,0,0,11.33952746
1.876,0,0,11.33984404
1.877,0,0,11.34008852
1.878,0,0,11.34034856
1.879,0,0,11.34064681
1.88,0,0,11.3408978
1.881,0,0,11.34115324
1.882,0,0,11.34136179
1.883,0,0,11.34165069
1.884,0,0,11.34196091
1.885,0,0,11.34223477
1.886,0,0,11.3424522
1.887,0,0,11.34269814
1.888,0,0,11.34296577
1.889,0,0,11.34323071
1.89,0,0,11.34342407
1.891,0,0,11.34360906
1.892,0,0,11.34386023
1.893,0,0,11.34405375
1.894,0,0,11.34420355
1.895,0,0,11.34432356
1.896,0,0,11.34454323
1.897,0,0,11.34481384
1.898,0,0,11.34506958
1.899,0,0,11.34521309
1.9,0,0,11.3453628
1.901,0,0,11.34554092
1.902,0,0,11.34570028
1.903,0,0,11.34582156
1.904,0,0,11.34593589
1.905,0,0,11.3460571
1.906,0,0,11.34617905
1.907,0,0,11.34624617
1.908,0,0,11.34634047
1.909,0,0,11.34646226
1.91,0,0,11.34662636
1.911,0,0,11.34673829
1.912,0,0,11.34680872
1.913,0,0,11.34687399
1.914,0,0,11.34698092
1.915,0,0,11.34702352
1.916,0,0,11.34699106
1.917,0,0,11.34695088
1.918,0,0,11.34699818
1.919,0,0,11.34706763
1.92,0,0,11.34711673
1.921,0,0,11.34710404
1.922,0,0,11.34711381
1.923,0,0,11.3470833
1.924,0,0,11.34703899
1.925,0,0,11.34698147
1.926,0,0,11.34698041
1.927,0,0,11.34696471
1.928,0,0,11.34696139
1.929,0,0,11.34688074
1.93,0,0,11.34680714
1.931,0,0,11.34674942
1.932,0,0,11.34673395
1.933,0,0,11.34664987
1.934,0,0,11.34651676
1.935,0,0,11.34640767
1.936,0,0,11.34632131
1.937,0,0,11.34618352
1.938,0,0,11.34598955
1.939,0,0,11.34587546
1.94,0,0,11.34582799
1.941,0,0,11.3457678
1.942,0,0,11.34565954
1.943,0,0,11.34550399
1.944,0,0,11.34538564
1.945,0,0,11.34522762
1.946,0,0,11.34506709
1.947,0,0,11.34487813
1.948,0,0,11.34471684
1.949,0,0,11.34454755
1.95,0,0,11.34441272
1.951,0,0,11.34420694
1.952,0,0,11.34404597
1.953,0,0,11.34390951
1.954,0,0,11.34379043
1.955,0,0,11.34361561
1.956,0,0,11.34343634
1.957,0,0,11.34331118
1.958,0,0,11.34315856
1.959,0,0,11.34294516
1.96,0,0,11.34265478
1.961,0,0,11.34243991
1.962,0,0,11.3423053
1.963,0,0,11.34218177
1.964,0,0,11.34199352
1.965,0,0,11.34178576
1.966,0,0,11.34163315
1.967,0,0,11.34143718
1.968,0,0,11.34126012
1.969,0,0,11.34107595
1.97,0,0,11.3409381
1.971,0,0,11.34078361
1.972,0,0,11.34059336
1.973,0,0,11.34037638
1.974,0,0,11.34021783
1.975,0,0,11.34008893
1.976,0,0,11.33995996
1.977,0,0,11.33977648
1.978,0,0,11.33953889
1.979,0,0,11.33941392
1.98,0,0,11.33927589
1.981,0,0,11.33907837
1.982,0,0,11.33886286
1.983,0,0,11.33874568
1.984,0,0,11.33869413
1.985,0,0,11.33862222
1.986,0,0,11.33847403
1.987,0,0,11.33835441
1.988,0,0,11.33825341
1.989,0,0,11.33809277
1.99,0,0,11.33792023
1.991,0,0,11.33777223
1.992,0,0,11.33767431
1.993,0,0,11.33761511
1.994,0,0,11.33751822
1.995,0,0,11.33740928
1.996,0,0,11.33732958
1.997,0,0,11.3373137
1.998,0,0,11.33727436
1.999,0,0,11.33718985
2,0,0,11.33710225
2.001,0,0,11.33709323
2.002,0,0,11.33703396
2.003,0,0,11.33691151
2.004,0,0,11.33678911
2.005,0,0,11.33676351
2.006,0,0,11.33679481
2.007,0,0,11.33680635
2.008,0,0,11.33672798
2.009,0,0,11.33669945
2.01,0,0,11.33670687
2.011,0,0,11.33672728
2.012,0,0,11.33670986
2.013,0,0,11.33670896
2.014,0,0,11.3367296
2.015,0,0,11.33678043
2.016,0,0,11.33675236
2.017,0,0,11.33675605
2.018,0,0,11.33677071
2.019,0,0,11.33685063
2.02,0,0,11.33687382
2.021,0,0,11.33686787
2.022,0,0,11.33689054
2.023,0,0,11.33697488
2.024,0,0,11.33704876
2.025,0,0,11.33705156
2.026,0,0,11.33704753
2.027,0,0,11.33713914
2.028,0,0,11.3372942
2.029,0,0,11.3374168
2.03,0,0,11.33746306
2.031,0,0,11.33754026
2.032,0,0,11.33759284
2.033,0,0,11.33765441
2.034,0,0,11.33768921
2.035,0,0,11.33777609
2.036,0,0,11.33787742
2.037,0,0,11.33801727
2.038,0,0,11.33809753
2.039,0,0,11.338189
2.04,0,0,11.33831539
2.041,0,0,11.33849826
2.042,0,0,11.33863204
2.043,0,0,11.33869855
2.044,0,0,11.33879724
2.045,0,0,11.33892047
2.046,0,0,11.33902798
2.047,0,0,11.3390632
2.048,0,0,11.33914401
2.049,0,0,11.33929347
2.05,0,0,11.33944809
2.051,0,0,11.33957075
2.052,0,0,11.33967176
2.053,0,0,11.33980308
2.054,0,0,11.33993115
2.055,0,0,11.34006533
2.056,0,0,11.34016564
2.057,0,0,11.34028027
2.058,0,0,11.34041593
2.059,0,0,11.34055836
2.06,0,0,11.34064578
2.061,0,0,11.34072231
2.062,0,0,11.340832
2.063,0,0,11.34096223
2.064,0,0,11.34106409
2.065,0,0,11.34113282
2.066,0,0,11.34127843
2.067,0,0,11.34141913
2.068,0,0,11.34150091
2.069,0,0,11.34152453
2.07,0,0,11.34161327
2.071,0,0,11.34176119
2.072,0,0,11.34193398
2.073,0,0,11.34203234
2.074,0,0,11.34210127
2.075,0,0,11.3421841
2.076,0,0,11.34224576
2.077,0,0,11.34229636
2.078,0,0,11.34235644
2.079,0,0,11.34243412
2.08,0,0,11.34252985
2.081,0,0,11.34260039
2.082,0,0,11.34266674
2.083,0,0,11.34276261
2.084,0,0,11.3428862
2.085,0,0,11.34298019
2.086,0,0,11.34302633
2.087,0,0,11.3430218
2.088,0,0,11.34308443
2.089,0,0,11.34315682
2.09,0,0,11.34315269
2.091,0,0,11.34311065
2.092,0,0,11.34314864
2.093,0,0,11.34323366
2.094,0,0,11.34331619
2.095,0,0,11.34333021
2.096,0,0,11.34337859
2.097,0,0,11.34341749
2.098,0,0,11.34342517
2.099,0,0,11.34340627
2.1,0,0,11.34343915
2.101,0,0,11.34347485
2.102,0,0,11.34351427
2.103,0,0,11.34349422
2.104,0,0,11.34345052
2.105,0,0,11.34340174
2.106,0,0,11.34341211
2.107,0,0,11.34341334
2.108,0,0,11.34337779
2.109,0,0,11.34335769
2.11,0,0,11.34339074
2.111,0,0,11.34338728
2.112,0,0,11.34331983
2.113,0,0,11.34324433
2.114,0,0,11.34323239
2.115,0,0,11.3432534
2.116,0,0,11.34324619
2.117,0,0,11.34315375
2.118,0,0,11.3431097
2.119,0,0,11.34306001
2.12,0,0,11.34300928
2.121,0,0,11.34293045
2.122,0,0,11.34286879
2.123,0,0,11.34283015
2.124,0,0,11.34282265
2.125,0,0,11.34273935
2.126,0,0,11.34268455
2.127,0,0,11.34265045
2.128,0,0,11.34263819
2.129,0,0,11.34257447
2.13,0,0,11.34246452
2.131,0,0,11.34240197
2.132,0,0,11.34236899
2.133,0,0,11.34229059
2.134,0,0,11.34213092
2.135,0,0,11.3419886
2.136,0,0,11.34193027
2.137,0,0,11.34194002
2.138,0,0,11.34191647
2.139,0,0,11.34182405
2.14,0,0,11.34176818
2.141,0,0,11.3416997
2.142,0,0,11.34162197
2.143,0,0,11.34151471
2.144,0,0,11.34145175
2.145,0,0,11.34139596
2.146,0,0,11.34133957
2.147,0,0,11.34120267
2.148,0,0,11.3410727
2.149,0,0,11.34100144
2.15,0,0,11.3409748
2.151,0,0,11.34092121
2.152,0,0,11.34079095
2.153,0,0,11.3407345
2.154,0,0,11.3407223
2.155,0,0,11.34067398
2.156,0,0,11.34053514
2.157,0,0,11.34043447
2.158,0,0,11.34039625
2.159,0,0,11.3403805
2.16,0,0,11.34029919
2.161,0,0,11.34019998
2.162,0,0,11.34013652
2.163,0,0,11.34007361
2.164,0,0,11.34000597
2.165,0,0,11.33992333
2.166,0,0,11.3398663
2.167,0,0,11.3398588
2.168,0,0,11.33984584
2.169,0,0,11.33977165
2.17,0,0,11.339676
2.171,0,0,11.33964268
2.172,0,0,11.33964023
2.173,0,0,11.33960766
2.174,0,0,11.33952711
2.175,0,0,11.33951661
2.176,0,0,11.33950666
2.177,0,0,11.33942518
2.178,0,0,11.33928316
2.179,0,0,11.33922253
2.18,0,0,11.33923001
2.181,0,0,11.33928464
2.182,0,0,11.33928026
2.183,0,0,11.33925552
2.184,0,0,11.33924394
2.185,0,0,11.33925064
2.186,0,0,11.33922444
2.187,0,0,11.33919081
2.188,0,0,11.33915719
2.189,0,0,11.33914495
2.19,0,0,11.33912106
2.191,0,0,11.33908435
2.192,0,0,11.33905266
2.193,0,0,11.3390863
2.194,0,0,11.33912248
2.195,0,0,11.33911633
2.196,0,0,11.3390907
2.197,0,0,11.33912317
2.198,0,0,11.33917908
2.199,0,0,11.33918032
2.2,0,0,11.3391232
2.201,0,0,11.33911751
2.202,0,0,11.33917526
2.203,0,0,11.33924424
2.204,0,0,11.33923745
2.205,0,0,11.33924854
2.206,0,0,11.33924779
2.207,0,0,11.33926248
2.208,0,0,11.33925893
2.209,0,0,11.339313
2.21,0,0,11.33937104
2.211,0,0,11.33945197
2.212,0,0,11.33948205
2.213,0,0,11.33949176
2.214,0,0,11.33949622
2.215,0,0,11.33955337
2.216,0,0,11.33963955
2.217,0,0,11.3396594
2.218,0,0,11.33968353
2.219,0,0,11.33973659
2.22,0,0,11.33978973
2.221,0,0,11.3397721
2.222,0,0,11.33975194
2.223,0,0,11.33979739
2.224,0,0,11.33988768
2.225,0,0,11.33998589
2.226,0,0,11.34002865
2.227,0,0,11.34010673
2.228,0,0,11.34017357
2.229,0,0,11.34023391
2.23,0,0,11.34025697
2.231,0,0,11.3402773
2.232,0,0,11.34030251
2.233,0,0,11.34036164
2.234,0,0,11.34037837
2.235,0,0,11.34038082
2.236,0,0,11.34044445
2.237,0,0,11.34051923
2.238,0,0,11.34059103
2.239,0,0,11.3406288
2.24,0,0,11.3407023
2.241,0,0,11.34079739
2.242,0,0,11.34085882
2.243,0,0,11.34083232
2.244,0,0,11.34082309
2.245,0,0,11.34087346
2.246,0,0,11.34096774
2.247,0,0,11.34103563
2.248,0,0,11.34104896
2.249,0,0,11.34107691
2.25,0,0,11.34111544
2.251,0,0,11.34115171
2.252,0,0,11.34118331
2.253,0,0,11.34124858
2.254,0,0,11.34133918
2.255,0,0,11.34139065
2.256,0,0,11.34139323
2.257,0,0,11.34140676
2.258,0,0,11.34147354
2.259,0,0,11.34153357
2.26,0,0,11.3415696
2.261,0,0,11.34154643
2.262,0,0,11.34157362
2.263,0,0,11.34164331
2.264,0,0,11.34165912
2.265,0,0,11.34161298
2.266,0,0,11.34161407
2.267,0,0,11.34165941
2.268,0,0,11.34174841
2.269,0,0,11.34178062
2.27,0,0,11.34182775
2.271,0,0,11.34187888
2.272,0,0,11.34191518
2.273,0,0,11.34189288
2.274,0,0,11.3418754
2.275,0,0,11.34185436
2.276,0,0,11.34188618
2.277,0,0,11.34188285
2.278,0,0,11.34184197
2.279,0,0,11.34181105
2.28,0,0,11.34184618
2.281,0,0,11.34192103
2.282,0,0,11.34194057
2.283,0,0,11.34193695
2.284,0,0,11.34198285
2.285,0,0,11.3420252
2.286,0,0,11.3419726
2.287,0,0,11.34186404
2.288,0,0,11.34183559
2.289,0,0,11.3418472
2.29,0,0,11.34189313
2.291,0,0,11.34186739
2.292,0,0,11.3418587
2.293,0,0,11.34185387
2.294,0,0,11.34187544
2.295,0,0,11.34185539
2.296,0,0,11.34182372
2.297,0,0,11.3417983
2.298,0,0,11.34181304
2.299,0,0,11.34179969
2.3,0,0,11.34175532
2.301,0,0,11.34172081
2.302,0,0,11.34173562
2.303,0,0,11.34175244
2.304,0,0,11.34167949
2.305,0,0,11.34160965
2.306,0,0,11.34160461
2.307,0,0,11.34161409
2.308,0,0,11.34156363
2.309,0,0,11.34145558
2.31,0,0,11.34140791
2.311,0,0,11.34145295
2.312,0,0,11.3415114
2.313,0,0,11.34147644
2.314,0,0,11.34144954
2.315,0,0,11.34141
2.316,0,0,11.34137761
2.317,0,0,11.34130711
2.318,0,0,11.34124783
2.319,0,0,11.34120212
2.32,0,0,11.34119104
2.321,0,0,11.34114121
2.322,0,0,11.34105597
2.323,0,0,11.34100228
2.324,0,0,11.34100487
2.325,0,0,11.34105689
2.326,0,0,11.34102148
2.327,0,0,11.34097512
2.328,0,0,11.34096389
2.329,0,0,11.34097542
2.33,0,0,11.34088704
2.331,0,0,11.34075956
2.332,0,0,11.34069202
2.333,0,0,11.34069253
2.334,0,0,11.34068571
2.335,0,0,11.34065222
2.336,0,0,11.34063356
2.337,0,0,11.34063592
2.338,0,0,11.34062644
2.339,0,0,11.34057727
2.34,0,0,11.34051722
2.341,0,0,11.34049136
2.342,0,0,11.34049639
2.343,0,0,11.34047141
2.344,0,0,11.34040858
2.345,0,0,11.34037661
2.346,0,0,11.34037221
2.347,0,0,11.34036379
2.348,0,0,11.34030491
2.349,0,0,11.34027689
2.35,0,0,11.34027081
2.351,0,0,11.34025585
2.352,0,0,11.3401674
2.353,0,0,11.34011358
2.354,0,0,11.34011202
2.355,0,0,11.34018257
2.356,0,0,11.3402226
2.357,0,0,11.34020924
2.358,0,0,11.34016634
2.359,0,0,11.34014583
2.36,0,0,11.34010824
2.361,0,0,11.34005874
2.362,0,0,11.34001775
2.363,0,0,11.34002067
2.364,0,0,11.34000859
2.365,0,0,11.33997616
2.366,0,0,11.33995411
2.367,0,0,11.33997605
2.368,0,0,11.3400137
2.369,0,0,11.34003192
2.37,0,0,11.34000634
2.371,0,0,11.34002048
2.372,0,0,11.34005505
2.373,0,0,11.34004577
2.374,0,0,11.33996764
2.375,0,0,11.33990518
2.376,0,0,11.3398805
2.377,0,0,11.33993441
2.378,0,0,11.3399618
2.379,0,0,11.33998635
2.38,0,0,11.3400137
2.381,0,0,11.34004059
2.382,0,0,11.34002504
2.383,0,0,11.34003535
2.384,0,0,11.34003371
2.385,0,0,11.34007465
2.386,0,0,11.34008532
2.387,0,0,11.34006173
2.388,0,0,11.3400299
2.389,0,0,11.3400511
2.39,0,0,11.34010693
2.391,0,0,11.34011158
2.392,0,0,11.34010881
2.393,0,0,11.34013758
2.394,0,0,11.34018677
2.395,0,0,11.3401684
2.396,0,0,11.3401272
2.397,0,0,11.34014584
2.398,0,0,11.34021549
2.399,0,0,11.34030078
2.4,0,0,11.34032228
2.401,0,0,11.34035545
2.402,0,0,11.34036604
2.403,0,0,11.34037113
2.404,0,0,11.34034766
2.405,0,0,11.3403342
2.406,0,0,11.34031697
2.407,0,0,11.34037438
2.408,0,0,11.3404027
2.409,0,0,11.34039837
2.41,0,0,11.34043382
2.411,0,0,11.3404946
2.412,0,0,11.34056932
2.413,0,0,11.34056447
2.414,0,0,11.34058068
2.415,0,0,11.34063629
2.416,0,0,11.34070103
2.417,0,0,11.34065703
2.418,0,0,11.34057855
2.419,0,0,11.34057094
2.42,0,0,11.3406433
2.421,0,0,11.34072984
2.422,0,0,11.34074708
2.423,0,0,11.34078207
2.424,0,0,11.34082408
2.425,0,0,11.34086151
2.426,0,0,11.34086376
2.427,0,0,11.34088006
2.428,0,0,11.34093142
2.429,0,0,11.34097975
2.43,0,0,11.34097376
2.431,0,0,11.34092686
2.432,0,0,11.34093575
2.433,0,0,11.34098088
2.434,0,0,11.34104415
2.435,0,0,11.3410329
2.436,0,0,11.34102975
2.437,0,0,11.34108026
2.438,0,0,11.34116028
2.439,0,0,11.3411411
2.44,0,0,11.34108789
2.441,0,0,11.3411088
2.442,0,0,11.34119202
2.443,0,0,11.34125301
2.444,0,0,11.34126128
2.445,0,0,11.34127206
2.446,0,0,11.34130081
2.447,0,0,11.3412917
2.448,0,0,11.34125007
2.449,0,0,11.34119927
2.45,0,0,11.34122651
