#Exudyn implicit second order time integration sensor output file
#measure Node number = 483
#OutputVariableType = AngularVelocity
#simulation started = 2022-04-08,01:21:34
#columns contain: time, comma separated sensor values (e.g, x,y,z position coordinates)
#number of sensor values = 3
#Exudyn version = 1.2.34.dev1; Python3.9.11; Windows AVX2 FLOAT64
#
0,0,0,0
0.001,0,0,-1.126089591e-06
0.002,0,0,-2.044799338e-07
0.003,0,0,5.990945145e-07
0.004,0,0,1.088919807e-06
0.005,0,0,4.714768237e-07
0.006,0,0,-3.578941319e-06
0.007,0,0,-4.078420594e-06
0.008,0,0,-8.962384354e-07
0.009,0,0,1.000779576e-06
0.01,0,0,1.849176616e-06
0.011,0,0,1.487164912e-06
0.012,0,0,-3.361887452e-07
0.013,0,0,-1.814143172e-06
0.014,0,0,-9.446785397e-07
0.015,0,0,8.47259424e-07
0.016,0,0,2.153178557e-06
0.017,0,0,2.433080746e-06
0.018,0,0,1.520299699e-06
0.019,0,0,3.712066163e-07
0.02,0,0,1.292107187e-07
0.021,0,0,1.120918532e-06
0.022,0,0,2.435800402e-06
0.023,0,0,3.134149851e-06
0.024,0,0,2.94058686e-06
0.025,0,0,2.211245008e-06
0.026,0,0,1.694267492e-06
0.027,0,0,1.987436286e-06
0.028,0,0,2.89260215e-06
0.029,0,0,3.737560604e-06
0.03,0,0,4.012616385e-06
0.031,0,0,3.629567805e-06
0.032,0,0,3.141362308e-06
0.033,0,0,3.03535958e-06
0.034,0,0,3.428009804e-06
0.035,0,0,4.061548731e-06
0.036,0,0,4.488463324e-06
0.037,0,0,4.393238574e-06
0.038,0,0,3.982142549e-06
0.039,0,0,3.711432363e-06
0.04,0,0,3.727266139e-06
0.041,0,0,4.049968059e-06
0.042,0,0,4.414793932e-06
0.043,0,0,4.457968069e-06
0.044,0,0,4.211089689e-06
0.045,0,0,3.938745821e-06
0.046,0,0,3.743035641e-06
0.047,0,0,3.800395369e-06
0.048,0,0,4.056876614e-06
0.049,0,0,4.238395808e-06
0.05,0,0,4.120925832e-06
0.051,0,0,3.878216206e-06
0.052,0,0,3.777643581e-06
0.053,0,0,1.614328392e-05
0.054,0,0,0.0001409197464
0.055,0,0,0.0005017708954
0.056,0,0,0.001132276267
0.057,0,0,0.002032722282
0.058,0,0,0.00320031693
0.059,0,0,0.004646377206
0.06,0,0,0.006423203581
0.061,0,0,0.008615514054
0.062,0,0,0.01128718071
0.063,0,0,0.014460709
0.064,0,0,0.01813393342
0.065,0,0,0.02230814526
0.066,0,0,0.02701070145
0.067,0,0,0.03229463017
0.068,0,0,0.0382163896
0.069,0,0,0.04480552629
0.07,0,0,0.05207230499
0.071,0,0,0.06001525039
0.072,0,0,0.06863908096
0.073,0,0,0.07797037485
0.074,0,0,0.08804421469
0.075,0,0,0.09889026152
0.076,0,0,0.1105197002
0.077,0,0,0.1229306804
0.078,0,0,0.1361147621
0.079,0,0,0.1500751805
0.08,0,0,0.164824146
0.081,0,0,0.1803797717
0.082,0,0,0.1967511193
0.083,0,0,0.2139361641
0.084,0,0,0.231923934
0.085,0,0,0.250700952
0.086,0,0,0.2702618331
0.087,0,0,0.2906079255
0.088,0,0,0.3117412029
0.089,0,0,0.3336562058
0.09,0,0,0.3563427248
0.091,0,0,0.3797832509
0.092,0,0,0.4039580257
0.093,0,0,0.4288537345
0.094,0,0,0.4544591211
0.095,0,0,0.4807647899
0.096,0,0,0.5077583196
0.097,0,0,0.5354183091
0.098,0,0,0.5637245628
0.099,0,0,0.5926544418
0.1,0,0,0.622184941
0.101,0,0,0.6522969422
0.102,0,0,0.6829752635
0.103,0,0,0.7141985879
0.104,0,0,0.7459439226
0.105,0,0,0.7781847188
0.106,0,0,0.8108947425
0.107,0,0,0.8440486202
0.108,0,0,0.877625497
0.109,0,0,0.9115976349
0.11,0,0,0.9459446136
0.111,0,0,0.9806398613
0.112,0,0,1.015653331
0.113,0,0,1.050959436
0.114,0,0,1.086534618
0.115,0,0,1.12235111
0.116,0,0,1.158379791
0.117,0,0,1.194597474
0.118,0,0,1.230979668
0.119,0,0,1.267495905
0.12,0,0,1.304121593
0.121,0,0,1.340829571
0.122,0,0,1.377597604
0.123,0,0,1.414394096
0.124,0,0,1.451190266
0.125,0,0,1.487964304
0.126,0,0,1.524687668
0.127,0,0,1.561332611
0.128,0,0,1.597874724
0.129,0,0,1.634289834
0.13,0,0,1.670551613
0.131,0,0,1.706637685
0.132,0,0,1.742519453
0.133,0,0,1.778178767
0.134,0,0,1.813587766
0.135,0,0,1.848723856
0.136,0,0,1.88356674
0.137,0,0,1.918096333
0.138,0,0,1.952292082
0.139,0,0,1.986130281
0.14,0,0,2.019598967
0.141,0,0,2.052674611
0.142,0,0,2.085341347
0.143,0,0,2.117583309
0.144,0,0,2.149380666
0.145,0,0,2.18072333
0.146,0,0,2.211601608
0.147,0,0,2.241994023
0.148,0,0,2.271891195
0.149,0,0,2.301287763
0.15,0,0,2.330168006
0.151,0,0,2.358524087
0.152,0,0,2.386346377
0.153,0,0,2.413631309
0.154,0,0,2.440368551
0.155,0,0,2.466556118
0.156,0,0,2.492186033
0.157,0,0,2.517263044
0.158,0,0,2.541776015
0.159,0,0,2.565732196
0.16,0,0,2.589129095
0.161,0,0,2.611967397
0.162,0,0,2.63424938
0.163,0,0,2.655981619
0.164,0,0,2.677168754
0.165,0,0,2.697806206
0.166,0,0,2.717914791
0.167,0,0,2.737496803
0.168,0,0,2.756553251
0.169,0,0,2.775106368
0.17,0,0,2.793162261
0.171,0,0,2.810719657
0.172,0,0,2.827807842
0.173,0,0,2.844432351
0.174,0,0,2.860603396
0.175,0,0,2.876340392
0.176,0,0,2.891655392
0.177,0,0,2.906563455
0.178,0,0,2.921081467
0.179,0,0,2.935229077
0.18,0,0,2.949016222
0.181,0,0,2.962467328
0.182,0,0,2.975596664
0.183,0,0,2.988426135
0.184,0,0,3.000971629
0.185,0,0,3.013244004
0.186,0,0,3.025255574
0.187,0,0,3.037041201
0.188,0,0,3.048623531
0.189,0,0,3.060017767
0.19,0,0,3.071252244
0.191,0,0,3.082338761
0.192,0,0,3.093292552
0.193,0,0,3.104145242
0.194,0,0,3.114907916
0.195,0,0,3.125605626
0.196,0,0,3.136272678
0.197,0,0,3.146911076
0.198,0,0,3.157544922
0.199,0,0,3.168206922
0.2,0,0,3.178896689
0.201,0,0,3.189645656
0.202,0,0,3.200476313
0.203,0,0,3.211402687
0.204,0,0,3.222445884
0.205,0,0,3.233622301
0.206,0,0,3.244958932
0.207,0,0,3.256456438
0.208,0,0,3.268142677
0.209,0,0,3.280025573
0.21,0,0,3.292135649
0.211,0,0,3.304479558
0.212,0,0,3.317073592
0.213,0,0,3.329927092
0.214,0,0,3.343062671
0.215,0,0,3.35647813
0.216,0,0,3.370198839
0.217,0,0,3.384231773
0.218,0,0,3.398589096
0.219,0,0,3.413276541
0.22,0,0,3.42831527
0.221,0,0,3.44369295
0.222,0,0,3.459437954
0.223,0,0,3.475549378
0.224,0,0,3.492027514
0.225,0,0,3.508881945
0.226,0,0,3.526126771
0.227,0,0,3.543745557
0.228,0,0,3.561759667
0.229,0,0,3.580163031
0.23,0,0,3.598962876
0.231,0,0,3.618151014
0.232,0,0,3.637736937
0.233,0,0,3.657710475
0.234,0,0,3.678083762
0.235,0,0,3.698836046
0.236,0,0,3.719984208
0.237,0,0,3.741513813
0.238,0,0,3.763426112
0.239,0,0,3.785705987
0.24,0,0,3.808370018
0.241,0,0,3.831380569
0.242,0,0,3.854762038
0.243,0,0,3.878487335
0.244,0,0,3.902556917
0.245,0,0,3.926953692
0.246,0,0,3.951694271
0.247,0,0,3.976722829
0.248,0,0,4.002081869
0.249,0,0,4.027730691
0.25,0,0,4.053664337
0.251,0,0,4.079871928
0.252,0,0,4.106347334
0.253,0,0,4.133075056
0.254,0,0,4.160042125
0.255,0,0,4.187237053
0.256,0,0,4.214644312
0.257,0,0,4.242258959
0.258,0,0,4.270058778
0.259,0,0,4.298033208
0.26,0,0,4.326181753
0.261,0,0,4.354460599
0.262,0,0,4.382906202
0.263,0,0,4.411439063
0.264,0,0,4.440106196
0.265,0,0,4.468859308
0.266,0,0,4.497696993
0.267,0,0,4.52659342
0.268,0,0,4.555553892
0.269,0,0,4.584552844
0.27,0,0,4.613571291
0.271,0,0,4.642599996
0.272,0,0,4.671632884
0.273,0,0,4.700643323
0.274,0,0,4.729638707
0.275,0,0,4.758605242
0.276,0,0,4.78748912
0.277,0,0,4.816336975
0.278,0,0,4.845085481
0.279,0,0,4.87373736
0.28,0,0,4.902301556
0.281,0,0,4.930755516
0.282,0,0,4.959082346
0.283,0,0,4.98727317
0.284,0,0,5.015311896
0.285,0,0,5.043199992
0.286,0,0,5.070920222
0.287,0,0,5.098472838
0.288,0,0,5.125824442
0.289,0,0,5.153016016
0.29,0,0,5.17997233
0.291,0,0,5.206734499
0.292,0,0,5.233273155
0.293,0,0,5.259600183
0.294,0,0,5.28569378
0.295,0,0,5.311553307
0.296,0,0,5.337166718
0.297,0,0,5.362555087
0.298,0,0,5.38766361
0.299,0,0,5.412531133
0.3,0,0,5.437160399
0.301,0,0,5.4614968
0.302,0,0,5.485595606
0.303,0,0,5.509415583
0.304,0,0,5.532966867
0.305,0,0,5.556249696
0.306,0,0,5.579274959
0.307,0,0,5.602035139
0.308,0,0,5.62451184
0.309,0,0,5.646730813
0.31,0,0,5.668668981
0.311,0,0,5.690347242
0.312,0,0,5.711771836
0.313,0,0,5.732918628
0.314,0,0,5.753831895
0.315,0,0,5.774473156
0.316,0,0,5.794873552
0.317,0,0,5.815023284
0.318,0,0,5.834937039
0.319,0,0,5.854599109
0.32,0,0,5.874048606
0.321,0,0,5.893253529
0.322,0,0,5.912265024
0.323,0,0,5.931034233
0.324,0,0,5.949607717
0.325,0,0,5.9680037
0.326,0,0,5.986190163
0.327,0,0,6.004188727
0.328,0,0,6.022016056
0.329,0,0,6.039672415
0.33,0,0,6.057160958
0.331,0,0,6.07449198
0.332,0,0,6.091700443
0.333,0,0,6.10876801
0.334,0,0,6.125734675
0.335,0,0,6.142541575
0.336,0,0,6.159269307
0.337,0,0,6.17588334
0.338,0,0,6.192412705
0.339,0,0,6.20886345
0.34,0,0,6.225251119
0.341,0,0,6.241570597
0.342,0,0,6.257842008
0.343,0,0,6.274081454
0.344,0,0,6.290288272
0.345,0,0,6.306470027
0.346,0,0,6.322633319
0.347,0,0,6.33880104
0.348,0,0,6.354956762
0.349,0,0,6.371137634
0.35,0,0,6.387346482
0.351,0,0,6.403593042
0.352,0,0,6.419877778
0.353,0,0,6.436211137
0.354,0,0,6.452609574
0.355,0,0,6.469065325
0.356,0,0,6.485589507
0.357,0,0,6.502203688
0.358,0,0,6.518900422
0.359,0,0,6.535722254
0.36,0,0,6.552615818
0.361,0,0,6.569648061
0.362,0,0,6.586769184
0.363,0,0,6.604021818
0.364,0,0,6.621396004
0.365,0,0,6.638926522
0.366,0,0,6.656591529
0.367,0,0,6.674397456
0.368,0,0,6.692350857
0.369,0,0,6.71046484
0.37,0,0,6.728723745
0.371,0,0,6.747147702
0.372,0,0,6.765752663
0.373,0,0,6.784511684
0.374,0,0,6.803440458
0.375,0,0,6.822535955
0.376,0,0,6.841836157
0.377,0,0,6.861304935
0.378,0,0,6.88094287
0.379,0,0,6.900755424
0.38,0,0,6.920742447
0.381,0,0,6.940924879
0.382,0,0,6.961286667
0.383,0,0,6.981807866
0.384,0,0,7.002546999
0.385,0,0,7.023432612
0.386,0,0,7.044520705
0.387,0,0,7.065762721
0.388,0,0,7.08719107
0.389,0,0,7.108782626
0.39,0,0,7.130561438
0.391,0,0,7.152495259
0.392,0,0,7.17459938
0.393,0,0,7.196853771
0.394,0,0,7.219275728
0.395,0,0,7.241848673
0.396,0,0,7.264566812
0.397,0,0,7.28743374
0.398,0,0,7.310449668
0.399,0,0,7.333618115
0.4,0,0,7.356892195
0.401,0,0,7.380300277
0.402,0,0,7.403839743
0.403,0,0,7.42749286
0.404,0,0,7.451264916
0.405,0,0,7.475143755
0.406,0,0,7.499115878
0.407,0,0,7.523207924
0.408,0,0,7.547353927
0.409,0,0,7.571616846
0.41,0,0,7.595937396
0.411,0,0,7.620349144
0.412,0,0,7.644818915
0.413,0,0,7.669346585
0.414,0,0,7.693925636
0.415,0,0,7.718563635
0.416,0,0,7.743225116
0.417,0,0,7.767922773
0.418,0,0,7.792680588
0.419,0,0,7.817446322
0.42,0,0,7.84222427
0.421,0,0,7.867002559
0.422,0,0,7.891794322
0.423,0,0,7.916603779
0.424,0,0,7.941398088
0.425,0,0,7.966163647
0.426,0,0,7.990929907
0.427,0,0,8.015672273
0.428,0,0,8.040375819
0.429,0,0,8.065031057
0.43,0,0,8.089675388
0.431,0,0,8.114248591
0.432,0,0,8.138788233
0.433,0,0,8.163254574
0.434,0,0,8.187680861
0.435,0,0,8.212031839
0.436,0,0,8.236311611
0.437,0,0,8.260533
0.438,0,0,8.284668758
0.439,0,0,8.308713665
0.44,0,0,8.332663313
0.441,0,0,8.356560176
0.442,0,0,8.380331641
0.443,0,0,8.404024523
0.444,0,0,8.42760314
0.445,0,0,8.451072365
0.446,0,0,8.474462307
0.447,0,0,8.497729029
0.448,0,0,8.520902896
0.449,0,0,8.543951484
0.45,0,0,8.56687428
0.451,0,0,8.589705487
0.452,0,0,8.612410507
0.453,0,0,8.635018285
0.454,0,0,8.657490673
0.455,0,0,8.679830868
0.456,0,0,8.702072155
0.457,0,0,8.724166104
0.458,0,0,8.746157909
0.459,0,0,8.768024635
0.46,0,0,8.789784498
0.461,0,0,8.811417827
0.462,0,0,8.832936903
0.463,0,0,8.854301949
0.464,0,0,8.875571013
0.465,0,0,8.896752414
0.466,0,0,8.917803211
0.467,0,0,8.93873311
0.468,0,0,8.959556273
0.469,0,0,8.98027088
0.47,0,0,9.000871054
0.471,0,0,9.021363041
0.472,0,0,9.041768195
0.473,0,0,9.062067293
0.474,0,0,9.082257334
0.475,0,0,9.10236231
0.476,0,0,9.12236306
0.477,0,0,9.142308923
0.478,0,0,9.162147979
0.479,0,0,9.181912757
0.48,0,0,9.201573585
0.481,0,0,9.221178362
0.482,0,0,9.240701745
0.483,0,0,9.260171901
0.484,0,0,9.279578167
0.485,0,0,9.298916989
0.486,0,0,9.318207734
0.487,0,0,9.337410414
0.488,0,0,9.356581012
0.489,0,0,9.3756933
0.49,0,0,9.394818785
0.491,0,0,9.413872131
0.492,0,0,9.43287799
0.493,0,0,9.451870976
0.494,0,0,9.470827125
0.495,0,0,9.489774956
0.496,0,0,9.508689648
0.497,0,0,9.527612424
0.498,0,0,9.546513405
0.499,0,0,9.565383693
0.5,0,0,9.58425723
0.501,0,0,9.603156767
0.502,0,0,9.622047549
0.503,0,0,9.640892198
0.504,0,0,9.659548911
0.505,0,0,9.678088847
0.506,0,0,9.696559383
0.507,0,0,9.715024417
0.508,0,0,9.733519296
0.509,0,0,9.752096567
0.51,0,0,9.770676036
0.511,0,0,9.789297903
0.512,0,0,9.807893279
0.513,0,0,9.826409866
0.514,0,0,9.844891813
0.515,0,0,9.863363076
0.516,0,0,9.881861403
0.517,0,0,9.90038275
0.518,0,0,9.918801005
0.519,0,0,9.937279813
0.52,0,0,9.955826633
0.521,0,0,9.974380578
0.522,0,0,9.992956883
0.523,0,0,10.01148544
0.524,0,0,10.03001158
0.525,0,0,10.04843913
0.526,0,0,10.06683782
0.527,0,0,10.08525163
0.528,0,0,10.10370432
0.529,0,0,10.12218693
0.53,0,0,10.14067199
0.531,0,0,10.15909566
0.532,0,0,10.17747611
0.533,0,0,10.19582819
0.534,0,0,10.21413454
0.535,0,0,10.23249439
0.536,0,0,10.25093192
0.537,0,0,10.2694467
0.538,0,0,10.28802507
0.539,0,0,10.3066287
0.54,0,0,10.32519383
0.541,0,0,10.34371313
0.542,0,0,10.36224396
0.543,0,0,10.38075996
0.544,0,0,10.39927805
0.545,0,0,10.41790816
0.546,0,0,10.43662913
0.547,0,0,10.45541479
0.548,0,0,10.47421908
0.549,0,0,10.49299606
0.55,0,0,10.51179103
0.551,0,0,10.5305478
0.552,0,0,10.54930498
0.553,0,0,10.56807287
0.554,0,0,10.58699135
0.555,0,0,10.60595875
0.556,0,0,10.624981
0.557,0,0,10.6440851
0.558,0,0,10.6631624
0.559,0,0,10.68229638
0.56,0,0,10.70142404
0.561,0,0,10.72059281
0.562,0,0,10.73984184
0.563,0,0,10.75920125
0.564,0,0,10.77863902
0.565,0,0,10.79812979
0.566,0,0,10.81767347
0.567,0,0,10.83727568
0.568,0,0,10.85693799
0.569,0,0,10.87665006
0.57,0,0,10.89641487
0.571,0,0,10.91627274
0.572,0,0,10.93623245
0.573,0,0,10.95619232
0.574,0,0,10.97625964
0.575,0,0,10.99639737
0.576,0,0,11.01662359
0.577,0,0,11.03688552
0.578,0,0,11.05723876
0.579,0,0,11.07763637
0.58,0,0,11.0980567
0.581,0,0,11.11858268
0.582,0,0,11.13913652
0.583,0,0,11.15976355
0.584,0,0,11.18044767
0.585,0,0,11.20120016
0.586,0,0,11.22201112
0.587,0,0,11.24285153
0.588,0,0,11.26376883
0.589,0,0,11.28467837
0.59,0,0,11.30562374
0.591,0,0,11.32661821
0.592,0,0,11.34765541
0.593,0,0,11.36874057
0.594,0,0,11.38985777
0.595,0,0,11.41100343
0.596,0,0,11.43220497
0.597,0,0,11.45336955
0.598,0,0,11.47454665
0.599,0,0,11.49573123
0.6,0,0,11.51699891
0.601,0,0,11.53825325
0.602,0,0,11.55951731
0.603,0,0,11.58078769
0.604,0,0,11.6020282
0.605,0,0,11.62322406
0.606,0,0,11.64419054
0.607,0,0,11.6649223
0.608,0,0,11.68542204
0.609,0,0,11.7056873
0.61,0,0,11.72566627
0.611,0,0,11.74536287
0.612,0,0,11.76481444
0.613,0,0,11.78395864
0.614,0,0,11.80273627
0.615,0,0,11.82111752
0.616,0,0,11.83909354
0.617,0,0,11.85663682
0.618,0,0,11.87371176
0.619,0,0,11.89030716
0.62,0,0,11.9064157
0.621,0,0,11.92199063
0.622,0,0,11.93705355
0.623,0,0,11.95157161
0.624,0,0,11.96558093
0.625,0,0,11.97903849
0.626,0,0,11.99190231
0.627,0,0,12.00418811
0.628,0,0,12.01580643
0.629,0,0,12.02679591
0.63,0,0,12.0371238
0.631,0,0,12.04683748
0.632,0,0,12.05591363
0.633,0,0,12.06434373
0.634,0,0,12.07212408
0.635,0,0,12.07926353
0.636,0,0,12.08576228
0.637,0,0,12.09154578
0.638,0,0,12.09662023
0.639,0,0,12.10099594
0.64,0,0,12.10472834
0.641,0,0,12.10778348
0.642,0,0,12.11016736
0.643,0,0,12.11191649
0.644,0,0,12.11303103
0.645,0,0,12.11345802
0.646,0,0,12.11319466
0.647,0,0,12.1122498
0.648,0,0,12.1106995
0.649,0,0,12.10855433
0.65,0,0,12.10574317
0.651,0,0,12.10235072
0.652,0,0,12.09832389
0.653,0,0,12.09371992
0.654,0,0,12.08853129
0.655,0,0,12.08276607
0.656,0,0,12.07646942
0.657,0,0,12.06963491
0.658,0,0,12.06229122
0.659,0,0,12.05440547
0.66,0,0,12.04604078
0.661,0,0,12.03721566
0.662,0,0,12.02790177
0.663,0,0,12.01816038
0.664,0,0,12.00798014
0.665,0,0,11.99745039
0.666,0,0,11.986545
0.667,0,0,11.97525761
0.668,0,0,11.9636293
0.669,0,0,11.9516707
0.67,0,0,11.93939222
0.671,0,0,11.92681106
0.672,0,0,11.91397902
0.673,0,0,11.90094686
0.674,0,0,11.88773891
0.675,0,0,11.87431015
0.676,0,0,11.86072617
0.677,0,0,11.846928
0.678,0,0,11.83300532
0.679,0,0,11.8189739
0.68,0,0,11.80484347
0.681,0,0,11.79068186
0.682,0,0,11.77649099
0.683,0,0,11.7623005
0.684,0,0,11.7480942
0.685,0,0,11.73388978
0.686,0,0,11.71972306
0.687,0,0,11.70559189
0.688,0,0,11.69154326
0.689,0,0,11.67758528
0.69,0,0,11.663784
0.691,0,0,11.65013919
0.692,0,0,11.63664565
0.693,0,0,11.6233282
0.694,0,0,11.61020032
0.695,0,0,11.59726575
0.696,0,0,11.58451437
0.697,0,0,11.57200319
0.698,0,0,11.55977199
0.699,0,0,11.54786705
0.7,0,0,11.53623761
0.701,0,0,11.52491968
0.702,0,0,11.51387574
0.703,0,0,11.50314967
0.704,0,0,11.49275804
0.705,0,0,11.48270247
0.706,0,0,11.4730106
0.707,0,0,11.46370754
0.708,0,0,11.45480312
0.709,0,0,11.44627738
0.71,0,0,11.43813112
0.711,0,0,11.43038412
0.712,0,0,11.42302822
0.713,0,0,11.41607659
0.714,0,0,11.4095174
0.715,0,0,11.40340557
0.716,0,0,11.39775574
0.717,0,0,11.39251712
0.718,0,0,11.38771707
0.719,0,0,11.38333073
0.72,0,0,11.37937568
0.721,0,0,11.37582279
0.722,0,0,11.37268749
0.723,0,0,11.36999649
0.724,0,0,11.36777321
0.725,0,0,11.36597315
0.726,0,0,11.36460872
0.727,0,0,11.36363091
0.728,0,0,11.36306287
0.729,0,0,11.36289162
0.73,0,0,11.36311047
0.731,0,0,11.36372931
0.732,0,0,11.36477094
0.733,0,0,11.366242
0.734,0,0,11.36802715
0.735,0,0,11.37021346
0.736,0,0,11.37273856
0.737,0,0,11.37562272
0.738,0,0,11.37882657
0.739,0,0,11.38233449
0.74,0,0,11.38619862
0.741,0,0,11.39041628
0.742,0,0,11.39494329
0.743,0,0,11.39975436
0.744,0,0,11.40484724
0.745,0,0,11.4101946
0.746,0,0,11.41578747
0.747,0,0,11.42158597
0.748,0,0,11.4276566
0.749,0,0,11.4339781
0.75,0,0,11.44054344
0.751,0,0,11.44733317
0.752,0,0,11.4542556
0.753,0,0,11.46135496
0.754,0,0,11.46859367
0.755,0,0,11.47599046
0.756,0,0,11.48352201
0.757,0,0,11.4912023
0.758,0,0,11.49901966
0.759,0,0,11.50694138
0.76,0,0,11.51498762
0.761,0,0,11.5230788
0.762,0,0,11.53123897
0.763,0,0,11.53941303
0.764,0,0,11.5476248
0.765,0,0,11.5559092
0.766,0,0,11.56422059
0.767,0,0,11.57256592
0.768,0,0,11.58091936
0.769,0,0,11.58926701
0.77,0,0,11.5975661
0.771,0,0,11.60578166
0.772,0,0,11.61395727
0.773,0,0,11.6221224
0.774,0,0,11.63021224
0.775,0,0,11.638278
0.776,0,0,11.64623202
0.777,0,0,11.65411192
0.778,0,0,11.66188028
0.779,0,0,11.66948784
0.78,0,0,11.67698293
0.781,0,0,11.68434957
0.782,0,0,11.6916305
0.783,0,0,11.6987258
0.784,0,0,11.70570895
0.785,0,0,11.7125315
0.786,0,0,11.71921271
0.787,0,0,11.72566543
0.788,0,0,11.73188487
0.789,0,0,11.73795599
0.79,0,0,11.74385948
0.791,0,0,11.74959712
0.792,0,0,11.75510307
0.793,0,0,11.76043212
0.794,0,0,11.76554128
0.795,0,0,11.77041963
0.796,0,0,11.77502372
0.797,0,0,11.77943061
0.798,0,0,11.78360823
0.799,0,0,11.78760824
0.8,0,0,11.79138742
0.801,0,0,11.79491016
0.802,0,0,11.79821
0.803,0,0,11.80122148
0.804,0,0,11.80402294
0.805,0,0,11.80652826
0.806,0,0,11.80886515
0.807,0,0,11.8109395
0.808,0,0,11.81281278
0.809,0,0,11.81443337
0.81,0,0,11.81581603
0.811,0,0,11.8169722
0.812,0,0,11.81784052
0.813,0,0,11.8184941
0.814,0,0,11.81890257
0.815,0,0,11.81912567
0.816,0,0,11.81910248
0.817,0,0,11.81890957
0.818,0,0,11.81848576
0.819,0,0,11.81784053
0.82,0,0,11.8169395
0.821,0,0,11.81581944
0.822,0,0,11.81453523
0.823,0,0,11.8130434
0.824,0,0,11.81142122
0.825,0,0,11.80958296
0.826,0,0,11.80758312
0.827,0,0,11.80536691
0.828,0,0,11.80298923
0.829,0,0,11.80042089
0.83,0,0,11.79771987
0.831,0,0,11.79491295
0.832,0,0,11.79191607
0.833,0,0,11.78881725
0.834,0,0,11.78558072
0.835,0,0,11.78224481
0.836,0,0,11.77875573
0.837,0,0,11.77512033
0.838,0,0,11.77140289
0.839,0,0,11.76762041
0.84,0,0,11.76376519
0.841,0,0,11.75982404
0.842,0,0,11.75582911
0.843,0,0,11.75175694
0.844,0,0,11.74762142
0.845,0,0,11.74337003
0.846,0,0,11.73913229
0.847,0,0,11.73484275
0.848,0,0,11.73057471
0.849,0,0,11.72629626
0.85,0,0,11.72196561
0.851,0,0,11.71766336
0.852,0,0,11.71331033
0.853,0,0,11.70899783
0.854,0,0,11.70462752
0.855,0,0,11.70035579
0.856,0,0,11.69611252
0.857,0,0,11.69192341
0.858,0,0,11.68775448
0.859,0,0,11.68360351
0.86,0,0,11.67954953
0.861,0,0,11.67551467
0.862,0,0,11.67155106
0.863,0,0,11.66761877
0.864,0,0,11.66382272
0.865,0,0,11.66009609
0.866,0,0,11.65646774
0.867,0,0,11.65292915
0.868,0,0,11.6494715
0.869,0,0,11.64609533
0.87,0,0,11.64276883
0.871,0,0,11.63958391
0.872,0,0,11.63650432
0.873,0,0,11.63358911
0.874,0,0,11.63076173
0.875,0,0,11.62804319
0.876,0,0,11.62542116
0.877,0,0,11.62290607
0.878,0,0,11.62052938
0.879,0,0,11.61822065
0.88,0,0,11.61608743
0.881,0,0,11.61406819
0.882,0,0,11.61221117
0.883,0,0,11.61045211
0.884,0,0,11.60879323
0.885,0,0,11.6072586
0.886,0,0,11.60582915
0.887,0,0,11.60452634
0.888,0,0,11.60335145
0.889,0,0,11.60232047
0.89,0,0,11.60138206
0.891,0,0,11.60059505
0.892,0,0,11.59990059
0.893,0,0,11.599362
0.894,0,0,11.59885472
0.895,0,0,11.59845773
0.896,0,0,11.59818103
0.897,0,0,11.59801566
0.898,0,0,11.59802504
0.899,0,0,11.59808764
0.9,0,0,11.59827997
0.901,0,0,11.59851101
0.902,0,0,11.59886451
0.903,0,0,11.59925503
0.904,0,0,11.59975919
0.905,0,0,11.60036821
0.906,0,0,11.6010723
0.907,0,0,11.60185541
0.908,0,0,11.60269638
0.909,0,0,11.60363936
0.91,0,0,11.60463363
0.911,0,0,11.60568342
0.912,0,0,11.60674415
0.913,0,0,11.60791183
0.914,0,0,11.60914899
0.915,0,0,11.6104631
0.916,0,0,11.61182721
0.917,0,0,11.61323385
0.918,0,0,11.61469405
0.919,0,0,11.61614682
0.92,0,0,11.61764395
0.921,0,0,11.61916132
0.922,0,0,11.62075117
0.923,0,0,11.62239323
0.924,0,0,11.6240715
0.925,0,0,11.6257642
0.926,0,0,11.62746014
0.927,0,0,11.62918389
0.928,0,0,11.63088168
0.929,0,0,11.63259704
0.93,0,0,11.63433947
0.931,0,0,11.63611823
0.932,0,0,11.63792072
0.933,0,0,11.6397035
0.934,0,0,11.64148713
0.935,0,0,11.6432714
0.936,0,0,11.6450226
0.937,0,0,11.64675565
0.938,0,0,11.64848389
0.939,0,0,11.65020973
0.94,0,0,11.65196173
0.941,0,0,11.65368542
0.942,0,0,11.65542228
0.943,0,0,11.65709929
0.944,0,0,11.65872284
0.945,0,0,11.6603255
0.946,0,0,11.66188485
0.947,0,0,11.66345571
0.948,0,0,11.66500184
0.949,0,0,11.66656845
0.95,0,0,11.66807079
0.951,0,0,11.66953432
0.952,0,0,11.67091731
0.953,0,0,11.67225016
0.954,0,0,11.67357802
0.955,0,0,11.67487434
0.956,0,0,11.67614461
0.957,0,0,11.67736086
0.958,0,0,11.67855979
0.959,0,0,11.67972914
0.96,0,0,11.68082628
0.961,0,0,11.68183743
0.962,0,0,11.68279952
0.963,0,0,11.68373513
0.964,0,0,11.68465522
0.965,0,0,11.68552131
0.966,0,0,11.68636332
0.967,0,0,11.6871832
0.968,0,0,11.68791099
0.969,0,0,11.68857027
0.97,0,0,11.68916061
0.971,0,0,11.68971311
0.972,0,0,11.69025444
0.973,0,0,11.69076579
0.974,0,0,11.69123201
0.975,0,0,11.69165303
0.976,0,0,11.69203
0.977,0,0,11.69232445
0.978,0,0,11.69254138
0.979,0,0,11.6927404
0.98,0,0,11.69291849
0.981,0,0,11.69307026
0.982,0,0,11.6931601
0.983,0,0,11.69322158
0.984,0,0,11.6932656
0.985,0,0,11.69324598
0.986,0,0,11.69313536
0.987,0,0,11.69299012
0.988,0,0,11.69282401
0.989,0,0,11.69266024
0.99,0,0,11.69245342
0.991,0,0,11.69223196
0.992,0,0,11.69198539
0.993,0,0,11.69166165
0.994,0,0,11.69130918
0.995,0,0,11.69088263
0.996,0,0,11.69046607
0.997,0,0,11.69003366
0.998,0,0,11.68962299
0.999,0,0,11.68916824
1,0,0,11.6886901
1.001,0,0,11.68818398
1.002,0,0,11.68760556
1.003,0,0,11.68702684
1.004,0,0,11.68641339
1.005,0,0,11.6858087
1.006,0,0,11.68519142
1.007,0,0,11.68454002
1.008,0,0,11.68388433
1.009,0,0,11.68319271
1.01,0,0,11.68244052
1.011,0,0,11.68165148
1.012,0,0,11.68083344
1.013,0,0,11.68001294
1.014,0,0,11.67916366
1.015,0,0,11.67828888
1.016,0,0,11.67743189
1.017,0,0,11.67653442
1.018,0,0,11.6755724
1.019,0,0,11.67454322
1.02,0,0,11.67348123
1.021,0,0,11.67241485
1.022,0,0,11.67135112
1.023,0,0,11.67026913
1.024,0,0,11.66914802
1.025,0,0,11.66800955
1.026,0,0,11.6668143
1.027,0,0,11.66554664
1.028,0,0,11.66426607
1.029,0,0,11.6629621
1.03,0,0,11.66165983
1.031,0,0,11.66030816
1.032,0,0,11.65894113
1.033,0,0,11.65756126
1.034,0,0,11.65615349
1.035,0,0,11.65466808
1.036,0,0,11.65313047
1.037,0,0,11.65158941
1.038,0,0,11.65004263
1.039,0,0,11.64847128
1.04,0,0,11.64685698
1.041,0,0,11.64526667
1.042,0,0,11.64360898
1.043,0,0,11.64193681
1.044,0,0,11.64017197
1.045,0,0,11.63839095
1.046,0,0,11.63660691
1.047,0,0,11.63483333
1.048,0,0,11.63305269
1.049,0,0,11.63120558
1.05,0,0,11.62937024
1.051,0,0,11.62746281
1.052,0,0,11.62554614
1.053,0,0,11.62357838
1.054,0,0,11.62160226
1.055,0,0,11.61964095
1.056,0,0,11.61765762
1.057,0,0,11.61565188
1.058,0,0,11.61363889
1.059,0,0,11.61160659
1.06,0,0,11.60952276
1.061,0,0,11.60742119
1.062,0,0,11.60528582
1.063,0,0,11.60317885
1.064,0,0,11.60104452
1.065,0,0,11.59893958
1.066,0,0,11.59682114
1.067,0,0,11.59467033
1.068,0,0,11.59249987
1.069,0,0,11.59028445
1.07,0,0,11.5880739
1.071,0,0,11.58585509
1.072,0,0,11.58368485
1.073,0,0,11.58149657
1.074,0,0,11.57932586
1.075,0,0,11.57712663
1.076,0,0,11.57489911
1.077,0,0,11.57267111
1.078,0,0,11.57042078
1.079,0,0,11.56821601
1.08,0,0,11.5659946
1.081,0,0,11.56380153
1.082,0,0,11.56160452
1.083,0,0,11.55943873
1.084,0,0,11.55723829
1.085,0,0,11.5550363
1.086,0,0,11.55282797
1.087,0,0,11.55064059
1.088,0,0,11.54847381
1.089,0,0,11.54629099
1.09,0,0,11.54419443
1.091,0,0,11.54207516
1.092,0,0,11.53999642
1.093,0,0,11.53785306
1.094,0,0,11.53572782
1.095,0,0,11.53361259
1.096,0,0,11.53155472
1.097,0,0,11.52953635
1.098,0,0,11.52750148
1.099,0,0,11.52552878
1.1,0,0,11.52353561
1.101,0,0,11.52157105
1.102,0,0,11.51956607
1.103,0,0,11.51761557
1.104,0,0,11.51569114
1.105,0,0,11.51382271
1.106,0,0,11.51195055
1.107,0,0,11.51012061
1.108,0,0,11.50832078
1.109,0,0,11.50651642
1.11,0,0,11.50472679
1.111,0,0,11.50292009
1.112,0,0,11.50119302
1.113,0,0,11.49944673
1.114,0,0,11.49780836
1.115,0,0,11.49616394
1.116,0,0,11.49456523
1.117,0,0,11.49294959
1.118,0,0,11.49134379
1.119,0,0,11.48976149
1.12,0,0,11.48818502
1.121,0,0,11.48669732
1.122,0,0,11.48520468
1.123,0,0,11.48379929
1.124,0,0,11.48237652
1.125,0,0,11.48097142
1.126,0,0,11.47955548
1.127,0,0,11.4781885
1.128,0,0,11.47684526
1.129,0,0,11.47552913
1.13,0,0,11.47423331
1.131,0,0,11.47298103
1.132,0,0,11.47179972
1.133,0,0,11.47058544
1.134,0,0,11.46939058
1.135,0,0,11.46816254
1.136,0,0,11.46703145
1.137,0,0,11.46587035
1.138,0,0,11.46477496
1.139,0,0,11.46369821
1.14,0,0,11.46267175
1.141,0,0,11.46166994
1.142,0,0,11.46063141
1.143,0,0,11.45960222
1.144,0,0,11.45854761
1.145,0,0,11.45760073
1.146,0,0,11.45664309
1.147,0,0,11.45573495
1.148,0,0,11.45483111
1.149,0,0,11.45395385
1.15,0,0,11.45306058
1.151,0,0,11.45215789
1.152,0,0,11.45126564
1.153,0,0,11.45039424
1.154,0,0,11.44955662
1.155,0,0,11.44872875
1.156,0,0,11.44795127
1.157,0,0,11.44715562
1.158,0,0,11.44637859
1.159,0,0,11.4455412
1.16,0,0,11.44474824
1.161,0,0,11.44391685
1.162,0,0,11.44314173
1.163,0,0,11.4423865
1.164,0,0,11.4416596
1.165,0,0,11.44092629
1.166,0,0,11.44016849
1.167,0,0,11.43940674
1.168,0,0,11.43860727
1.169,0,0,11.43784316
1.17,0,0,11.43705726
1.171,0,0,11.43633213
1.172,0,0,11.43560009
1.173,0,0,11.43489177
1.174,0,0,11.4341119
1.175,0,0,11.43333634
1.176,0,0,11.43255002
1.177,0,0,11.4317911
1.178,0,0,11.43099027
1.179,0,0,11.43018416
1.18,0,0,11.42943922
1.181,0,0,11.42867746
1.182,0,0,11.42791577
1.183,0,0,11.42705321
1.184,0,0,11.42624218
1.185,0,0,11.42537698
1.186,0,0,11.42455036
1.187,0,0,11.42368654
1.188,0,0,11.42285281
1.189,0,0,11.42202687
1.19,0,0,11.42118068
1.191,0,0,11.42028407
1.192,0,0,11.41933486
1.193,0,0,11.41842142
1.194,0,0,11.41748187
1.195,0,0,11.41657086
1.196,0,0,11.41562186
1.197,0,0,11.41468624
1.198,0,0,11.4137203
1.199,0,0,11.41273955
1.2,0,0,11.41172334
1.201,0,0,11.41069566
1.202,0,0,11.40963828
1.203,0,0,11.40860539
1.204,0,0,11.40756531
1.205,0,0,11.40653569
1.206,0,0,11.40543539
1.207,0,0,11.40433852
1.208,0,0,11.40321711
1.209,0,0,11.40206632
1.21,0,0,11.40090526
1.211,0,0,11.39973874
1.212,0,0,11.39862723
1.213,0,0,11.39745878
1.214,0,0,11.3962857
1.215,0,0,11.39502267
1.216,0,0,11.39380277
1.217,0,0,11.39254663
1.218,0,0,11.39129759
1.219,0,0,11.39002113
1.22,0,0,11.38876597
1.221,0,0,11.38751361
1.222,0,0,11.3862178
1.223,0,0,11.38488445
1.224,0,0,11.38353663
1.225,0,0,11.3821911
1.226,0,0,11.38082135
1.227,0,0,11.37946207
1.228,0,0,11.37809835
1.229,0,0,11.37676148
1.23,0,0,11.37536172
1.231,0,0,11.37396676
1.232,0,0,11.37250159
1.233,0,0,11.37106323
1.234,0,0,11.36960743
1.235,0,0,11.36819475
1.236,0,0,11.36675102
1.237,0,0,11.36531357
1.238,0,0,11.3638525
1.239,0,0,11.36236527
1.24,0,0,11.36087425
1.241,0,0,11.35935784
1.242,0,0,11.35785381
1.243,0,0,11.35636815
1.244,0,0,11.35489008
1.245,0,0,11.35338673
1.246,0,0,11.35186007
1.247,0,0,11.35033606
1.248,0,0,11.34882724
1.249,0,0,11.34726608
1.25,0,0,11.34573346
1.251,0,0,11.34418735
1.252,0,0,11.34271824
1.253,0,0,11.34117397
1.254,0,0,11.33965475
1.255,0,0,11.33809098
1.256,0,0,11.33654104
1.257,0,0,11.3349876
1.258,0,0,11.33344804
1.259,0,0,11.33192647
1.26,0,0,11.33041986
1.261,0,0,11.32890602
1.262,0,0,11.3273533
1.263,0,0,11.32580233
1.264,0,0,11.32426553
1.265,0,0,11.32274615
1.266,0,0,11.321243
1.267,0,0,11.31973764
1.268,0,0,11.31822663
1.269,0,0,11.31673606
1.27,0,0,11.31523202
1.271,0,0,11.31375259
1.272,0,0,11.31221853
1.273,0,0,11.31072858
1.274,0,0,11.30925482
1.275,0,0,11.30784258
1.276,0,0,11.30637359
1.277,0,0,11.30492401
1.278,0,0,11.30347489
1.279,0,0,11.30205496
1.28,0,0,11.30058708
1.281,0,0,11.29915919
1.282,0,0,11.29774843
1.283,0,0,11.29640048
1.284,0,0,11.29503861
1.285,0,0,11.29363639
1.286,0,0,11.2922535
1.287,0,0,11.29088872
1.288,0,0,11.28957155
1.289,0,0,11.2882412
1.29,0,0,11.28691164
1.291,0,0,11.28561643
1.292,0,0,11.2843305
1.293,0,0,11.28306732
1.294,0,0,11.28180162
1.295,0,0,11.28051136
1.296,0,0,11.2792577
1.297,0,0,11.27803801
1.298,0,0,11.27687765
1.299,0,0,11.27565415
1.3,0,0,11.27447416
1.301,0,0,11.27329175
1.302,0,0,11.27214183
1.303,0,0,11.27096244
1.304,0,0,11.26983247
1.305,0,0,11.26872656
1.306,0,0,11.26767859
1.307,0,0,11.26659059
1.308,0,0,11.2655079
1.309,0,0,11.26442673
1.31,0,0,11.26339993
1.311,0,0,11.262385
1.312,0,0,11.2613542
1.313,0,0,11.26036176
1.314,0,0,11.25941768
1.315,0,0,11.2584741
1.316,0,0,11.25754138
1.317,0,0,11.25657609
1.318,0,0,11.25566533
1.319,0,0,11.25474224
1.32,0,0,11.25389307
1.321,0,0,11.25302536
1.322,0,0,11.25217475
1.323,0,0,11.25135958
1.324,0,0,11.25055476
1.325,0,0,11.24972806
1.326,0,0,11.24890377
1.327,0,0,11.24814312
1.328,0,0,11.24741834
1.329,0,0,11.24671316
1.33,0,0,11.24595906
1.331,0,0,11.24523382
1.332,0,0,11.24454769
1.333,0,0,11.24389658
1.334,0,0,11.24320331
1.335,0,0,11.24252987
1.336,0,0,11.24192117
1.337,0,0,11.24134185
1.338,0,0,11.24074459
1.339,0,0,11.24012314
1.34,0,0,11.23953194
1.341,0,0,11.23897001
1.342,0,0,11.23842498
1.343,0,0,11.23791367
1.344,0,0,11.23736992
1.345,0,0,11.236889
1.346,0,0,11.23642233
1.347,0,0,11.23594154
1.348,0,0,11.23541446
1.349,0,0,11.23495377
1.35,0,0,11.23452802
1.351,0,0,11.23415714
1.352,0,0,11.23372583
1.353,0,0,11.23329551
1.354,0,0,11.2328958
1.355,0,0,11.2325539
1.356,0,0,11.23219209
1.357,0,0,11.23180117
1.358,0,0,11.23145302
1.359,0,0,11.23116844
1.36,0,0,11.23085768
1.361,0,0,11.23055023
1.362,0,0,11.23021841
1.363,0,0,11.22993583
1.364,0,0,11.22965954
1.365,0,0,11.22942179
1.366,0,0,11.22914576
1.367,0,0,11.2289112
1.368,0,0,11.22870771
1.369,0,0,11.22851754
1.37,0,0,11.22825217
1.371,0,0,11.22803338
1.372,0,0,11.22784112
1.373,0,0,11.22772075
1.374,0,0,11.22756365
1.375,0,0,11.22736481
1.376,0,0,11.22719857
1.377,0,0,11.22709262
1.378,0,0,11.22697709
1.379,0,0,11.2268274
1.38,0,0,11.22667682
1.381,0,0,11.2266202
1.382,0,0,11.22655285
1.383,0,0,11.22647575
1.384,0,0,11.22637135
1.385,0,0,11.22630343
1.386,0,0,11.22624692
1.387,0,0,11.2262327
1.388,0,0,11.22615366
1.389,0,0,11.22613507
1.39,0,0,11.22613537
1.391,0,0,11.22616548
1.392,0,0,11.22611253
1.393,0,0,11.22608213
1.394,0,0,11.22609131
1.395,0,0,11.2261837
1.396,0,0,11.22624385
1.397,0,0,11.22625639
1.398,0,0,11.22627411
1.399,0,0,11.22636099
1.4,0,0,11.2264711
1.401,0,0,11.22651946
1.402,0,0,11.22656584
1.403,0,0,11.22669237
1.404,0,0,11.22685052
1.405,0,0,11.22698806
1.406,0,0,11.22707009
1.407,0,0,11.22721084
1.408,0,0,11.22736083
1.409,0,0,11.22755976
1.41,0,0,11.22770386
1.411,0,0,11.22788205
1.412,0,0,11.22808529
1.413,0,0,11.2283617
1.414,0,0,11.22853036
1.415,0,0,11.22871262
1.416,0,0,11.22892963
1.417,0,0,11.22924189
1.418,0,0,11.2295472
1.419,0,0,11.22978283
1.42,0,0,11.23003119
1.421,0,0,11.23033907
1.422,0,0,11.23067727
1.423,0,0,11.23098704
1.424,0,0,11.23127083
1.425,0,0,11.23162733
1.426,0,0,11.23204247
1.427,0,0,11.2324278
1.428,0,0,11.23277593
1.429,0,0,11.23315477
1.43,0,0,11.233563
1.431,0,0,11.23401652
1.432,0,0,11.23442907
1.433,0,0,11.23486386
1.434,0,0,11.23533802
1.435,0,0,11.23585995
1.436,0,0,11.23633491
1.437,0,0,11.23679211
1.438,0,0,11.23728553
1.439,0,0,11.2378891
1.44,0,0,11.23847761
1.441,0,0,11.239016
1.442,0,0,11.23954642
1.443,0,0,11.24016006
1.444,0,0,11.2408126
1.445,0,0,11.24141528
1.446,0,0,11.2420261
1.447,0,0,11.24268072
1.448,0,0,11.24341131
1.449,0,0,11.24411085
1.45,0,0,11.24481009
1.451,0,0,11.24548834
1.452,0,0,11.24624983
1.453,0,0,11.24702217
1.454,0,0,11.24780464
1.455,0,0,11.24857465
1.456,0,0,11.24940059
1.457,0,0,11.25026823
1.458,0,0,11.25109481
1.459,0,0,11.2518988
1.46,0,0,11.25276466
1.461,0,0,11.25372896
1.462,0,0,11.2546685
1.463,0,0,11.25556716
1.464,0,0,11.25646745
1.465,0,0,11.25744846
1.466,0,0,11.25847945
1.467,0,0,11.25944334
1.468,0,0,11.26045086
1.469,0,0,11.26147808
1.47,0,0,11.26258795
1.471,0,0,11.2636537
1.472,0,0,11.26473868
1.473,0,0,11.26580262
1.474,0,0,11.26694466
1.475,0,0,11.26808025
1.476,0,0,11.26924805
1.477,0,0,11.27038807
1.478,0,0,11.27161929
1.479,0,0,11.27284668
1.48,0,0,11.27405815
1.481,0,0,11.27524302
1.482,0,0,11.2765101
1.483,0,0,11.27784284
1.484,0,0,11.27916359
1.485,0,0,11.28042785
1.486,0,0,11.28172621
1.487,0,0,11.28309199
1.488,0,0,11.28446436
1.489,0,0,11.28581883
1.49,0,0,11.28718467
1.491,0,0,11.28860984
1.492,0,0,11.29007482
1.493,0,0,11.29150678
1.494,0,0,11.29294761
1.495,0,0,11.29440203
1.496,0,0,11.2959029
1.497,0,0,11.2973994
1.498,0,0,11.29890598
1.499,0,0,11.3004269
1.5,0,0,11.30201592
1.501,0,0,11.30357349
1.502,0,0,11.3051168
1.503,0,0,11.30665877
1.504,0,0,11.30826447
1.505,0,0,11.30990779
1.506,0,0,11.31150295
1.507,0,0,11.31305964
1.508,0,0,11.31463435
1.509,0,0,11.31626316
1.51,0,0,11.31784679
1.511,0,0,11.31941951
1.512,0,0,11.32096998
1.513,0,0,11.32257943
1.514,0,0,11.3241412
1.515,0,0,11.32568638
1.516,0,0,11.32717842
1.517,0,0,11.32868451
1.518,0,0,11.33016097
1.519,0,0,11.33163598
1.52,0,0,11.33304714
1.521,0,0,11.33449083
1.522,0,0,11.33591246
1.523,0,0,11.33727634
1.524,0,0,11.33856995
1.525,0,0,11.3398484
1.526,0,0,11.34116384
1.527,0,0,11.34245411
1.528,0,0,11.34364856
1.529,0,0,11.34479068
1.53,0,0,11.34592408
1.531,0,0,11.347058
1.532,0,0,11.34811732
1.533,0,0,11.34912115
1.534,0,0,11.35009969
1.535,0,0,11.35109362
1.536,0,0,11.35199618
1.537,0,0,11.35286566
1.538,0,0,11.35365785
1.539,0,0,11.35445601
1.54,0,0,11.35519265
1.541,0,0,11.35588677
1.542,0,0,11.35650221
1.543,0,0,11.35715321
1.544,0,0,11.35773439
1.545,0,0,11.3582405
1.546,0,0,11.35865069
1.547,0,0,11.35906421
1.548,0,0,11.35949038
1.549,0,0,11.3598514
1.55,0,0,11.36010575
1.551,0,0,11.36030895
1.552,0,0,11.3605243
1.553,0,0,11.36069001
1.554,0,0,11.3607879
1.555,0,0,11.36080621
1.556,0,0,11.36084729
1.557,0,0,11.36084778
1.558,0,0,11.36078691
1.559,0,0,11.36064995
1.56,0,0,11.36047158
1.561,0,0,11.36028293
1.562,0,0,11.36004681
1.563,0,0,11.35974069
1.564,0,0,11.35941358
1.565,0,0,11.35908669
1.566,0,0,11.35871524
1.567,0,0,11.35825528
1.568,0,0,11.35772315
1.569,0,0,11.35722385
1.57,0,0,11.35674547
1.571,0,0,11.35617852
1.572,0,0,11.35553944
1.573,0,0,11.35485943
1.574,0,0,11.35422316
1.575,0,0,11.35353496
1.576,0,0,11.35278621
1.577,0,0,11.35198814
1.578,0,0,11.35124661
1.579,0,0,11.35046091
1.58,0,0,11.34965715
1.581,0,0,11.34876036
1.582,0,0,11.34789144
1.583,0,0,11.34700082
1.584,0,0,11.34610817
1.585,0,0,11.34514274
1.586,0,0,11.34420858
1.587,0,0,11.34328267
1.588,0,0,11.34234546
1.589,0,0,11.3413234
1.59,0,0,11.34026563
1.591,0,0,11.33927224
1.592,0,0,11.33832107
1.593,0,0,11.33731518
1.594,0,0,11.33623998
1.595,0,0,11.33518161
1.596,0,0,11.33419159
1.597,0,0,11.33316822
1.598,0,0,11.33211129
1.599,0,0,11.33104148
1.6,0,0,11.33003865
1.601,0,0,11.32903814
1.602,0,0,11.32802821
1.603,0,0,11.32695549
1.604,0,0,11.32593497
1.605,0,0,11.32494044
1.606,0,0,11.32395838
1.607,0,0,11.32294311
1.608,0,0,11.32196352
1.609,0,0,11.32102677
1.61,0,0,11.32010836
1.611,0,0,11.31912894
1.612,0,0,11.31816674
1.613,0,0,11.31727378
1.614,0,0,11.31644082
1.615,0,0,11.31558865
1.616,0,0,11.31468324
1.617,0,0,11.31384074
1.618,0,0,11.31304482
1.619,0,0,11.31227732
1.62,0,0,11.31147568
1.621,0,0,11.31072025
1.622,0,0,11.31001391
1.623,0,0,11.30936204
1.624,0,0,11.30868924
1.625,0,0,11.30802573
1.626,0,0,11.30738767
1.627,0,0,11.30680445
1.628,0,0,11.30624213
1.629,0,0,11.30568843
1.63,0,0,11.3051929
1.631,0,0,11.30473645
1.632,0,0,11.30428592
1.633,0,0,11.30382321
1.634,0,0,11.30338482
1.635,0,0,11.30304567
1.636,0,0,11.30274433
1.637,0,0,11.30243536
1.638,0,0,11.30210858
1.639,0,0,11.3018732
1.64,0,0,11.30165541
1.641,0,0,11.30148041
1.642,0,0,11.30128352
1.643,0,0,11.3011566
1.644,0,0,11.30106295
1.645,0,0,11.3010149
1.646,0,0,11.30094608
1.647,0,0,11.30092007
1.648,0,0,11.30090971
1.649,0,0,11.30096998
1.65,0,0,11.30101216
1.651,0,0,11.3011071
1.652,0,0,11.30124696
1.653,0,0,11.30142766
1.654,0,0,11.30158599
1.655,0,0,11.30174129
1.656,0,0,11.30194282
1.657,0,0,11.30223485
1.658,0,0,11.30254294
1.659,0,0,11.30281272
1.66,0,0,11.30311194
1.661,0,0,11.30345643
1.662,0,0,11.30383471
1.663,0,0,11.30421063
1.664,0,0,11.30458871
1.665,0,0,11.30503285
1.666,0,0,11.3054996
1.667,0,0,11.30598754
1.668,0,0,11.30644576
1.669,0,0,11.30694159
1.67,0,0,11.30745281
1.671,0,0,11.30799987
1.672,0,0,11.30851719
1.673,0,0,11.30908903
1.674,0,0,11.30968385
1.675,0,0,11.3102919
1.676,0,0,11.31086787
1.677,0,0,11.31141192
1.678,0,0,11.31203682
1.679,0,0,11.31270286
1.68,0,0,11.31336481
1.681,0,0,11.31396386
1.682,0,0,11.31460654
1.683,0,0,11.31526522
1.684,0,0,11.31595516
1.685,0,0,11.31658151
1.686,0,0,11.31723407
1.687,0,0,11.31790829
1.688,0,0,11.31860029
1.689,0,0,11.31926466
1.69,0,0,11.31991806
1.691,0,0,11.32057011
1.692,0,0,11.32125181
1.693,0,0,11.32190569
1.694,0,0,11.32254555
1.695,0,0,11.32320912
1.696,0,0,11.32389513
1.697,0,0,11.32455574
1.698,0,0,11.3251567
1.699,0,0,11.32572793
1.7,0,0,11.32637846
1.701,0,0,11.32703746
1.702,0,0,11.32765556
1.703,0,0,11.32820206
1.704,0,0,11.32878337
1.705,0,0,11.32937605
1.706,0,0,11.32995297
1.707,0,0,11.33045938
1.708,0,0,11.33100037
1.709,0,0,11.33153696
1.71,0,0,11.33208443
1.711,0,0,11.33256877
1.712,0,0,11.33303697
1.713,0,0,11.33350045
1.714,0,0,11.33398154
1.715,0,0,11.33439612
1.716,0,0,11.33480733
1.717,0,0,11.33520952
1.718,0,0,11.33564158
1.719,0,0,11.33601856
1.72,0,0,11.33631256
1.721,0,0,11.33660973
1.722,0,0,11.33695354
1.723,0,0,11.33731127
1.724,0,0,11.33757894
1.725,0,0,11.33780687
1.726,0,0,11.33804463
1.727,0,0,11.33830726
1.728,0,0,11.33850144
1.729,0,0,11.33865302
1.73,0,0,11.33880767
1.731,0,0,11.33898059
1.732,0,0,11.33914275
1.733,0,0,11.33923132
1.734,0,0,11.33930021
1.735,0,0,11.33937481
1.736,0,0,11.33945161
1.737,0,0,11.33946116
1.738,0,0,11.33946294
1.739,0,0,11.3394759
1.74,0,0,11.33949479
1.741,0,0,11.33946148
1.742,0,0,11.33933909
1.743,0,0,11.33924595
1.744,0,0,11.33918322
1.745,0,0,11.33913983
1.746,0,0,11.33897734
1.747,0,0,11.33880543
1.748,0,0,11.33864376
1.749,0,0,11.33851193
1.75,0,0,11.33830964
1.751,0,0,11.33808722
1.752,0,0,11.3378528
1.753,0,0,11.33766725
1.754,0,0,11.33743995
1.755,0,0,11.33717293
1.756,0,0,11.33687452
1.757,0,0,11.33660441
1.758,0,0,11.33632178
1.759,0,0,11.33600535
1.76,0,0,11.33566058
1.761,0,0,11.33535589
1.762,0,0,11.33505611
1.763,0,0,11.33470098
1.764,0,0,11.33428691
1.765,0,0,11.33389728
1.766,0,0,11.33356984
1.767,0,0,11.33323708
1.768,0,0,11.33282039
1.769,0,0,11.33240306
1.77,0,0,11.33200426
1.771,0,0,11.33162951
1.772,0,0,11.33120223
1.773,0,0,11.33076423
1.774,0,0,11.33033202
1.775,0,0,11.32995018
1.776,0,0,11.32953559
1.777,0,0,11.32910517
1.778,0,0,11.32864472
1.779,0,0,11.32823487
1.78,0,0,11.32780911
1.781,0,0,11.32736725
1.782,0,0,11.3269258
1.783,0,0,11.32652205
1.784,0,0,11.32612666
1.785,0,0,11.32568444
1.786,0,0,11.32521794
1.787,0,0,11.32477664
1.788,0,0,11.32441871
1.789,0,0,11.32401869
1.79,0,0,11.32359555
1.791,0,0,11.32316374
1.792,0,0,11.32278804
1.793,0,0,11.32241034
1.794,0,0,11.32201107
1.795,0,0,11.32160956
1.796,0,0,11.32125137
1.797,0,0,11.32091163
1.798,0,0,11.32056552
1.799,0,0,11.32021342
1.8,0,0,11.31985422
1.801,0,0,11.31954248
1.802,0,0,11.3192164
1.803,0,0,11.3188825
1.804,0,0,11.3185873
1.805,0,0,11.31831828
1.806,0,0,11.31806517
1.807,0,0,11.3177479
1.808,0,0,11.31745057
1.809,0,0,11.31719644
1.81,0,0,11.31702379
1.811,0,0,11.31679349
1.812,0,0,11.31655727
1.813,0,0,11.31632864
1.814,0,0,11.31616804
1.815,0,0,11.31598023
1.816,0,0,11.31578812
1.817,0,0,11.31561387
1.818,0,0,11.31548601
1.819,0,0,11.31536725
1.82,0,0,11.31525508
1.821,0,0,11.31511487
1.822,0,0,11.31502893
1.823,0,0,11.3149491
1.824,0,0,11.31486793
1.825,0,0,11.31478117
1.826,0,0,11.31474551
1.827,0,0,11.31474397
1.828,0,0,11.31473768
1.829,0,0,11.31467785
1.83,0,0,11.31463042
1.831,0,0,11.31466849
1.832,0,0,11.31472992
1.833,0,0,11.3147623
1.834,0,0,11.31477106
1.835,0,0,11.31482547
1.836,0,0,11.31492446
1.837,0,0,11.31499269
1.838,0,0,11.31505727
1.839,0,0,11.31514049
1.84,0,0,11.31528571
1.841,0,0,11.31542225
1.842,0,0,11.31555681
1.843,0,0,11.31566012
1.844,0,0,11.31582907
1.845,0,0,11.31598628
1.846,0,0,11.31613895
1.847,0,0,11.31629484
1.848,0,0,11.31648087
1.849,0,0,11.31672575
1.85,0,0,11.31690948
1.851,0,0,11.31707243
1.852,0,0,11.31723906
1.853,0,0,11.31750592
1.854,0,0,11.3177622
1.855,0,0,11.31799376
1.856,0,0,11.31818256
1.857,0,0,11.31843784
1.858,0,0,11.31870359
1.859,0,0,11.31894412
1.86,0,0,11.31916282
1.861,0,0,11.31940814
1.862,0,0,11.31969852
1.863,0,0,11.31998426
1.864,0,0,11.32023974
1.865,0,0,11.32049053
1.866,0,0,11.32076965
1.867,0,0,11.32105209
1.868,0,0,11.32130762
1.869,0,0,11.32156892
1.87,0,0,11.32186174
1.871,0,0,11.32219067
1.872,0,0,11.32243955
1.873,0,0,11.32267297
1.874,0,0,11.32291205
1.875,0,0,11.32324006
1.876,0,0,11.32354162
1.877,0,0,11.32380127
1.878,0,0,11.32403372
1.879,0,0,11.32432498
1.88,0,0,11.32459862
1.881,0,0,11.32485283
1.882,0,0,11.32508264
1.883,0,0,11.32534768
1.884,0,0,11.32562775
1.885,0,0,11.32590717
1.886,0,0,11.32612912
1.887,0,0,11.32635975
1.888,0,0,11.3265997
1.889,0,0,11.32683943
1.89,0,0,11.32703572
1.891,0,0,11.32724461
1.892,0,0,11.32749133
1.893,0,0,11.32772912
1.894,0,0,11.32791752
1.895,0,0,11.32806172
1.896,0,0,11.32825169
1.897,0,0,11.32848284
1.898,0,0,11.32868629
1.899,0,0,11.32882293
1.9,0,0,11.32897293
1.901,0,0,11.32914152
1.902,0,0,11.32929793
1.903,0,0,11.32942105
1.904,0,0,11.32952471
1.905,0,0,11.32966966
1.906,0,0,11.32980779
1.907,0,0,11.32993912
1.908,0,0,11.33001671
1.909,0,0,11.33010946
1.91,0,0,11.33020872
1.911,0,0,11.3302831
1.912,0,0,11.33033989
1.913,0,0,11.33039741
1.914,0,0,11.33050135
1.915,0,0,11.33055496
1.916,0,0,11.3305756
1.917,0,0,11.33053628
1.918,0,0,11.33058831
1.919,0,0,11.33064484
1.92,0,0,11.33067391
1.921,0,0,11.33063898
1.922,0,0,11.33063299
1.923,0,0,11.33063641
1.924,0,0,11.33062298
1.925,0,0,11.330568
1.926,0,0,11.33052601
1.927,0,0,11.33050073
1.928,0,0,11.33048219
1.929,0,0,11.33042911
1.93,0,0,11.3303532
1.931,0,0,11.33028089
1.932,0,0,11.33022079
1.933,0,0,11.33011854
1.934,0,0,11.33001358
1.935,0,0,11.32992393
1.936,0,0,11.32987284
1.937,0,0,11.32978063
1.938,0,0,11.32963195
1.939,0,0,11.32947197
1.94,0,0,11.32938647
1.941,0,0,11.32929805
1.942,0,0,11.32917386
1.943,0,0,11.32900278
1.944,0,0,11.32886345
1.945,0,0,11.32873757
1.946,0,0,11.32858728
1.947,0,0,11.32839669
1.948,0,0,11.32824992
1.949,0,0,11.32810744
1.95,0,0,11.32798252
1.951,0,0,11.32780758
1.952,0,0,11.32762642
1.953,0,0,11.3274666
1.954,0,0,11.32730751
1.955,0,0,11.32711984
1.956,0,0,11.32691899
1.957,0,0,11.32676763
1.958,0,0,11.32662654
1.959,0,0,11.32645729
1.96,0,0,11.32621545
1.961,0,0,11.32602109
1.962,0,0,11.32586892
1.963,0,0,11.32574264
1.964,0,0,11.32554533
1.965,0,0,11.32533211
1.966,0,0,11.32516697
1.967,0,0,11.32501552
1.968,0,0,11.32482981
1.969,0,0,11.32462541
1.97,0,0,11.32445963
1.971,0,0,11.32431272
1.972,0,0,11.32417594
1.973,0,0,11.32398831
1.974,0,0,11.32380822
1.975,0,0,11.32366107
1.976,0,0,11.32349954
1.977,0,0,11.32332466
1.978,0,0,11.3231358
1.979,0,0,11.32302742
1.98,0,0,11.32291064
1.981,0,0,11.32277215
1.982,0,0,11.32256102
1.983,0,0,11.32241809
1.984,0,0,11.32231534
1.985,0,0,11.32223464
1.986,0,0,11.32207132
1.987,0,0,11.32191818
1.988,0,0,11.32181227
1.989,0,0,11.3217158
1.99,0,0,11.32158844
1.991,0,0,11.32145756
1.992,0,0,11.3213471
1.993,0,0,11.3212926
1.994,0,0,11.32121808
1.995,0,0,11.32111258
1.996,0,0,11.32101235
1.997,0,0,11.32095035
1.998,0,0,11.32088178
1.999,0,0,11.32079146
2,0,0,11.32070441
2.001,0,0,11.32067789
2.002,0,0,11.32066306
2.003,0,0,11.32059975
2.004,0,0,11.32049972
2.005,0,0,11.32045249
2.006,0,0,11.32046626
2.007,0,0,11.32046387
2.008,0,0,11.3204088
2.009,0,0,11.32037758
2.01,0,0,11.32037083
2.011,0,0,11.32039188
2.012,0,0,11.32037053
2.013,0,0,11.32035325
2.014,0,0,11.32035778
2.015,0,0,11.32041417
2.016,0,0,11.32044119
2.017,0,0,11.32044575
2.018,0,0,11.32045853
2.019,0,0,11.32048407
2.02,0,0,11.32053244
2.021,0,0,11.32054279
2.022,0,0,11.32059051
2.023,0,0,11.32066007
2.024,0,0,11.32075282
2.025,0,0,11.32077696
2.026,0,0,11.32079873
2.027,0,0,11.32085629
2.028,0,0,11.32097047
2.029,0,0,11.32104683
2.03,0,0,11.32109787
2.031,0,0,11.32115852
2.032,0,0,11.32124752
2.033,0,0,11.32134145
2.034,0,0,11.32140597
2.035,0,0,11.32147915
2.036,0,0,11.32157649
2.037,0,0,11.3216911
2.038,0,0,11.32180239
2.039,0,0,11.32189014
2.04,0,0,11.32198695
2.041,0,0,11.32208653
2.042,0,0,11.32218959
2.043,0,0,11.322264
2.044,0,0,11.32238542
2.045,0,0,11.32251442
2.046,0,0,11.32264898
2.047,0,0,11.322713
2.048,0,0,11.32279953
2.049,0,0,11.32292044
2.05,0,0,11.32307306
2.051,0,0,11.32318007
2.052,0,0,11.3232835
2.053,0,0,11.32339341
2.054,0,0,11.32353062
2.055,0,0,11.32363258
2.056,0,0,11.32373214
2.057,0,0,11.3238452
2.058,0,0,11.32397725
2.059,0,0,11.32410494
2.06,0,0,11.32421702
2.061,0,0,11.32431513
2.062,0,0,11.32443228
2.063,0,0,11.32454122
2.064,0,0,11.32462453
2.065,0,0,11.32472032
2.066,0,0,11.3248489
2.067,0,0,11.32499472
2.068,0,0,11.32509576
2.069,0,0,11.32515342
2.07,0,0,11.32522991
2.071,0,0,11.32535707
2.072,0,0,11.32547602
2.073,0,0,11.32554908
2.074,0,0,11.32561956
2.075,0,0,11.32571655
2.076,0,0,11.3258251
2.077,0,0,11.32587922
2.078,0,0,11.3259431
2.079,0,0,11.32601613
2.08,0,0,11.32611932
2.081,0,0,11.32620688
2.082,0,0,11.32625857
2.083,0,0,11.32632822
2.084,0,0,11.32639859
2.085,0,0,11.32646109
2.086,0,0,11.32647399
2.087,0,0,11.32652724
2.088,0,0,11.32659607
2.089,0,0,11.32670001
2.09,0,0,11.32671282
2.091,0,0,11.32670916
2.092,0,0,11.32672856
2.093,0,0,11.32681145
2.094,0,0,11.32686481
2.095,0,0,11.3268687
2.096,0,0,11.32687651
2.097,0,0,11.32692523
2.098,0,0,11.32695749
2.099,0,0,11.32695173
2.1,0,0,11.32694083
2.101,0,0,11.3269562
2.102,0,0,11.32699841
2.103,0,0,11.32700954
2.104,0,0,11.32697991
2.105,0,0,11.3269827
2.106,0,0,11.32698755
2.107,0,0,11.32698189
2.108,0,0,11.32692908
2.109,0,0,11.32690783
2.11,0,0,11.32692767
2.111,0,0,11.32696075
2.112,0,0,11.32689772
2.113,0,0,11.32682145
2.114,0,0,11.32678316
2.115,0,0,11.32680357
2.116,0,0,11.32677703
2.117,0,0,11.32671107
2.118,0,0,11.32665023
2.119,0,0,11.326636
2.12,0,0,11.32659927
2.121,0,0,11.32653209
2.122,0,0,11.32644875
2.123,0,0,11.32641282
2.124,0,0,11.32640439
2.125,0,0,11.32635061
2.126,0,0,11.32627627
2.127,0,0,11.32620639
2.128,0,0,11.32616432
2.129,0,0,11.32609891
2.13,0,0,11.3260009
2.131,0,0,11.32592086
2.132,0,0,11.32590954
2.133,0,0,11.32587265
2.134,0,0,11.32577093
2.135,0,0,11.32564434
2.136,0,0,11.32558139
2.137,0,0,11.3255659
2.138,0,0,11.32550596
2.139,0,0,11.32540204
2.14,0,0,11.32531903
2.141,0,0,11.32527589
2.142,0,0,11.32521602
2.143,0,0,11.32512082
2.144,0,0,11.32501293
2.145,0,0,11.32495381
2.146,0,0,11.32491772
2.147,0,0,11.32484389
2.148,0,0,11.32475798
2.149,0,0,11.32466665
2.15,0,0,11.32462044
2.151,0,0,11.32453676
2.152,0,0,11.32444938
2.153,0,0,11.32436573
2.154,0,0,11.32435198
2.155,0,0,11.32430011
2.156,0,0,11.32420097
2.157,0,0,11.32407172
2.158,0,0,11.32402418
2.159,0,0,11.32399749
2.16,0,0,11.32394029
2.161,0,0,11.323846
2.162,0,0,11.32377291
2.163,0,0,11.32372643
2.164,0,0,11.3236746
2.165,0,0,11.32359562
2.166,0,0,11.32352024
2.167,0,0,11.32348039
2.168,0,0,11.32345728
2.169,0,0,11.32340885
2.17,0,0,11.32334193
2.171,0,0,11.32328062
2.172,0,0,11.32324383
2.173,0,0,11.323186
2.174,0,0,11.32312798
2.175,0,0,11.32308941
2.176,0,0,11.32308871
2.177,0,0,11.32305958
2.178,0,0,11.32298909
2.179,0,0,11.32291855
2.18,0,0,11.32291368
2.181,0,0,11.32290874
2.182,0,0,11.32289109
2.183,0,0,11.32284568
2.184,0,0,11.32282972
2.185,0,0,11.32282087
2.186,0,0,11.32280088
2.187,0,0,11.32276769
2.188,0,0,11.32273957
2.189,0,0,11.32274547
2.19,0,0,11.32274575
2.191,0,0,11.32274215
2.192,0,0,11.32272457
2.193,0,0,11.32273219
2.194,0,0,11.32271793
2.195,0,0,11.32271541
2.196,0,0,11.32270824
2.197,0,0,11.32273806
2.198,0,0,11.32277336
2.199,0,0,11.32277215
2.2,0,0,11.32273679
2.201,0,0,11.32273511
2.202,0,0,11.32277189
2.203,0,0,11.3228059
2.204,0,0,11.32281095
2.205,0,0,11.32281823
2.206,0,0,11.32285015
2.207,0,0,11.32287561
2.208,0,0,11.32288533
2.209,0,0,11.3229019
2.21,0,0,11.32292787
2.211,0,0,11.32297873
2.212,0,0,11.32300888
2.213,0,0,11.3230338
2.214,0,0,11.32306292
2.215,0,0,11.32311241
2.216,0,0,11.32312402
2.217,0,0,11.32314412
2.218,0,0,11.32316897
2.219,0,0,11.32325312
2.22,0,0,11.32331292
2.221,0,0,11.32333014
2.222,0,0,11.32331911
2.223,0,0,11.32337394
2.224,0,0,11.32344489
2.225,0,0,11.32350569
2.226,0,0,11.32352855
2.227,0,0,11.32358015
2.228,0,0,11.32364495
2.229,0,0,11.32368743
2.23,0,0,11.32371378
2.231,0,0,11.32373522
2.232,0,0,11.32379873
2.233,0,0,11.3238692
2.234,0,0,11.32391135
2.235,0,0,11.32394803
2.236,0,0,11.32400827
2.237,0,0,11.32407159
2.238,0,0,11.32410773
2.239,0,0,11.32412559
2.24,0,0,11.3241713
2.241,0,0,11.32427181
2.242,0,0,11.32433337
2.243,0,0,11.32433982
2.244,0,0,11.32433942
2.245,0,0,11.3244044
2.246,0,0,11.32448523
2.247,0,0,11.32452799
2.248,0,0,11.32454134
2.249,0,0,11.32459259
2.25,0,0,11.32465628
2.251,0,0,11.32469723
2.252,0,0,11.3247132
2.253,0,0,11.32472725
2.254,0,0,11.32479966
2.255,0,0,11.32485259
2.256,0,0,11.32488799
2.257,0,0,11.32490425
2.258,0,0,11.3249568
2.259,0,0,11.32499878
2.26,0,0,11.32502075
2.261,0,0,11.32500644
2.262,0,0,11.32505294
2.263,0,0,11.32513328
2.264,0,0,11.32517953
2.265,0,0,11.32515424
2.266,0,0,11.32514298
2.267,0,0,11.32519649
2.268,0,0,11.32526893
2.269,0,0,11.32528101
2.27,0,0,11.32527919
2.271,0,0,11.32530592
2.272,0,0,11.32535237
2.273,0,0,11.32536786
2.274,0,0,11.32534861
2.275,0,0,11.3253458
2.276,0,0,11.32539108
2.277,0,0,11.32542079
2.278,0,0,11.32542891
2.279,0,0,11.3254197
2.28,0,0,11.32544503
2.281,0,0,11.3254687
2.282,0,0,11.32545931
2.283,0,0,11.32542304
2.284,0,0,11.32544968
2.285,0,0,11.32549414
2.286,0,0,11.32551384
2.287,0,0,11.32544937
2.288,0,0,11.32541847
2.289,0,0,11.32543872
2.29,0,0,11.32547379
2.291,0,0,11.32544912
2.292,0,0,11.3254211
2.293,0,0,11.32542143
2.294,0,0,11.32543499
2.295,0,0,11.32543009
2.296,0,0,11.32537408
2.297,0,0,11.32535484
2.298,0,0,11.32536156
2.299,0,0,11.32537523
2.3,0,0,11.32534592
2.301,0,0,11.32531595
2.302,0,0,11.32530604
2.303,0,0,11.3252954
2.304,0,0,11.32525668
2.305,0,0,11.32520922
2.306,0,0,11.32520652
2.307,0,0,11.32522551
2.308,0,0,11.3252094
2.309,0,0,11.32513034
2.31,0,0,11.32508817
2.311,0,0,11.32509794
2.312,0,0,11.32510452
2.313,0,0,11.32507232
2.314,0,0,11.32502297
2.315,0,0,11.32500755
2.316,0,0,11.32499291
2.317,0,0,11.32496362
2.318,0,0,11.32489755
2.319,0,0,11.3248671
2.32,0,0,11.32485358
2.321,0,0,11.32485232
2.322,0,0,11.32481154
2.323,0,0,11.32478725
2.324,0,0,11.32476197
2.325,0,0,11.32473637
2.326,0,0,11.32468051
2.327,0,0,11.32463897
2.328,0,0,11.32462952
2.329,0,0,11.32464096
2.33,0,0,11.32458715
2.331,0,0,11.32451676
2.332,0,0,11.32447336
2.333,0,0,11.32447371
2.334,0,0,11.32445573
2.335,0,0,11.32441946
2.336,0,0,11.32438246
2.337,0,0,11.32436388
2.338,0,0,11.32434171
2.339,0,0,11.32430216
2.34,0,0,11.32425181
2.341,0,0,11.32422619
2.342,0,0,11.32422149
2.343,0,0,11.32419932
2.344,0,0,11.32416648
2.345,0,0,11.32414633
2.346,0,0,11.32412112
2.347,0,0,11.32409155
2.348,0,0,11.32403474
2.349,0,0,11.32401477
2.35,0,0,11.32402526
2.351,0,0,11.32403368
2.352,0,0,11.32397518
2.353,0,0,11.32393245
2.354,0,0,11.3239135
2.355,0,0,11.32393167
2.356,0,0,11.32391711
2.357,0,0,11.32388433
2.358,0,0,11.3238778
2.359,0,0,11.32386605
2.36,0,0,11.32385649
2.361,0,0,11.32381008
2.362,0,0,11.32378803
2.363,0,0,11.32377951
2.364,0,0,11.3237985
2.365,0,0,11.32378119
2.366,0,0,11.32377538
2.367,0,0,11.32377563
2.368,0,0,11.32377325
2.369,0,0,11.32375131
2.37,0,0,11.32371178
2.371,0,0,11.32372211
2.372,0,0,11.32375894
2.373,0,0,11.3237653
2.374,0,0,11.32371795
2.375,0,0,11.32367874
2.376,0,0,11.3236977
2.377,0,0,11.32372419
2.378,0,0,11.32372006
2.379,0,0,11.32370464
2.38,0,0,11.32372309
2.381,0,0,11.32372943
2.382,0,0,11.32373562
2.383,0,0,11.32370516
2.384,0,0,11.32370561
2.385,0,0,11.32372794
2.386,0,0,11.32374939
2.387,0,0,11.3237467
2.388,0,0,11.32375189
2.389,0,0,11.32376897
2.39,0,0,11.32378926
2.391,0,0,11.32376547
2.392,0,0,11.32375068
2.393,0,0,11.32377697
2.394,0,0,11.32384489
2.395,0,0,11.32385546
2.396,0,0,11.32383118
2.397,0,0,11.32381361
2.398,0,0,11.32386816
2.399,0,0,11.32390506
2.4,0,0,11.32390657
2.401,0,0,11.32391143
2.402,0,0,11.32393279
2.403,0,0,11.32396843
2.404,0,0,11.32396786
2.405,0,0,11.32395664
2.406,0,0,11.32397119
2.407,0,0,11.32402052
2.408,0,0,11.32405175
2.409,0,0,11.32406432
2.41,0,0,11.32408021
2.411,0,0,11.32411221
2.412,0,0,11.32413999
2.413,0,0,11.32411896
2.414,0,0,11.32412435
2.415,0,0,11.32416425
2.416,0,0,11.32423344
2.417,0,0,11.32423502
2.418,0,0,11.32420428
2.419,0,0,11.32420584
2.42,0,0,11.32426416
2.421,0,0,11.32430632
2.422,0,0,11.32430671
2.423,0,0,11.32431843
2.424,0,0,11.32434253
2.425,0,0,11.32439142
2.426,0,0,11.32437764
2.427,0,0,11.32437443
2.428,0,0,11.32438558
2.429,0,0,11.32443479
2.43,0,0,11.32446064
2.431,0,0,11.32447176
2.432,0,0,11.32448356
2.433,0,0,11.32451567
2.434,0,0,11.32452847
2.435,0,0,11.32451012
2.436,0,0,11.32451403
2.437,0,0,11.32456402
2.438,0,0,11.32462388
2.439,0,0,11.32462406
2.44,0,0,11.32458889
2.441,0,0,11.32460527
2.442,0,0,11.324651
2.443,0,0,11.32468421
2.444,0,0,11.32467527
2.445,0,0,11.32468414
2.446,0,0,11.32470255
2.447,0,0,11.32472851
2.448,0,0,11.32471806
2.449,0,0,11.32470875
2.45,0,0,11.32472369
