#Exudyn implicit second order time integration sensor output file
#measure Node number = 483
#OutputVariableType = AngularVelocity
#simulation started = 2022-04-08,00:48:28
#columns contain: time, comma separated sensor values (e.g, x,y,z position coordinates)
#number of sensor values = 3
#Exudyn version = 1.2.34.dev1; Python3.9.11; Windows AVX2 FLOAT64
#
0,0,0,0
0.001,0,0,-1.400761456e-06
0.002,0,0,-2.509806112e-06
0.003,0,0,-3.667594352e-06
0.004,0,0,-5.059357161e-06
0.005,0,0,-6.533033562e-06
0.006,0,0,-8.563871679e-06
0.007,0,0,-9.803367696e-06
0.008,0,0,-1.031575911e-05
0.009,0,0,-1.10520578e-05
0.01,0,0,-1.221623909e-05
0.011,0,0,-1.351670692e-05
0.012,0,0,-1.503217951e-05
0.013,0,0,-1.623133298e-05
0.014,0,0,-1.720198499e-05
0.015,0,0,-1.774933572e-05
0.016,0,0,-1.84441697e-05
0.017,0,0,-1.949057116e-05
0.018,0,0,-2.04700471e-05
0.019,0,0,-2.153021846e-05
0.02,0,0,-2.226273438e-05
0.021,0,0,-2.270590054e-05
0.022,0,0,-2.305200478e-05
0.023,0,0,-2.352510126e-05
0.024,0,0,-2.416611381e-05
0.025,0,0,-2.48771379e-05
0.026,0,0,-2.531204067e-05
0.027,0,0,-2.564411959e-05
0.028,0,0,-2.565287163e-05
0.029,0,0,-2.569736407e-05
0.03,0,0,-2.594001837e-05
0.031,0,0,-2.613549396e-05
0.032,0,0,-2.63154225e-05
0.033,0,0,-2.640241576e-05
0.034,0,0,-2.626569847e-05
0.035,0,0,-2.609057608e-05
0.036,0,0,-2.588433591e-05
0.037,0,0,-2.580304336e-05
0.038,0,0,-2.569838196e-05
0.039,0,0,-2.551970744e-05
0.04,0,0,-2.527786175e-05
0.041,0,0,-2.479053798e-05
0.042,0,0,-2.439543737e-05
0.043,0,0,-2.401045748e-05
0.044,0,0,-2.3577031e-05
0.045,0,0,-2.319263017e-05
0.046,0,0,-2.275433241e-05
0.047,0,0,-2.207674014e-05
0.048,0,0,-2.143719279e-05
0.049,0,0,-2.072986816e-05
0.05,0,0,-1.996814622e-05
0.051,0,0,-1.932381281e-05
0.052,0,0,-1.849962848e-05
0.053,0,0,-5.595274329e-06
0.054,0,0,0.000118994507
0.055,0,0,0.0004793791403
0.056,0,0,0.001110270293
0.057,0,0,0.002011194283
0.058,0,0,0.003179795104
0.059,0,0,0.004626923329
0.06,0,0,0.006403846729
0.061,0,0,0.008595924961
0.062,0,0,0.01126815474
0.063,0,0,0.01444048719
0.064,0,0,0.01811497847
0.065,0,0,0.02229425661
0.066,0,0,0.02700297063
0.067,0,0,0.03228952538
0.068,0,0,0.03820823902
0.069,0,0,0.04479548298
0.07,0,0,0.05206068284
0.071,0,0,0.06000558197
0.072,0,0,0.06863667456
0.073,0,0,0.07797424147
0.074,0,0,0.08804886262
0.075,0,0,0.09889023174
0.076,0,0,0.11051739
0.077,0,0,0.1229273739
0.078,0,0,0.1361149309
0.079,0,0,0.1500817965
0.08,0,0,0.1648339399
0.081,0,0,0.1803925991
0.082,0,0,0.1967598094
0.083,0,0,0.2139459864
0.084,0,0,0.2319316952
0.085,0,0,0.2507136488
0.086,0,0,0.2702801307
0.087,0,0,0.2906276826
0.088,0,0,0.3117612605
0.089,0,0,0.3336734403
0.09,0,0,0.356358751
0.091,0,0,0.3797967482
0.092,0,0,0.4039752413
0.093,0,0,0.4288687431
0.094,0,0,0.4544759961
0.095,0,0,0.4807745783
0.096,0,0,0.5077623676
0.097,0,0,0.5354193719
0.098,0,0,0.5637205298
0.099,0,0,0.5926524186
0.1,0,0,0.6221809688
0.101,0,0,0.6522953234
0.102,0,0,0.6829719193
0.103,0,0,0.7141940078
0.104,0,0,0.7459374795
0.105,0,0,0.7781770463
0.106,0,0,0.8108904872
0.107,0,0,0.8440493797
0.108,0,0,0.8776254227
0.109,0,0,0.9116017467
0.11,0,0,0.945946595
0.111,0,0,0.9806423919
0.112,0,0,1.01565769
0.113,0,0,1.050959978
0.114,0,0,1.086531596
0.115,0,0,1.122347832
0.116,0,0,1.158378311
0.117,0,0,1.194596515
0.118,0,0,1.230980087
0.119,0,0,1.267499559
0.12,0,0,1.304125109
0.121,0,0,1.340834671
0.122,0,0,1.377600668
0.123,0,0,1.414404548
0.124,0,0,1.451207686
0.125,0,0,1.487988643
0.126,0,0,1.524727252
0.127,0,0,1.561378551
0.128,0,0,1.597919352
0.129,0,0,1.634338503
0.13,0,0,1.670618622
0.131,0,0,1.706721747
0.132,0,0,1.742623719
0.133,0,0,1.778301435
0.134,0,0,1.813721782
0.135,0,0,1.848862417
0.136,0,0,1.883714028
0.137,0,0,1.918266353
0.138,0,0,1.952488825
0.139,0,0,1.986358391
0.14,0,0,2.019850822
0.141,0,0,2.052942168
0.142,0,0,2.085617932
0.143,0,0,2.117877178
0.144,0,0,2.149699278
0.145,0,0,2.181067575
0.146,0,0,2.211976505
0.147,0,0,2.242401909
0.148,0,0,2.27232344
0.149,0,0,2.301729763
0.15,0,0,2.330624133
0.151,0,0,2.358996708
0.152,0,0,2.38683877
0.153,0,0,2.414144115
0.154,0,0,2.440902248
0.155,0,0,2.467098147
0.156,0,0,2.492727927
0.157,0,0,2.517811568
0.158,0,0,2.542351015
0.159,0,0,2.566322509
0.16,0,0,2.589734798
0.161,0,0,2.612572273
0.162,0,0,2.634849956
0.163,0,0,2.656585091
0.164,0,0,2.677790635
0.165,0,0,2.698456635
0.166,0,0,2.71857514
0.167,0,0,2.738150338
0.168,0,0,2.75720311
0.169,0,0,2.775756511
0.17,0,0,2.793822646
0.171,0,0,2.811392058
0.172,0,0,2.828483261
0.173,0,0,2.845100985
0.174,0,0,2.861275797
0.175,0,0,2.877011574
0.176,0,0,2.892330966
0.177,0,0,2.907243352
0.178,0,0,2.921766632
0.179,0,0,2.935909634
0.18,0,0,2.949695911
0.181,0,0,2.963147789
0.182,0,0,2.97627087
0.183,0,0,2.989115004
0.184,0,0,3.001685505
0.185,0,0,3.013978258
0.186,0,0,3.026009313
0.187,0,0,3.037811804
0.188,0,0,3.049408436
0.189,0,0,3.060806262
0.19,0,0,3.07205126
0.191,0,0,3.083160012
0.192,0,0,3.094139213
0.193,0,0,3.105004794
0.194,0,0,3.11578585
0.195,0,0,3.126496809
0.196,0,0,3.137173556
0.197,0,0,3.147818472
0.198,0,0,3.158473576
0.199,0,0,3.169143251
0.2,0,0,3.179866127
0.201,0,0,3.190623043
0.202,0,0,3.201460045
0.203,0,0,3.212391133
0.204,0,0,3.22345774
0.205,0,0,3.234653508
0.206,0,0,3.245989661
0.207,0,0,3.257512399
0.208,0,0,3.269221278
0.209,0,0,3.281114529
0.21,0,0,3.293222384
0.211,0,0,3.305571585
0.212,0,0,3.318198193
0.213,0,0,3.331066445
0.214,0,0,3.344207602
0.215,0,0,3.35763485
0.216,0,0,3.371369024
0.217,0,0,3.385415869
0.218,0,0,3.399772113
0.219,0,0,3.414467393
0.22,0,0,3.429526222
0.221,0,0,3.444918705
0.222,0,0,3.460680796
0.223,0,0,3.476794953
0.224,0,0,3.493289247
0.225,0,0,3.510138145
0.226,0,0,3.527398004
0.227,0,0,3.545030188
0.228,0,0,3.563059064
0.229,0,0,3.581467286
0.23,0,0,3.600291813
0.231,0,0,3.61950004
0.232,0,0,3.639066473
0.233,0,0,3.659043408
0.234,0,0,3.679428019
0.235,0,0,3.700197719
0.236,0,0,3.721350668
0.237,0,0,3.742898976
0.238,0,0,3.764846236
0.239,0,0,3.78712887
0.24,0,0,3.809777489
0.241,0,0,3.832787409
0.242,0,0,3.856168522
0.243,0,0,3.879907103
0.244,0,0,3.904000815
0.245,0,0,3.928416535
0.246,0,0,3.953136356
0.247,0,0,3.978170415
0.248,0,0,4.003549042
0.249,0,0,4.029182626
0.25,0,0,4.055126289
0.251,0,0,4.08133254
0.252,0,0,4.107828633
0.253,0,0,4.1345586
0.254,0,0,4.161526848
0.255,0,0,4.188723065
0.256,0,0,4.216141392
0.257,0,0,4.243758151
0.258,0,0,4.271569031
0.259,0,0,4.299537892
0.26,0,0,4.327694657
0.261,0,0,4.355987827
0.262,0,0,4.384435363
0.263,0,0,4.412995878
0.264,0,0,4.441680032
0.265,0,0,4.470419501
0.266,0,0,4.499265142
0.267,0,0,4.528187594
0.268,0,0,4.557138415
0.269,0,0,4.586168665
0.27,0,0,4.615222616
0.271,0,0,4.644272161
0.272,0,0,4.673314804
0.273,0,0,4.702342809
0.274,0,0,4.731325021
0.275,0,0,4.760328383
0.276,0,0,4.789255594
0.277,0,0,4.818117375
0.278,0,0,4.846898015
0.279,0,0,4.875575699
0.28,0,0,4.904167723
0.281,0,0,4.932638646
0.282,0,0,4.960983756
0.283,0,0,4.989206083
0.284,0,0,5.017272151
0.285,0,0,5.045223497
0.286,0,0,5.072963573
0.287,0,0,5.100530888
0.288,0,0,5.127918425
0.289,0,0,5.155150825
0.29,0,0,5.182147439
0.291,0,0,5.208935057
0.292,0,0,5.235513342
0.293,0,0,5.261879769
0.294,0,0,5.288017499
0.295,0,0,5.313912777
0.296,0,0,5.339556942
0.297,0,0,5.364966301
0.298,0,0,5.390130331
0.299,0,0,5.415027919
0.3,0,0,5.439690816
0.301,0,0,5.464063873
0.302,0,0,5.488219775
0.303,0,0,5.512083718
0.304,0,0,5.535673248
0.305,0,0,5.558994412
0.306,0,0,5.582005181
0.307,0,0,5.6048338
0.308,0,0,5.627357976
0.309,0,0,5.649591979
0.31,0,0,5.671585796
0.311,0,0,5.693284994
0.312,0,0,5.714764912
0.313,0,0,5.735895202
0.314,0,0,5.756843728
0.315,0,0,5.777520246
0.316,0,0,5.797927879
0.317,0,0,5.818133536
0.318,0,0,5.838055987
0.319,0,0,5.85773295
0.32,0,0,5.877213227
0.321,0,0,5.896420094
0.322,0,0,5.915433644
0.323,0,0,5.934239556
0.324,0,0,5.952807038
0.325,0,0,5.971239075
0.326,0,0,5.989441958
0.327,0,0,6.007457064
0.328,0,0,6.025290261
0.329,0,0,6.042894153
0.33,0,0,6.060414562
0.331,0,0,6.077756142
0.332,0,0,6.094964123
0.333,0,0,6.112073669
0.334,0,0,6.129031842
0.335,0,0,6.145872894
0.336,0,0,6.162578088
0.337,0,0,6.179183243
0.338,0,0,6.195678782
0.339,0,0,6.212122021
0.34,0,0,6.228576878
0.341,0,0,6.244901902
0.342,0,0,6.261189522
0.343,0,0,6.277419529
0.344,0,0,6.293607398
0.345,0,0,6.309778158
0.346,0,0,6.325939642
0.347,0,0,6.342075645
0.348,0,0,6.358294572
0.349,0,0,6.374469348
0.35,0,0,6.390698821
0.351,0,0,6.40693479
0.352,0,0,6.423192473
0.353,0,0,6.439538069
0.354,0,0,6.455907146
0.355,0,0,6.472372587
0.356,0,0,6.488891153
0.357,0,0,6.505536421
0.358,0,0,6.522231373
0.359,0,0,6.539073624
0.36,0,0,6.555943847
0.361,0,0,6.572952886
0.362,0,0,6.590077075
0.363,0,0,6.607371239
0.364,0,0,6.624686324
0.365,0,0,6.642274636
0.366,0,0,6.659924695
0.367,0,0,6.677773991
0.368,0,0,6.695745549
0.369,0,0,6.713821417
0.37,0,0,6.732069679
0.371,0,0,6.750515187
0.372,0,0,6.769112638
0.373,0,0,6.787912414
0.374,0,0,6.806850302
0.375,0,0,6.825961887
0.376,0,0,6.845277962
0.377,0,0,6.864704261
0.378,0,0,6.884371225
0.379,0,0,6.904150015
0.38,0,0,6.924176825
0.381,0,0,6.944347977
0.382,0,0,6.96475855
0.383,0,0,6.985270867
0.384,0,0,7.006050115
0.385,0,0,7.026890634
0.386,0,0,7.048037639
0.387,0,0,7.069237647
0.388,0,0,7.090714088
0.389,0,0,7.112272208
0.39,0,0,7.134086939
0.391,0,0,7.156057024
0.392,0,0,7.178169172
0.393,0,0,7.200435451
0.394,0,0,7.22284481
0.395,0,0,7.245420527
0.396,0,0,7.268157766
0.397,0,0,7.291050756
0.398,0,0,7.314069615
0.399,0,0,7.337253096
0.4,0,0,7.360550962
0.401,0,0,7.384026867
0.402,0,0,7.407522144
0.403,0,0,7.431194239
0.404,0,0,7.454951604
0.405,0,0,7.478886405
0.406,0,0,7.502861347
0.407,0,0,7.526960909
0.408,0,0,7.551136491
0.409,0,0,7.575451212
0.41,0,0,7.599765441
0.411,0,0,7.624184143
0.412,0,0,7.648627266
0.413,0,0,7.673221086
0.414,0,0,7.697784836
0.415,0,0,7.722431664
0.416,0,0,7.747180759
0.417,0,0,7.771888726
0.418,0,0,7.796647957
0.419,0,0,7.821452095
0.42,0,0,7.846220789
0.421,0,0,7.87104617
0.422,0,0,7.895815376
0.423,0,0,7.920662763
0.424,0,0,7.945477346
0.425,0,0,7.970312698
0.426,0,0,7.995071057
0.427,0,0,8.01982454
0.428,0,0,8.044545558
0.429,0,0,8.069232615
0.43,0,0,8.093863485
0.431,0,0,8.118486196
0.432,0,0,8.142990246
0.433,0,0,8.167571491
0.434,0,0,8.191979725
0.435,0,0,8.216417925
0.436,0,0,8.240621302
0.437,0,0,8.26489741
0.438,0,0,8.289029544
0.439,0,0,8.313061729
0.44,0,0,8.337078762
0.441,0,0,8.360984871
0.442,0,0,8.384787079
0.443,0,0,8.40852185
0.444,0,0,8.432121945
0.445,0,0,8.455568545
0.446,0,0,8.479007784
0.447,0,0,8.502231225
0.448,0,0,8.525461827
0.449,0,0,8.548528975
0.45,0,0,8.571497475
0.451,0,0,8.594318398
0.452,0,0,8.617080112
0.453,0,0,8.639665689
0.454,0,0,8.662172129
0.455,0,0,8.684497194
0.456,0,0,8.706768139
0.457,0,0,8.728846111
0.458,0,0,8.750933614
0.459,0,0,8.772788048
0.46,0,0,8.794597046
0.461,0,0,8.816210693
0.462,0,0,8.837733465
0.463,0,0,8.859162198
0.464,0,0,8.880390649
0.465,0,0,8.901561478
0.466,0,0,8.922654429
0.467,0,0,8.943624919
0.468,0,0,8.964506087
0.469,0,0,8.985225418
0.47,0,0,9.005820952
0.471,0,0,9.026276459
0.472,0,0,9.046733689
0.473,0,0,9.066999849
0.474,0,0,9.087218473
0.475,0,0,9.107377185
0.476,0,0,9.127411246
0.477,0,0,9.147367958
0.478,0,0,9.167266042
0.479,0,0,9.186943607
0.48,0,0,9.206675249
0.481,0,0,9.226206907
0.482,0,0,9.245815148
0.483,0,0,9.265240041
0.484,0,0,9.284749006
0.485,0,0,9.30408069
0.486,0,0,9.323336204
0.487,0,0,9.342639394
0.488,0,0,9.361769552
0.489,0,0,9.380885683
0.49,0,0,9.400007092
0.491,0,0,9.419082259
0.492,0,0,9.438113329
0.493,0,0,9.457161737
0.494,0,0,9.476079091
0.495,0,0,9.495054539
0.496,0,0,9.513991877
0.497,0,0,9.532922653
0.498,0,0,9.551784318
0.499,0,0,9.570692924
0.5,0,0,9.58956329
0.501,0,0,9.608517124
0.502,0,0,9.627439353
0.503,0,0,9.646310038
0.504,0,0,9.665025101
0.505,0,0,9.683663838
0.506,0,0,9.702127678
0.507,0,0,9.720650114
0.508,0,0,9.739233245
0.509,0,0,9.757785677
0.51,0,0,9.776401506
0.511,0,0,9.795105741
0.512,0,0,9.813738891
0.513,0,0,9.832301983
0.514,0,0,9.85081839
0.515,0,0,9.869309078
0.516,0,0,9.887861096
0.517,0,0,9.906485967
0.518,0,0,9.924832096
0.519,0,0,9.943380639
0.52,0,0,9.961981259
0.521,0,0,9.980621139
0.522,0,0,9.999223695
0.523,0,0,10.01779762
0.524,0,0,10.03634442
0.525,0,0,10.05491461
0.526,0,0,10.07328413
0.527,0,0,10.09183787
0.528,0,0,10.11029337
0.529,0,0,10.12903424
0.53,0,0,10.14752202
0.531,0,0,10.1661388
0.532,0,0,10.184625
0.533,0,0,10.20309445
0.534,0,0,10.22149459
0.535,0,0,10.23994735
0.536,0,0,10.25848505
0.537,0,0,10.2771742
0.538,0,0,10.29587748
0.539,0,0,10.31454337
0.54,0,0,10.33324316
0.541,0,0,10.35199919
0.542,0,0,10.37066227
0.543,0,0,10.38933077
0.544,0,0,10.40804307
0.545,0,0,10.42677591
0.546,0,0,10.44570601
0.547,0,0,10.46459889
0.548,0,0,10.48351633
0.549,0,0,10.50257173
0.55,0,0,10.52153286
0.551,0,0,10.54058066
0.552,0,0,10.55942506
0.553,0,0,10.57846489
0.554,0,0,10.59749452
0.555,0,0,10.61661109
0.556,0,0,10.63582951
0.557,0,0,10.6551211
0.558,0,0,10.67446135
0.559,0,0,10.6937979
0.56,0,0,10.71311822
0.561,0,0,10.73246256
0.562,0,0,10.75188931
0.563,0,0,10.77132428
0.564,0,0,10.79088945
0.565,0,0,10.81060725
0.566,0,0,10.83041741
0.567,0,0,10.85014974
0.568,0,0,10.86997638
0.569,0,0,10.8897909
0.57,0,0,10.90971485
0.571,0,0,10.92972478
0.572,0,0,10.94972639
0.573,0,0,10.96991375
0.574,0,0,10.99008349
0.575,0,0,11.01051877
0.576,0,0,11.03079041
0.577,0,0,11.05116325
0.578,0,0,11.07161343
0.579,0,0,11.09207063
0.58,0,0,11.11262037
0.581,0,0,11.13331531
0.582,0,0,11.15401319
0.583,0,0,11.17474074
0.584,0,0,11.19560139
0.585,0,0,11.21648718
0.586,0,0,11.23738737
0.587,0,0,11.25830811
0.588,0,0,11.27922027
0.589,0,0,11.30025791
0.59,0,0,11.32138889
0.591,0,0,11.34252128
0.592,0,0,11.36370572
0.593,0,0,11.38490544
0.594,0,0,11.40610186
0.595,0,0,11.42732446
0.596,0,0,11.44849671
0.597,0,0,11.46988144
0.598,0,0,11.49109758
0.599,0,0,11.51248091
0.6,0,0,11.53376302
0.601,0,0,11.55512639
0.602,0,0,11.57650202
0.603,0,0,11.59781293
0.604,0,0,11.61900914
0.605,0,0,11.64021218
0.606,0,0,11.66137806
0.607,0,0,11.68222053
0.608,0,0,11.70275077
0.609,0,0,11.72309001
0.61,0,0,11.74307295
0.611,0,0,11.76278738
0.612,0,0,11.78219865
0.613,0,0,11.80133766
0.614,0,0,11.82016657
0.615,0,0,11.83860087
0.616,0,0,11.85659732
0.617,0,0,11.8741488
0.618,0,0,11.89121901
0.619,0,0,11.90782422
0.62,0,0,11.92374279
0.621,0,0,11.93933347
0.622,0,0,11.95430749
0.623,0,0,11.96887909
0.624,0,0,11.98279796
0.625,0,0,11.99621132
0.626,0,0,12.00901485
0.627,0,0,12.02121762
0.628,0,0,12.0326997
0.629,0,0,12.04352705
0.63,0,0,12.05380701
0.631,0,0,12.06345752
0.632,0,0,12.07239833
0.633,0,0,12.08076913
0.634,0,0,12.0884302
0.635,0,0,12.09544266
0.636,0,0,12.10173361
0.637,0,0,12.10737396
0.638,0,0,12.11227857
0.639,0,0,12.11648892
0.64,0,0,12.12007941
0.641,0,0,12.12304655
0.642,0,0,12.1252521
0.643,0,0,12.1269048
0.644,0,0,12.12770793
0.645,0,0,12.12799269
0.646,0,0,12.12752585
0.647,0,0,12.12645983
0.648,0,0,12.12469052
0.649,0,0,12.1223782
0.65,0,0,12.11941103
0.651,0,0,12.11580397
0.652,0,0,12.11157673
0.653,0,0,12.10669241
0.654,0,0,12.10132766
0.655,0,0,12.09543777
0.656,0,0,12.08895346
0.657,0,0,12.08193117
0.658,0,0,12.07436988
0.659,0,0,12.06622918
0.66,0,0,12.0576677
0.661,0,0,12.048582
0.662,0,0,12.03911692
0.663,0,0,12.02915743
0.664,0,0,12.01887335
0.665,0,0,12.00818665
0.666,0,0,11.99705183
0.667,0,0,11.98559984
0.668,0,0,11.97370012
0.669,0,0,11.96154105
0.67,0,0,11.94910698
0.671,0,0,11.93634855
0.672,0,0,11.9234181
0.673,0,0,11.91022139
0.674,0,0,11.89686183
0.675,0,0,11.88330728
0.676,0,0,11.86954781
0.677,0,0,11.85552527
0.678,0,0,11.84145485
0.679,0,0,11.82733623
0.68,0,0,11.81318915
0.681,0,0,11.79889992
0.682,0,0,11.78460897
0.683,0,0,11.77034293
0.684,0,0,11.75606102
0.685,0,0,11.74173116
0.686,0,0,11.72738734
0.687,0,0,11.71323654
0.688,0,0,11.69920704
0.689,0,0,11.68524477
0.69,0,0,11.67145624
0.691,0,0,11.6576675
0.692,0,0,11.64425961
0.693,0,0,11.63086607
0.694,0,0,11.61766779
0.695,0,0,11.60474732
0.696,0,0,11.59203335
0.697,0,0,11.57959152
0.698,0,0,11.56744987
0.699,0,0,11.55558907
0.7,0,0,11.5439539
0.701,0,0,11.53268505
0.702,0,0,11.52164697
0.703,0,0,11.51098646
0.704,0,0,11.50071798
0.705,0,0,11.49076395
0.706,0,0,11.48113705
0.707,0,0,11.47203336
0.708,0,0,11.46323089
0.709,0,0,11.45480442
0.71,0,0,11.44673407
0.711,0,0,11.43908032
0.712,0,0,11.43183252
0.713,0,0,11.42510033
0.714,0,0,11.41867555
0.715,0,0,11.41279575
0.716,0,0,11.40724806
0.717,0,0,11.40225389
0.718,0,0,11.3975522
0.719,0,0,11.39330245
0.72,0,0,11.38945579
0.721,0,0,11.38608865
0.722,0,0,11.38322066
0.723,0,0,11.38072827
0.724,0,0,11.37867748
0.725,0,0,11.37704012
0.726,0,0,11.37585553
0.727,0,0,11.37505389
0.728,0,0,11.37462428
0.729,0,0,11.37458781
0.73,0,0,11.37507522
0.731,0,0,11.37590421
0.732,0,0,11.37719123
0.733,0,0,11.37879613
0.734,0,0,11.38084609
0.735,0,0,11.38312146
0.736,0,0,11.38582317
0.737,0,0,11.38887446
0.738,0,0,11.39224503
0.739,0,0,11.39599198
0.74,0,0,11.40005826
0.741,0,0,11.40441685
0.742,0,0,11.40921042
0.743,0,0,11.41414105
0.744,0,0,11.41933297
0.745,0,0,11.42476154
0.746,0,0,11.43053452
0.747,0,0,11.43655998
0.748,0,0,11.44284987
0.749,0,0,11.4492974
0.75,0,0,11.45601734
0.751,0,0,11.4629788
0.752,0,0,11.47003682
0.753,0,0,11.47713426
0.754,0,0,11.48447528
0.755,0,0,11.49200912
0.756,0,0,11.49969841
0.757,0,0,11.5075196
0.758,0,0,11.51548782
0.759,0,0,11.523476
0.76,0,0,11.53156726
0.761,0,0,11.53966382
0.762,0,0,11.54789224
0.763,0,0,11.55610716
0.764,0,0,11.56445703
0.765,0,0,11.57271376
0.766,0,0,11.58119509
0.767,0,0,11.58961663
0.768,0,0,11.59799111
0.769,0,0,11.60626235
0.77,0,0,11.61452367
0.771,0,0,11.62277339
0.772,0,0,11.63102781
0.773,0,0,11.63916025
0.774,0,0,11.64722191
0.775,0,0,11.65531879
0.776,0,0,11.66331647
0.777,0,0,11.67106829
0.778,0,0,11.67869503
0.779,0,0,11.68629138
0.78,0,0,11.69373313
0.781,0,0,11.70111046
0.782,0,0,11.70836124
0.783,0,0,11.7153934
0.784,0,0,11.72231865
0.785,0,0,11.72897646
0.786,0,0,11.73555242
0.787,0,0,11.74183466
0.788,0,0,11.74807164
0.789,0,0,11.75401628
0.79,0,0,11.75987231
0.791,0,0,11.76555505
0.792,0,0,11.77095164
0.793,0,0,11.77613917
0.794,0,0,11.78100397
0.795,0,0,11.78568188
0.796,0,0,11.79018835
0.797,0,0,11.7945181
0.798,0,0,11.79856409
0.799,0,0,11.80245961
0.8,0,0,11.80613064
0.801,0,0,11.80950553
0.802,0,0,11.81253702
0.803,0,0,11.81541125
0.804,0,0,11.81796214
0.805,0,0,11.82037909
0.806,0,0,11.82261875
0.807,0,0,11.82453794
0.808,0,0,11.82629919
0.809,0,0,11.82769352
0.81,0,0,11.82889841
0.811,0,0,11.82980353
0.812,0,0,11.83055009
0.813,0,0,11.83103959
0.814,0,0,11.83129286
0.815,0,0,11.83142834
0.816,0,0,11.8312542
0.817,0,0,11.83088529
0.818,0,0,11.83022015
0.819,0,0,11.82935399
0.82,0,0,11.82830758
0.821,0,0,11.82710725
0.822,0,0,11.82565497
0.823,0,0,11.82407049
0.824,0,0,11.82231141
0.825,0,0,11.82039047
0.826,0,0,11.81814567
0.827,0,0,11.81577169
0.828,0,0,11.81314254
0.829,0,0,11.81048027
0.83,0,0,11.8076933
0.831,0,0,11.80477132
0.832,0,0,11.80172861
0.833,0,0,11.79853887
0.834,0,0,11.79514289
0.835,0,0,11.79165504
0.836,0,0,11.78796455
0.837,0,0,11.78427517
0.838,0,0,11.78045912
0.839,0,0,11.77666068
0.84,0,0,11.77274554
0.841,0,0,11.76876805
0.842,0,0,11.76466702
0.843,0,0,11.7604549
0.844,0,0,11.75619545
0.845,0,0,11.75189809
0.846,0,0,11.74763496
0.847,0,0,11.743333
0.848,0,0,11.73905653
0.849,0,0,11.7347774
0.85,0,0,11.73044875
0.851,0,0,11.72599946
0.852,0,0,11.72159919
0.853,0,0,11.71728578
0.854,0,0,11.7129462
0.855,0,0,11.7087214
0.856,0,0,11.70449913
0.857,0,0,11.70040999
0.858,0,0,11.69622463
0.859,0,0,11.69214415
0.86,0,0,11.68803719
0.861,0,0,11.68401168
0.862,0,0,11.68015382
0.863,0,0,11.67625616
0.864,0,0,11.67258549
0.865,0,0,11.66897283
0.866,0,0,11.66544692
0.867,0,0,11.66195599
0.868,0,0,11.65857426
0.869,0,0,11.65524982
0.87,0,0,11.65207557
0.871,0,0,11.64901536
0.872,0,0,11.64609426
0.873,0,0,11.64327729
0.874,0,0,11.64068648
0.875,0,0,11.63799013
0.876,0,0,11.63547488
0.877,0,0,11.63310734
0.878,0,0,11.63083756
0.879,0,0,11.62869836
0.88,0,0,11.62675748
0.881,0,0,11.62494072
0.882,0,0,11.62332541
0.883,0,0,11.62167083
0.884,0,0,11.62016994
0.885,0,0,11.6187271
0.886,0,0,11.61754159
0.887,0,0,11.61640117
0.888,0,0,11.61540085
0.889,0,0,11.61458508
0.89,0,0,11.61388703
0.891,0,0,11.61329188
0.892,0,0,11.61280367
0.893,0,0,11.61237149
0.894,0,0,11.61200897
0.895,0,0,11.61183375
0.896,0,0,11.61172409
0.897,0,0,11.61177108
0.898,0,0,11.61195953
0.899,0,0,11.61224587
0.9,0,0,11.61254319
0.901,0,0,11.61295739
0.902,0,0,11.61350973
0.903,0,0,11.61403851
0.904,0,0,11.61471694
0.905,0,0,11.61544085
0.906,0,0,11.61639974
0.907,0,0,11.61734943
0.908,0,0,11.61832667
0.909,0,0,11.61936331
0.91,0,0,11.62043938
0.911,0,0,11.6216473
0.912,0,0,11.62285434
0.913,0,0,11.62415028
0.914,0,0,11.62551609
0.915,0,0,11.62698535
0.916,0,0,11.62847673
0.917,0,0,11.62999795
0.918,0,0,11.63145473
0.919,0,0,11.63300347
0.92,0,0,11.6345354
0.921,0,0,11.63621225
0.922,0,0,11.6378558
0.923,0,0,11.6396146
0.924,0,0,11.64135349
0.925,0,0,11.64305975
0.926,0,0,11.64479695
0.927,0,0,11.64651816
0.928,0,0,11.6482217
0.929,0,0,11.64993225
0.93,0,0,11.65171213
0.931,0,0,11.65360131
0.932,0,0,11.65538749
0.933,0,0,11.6571592
0.934,0,0,11.65883705
0.935,0,0,11.66060214
0.936,0,0,11.66235063
0.937,0,0,11.66403969
0.938,0,0,11.66570219
0.939,0,0,11.66742437
0.94,0,0,11.6691649
0.941,0,0,11.67088225
0.942,0,0,11.67248733
0.943,0,0,11.67404089
0.944,0,0,11.67550849
0.945,0,0,11.677069
0.946,0,0,11.67855061
0.947,0,0,11.68004509
0.948,0,0,11.68155107
0.949,0,0,11.68299609
0.95,0,0,11.6843713
0.951,0,0,11.68572943
0.952,0,0,11.68692427
0.953,0,0,11.68813251
0.954,0,0,11.68929203
0.955,0,0,11.69054367
0.956,0,0,11.69172729
0.957,0,0,11.692845
0.958,0,0,11.69387219
0.959,0,0,11.69482133
0.96,0,0,11.69578815
0.961,0,0,11.69668054
0.962,0,0,11.69749136
0.963,0,0,11.69827678
0.964,0,0,11.6990766
0.965,0,0,11.69978538
0.966,0,0,11.7005294
0.967,0,0,11.7011262
0.968,0,0,11.70167407
0.969,0,0,11.70216963
0.97,0,0,11.70268364
0.971,0,0,11.70308583
0.972,0,0,11.70349375
0.973,0,0,11.70388191
0.974,0,0,11.70414743
0.975,0,0,11.70443905
0.976,0,0,11.70461568
0.977,0,0,11.7047416
0.978,0,0,11.70481411
0.979,0,0,11.70487766
0.98,0,0,11.70500278
0.981,0,0,11.70501598
0.982,0,0,11.70501002
0.983,0,0,11.70488933
0.984,0,0,11.70477125
0.985,0,0,11.70459733
0.986,0,0,11.70436766
0.987,0,0,11.70411863
0.988,0,0,11.70389935
0.989,0,0,11.70363054
0.99,0,0,11.70340739
0.991,0,0,11.70301089
0.992,0,0,11.70264795
0.993,0,0,11.70216762
0.994,0,0,11.70176967
0.995,0,0,11.7012789
0.996,0,0,11.70080295
0.997,0,0,11.70034337
0.998,0,0,11.69986709
0.999,0,0,11.69934609
1,0,0,11.69878592
1.001,0,0,11.69814679
1.002,0,0,11.69754159
1.003,0,0,11.69688969
1.004,0,0,11.6963443
1.005,0,0,11.69574859
1.006,0,0,11.69511013
1.007,0,0,11.6944295
1.008,0,0,11.69370445
1.009,0,0,11.69296172
1.01,0,0,11.69220425
1.011,0,0,11.69142575
1.012,0,0,11.69062473
1.013,0,0,11.68984276
1.014,0,0,11.68908978
1.015,0,0,11.68826059
1.016,0,0,11.68736525
1.017,0,0,11.68643784
1.018,0,0,11.6854623
1.019,0,0,11.68453366
1.02,0,0,11.68355226
1.021,0,0,11.68252295
1.022,0,0,11.68159327
1.023,0,0,11.68058231
1.024,0,0,11.67953138
1.025,0,0,11.6783799
1.026,0,0,11.67722094
1.027,0,0,11.6760155
1.028,0,0,11.67482016
1.029,0,0,11.67369874
1.03,0,0,11.67247964
1.031,0,0,11.67125936
1.032,0,0,11.66999081
1.033,0,0,11.66863303
1.034,0,0,11.66725868
1.035,0,0,11.66588594
1.036,0,0,11.66444219
1.037,0,0,11.6630718
1.038,0,0,11.6616354
1.039,0,0,11.66023125
1.04,0,0,11.65869964
1.041,0,0,11.65720633
1.042,0,0,11.65557045
1.043,0,0,11.65398398
1.044,0,0,11.65238961
1.045,0,0,11.6507162
1.046,0,0,11.64909012
1.047,0,0,11.64748775
1.048,0,0,11.64576949
1.049,0,0,11.64403176
1.05,0,0,11.64222718
1.051,0,0,11.6404347
1.052,0,0,11.63857599
1.053,0,0,11.63678154
1.054,0,0,11.63495166
1.055,0,0,11.63311231
1.056,0,0,11.63130258
1.057,0,0,11.62937676
1.058,0,0,11.62739849
1.059,0,0,11.62543082
1.06,0,0,11.62341589
1.061,0,0,11.62142598
1.062,0,0,11.61942729
1.063,0,0,11.61748649
1.064,0,0,11.61546252
1.065,0,0,11.61346301
1.066,0,0,11.61136913
1.067,0,0,11.60926207
1.068,0,0,11.60714917
1.069,0,0,11.60500806
1.07,0,0,11.60285835
1.071,0,0,11.60082895
1.072,0,0,11.59875684
1.073,0,0,11.5966528
1.074,0,0,11.59447003
1.075,0,0,11.59229093
1.076,0,0,11.59010526
1.077,0,0,11.58792575
1.078,0,0,11.58578167
1.079,0,0,11.58361647
1.08,0,0,11.58153279
1.081,0,0,11.57941354
1.082,0,0,11.57722304
1.083,0,0,11.57497898
1.084,0,0,11.5727897
1.085,0,0,11.57060465
1.086,0,0,11.56844924
1.087,0,0,11.56632473
1.088,0,0,11.56420911
1.089,0,0,11.56211167
1.09,0,0,11.56000643
1.091,0,0,11.55786047
1.092,0,0,11.55569729
1.093,0,0,11.55356741
1.094,0,0,11.55139323
1.095,0,0,11.54928845
1.096,0,0,11.54729616
1.097,0,0,11.54531091
1.098,0,0,11.54331106
1.099,0,0,11.54122352
1.1,0,0,11.53919812
1.101,0,0,11.53714329
1.102,0,0,11.53511486
1.103,0,0,11.53311647
1.104,0,0,11.53118394
1.105,0,0,11.52932498
1.106,0,0,11.5274845
1.107,0,0,11.52554379
1.108,0,0,11.52367774
1.109,0,0,11.52176542
1.11,0,0,11.51991022
1.111,0,0,11.51806544
1.112,0,0,11.51631534
1.113,0,0,11.51456702
1.114,0,0,11.51289026
1.115,0,0,11.51116949
1.116,0,0,11.50942807
1.117,0,0,11.50774812
1.118,0,0,11.50605788
1.119,0,0,11.50436003
1.12,0,0,11.5027959
1.121,0,0,11.50126261
1.122,0,0,11.49979378
1.123,0,0,11.49822353
1.124,0,0,11.49670576
1.125,0,0,11.4951892
1.126,0,0,11.49370066
1.127,0,0,11.49227477
1.128,0,0,11.49086895
1.129,0,0,11.48951407
1.13,0,0,11.48824082
1.131,0,0,11.48691827
1.132,0,0,11.48561832
1.133,0,0,11.48425634
1.134,0,0,11.48295968
1.135,0,0,11.4816799
1.136,0,0,11.48051301
1.137,0,0,11.47933394
1.138,0,0,11.47821954
1.139,0,0,11.47712281
1.14,0,0,11.47600135
1.141,0,0,11.47487537
1.142,0,0,11.47373738
1.143,0,0,11.47257869
1.144,0,0,11.47153254
1.145,0,0,11.47053562
1.146,0,0,11.46962822
1.147,0,0,11.46869154
1.148,0,0,11.46775625
1.149,0,0,11.46677706
1.15,0,0,11.46576662
1.151,0,0,11.46477953
1.152,0,0,11.46382993
1.153,0,0,11.46295249
1.154,0,0,11.46214232
1.155,0,0,11.46128306
1.156,0,0,11.46048411
1.157,0,0,11.459648
1.158,0,0,11.4587861
1.159,0,0,11.45789226
1.16,0,0,11.45706882
1.161,0,0,11.45627529
1.162,0,0,11.45554553
1.163,0,0,11.45477918
1.164,0,0,11.4539577
1.165,0,0,11.45320519
1.166,0,0,11.4524553
1.167,0,0,11.45161209
1.168,0,0,11.45081179
1.169,0,0,11.45007527
1.17,0,0,11.4494089
1.171,0,0,11.44868497
1.172,0,0,11.44796051
1.173,0,0,11.44714019
1.174,0,0,11.44634571
1.175,0,0,11.44555673
1.176,0,0,11.44477868
1.177,0,0,11.44405636
1.178,0,0,11.44333876
1.179,0,0,11.44259538
1.18,0,0,11.44182098
1.181,0,0,11.44109475
1.182,0,0,11.44026871
1.183,0,0,11.43944637
1.184,0,0,11.4386525
1.185,0,0,11.43785453
1.186,0,0,11.43707942
1.187,0,0,11.43632479
1.188,0,0,11.43548582
1.189,0,0,11.43466754
1.19,0,0,11.43377205
1.191,0,0,11.43286732
1.192,0,0,11.43198156
1.193,0,0,11.4311514
1.194,0,0,11.4303445
1.195,0,0,11.42944465
1.196,0,0,11.42858266
1.197,0,0,11.4276805
1.198,0,0,11.42672416
1.199,0,0,11.4257211
1.2,0,0,11.42469534
1.201,0,0,11.4238158
1.202,0,0,11.42287787
1.203,0,0,11.42193803
1.204,0,0,11.42091374
1.205,0,0,11.41990558
1.206,0,0,11.41885001
1.207,0,0,11.41778254
1.208,0,0,11.41667864
1.209,0,0,11.41558066
1.21,0,0,11.41456055
1.211,0,0,11.41353258
1.212,0,0,11.41244427
1.213,0,0,11.41134588
1.214,0,0,11.41014952
1.215,0,0,11.40893866
1.216,0,0,11.40772011
1.217,0,0,11.40658944
1.218,0,0,11.40540804
1.219,0,0,11.40426815
1.22,0,0,11.40308432
1.221,0,0,11.40183778
1.222,0,0,11.40056348
1.223,0,0,11.3992597
1.224,0,0,11.39800242
1.225,0,0,11.39671732
1.226,0,0,11.39545571
1.227,0,0,11.39415382
1.228,0,0,11.39290308
1.229,0,0,11.39159698
1.23,0,0,11.39024413
1.231,0,0,11.38884472
1.232,0,0,11.38741993
1.233,0,0,11.38608301
1.234,0,0,11.38478639
1.235,0,0,11.3833566
1.236,0,0,11.38197657
1.237,0,0,11.3805858
1.238,0,0,11.37916431
1.239,0,0,11.37769381
1.24,0,0,11.37623938
1.241,0,0,11.37483467
1.242,0,0,11.37344766
1.243,0,0,11.37204635
1.244,0,0,11.37058095
1.245,0,0,11.36908023
1.246,0,0,11.3675442
1.247,0,0,11.36602376
1.248,0,0,11.36454584
1.249,0,0,11.36310275
1.25,0,0,11.36163566
1.251,0,0,11.3601882
1.252,0,0,11.35870139
1.253,0,0,11.35716798
1.254,0,0,11.35563922
1.255,0,0,11.35410806
1.256,0,0,11.35258936
1.257,0,0,11.35113106
1.258,0,0,11.3496115
1.259,0,0,11.34814134
1.26,0,0,11.34669824
1.261,0,0,11.34520317
1.262,0,0,11.34361193
1.263,0,0,11.34205931
1.264,0,0,11.3405428
1.265,0,0,11.33907514
1.266,0,0,11.33758421
1.267,0,0,11.33608819
1.268,0,0,11.33461438
1.269,0,0,11.33309757
1.27,0,0,11.3316035
1.271,0,0,11.33013146
1.272,0,0,11.32869114
1.273,0,0,11.32717354
1.274,0,0,11.32569537
1.275,0,0,11.32425674
1.276,0,0,11.32278992
1.277,0,0,11.32133318
1.278,0,0,11.31987543
1.279,0,0,11.31842722
1.28,0,0,11.31705998
1.281,0,0,11.3156805
1.282,0,0,11.31431652
1.283,0,0,11.31288218
1.284,0,0,11.31146409
1.285,0,0,11.30999397
1.286,0,0,11.30861109
1.287,0,0,11.30725843
1.288,0,0,11.30592501
1.289,0,0,11.30460625
1.29,0,0,11.30324282
1.291,0,0,11.30197031
1.292,0,0,11.30063732
1.293,0,0,11.29930771
1.294,0,0,11.29798286
1.295,0,0,11.29675262
1.296,0,0,11.29548305
1.297,0,0,11.29424838
1.298,0,0,11.29302829
1.299,0,0,11.2917926
1.3,0,0,11.2905649
1.301,0,0,11.28930653
1.302,0,0,11.28810797
1.303,0,0,11.28697911
1.304,0,0,11.28586566
1.305,0,0,11.28477251
1.306,0,0,11.28363423
1.307,0,0,11.28248206
1.308,0,0,11.28132541
1.309,0,0,11.28025874
1.31,0,0,11.27920924
1.311,0,0,11.278144
1.312,0,0,11.27710782
1.313,0,0,11.27611841
1.314,0,0,11.27515996
1.315,0,0,11.27413611
1.316,0,0,11.27310561
1.317,0,0,11.27217334
1.318,0,0,11.27128079
1.319,0,0,11.27036944
1.32,0,0,11.26947244
1.321,0,0,11.26858623
1.322,0,0,11.26771769
1.323,0,0,11.26685571
1.324,0,0,11.26594248
1.325,0,0,11.26508724
1.326,0,0,11.26432228
1.327,0,0,11.26361589
1.328,0,0,11.26287532
1.329,0,0,11.26212162
1.33,0,0,11.26132088
1.331,0,0,11.26058774
1.332,0,0,11.25990707
1.333,0,0,11.25916649
1.334,0,0,11.25848655
1.335,0,0,11.25784227
1.336,0,0,11.25727897
1.337,0,0,11.25666783
1.338,0,0,11.25599478
1.339,0,0,11.255364
1.34,0,0,11.25482263
1.341,0,0,11.25427042
1.342,0,0,11.25370784
1.343,0,0,11.2531594
1.344,0,0,11.25265314
1.345,0,0,11.25219996
1.346,0,0,11.25166639
1.347,0,0,11.25111081
1.348,0,0,11.25064871
1.349,0,0,11.25025296
1.35,0,0,11.24987471
1.351,0,0,11.2494783
1.352,0,0,11.24901078
1.353,0,0,11.24859218
1.354,0,0,11.24827058
1.355,0,0,11.24790694
1.356,0,0,11.2475317
1.357,0,0,11.24715579
1.358,0,0,11.24688
1.359,0,0,11.24662749
1.36,0,0,11.24631008
1.361,0,0,11.24594069
1.362,0,0,11.24569801
1.363,0,0,11.24546054
1.364,0,0,11.24521951
1.365,0,0,11.24495772
1.366,0,0,11.24469835
1.367,0,0,11.24456075
1.368,0,0,11.24439204
1.369,0,0,11.24412904
1.37,0,0,11.24390449
1.371,0,0,11.24376964
1.372,0,0,11.24368075
1.373,0,0,11.24357339
1.374,0,0,11.24336956
1.375,0,0,11.24318362
1.376,0,0,11.24312705
1.377,0,0,11.24308198
1.378,0,0,11.24299269
1.379,0,0,11.24284932
1.38,0,0,11.24278387
1.381,0,0,11.24276227
1.382,0,0,11.24267619
1.383,0,0,11.24252401
1.384,0,0,11.24252031
1.385,0,0,11.24257112
1.386,0,0,11.24261536
1.387,0,0,11.24260785
1.388,0,0,11.24257292
1.389,0,0,11.24261248
1.39,0,0,11.24266625
1.391,0,0,11.24260023
1.392,0,0,11.24254879
1.393,0,0,11.24260143
1.394,0,0,11.24273061
1.395,0,0,11.24291682
1.396,0,0,11.24299135
1.397,0,0,11.24300728
1.398,0,0,11.24311992
1.399,0,0,11.24324811
1.4,0,0,11.24338947
1.401,0,0,11.24347073
1.402,0,0,11.24360817
1.403,0,0,11.24382173
1.404,0,0,11.24399208
1.405,0,0,11.24404878
1.406,0,0,11.24419432
1.407,0,0,11.24441547
1.408,0,0,11.24463623
1.409,0,0,11.24480852
1.41,0,0,11.24495468
1.411,0,0,11.24520677
1.412,0,0,11.24548138
1.413,0,0,11.24570805
1.414,0,0,11.2458969
1.415,0,0,11.24616289
1.416,0,0,11.2464705
1.417,0,0,11.24681907
1.418,0,0,11.2471066
1.419,0,0,11.24734061
1.42,0,0,11.24766319
1.421,0,0,11.24798916
1.422,0,0,11.24830322
1.423,0,0,11.24860505
1.424,0,0,11.24894255
1.425,0,0,11.24935101
1.426,0,0,11.24974007
1.427,0,0,11.25004075
1.428,0,0,11.2503868
1.429,0,0,11.25086128
1.43,0,0,11.2513443
1.431,0,0,11.25178316
1.432,0,0,11.25218665
1.433,0,0,11.25265347
1.434,0,0,11.25313961
1.435,0,0,11.25359784
1.436,0,0,11.25402206
1.437,0,0,11.25450191
1.438,0,0,11.25509204
1.439,0,0,11.25569204
1.44,0,0,11.25623295
1.441,0,0,11.25671583
1.442,0,0,11.25729439
1.443,0,0,11.25794962
1.444,0,0,11.2585379
1.445,0,0,11.25909638
1.446,0,0,11.25965953
1.447,0,0,11.26034628
1.448,0,0,11.26098061
1.449,0,0,11.26156916
1.45,0,0,11.26219501
1.451,0,0,11.2629304
1.452,0,0,11.26371503
1.453,0,0,11.26445171
1.454,0,0,11.26518497
1.455,0,0,11.26597874
1.456,0,0,11.26675411
1.457,0,0,11.26747252
1.458,0,0,11.26822904
1.459,0,0,11.26899217
1.46,0,0,11.26988278
1.461,0,0,11.27081658
1.462,0,0,11.27165015
1.463,0,0,11.27249441
1.464,0,0,11.27335355
1.465,0,0,11.27428571
1.466,0,0,11.27518083
1.467,0,0,11.27605794
1.468,0,0,11.27699755
1.469,0,0,11.27802305
1.47,0,0,11.27898299
1.471,0,0,11.27995145
1.472,0,0,11.28102044
1.473,0,0,11.2821307
1.474,0,0,11.28324402
1.475,0,0,11.28429122
1.476,0,0,11.28536214
1.477,0,0,11.28647293
1.478,0,0,11.28760312
1.479,0,0,11.28871165
1.48,0,0,11.28981645
1.481,0,0,11.29099192
1.482,0,0,11.29226487
1.483,0,0,11.29358083
1.484,0,0,11.29478284
1.485,0,0,11.29601075
1.486,0,0,11.29731748
1.487,0,0,11.29862018
1.488,0,0,11.29989164
1.489,0,0,11.30115098
1.49,0,0,11.30250723
1.491,0,0,11.30388563
1.492,0,0,11.30522095
1.493,0,0,11.30655291
1.494,0,0,11.30798084
1.495,0,0,11.30948786
1.496,0,0,11.3109647
1.497,0,0,11.31237924
1.498,0,0,11.31386622
1.499,0,0,11.31538429
1.5,0,0,11.31683722
1.501,0,0,11.31827321
1.502,0,0,11.3197638
1.503,0,0,11.32135143
1.504,0,0,11.32299587
1.505,0,0,11.32454933
1.506,0,0,11.32608461
1.507,0,0,11.3276245
1.508,0,0,11.32919457
1.509,0,0,11.33073901
1.51,0,0,11.33223202
1.511,0,0,11.33371139
1.512,0,0,11.33527931
1.513,0,0,11.33682673
1.514,0,0,11.33830669
1.515,0,0,11.33980762
1.516,0,0,11.34136228
1.517,0,0,11.34289667
1.518,0,0,11.3443293
1.519,0,0,11.34573706
1.52,0,0,11.34716169
1.521,0,0,11.34857654
1.522,0,0,11.34990271
1.523,0,0,11.35118506
1.524,0,0,11.35249418
1.525,0,0,11.35384325
1.526,0,0,11.35521849
1.527,0,0,11.35647691
1.528,0,0,11.3576161
1.529,0,0,11.35875134
1.53,0,0,11.35989276
1.531,0,0,11.36095761
1.532,0,0,11.3619528
1.533,0,0,11.36297365
1.534,0,0,11.36400676
1.535,0,0,11.36495011
1.536,0,0,11.36580404
1.537,0,0,11.36663654
1.538,0,0,11.36747931
1.539,0,0,11.36832314
1.54,0,0,11.36902629
1.541,0,0,11.36968369
1.542,0,0,11.37033897
1.543,0,0,11.37096625
1.544,0,0,11.37153017
1.545,0,0,11.37200173
1.546,0,0,11.37246097
1.547,0,0,11.37296023
1.548,0,0,11.37339611
1.549,0,0,11.37368932
1.55,0,0,11.3739222
1.551,0,0,11.37418411
1.552,0,0,11.37439613
1.553,0,0,11.37455024
1.554,0,0,11.37459319
1.555,0,0,11.37468172
1.556,0,0,11.37477437
1.557,0,0,11.37476158
1.558,0,0,11.37465176
1.559,0,0,11.37455112
1.56,0,0,11.37447807
1.561,0,0,11.37433197
1.562,0,0,11.37408547
1.563,0,0,11.37379489
1.564,0,0,11.37353665
1.565,0,0,11.37318381
1.566,0,0,11.37272948
1.567,0,0,11.3722618
1.568,0,0,11.37182431
1.569,0,0,11.37144241
1.57,0,0,11.37099337
1.571,0,0,11.37042223
1.572,0,0,11.36977246
1.573,0,0,11.36917426
1.574,0,0,11.36855196
1.575,0,0,11.36785372
1.576,0,0,11.36711021
1.577,0,0,11.36642316
1.578,0,0,11.36569657
1.579,0,0,11.36487127
1.58,0,0,11.3640319
1.581,0,0,11.36319535
1.582,0,0,11.36242132
1.583,0,0,11.36155208
1.584,0,0,11.36062973
1.585,0,0,11.35974053
1.586,0,0,11.35885244
1.587,0,0,11.3579327
1.588,0,0,11.35696044
1.589,0,0,11.35594048
1.59,0,0,11.35495946
1.591,0,0,11.35404819
1.592,0,0,11.35308229
1.593,0,0,11.35203097
1.594,0,0,11.35099265
1.595,0,0,11.34997848
1.596,0,0,11.34898932
1.597,0,0,11.34793398
1.598,0,0,11.34687952
1.599,0,0,11.34588715
1.6,0,0,11.34488958
1.601,0,0,11.34380555
1.602,0,0,11.34272663
1.603,0,0,11.34171118
1.604,0,0,11.34077211
1.605,0,0,11.3398113
1.606,0,0,11.3387962
1.607,0,0,11.33783145
1.608,0,0,11.33688793
1.609,0,0,11.33587548
1.61,0,0,11.33486414
1.611,0,0,11.33386532
1.612,0,0,11.33298157
1.613,0,0,11.33213371
1.614,0,0,11.33126604
1.615,0,0,11.33035767
1.616,0,0,11.32950975
1.617,0,0,11.328704
1.618,0,0,11.32789974
1.619,0,0,11.32703159
1.62,0,0,11.32623025
1.621,0,0,11.32550148
1.622,0,0,11.32475696
1.623,0,0,11.32401121
1.624,0,0,11.3232926
1.625,0,0,11.32268613
1.626,0,0,11.32211326
1.627,0,0,11.32149839
1.628,0,0,11.3209274
1.629,0,0,11.32041775
1.63,0,0,11.31991675
1.631,0,0,11.31939231
1.632,0,0,11.31886084
1.633,0,0,11.31838634
1.634,0,0,11.31803674
1.635,0,0,11.31772401
1.636,0,0,11.31735786
1.637,0,0,11.31699777
1.638,0,0,11.3166895
1.639,0,0,11.31644756
1.64,0,0,11.31620804
1.641,0,0,11.31596627
1.642,0,0,11.3158128
1.643,0,0,11.3157213
1.644,0,0,11.31558842
1.645,0,0,11.31545817
1.646,0,0,11.31537893
1.647,0,0,11.31540634
1.648,0,0,11.31545585
1.649,0,0,11.31546377
1.65,0,0,11.3154908
1.651,0,0,11.31560001
1.652,0,0,11.3157215
1.653,0,0,11.31582481
1.654,0,0,11.3158955
1.655,0,0,11.31606385
1.656,0,0,11.31634529
1.657,0,0,11.31664678
1.658,0,0,11.31688056
1.659,0,0,11.31715063
1.66,0,0,11.31747602
1.661,0,0,11.31783905
1.662,0,0,11.3181315
1.663,0,0,11.3184316
1.664,0,0,11.31883331
1.665,0,0,11.31927412
1.666,0,0,11.31966494
1.667,0,0,11.32003082
1.668,0,0,11.32048179
1.669,0,0,11.32104302
1.67,0,0,11.32158669
1.671,0,0,11.32209878
1.672,0,0,11.32263172
1.673,0,0,11.32321542
1.674,0,0,11.32375458
1.675,0,0,11.32425613
1.676,0,0,11.3247545
1.677,0,0,11.32536545
1.678,0,0,11.32605415
1.679,0,0,11.3267052
1.68,0,0,11.32728136
1.681,0,0,11.32786024
1.682,0,0,11.32849564
1.683,0,0,11.32915753
1.684,0,0,11.3297633
1.685,0,0,11.33037892
1.686,0,0,11.33108893
1.687,0,0,11.33177751
1.688,0,0,11.33241787
1.689,0,0,11.33305183
1.69,0,0,11.33372954
1.691,0,0,11.33443379
1.692,0,0,11.33508491
1.693,0,0,11.33568653
1.694,0,0,11.33634966
1.695,0,0,11.33701959
1.696,0,0,11.33768896
1.697,0,0,11.33828928
1.698,0,0,11.33888439
1.699,0,0,11.33953917
1.7,0,0,11.34026582
1.701,0,0,11.3409135
1.702,0,0,11.34147256
1.703,0,0,11.34201737
1.704,0,0,11.34261561
1.705,0,0,11.34320983
1.706,0,0,11.3437221
1.707,0,0,11.34426697
1.708,0,0,11.34484523
1.709,0,0,11.34538945
1.71,0,0,11.34584613
1.711,0,0,11.34628108
1.712,0,0,11.34682185
1.713,0,0,11.34736913
1.714,0,0,11.34786696
1.715,0,0,11.34828916
1.716,0,0,11.34874225
1.717,0,0,11.34917301
1.718,0,0,11.34955659
1.719,0,0,11.34983937
1.72,0,0,11.35013406
1.721,0,0,11.35053678
1.722,0,0,11.35092297
1.723,0,0,11.35123098
1.724,0,0,11.35147899
1.725,0,0,11.35173944
1.726,0,0,11.35204478
1.727,0,0,11.35229054
1.728,0,0,11.35243205
1.729,0,0,11.35264432
1.73,0,0,11.35288072
1.731,0,0,11.35305264
1.732,0,0,11.35315302
1.733,0,0,11.35322605
1.734,0,0,11.35335984
1.735,0,0,11.3534748
1.736,0,0,11.35349305
1.737,0,0,11.35353161
1.738,0,0,11.35359152
1.739,0,0,11.35365203
1.74,0,0,11.35360996
1.741,0,0,11.35353595
1.742,0,0,11.3534651
1.743,0,0,11.35346177
1.744,0,0,11.35343179
1.745,0,0,11.35332617
1.746,0,0,11.35314703
1.747,0,0,11.35299457
1.748,0,0,11.35288423
1.749,0,0,11.35269484
1.75,0,0,11.35249137
1.751,0,0,11.35230305
1.752,0,0,11.35210547
1.753,0,0,11.35185672
1.754,0,0,11.35154212
1.755,0,0,11.35128803
1.756,0,0,11.35107692
1.757,0,0,11.35086124
1.758,0,0,11.35057945
1.759,0,0,11.35030392
1.76,0,0,11.35000086
1.761,0,0,11.3496964
1.762,0,0,11.34930378
1.763,0,0,11.34883235
1.764,0,0,11.34844771
1.765,0,0,11.34814317
1.766,0,0,11.34782599
1.767,0,0,11.34744453
1.768,0,0,11.34704799
1.769,0,0,11.34668206
1.77,0,0,11.34632881
1.771,0,0,11.34587586
1.772,0,0,11.34543998
1.773,0,0,11.34505461
1.774,0,0,11.34465201
1.775,0,0,11.34421263
1.776,0,0,11.34372953
1.777,0,0,11.34331097
1.778,0,0,11.3429402
1.779,0,0,11.34253831
1.78,0,0,11.34210126
1.781,0,0,11.34169132
1.782,0,0,11.34130849
1.783,0,0,11.34087459
1.784,0,0,11.34039301
1.785,0,0,11.33991998
1.786,0,0,11.33953698
1.787,0,0,11.33919016
1.788,0,0,11.33880373
1.789,0,0,11.33834954
1.79,0,0,11.33792028
1.791,0,0,11.33754804
1.792,0,0,11.33714692
1.793,0,0,11.33670683
1.794,0,0,11.33629329
1.795,0,0,11.33594802
1.796,0,0,11.33559393
1.797,0,0,11.33517988
1.798,0,0,11.33479237
1.799,0,0,11.33449003
1.8,0,0,11.33419823
1.801,0,0,11.33384711
1.802,0,0,11.33353869
1.803,0,0,11.33323984
1.804,0,0,11.33296217
1.805,0,0,11.33264749
1.806,0,0,11.33227003
1.807,0,0,11.33189166
1.808,0,0,11.33165178
1.809,0,0,11.33146154
1.81,0,0,11.3312278
1.811,0,0,11.33095924
1.812,0,0,11.33071534
1.813,0,0,11.33056792
1.814,0,0,11.33037842
1.815,0,0,11.33014625
1.816,0,0,11.32998377
1.817,0,0,11.32987099
1.818,0,0,11.32971775
1.819,0,0,11.3294754
1.82,0,0,11.3292785
1.821,0,0,11.32917139
1.822,0,0,11.32913178
1.823,0,0,11.32904411
1.824,0,0,11.32894863
1.825,0,0,11.328919
1.826,0,0,11.32892217
1.827,0,0,11.32885704
1.828,0,0,11.32872551
1.829,0,0,11.32866756
1.83,0,0,11.32870432
1.831,0,0,11.32876033
1.832,0,0,11.32877227
1.833,0,0,11.32875538
1.834,0,0,11.32879942
1.835,0,0,11.32888096
1.836,0,0,11.32890451
1.837,0,0,11.328901
1.838,0,0,11.32899306
1.839,0,0,11.32914104
1.84,0,0,11.32925746
1.841,0,0,11.32932345
1.842,0,0,11.32942209
1.843,0,0,11.32963406
1.844,0,0,11.32979808
1.845,0,0,11.32994691
1.846,0,0,11.33010163
1.847,0,0,11.3303071
1.848,0,0,11.33047462
1.849,0,0,11.33060454
1.85,0,0,11.33070203
1.851,0,0,11.33087704
1.852,0,0,11.33114719
1.853,0,0,11.33142583
1.854,0,0,11.33165886
1.855,0,0,11.33183284
1.856,0,0,11.33209608
1.857,0,0,11.33238472
1.858,0,0,11.3326179
1.859,0,0,11.3328583
1.86,0,0,11.33310797
1.861,0,0,11.33338811
1.862,0,0,11.33361175
1.863,0,0,11.33382535
1.864,0,0,11.33406751
1.865,0,0,11.33439654
1.866,0,0,11.33471404
1.867,0,0,11.33501239
1.868,0,0,11.33530878
1.869,0,0,11.33562092
1.87,0,0,11.33594869
1.871,0,0,11.33618659
1.872,0,0,11.33636218
1.873,0,0,11.33662985
1.874,0,0,11.33699358
1.875,0,0,11.33733574
1.876,0,0,11.33760706
1.877,0,0,11.33785973
1.878,0,0,11.33814535
1.879,0,0,11.33841743
1.88,0,0,11.33862798
1.881,0,0,11.33885998
1.882,0,0,11.33916988
1.883,0,0,11.3395001
1.884,0,0,11.33975378
1.885,0,0,11.33995897
1.886,0,0,11.34024754
1.887,0,0,11.34054407
1.888,0,0,11.34081004
1.889,0,0,11.34102707
1.89,0,0,11.3412451
1.891,0,0,11.34149801
1.892,0,0,11.34172041
1.893,0,0,11.34184488
1.894,0,0,11.34200408
1.895,0,0,11.34223529
1.896,0,0,11.34248181
1.897,0,0,11.34272104
1.898,0,0,11.34286653
1.899,0,0,11.34302726
1.9,0,0,11.34324093
1.901,0,0,11.34339352
1.902,0,0,11.34351309
1.903,0,0,11.34365496
1.904,0,0,11.34383478
1.905,0,0,11.34395031
1.906,0,0,11.34402072
1.907,0,0,11.34408247
1.908,0,0,11.34419449
1.909,0,0,11.34430286
1.91,0,0,11.34440334
1.911,0,0,11.34451609
1.912,0,0,11.34464222
1.913,0,0,11.34475032
1.914,0,0,11.34479297
1.915,0,0,11.34475353
1.916,0,0,11.34471744
1.917,0,0,11.34477443
1.918,0,0,11.34486496
1.919,0,0,11.34490031
1.92,0,0,11.34486467
1.921,0,0,11.34485512
1.922,0,0,11.34487732
1.923,0,0,11.34484102
1.924,0,0,11.34479405
1.925,0,0,11.34477533
1.926,0,0,11.34479053
1.927,0,0,11.34475396
1.928,0,0,11.34464559
1.929,0,0,11.34458974
1.93,0,0,11.34457449
1.931,0,0,11.34454924
1.932,0,0,11.34446331
1.933,0,0,11.34436033
1.934,0,0,11.34428415
1.935,0,0,11.34422753
1.936,0,0,11.34405828
1.937,0,0,11.34384875
1.938,0,0,11.34371766
1.939,0,0,11.34364635
1.94,0,0,11.34360111
1.941,0,0,11.34347675
1.942,0,0,11.34332881
1.943,0,0,11.34323923
1.944,0,0,11.34312068
1.945,0,0,11.34292404
1.946,0,0,11.34272239
1.947,0,0,11.34259853
1.948,0,0,11.34247625
1.949,0,0,11.34229542
1.95,0,0,11.34203547
1.951,0,0,11.34185729
1.952,0,0,11.34173385
1.953,0,0,11.34158659
1.954,0,0,11.34141121
1.955,0,0,11.34127712
1.956,0,0,11.34115637
1.957,0,0,11.34099328
1.958,0,0,11.34075609
1.959,0,0,11.34047295
1.96,0,0,11.34027171
1.961,0,0,11.34013292
1.962,0,0,11.33998535
1.963,0,0,11.33976071
1.964,0,0,11.33953255
1.965,0,0,11.33936714
1.966,0,0,11.33919832
1.967,0,0,11.33900514
1.968,0,0,11.33878707
1.969,0,0,11.3386376
1.97,0,0,11.33850136
1.971,0,0,11.3382901
1.972,0,0,11.33805851
1.973,0,0,11.33788856
1.974,0,0,11.33775147
1.975,0,0,11.3376002
1.976,0,0,11.33742934
1.977,0,0,11.33724775
1.978,0,0,11.33713179
1.979,0,0,11.33699026
1.98,0,0,11.33673357
1.981,0,0,11.33646737
1.982,0,0,11.33631239
1.983,0,0,11.3362585
1.984,0,0,11.33619215
1.985,0,0,11.33605122
1.986,0,0,11.33592418
1.987,0,0,11.33584359
1.988,0,0,11.33572099
1.989,0,0,11.33551542
1.99,0,0,11.33536749
1.991,0,0,11.33528238
1.992,0,0,11.3352082
1.993,0,0,11.3350544
1.994,0,0,11.33492077
1.995,0,0,11.33486616
1.996,0,0,11.33485834
1.997,0,0,11.33480493
1.998,0,0,11.33472465
1.999,0,0,11.33466658
2,0,0,11.33465388
2.001,0,0,11.33458384
2.002,0,0,11.33444583
2.003,0,0,11.33435934
2.004,0,0,11.33434908
2.005,0,0,11.3343735
2.006,0,0,11.33436133
2.007,0,0,11.33428268
2.008,0,0,11.33426822
2.009,0,0,11.33426468
2.01,0,0,11.33424542
2.011,0,0,11.33421145
2.012,0,0,11.3342485
2.013,0,0,11.33432649
2.014,0,0,11.33437578
2.015,0,0,11.33435774
2.016,0,0,11.33435892
2.017,0,0,11.33438415
2.018,0,0,11.33441518
2.019,0,0,11.33445366
2.02,0,0,11.3344944
2.021,0,0,11.33455402
2.022,0,0,11.33463216
2.023,0,0,11.33465364
2.024,0,0,11.33464424
2.025,0,0,11.33465222
2.026,0,0,11.33476151
2.027,0,0,11.33494524
2.028,0,0,11.33504735
2.029,0,0,11.33509388
2.03,0,0,11.3351791
2.031,0,0,11.33527577
2.032,0,0,11.33532668
2.033,0,0,11.33536839
2.034,0,0,11.33544003
2.035,0,0,11.33558154
2.036,0,0,11.33567964
2.037,0,0,11.33574167
2.038,0,0,11.33584461
2.039,0,0,11.33599355
2.04,0,0,11.33612614
2.041,0,0,11.3362377
2.042,0,0,11.33633172
2.043,0,0,11.33646869
2.044,0,0,11.33662282
2.045,0,0,11.33668944
2.046,0,0,11.33670757
2.047,0,0,11.33678605
2.048,0,0,11.33694521
2.049,0,0,11.33711294
2.05,0,0,11.33720132
2.051,0,0,11.33730237
2.052,0,0,11.33742142
2.053,0,0,11.33754282
2.054,0,0,11.33762333
2.055,0,0,11.33772807
2.056,0,0,11.33790696
2.057,0,0,11.338103
2.058,0,0,11.33819111
2.059,0,0,11.3382473
2.06,0,0,11.33834029
2.061,0,0,11.3384531
2.062,0,0,11.33854857
2.063,0,0,11.33864311
2.064,0,0,11.33877621
2.065,0,0,11.33893804
2.066,0,0,11.33904872
2.067,0,0,11.33909413
2.068,0,0,11.33913991
2.069,0,0,11.33923687
2.07,0,0,11.3393867
2.071,0,0,11.33952893
2.072,0,0,11.33961193
2.073,0,0,11.3397005
2.074,0,0,11.33981484
2.075,0,0,11.33989708
2.076,0,0,11.33993773
2.077,0,0,11.33997864
2.078,0,0,11.3400892
2.079,0,0,11.34018934
2.08,0,0,11.34023013
2.081,0,0,11.3402625
2.082,0,0,11.34035455
2.083,0,0,11.34044971
2.084,0,0,11.34053617
2.085,0,0,11.34060307
2.086,0,0,11.34067794
2.087,0,0,11.34080168
2.088,0,0,11.34085353
2.089,0,0,11.34078886
2.09,0,0,11.34072746
2.091,0,0,11.3407606
2.092,0,0,11.34087552
2.093,0,0,11.34092636
2.094,0,0,11.34094118
2.095,0,0,11.34097527
2.096,0,0,11.34104974
2.097,0,0,11.34104734
2.098,0,0,11.34101284
2.099,0,0,11.34103185
2.1,0,0,11.34111201
2.101,0,0,11.34113385
2.102,0,0,11.34107351
2.103,0,0,11.3410193
2.104,0,0,11.34102263
2.105,0,0,11.34104884
2.106,0,0,11.34101139
2.107,0,0,11.34096429
2.108,0,0,11.34098244
2.109,0,0,11.34102376
2.11,0,0,11.34098082
2.111,0,0,11.34087564
2.112,0,0,11.34081266
2.113,0,0,11.34081015
2.114,0,0,11.34084674
2.115,0,0,11.34080811
2.116,0,0,11.34074029
2.117,0,0,11.34071651
2.118,0,0,11.34066097
2.119,0,0,11.34057655
2.12,0,0,11.34047665
2.121,0,0,11.34043575
2.122,0,0,11.34044822
2.123,0,0,11.34041802
2.124,0,0,11.34031087
2.125,0,0,11.34022196
2.126,0,0,11.34016909
2.127,0,0,11.34011286
2.128,0,0,11.3400766
2.129,0,0,11.3400186
2.13,0,0,11.33999505
2.131,0,0,11.33996817
2.132,0,0,11.3398628
2.133,0,0,11.33968746
2.134,0,0,11.33951335
2.135,0,0,11.33948671
2.136,0,0,11.33947259
2.137,0,0,11.33940217
2.138,0,0,11.33929456
2.139,0,0,11.33925362
2.14,0,0,11.33922477
2.141,0,0,11.33915061
2.142,0,0,11.33903626
2.143,0,0,11.33897843
2.144,0,0,11.33896695
2.145,0,0,11.33887435
2.146,0,0,11.33874727
2.147,0,0,11.33864217
2.148,0,0,11.33857673
2.149,0,0,11.33852153
2.15,0,0,11.33842808
2.151,0,0,11.33834179
2.152,0,0,11.33832979
2.153,0,0,11.33832438
2.154,0,0,11.33821046
2.155,0,0,11.33806875
2.156,0,0,11.33798139
2.157,0,0,11.3379943
2.158,0,0,11.33798062
2.159,0,0,11.33789945
2.16,0,0,11.33783212
2.161,0,0,11.33776928
2.162,0,0,11.33769454
2.163,0,0,11.33758888
2.164,0,0,11.33751624
2.165,0,0,11.33753951
2.166,0,0,11.33755534
2.167,0,0,11.33748143
2.168,0,0,11.33738696
2.169,0,0,11.33733484
2.17,0,0,11.33727739
2.171,0,0,11.33723594
2.172,0,0,11.3372018
2.173,0,0,11.33721406
2.174,0,0,11.33723174
2.175,0,0,11.33719268
2.176,0,0,11.3370961
2.177,0,0,11.33697095
2.178,0,0,11.33690383
2.179,0,0,11.33689452
2.18,0,0,11.33689368
2.181,0,0,11.33686913
2.182,0,0,11.33686506
2.183,0,0,11.33688375
2.184,0,0,11.3368968
2.185,0,0,11.33685353
2.186,0,0,11.33682229
2.187,0,0,11.33683672
2.188,0,0,11.33681837
2.189,0,0,11.33676401
2.19,0,0,11.3367124
2.191,0,0,11.33668638
2.192,0,0,11.33668425
2.193,0,0,11.33668559
2.194,0,0,11.33668445
2.195,0,0,11.33673171
2.196,0,0,11.33680114
2.197,0,0,11.33679194
2.198,0,0,11.33671896
2.199,0,0,11.3366361
2.2,0,0,11.33667453
2.201,0,0,11.33676514
2.202,0,0,11.33680325
2.203,0,0,11.33679896
2.204,0,0,11.33682821
2.205,0,0,11.33684308
2.206,0,0,11.33681694
2.207,0,0,11.33678438
2.208,0,0,11.33682406
2.209,0,0,11.33691411
2.21,0,0,11.33695569
2.211,0,0,11.33693274
2.212,0,0,11.33694821
2.213,0,0,11.33701584
2.214,0,0,11.33707234
2.215,0,0,11.33707071
2.216,0,0,11.33709708
2.217,0,0,11.33719138
2.218,0,0,11.33727993
2.219,0,0,11.33727867
2.22,0,0,11.33721411
2.221,0,0,11.3371918
2.222,0,0,11.33725028
2.223,0,0,11.33732202
2.224,0,0,11.33736474
2.225,0,0,11.33744059
2.226,0,0,11.33753749
2.227,0,0,11.33760823
2.228,0,0,11.33762436
2.229,0,0,11.33762949
2.23,0,0,11.33770582
2.231,0,0,11.33780119
2.232,0,0,11.33782697
2.233,0,0,11.33779562
2.234,0,0,11.33780164
2.235,0,0,11.337837
2.236,0,0,11.33789299
2.237,0,0,11.33794872
2.238,0,0,11.33801017
2.239,0,0,11.3381399
2.24,0,0,11.33823437
2.241,0,0,11.33826669
2.242,0,0,11.33819819
2.243,0,0,11.33819435
2.244,0,0,11.33829326
2.245,0,0,11.33838317
2.246,0,0,11.33839723
2.247,0,0,11.33841541
2.248,0,0,11.33848976
2.249,0,0,11.33855837
2.25,0,0,11.33856261
2.251,0,0,11.33853979
2.252,0,0,11.33862572
2.253,0,0,11.33872884
2.254,0,0,11.33875377
2.255,0,0,11.33875692
2.256,0,0,11.33878405
2.257,0,0,11.33885104
2.258,0,0,11.33889338
2.259,0,0,11.33889057
2.26,0,0,11.33891329
2.261,0,0,11.33902235
2.262,0,0,11.33909528
2.263,0,0,11.33904689
2.264,0,0,11.33895471
2.265,0,0,11.33894231
2.266,0,0,11.3390336
2.267,0,0,11.33909695
2.268,0,0,11.33912202
2.269,0,0,11.33916098
2.27,0,0,11.33922609
2.271,0,0,11.33924371
2.272,0,0,11.33921007
2.273,0,0,11.33923112
2.274,0,0,11.33930799
2.275,0,0,11.33935012
2.276,0,0,11.33930708
2.277,0,0,11.33925804
2.278,0,0,11.33922894
2.279,0,0,11.33923391
2.28,0,0,11.33924372
2.281,0,0,11.33925012
2.282,0,0,11.33933069
2.283,0,0,11.33940394
2.284,0,0,11.33945494
2.285,0,0,11.33942273
2.286,0,0,11.33933354
2.287,0,0,11.3392825
2.288,0,0,11.33930325
2.289,0,0,11.33930333
2.29,0,0,11.33929571
2.291,0,0,11.33929678
2.292,0,0,11.33931705
2.293,0,0,11.33932647
2.294,0,0,11.33927806
2.295,0,0,11.3392611
2.296,0,0,11.33929606
2.297,0,0,11.33931838
2.298,0,0,11.33928999
2.299,0,0,11.33923905
2.3,0,0,11.33921692
2.301,0,0,11.33921265
2.302,0,0,11.33920616
2.303,0,0,11.33918296
2.304,0,0,11.3392042
2.305,0,0,11.3392229
2.306,0,0,11.33919947
2.307,0,0,11.33907297
2.308,0,0,11.3389601
2.309,0,0,11.33896794
2.31,0,0,11.3390228
2.311,0,0,11.33903877
2.312,0,0,11.33902607
2.313,0,0,11.33903502
2.314,0,0,11.33903552
2.315,0,0,11.33896667
2.316,0,0,11.3388893
2.317,0,0,11.33887758
2.318,0,0,11.33890008
2.319,0,0,11.33885461
2.32,0,0,11.33878107
2.321,0,0,11.33872006
2.322,0,0,11.3387089
2.323,0,0,11.33867438
2.324,0,0,11.33860858
2.325,0,0,11.33861157
2.326,0,0,11.33866915
2.327,0,0,11.33871611
2.328,0,0,11.33866821
2.329,0,0,11.33854819
2.33,0,0,11.33845191
2.331,0,0,11.33843421
2.332,0,0,11.33839439
2.333,0,0,11.33837253
2.334,0,0,11.33838177
2.335,0,0,11.33839459
2.336,0,0,11.33837996
2.337,0,0,11.33831094
2.338,0,0,11.33826366
2.339,0,0,11.33827422
2.34,0,0,11.33829496
2.341,0,0,11.33824315
2.342,0,0,11.33818671
2.343,0,0,11.33815332
2.344,0,0,11.33812482
2.345,0,0,11.33811051
2.346,0,0,11.33807069
2.347,0,0,11.33807266
2.348,0,0,11.33809131
2.349,0,0,11.33808907
2.35,0,0,11.33798927
2.351,0,0,11.3378599
2.352,0,0,11.33781196
2.353,0,0,11.33785278
2.354,0,0,11.33789681
2.355,0,0,11.33789741
2.356,0,0,11.33791215
2.357,0,0,11.33795839
2.358,0,0,11.33793993
2.359,0,0,11.33782603
2.36,0,0,11.33774857
2.361,0,0,11.33776658
2.362,0,0,11.33777077
2.363,0,0,11.33773829
2.364,0,0,11.33768365
2.365,0,0,11.33767947
2.366,0,0,11.33771245
2.367,0,0,11.33769007
2.368,0,0,11.33765027
2.369,0,0,11.33768805
2.37,0,0,11.33778651
2.371,0,0,11.33782244
2.372,0,0,11.33773828
2.373,0,0,11.3376077
2.374,0,0,11.33759185
2.375,0,0,11.33763937
2.376,0,0,11.3376384
2.377,0,0,11.33762082
2.378,0,0,11.33765456
2.379,0,0,11.3377014
2.38,0,0,11.33768092
2.381,0,0,11.33763899
2.382,0,0,11.33765671
2.383,0,0,11.33774101
2.384,0,0,11.33777823
2.385,0,0,11.33774392
2.386,0,0,11.33771786
2.387,0,0,11.33770815
2.388,0,0,11.33773358
2.389,0,0,11.33770846
2.39,0,0,11.33771315
2.391,0,0,11.33775898
2.392,0,0,11.33783985
2.393,0,0,11.33787613
2.394,0,0,11.33782485
2.395,0,0,11.33774118
2.396,0,0,11.33774353
2.397,0,0,11.33781323
2.398,0,0,11.33786987
2.399,0,0,11.33789909
2.4,0,0,11.33794288
2.401,0,0,11.33800099
2.402,0,0,11.337998
2.403,0,0,11.33792801
2.404,0,0,11.33791986
2.405,0,0,11.3379738
2.406,0,0,11.33802844
2.407,0,0,11.33801873
2.408,0,0,11.33798817
2.409,0,0,11.33800521
2.41,0,0,11.33805268
2.411,0,0,11.33807765
2.412,0,0,11.33810909
2.413,0,0,11.33817329
2.414,0,0,11.33827057
2.415,0,0,11.33829237
2.416,0,0,11.33818624
2.417,0,0,11.33812039
2.418,0,0,11.33816413
2.419,0,0,11.33823308
2.42,0,0,11.33826042
2.421,0,0,11.33827062
2.422,0,0,11.33833199
2.423,0,0,11.33837709
2.424,0,0,11.33835757
2.425,0,0,11.33833799
2.426,0,0,11.33840277
2.427,0,0,11.33848762
2.428,0,0,11.33851667
2.429,0,0,11.33851625
2.43,0,0,11.33849938
2.431,0,0,11.33851944
2.432,0,0,11.33848727
2.433,0,0,11.33845167
2.434,0,0,11.33847964
2.435,0,0,11.33858545
2.436,0,0,11.33867913
2.437,0,0,11.33869301
2.438,0,0,11.33863548
2.439,0,0,11.33861581
2.44,0,0,11.33863347
2.441,0,0,11.33866985
2.442,0,0,11.33871112
2.443,0,0,11.33876317
2.444,0,0,11.33880812
2.445,0,0,11.33881169
2.446,0,0,11.33877649
2.447,0,0,11.33876868
2.448,0,0,11.33879095
2.449,0,0,11.33880378
2.45,0,0,11.33879316
