#Exudyn implicit second order time integration sensor output file
#measure Node number = 123
#OutputVariableType = AngularVelocity
#simulation started = 2022-04-08,00:48:27
#columns contain: time, comma separated sensor values (e.g, x,y,z position coordinates)
#number of sensor values = 3
#Exudyn version = 1.2.34.dev1; Python3.9.11; Windows AVX2 FLOAT64
#
0,0,0,0
0.001,0,0,-5.06433915e-08
0.002,0,0,1.657180949e-08
0.003,0,0,-7.675195729e-07
0.004,0,0,-1.951623314e-07
0.005,0,0,-9.799272777e-07
0.006,0,0,-5.265558293e-06
0.007,0,0,-4.909613645e-06
0.008,0,0,-1.281441848e-06
0.009,0,0,-3.143490196e-08
0.01,0,0,7.059226246e-08
0.011,0,0,-5.153125974e-07
0.012,0,0,-2.375508341e-06
0.013,0,0,-3.531004277e-06
0.014,0,0,-2.32545853e-06
0.015,0,0,-5.003947682e-07
0.016,0,0,3.668712727e-07
0.017,0,0,2.033093739e-07
0.018,0,0,-8.101073735e-07
0.019,0,0,-1.885703436e-06
0.02,0,0,-1.874124208e-06
0.021,0,0,-7.762418247e-07
0.022,0,0,3.459263937e-07
0.023,0,0,7.335222553e-07
0.024,0,0,3.01287741e-07
0.025,0,0,-5.036050538e-07
0.026,0,0,-8.957105621e-07
0.027,0,0,-4.926577465e-07
0.028,0,0,3.704892851e-07
0.029,0,0,1.015822286e-06
0.03,0,0,1.054984283e-06
0.031,0,0,5.95077696e-07
0.032,0,0,1.30946618e-07
0.033,0,0,1.253526012e-07
0.034,0,0,6.118069941e-07
0.035,0,0,1.215482116e-06
0.036,0,0,1.508935273e-06
0.037,0,0,1.372849364e-06
0.038,0,0,1.021241664e-06
0.039,0,0,8.309004722e-07
0.04,0,0,1.003488726e-06
0.041,0,0,1.421728329e-06
0.042,0,0,1.786659426e-06
0.043,0,0,1.860806261e-06
0.044,0,0,1.674853777e-06
0.045,0,0,1.454453165e-06
0.046,0,0,1.434818326e-06
0.047,0,0,1.646007375e-06
0.048,0,0,1.945155208e-06
0.049,0,0,2.114863447e-06
0.05,0,0,2.072675032e-06
0.051,0,0,1.907108635e-06
0.052,0,0,1.852801615e-06
0.053,0,0,1.412751126e-05
0.054,0,0,0.0001379924797
0.055,0,0,0.0004981672634
0.056,0,0,0.001128872878
0.057,0,0,0.002029805252
0.058,0,0,0.003198719585
0.059,0,0,0.004646421632
0.06,0,0,0.006424270234
0.061,0,0,0.008617862932
0.062,0,0,0.01129247894
0.063,0,0,0.01447018219
0.064,0,0,0.01815060422
0.065,0,0,0.02233616075
0.066,0,0,0.0270522189
0.067,0,0,0.03235160021
0.068,0,0,0.03829185071
0.069,0,0,0.04490356494
0.07,0,0,0.0521827198
0.071,0,0,0.06012753764
0.072,0,0,0.06874386078
0.073,0,0,0.07806346897
0.074,0,0,0.08811931484
0.075,0,0,0.09895581664
0.076,0,0,0.110577906
0.077,0,0,0.1229800252
0.078,0,0,0.1361587226
0.079,0,0,0.1501129142
0.08,0,0,0.1648428036
0.081,0,0,0.1803810309
0.082,0,0,0.1967515156
0.083,0,0,0.2139348607
0.084,0,0,0.2319242318
0.085,0,0,0.2506811464
0.086,0,0,0.2702276812
0.087,0,0,0.2905767852
0.088,0,0,0.3117373806
0.089,0,0,0.3336918628
0.09,0,0,0.3564104834
0.091,0,0,0.3798744505
0.092,0,0,0.40403345
0.093,0,0,0.4289027938
0.094,0,0,0.4545146472
0.095,0,0,0.4808461919
0.096,0,0,0.5078965688
0.097,0,0,0.5356212317
0.098,0,0,0.5639621076
0.099,0,0,0.5928880446
0.1,0,0,0.6223974997
0.101,0,0,0.6524956128
0.102,0,0,0.6831685954
0.103,0,0,0.7144070053
0.104,0,0,0.7461899687
0.105,0,0,0.7784412281
0.106,0,0,0.8111309992
0.107,0,0,0.8442552952
0.108,0,0,0.8778034451
0.109,0,0,0.9117520259
0.11,0,0,0.9460891026
0.111,0,0,0.980795218
0.112,0,0,1.015801412
0.113,0,0,1.051084503
0.114,0,0,1.086605027
0.115,0,0,1.12234965
0.116,0,0,1.158316364
0.117,0,0,1.194488453
0.118,0,0,1.230838745
0.119,0,0,1.267329901
0.12,0,0,1.303927905
0.121,0,0,1.340600069
0.122,0,0,1.377325922
0.123,0,0,1.414078786
0.124,0,0,1.450855456
0.125,0,0,1.487625771
0.126,0,0,1.524354361
0.127,0,0,1.561016004
0.128,0,0,1.597574806
0.129,0,0,1.634000567
0.13,0,0,1.670270228
0.131,0,0,1.706369231
0.132,0,0,1.742277132
0.133,0,0,1.777973273
0.134,0,0,1.813430146
0.135,0,0,1.848615603
0.136,0,0,1.883502303
0.137,0,0,1.918068062
0.138,0,0,1.952298729
0.139,0,0,1.986178839
0.14,0,0,2.019688854
0.141,0,0,2.052818791
0.142,0,0,2.085547515
0.143,0,0,2.117853036
0.144,0,0,2.149707111
0.145,0,0,2.181113202
0.146,0,0,2.212055232
0.147,0,0,2.242512165
0.148,0,0,2.27249328
0.149,0,0,2.301988531
0.15,0,0,2.330975489
0.151,0,0,2.359438545
0.152,0,0,2.387394511
0.153,0,0,2.414822826
0.154,0,0,2.441724268
0.155,0,0,2.468090242
0.156,0,0,2.493901436
0.157,0,0,2.519164834
0.158,0,0,2.543867947
0.159,0,0,2.568002878
0.16,0,0,2.59158282
0.161,0,0,2.614609778
0.162,0,0,2.637080848
0.163,0,0,2.658999929
0.164,0,0,2.68036884
0.165,0,0,2.701193143
0.166,0,0,2.721485233
0.167,0,0,2.741249439
0.168,0,0,2.760509544
0.169,0,0,2.779261004
0.17,0,0,2.797518545
0.171,0,0,2.815309964
0.172,0,0,2.832630368
0.173,0,0,2.84948886
0.174,0,0,2.865916695
0.175,0,0,2.881894556
0.176,0,0,2.897439849
0.177,0,0,2.912569756
0.178,0,0,2.927309239
0.179,0,0,2.941667606
0.18,0,0,2.9556607
0.181,0,0,2.96932143
0.182,0,0,2.98266372
0.183,0,0,2.995671585
0.184,0,0,3.008375485
0.185,0,0,3.020800707
0.186,0,0,3.032978615
0.187,0,0,3.044922401
0.188,0,0,3.056661866
0.189,0,0,3.068208094
0.19,0,0,3.07954937
0.191,0,0,3.090714357
0.192,0,0,3.101721655
0.193,0,0,3.112601396
0.194,0,0,3.123375181
0.195,0,0,3.134097447
0.196,0,0,3.14475153
0.197,0,0,3.155354297
0.198,0,0,3.165942006
0.199,0,0,3.176517553
0.2,0,0,3.187111599
0.201,0,0,3.197751419
0.202,0,0,3.208437661
0.203,0,0,3.21918249
0.204,0,0,3.23004499
0.205,0,0,3.241041307
0.206,0,0,3.252189299
0.207,0,0,3.263495427
0.208,0,0,3.274967999
0.209,0,0,3.286597179
0.21,0,0,3.298459366
0.211,0,0,3.310591319
0.212,0,0,3.322987236
0.213,0,0,3.335625778
0.214,0,0,3.348511141
0.215,0,0,3.361655611
0.216,0,0,3.375087278
0.217,0,0,3.3888301
0.218,0,0,3.40295811
0.219,0,0,3.41745976
0.22,0,0,3.432293707
0.221,0,0,3.447489682
0.222,0,0,3.463035831
0.223,0,0,3.478904306
0.224,0,0,3.495147318
0.225,0,0,3.511851536
0.226,0,0,3.528969774
0.227,0,0,3.546506062
0.228,0,0,3.564397114
0.229,0,0,3.582627025
0.23,0,0,3.601250777
0.231,0,0,3.620249968
0.232,0,0,3.639671841
0.233,0,0,3.659542164
0.234,0,0,3.679859365
0.235,0,0,3.700530328
0.236,0,0,3.721588855
0.237,0,0,3.743022661
0.238,0,0,3.764840599
0.239,0,0,3.787044845
0.24,0,0,3.809639856
0.241,0,0,3.832642877
0.242,0,0,3.855991589
0.243,0,0,3.879683908
0.244,0,0,3.90373091
0.245,0,0,3.928120354
0.246,0,0,3.952807631
0.247,0,0,3.977831765
0.248,0,0,4.003177038
0.249,0,0,4.028825212
0.25,0,0,4.054750596
0.251,0,0,4.080957585
0.252,0,0,4.107418484
0.253,0,0,4.134139934
0.254,0,0,4.160987687
0.255,0,0,4.188134298
0.256,0,0,4.215517186
0.257,0,0,4.24310186
0.258,0,0,4.270862609
0.259,0,0,4.29888002
0.26,0,0,4.327005591
0.261,0,0,4.355242687
0.262,0,0,4.383560432
0.263,0,0,4.412052343
0.264,0,0,4.440672803
0.265,0,0,4.46942496
0.266,0,0,4.498260772
0.267,0,0,4.527210305
0.268,0,0,4.556174539
0.269,0,0,4.585099228
0.27,0,0,4.614051167
0.271,0,0,4.643050379
0.272,0,0,4.672052284
0.273,0,0,4.701139675
0.274,0,0,4.730254605
0.275,0,0,4.759431406
0.276,0,0,4.788517008
0.277,0,0,4.817483895
0.278,0,0,4.846399756
0.279,0,0,4.875130602
0.28,0,0,4.903795869
0.281,0,0,4.932476802
0.282,0,0,4.961148713
0.283,0,0,4.989713384
0.284,0,0,5.018160963
0.285,0,0,5.046383611
0.286,0,0,5.074423386
0.287,0,0,5.102203541
0.288,0,0,5.129849679
0.289,0,0,5.157385292
0.29,0,0,5.184808474
0.291,0,0,5.212056178
0.292,0,0,5.239093491
0.293,0,0,5.26582274
0.294,0,0,5.292222154
0.295,0,0,5.318296263
0.296,0,0,5.344176033
0.297,0,0,5.369800133
0.298,0,0,5.395346356
0.299,0,0,5.420499418
0.3,0,0,5.445474889
0.301,0,0,5.470058278
0.302,0,0,5.494256275
0.303,0,0,5.518230175
0.304,0,0,5.541880139
0.305,0,0,5.565234985
0.306,0,0,5.588436041
0.307,0,0,5.611485645
0.308,0,0,5.634280458
0.309,0,0,5.656670083
0.31,0,0,5.6787787
0.311,0,0,5.700598536
0.312,0,0,5.722111268
0.313,0,0,5.7434056
0.314,0,0,5.764505547
0.315,0,0,5.785420406
0.316,0,0,5.806095883
0.317,0,0,5.826514985
0.318,0,0,5.846644318
0.319,0,0,5.866454501
0.32,0,0,5.886157688
0.321,0,0,5.905658928
0.322,0,0,5.924943407
0.323,0,0,5.944124368
0.324,0,0,5.963010846
0.325,0,0,5.98164828
0.326,0,0,6.000090375
0.327,0,0,6.018266545
0.328,0,0,6.036365942
0.329,0,0,6.054432503
0.33,0,0,6.072190543
0.331,0,0,6.08982879
0.332,0,0,6.107179222
0.333,0,0,6.124315526
0.334,0,0,6.141254088
0.335,0,0,6.158046326
0.336,0,0,6.174774034
0.337,0,0,6.191365998
0.338,0,0,6.207912909
0.339,0,0,6.224480961
0.34,0,0,6.240835617
0.341,0,0,6.257144812
0.342,0,0,6.273269181
0.343,0,0,6.289362978
0.344,0,0,6.305255577
0.345,0,0,6.321281678
0.346,0,0,6.337421913
0.347,0,0,6.353605256
0.348,0,0,6.369843596
0.349,0,0,6.386057486
0.35,0,0,6.402135735
0.351,0,0,6.418063899
0.352,0,0,6.434143068
0.353,0,0,6.45034982
0.354,0,0,6.466869455
0.355,0,0,6.483407091
0.356,0,0,6.500033594
0.357,0,0,6.516654335
0.358,0,0,6.533247499
0.359,0,0,6.549814337
0.36,0,0,6.566696557
0.361,0,0,6.583794066
0.362,0,0,6.601098214
0.363,0,0,6.618338376
0.364,0,0,6.635770233
0.365,0,0,6.653082886
0.366,0,0,6.670505668
0.367,0,0,6.688048378
0.368,0,0,6.705824412
0.369,0,0,6.723632366
0.37,0,0,6.741611163
0.371,0,0,6.759944257
0.372,0,0,6.778426043
0.373,0,0,6.797019652
0.374,0,0,6.815820911
0.375,0,0,6.834663433
0.376,0,0,6.853559049
0.377,0,0,6.872453603
0.378,0,0,6.89183284
0.379,0,0,6.91152781
0.38,0,0,6.931598217
0.381,0,0,6.951807677
0.382,0,0,6.972132585
0.383,0,0,6.992417379
0.384,0,0,7.012682878
0.385,0,0,7.033261022
0.386,0,0,7.054266722
0.387,0,0,7.075355195
0.388,0,0,7.096876115
0.389,0,0,7.118642263
0.39,0,0,7.140461197
0.391,0,0,7.162232684
0.392,0,0,7.18416969
0.393,0,0,7.206368464
0.394,0,0,7.228533022
0.395,0,0,7.251028998
0.396,0,0,7.273847414
0.397,0,0,7.29684963
0.398,0,0,7.319912666
0.399,0,0,7.343215474
0.4,0,0,7.366195288
0.401,0,0,7.389042861
0.402,0,0,7.412063914
0.403,0,0,7.435510122
0.404,0,0,7.459444369
0.405,0,0,7.483596782
0.406,0,0,7.507872067
0.407,0,0,7.531993776
0.408,0,0,7.555927183
0.409,0,0,7.579745013
0.41,0,0,7.603906446
0.411,0,0,7.628263131
0.412,0,0,7.652823541
0.413,0,0,7.677629261
0.414,0,0,7.702602309
0.415,0,0,7.727564759
0.416,0,0,7.752063338
0.417,0,0,7.776678216
0.418,0,0,7.801310329
0.419,0,0,7.825906569
0.42,0,0,7.850704562
0.421,0,0,7.875828443
0.422,0,0,7.901090732
0.423,0,0,7.926357809
0.424,0,0,7.951198904
0.425,0,0,7.975930027
0.426,0,0,8.000478472
0.427,0,0,8.024865781
0.428,0,0,8.049742967
0.429,0,0,8.074770864
0.43,0,0,8.099812764
0.431,0,0,8.124612819
0.432,0,0,8.14948855
0.433,0,0,8.173958004
0.434,0,0,8.198182917
0.435,0,0,8.222489961
0.436,0,0,8.247030976
0.437,0,0,8.271497543
0.438,0,0,8.295836711
0.439,0,0,8.320582871
0.44,0,0,8.345145846
0.441,0,0,8.36935523
0.442,0,0,8.393255353
0.443,0,0,8.41696184
0.444,0,0,8.44046912
0.445,0,0,8.463983159
0.446,0,0,8.487860941
0.447,0,0,8.511910047
0.448,0,0,8.535625357
0.449,0,0,8.558902061
0.45,0,0,8.581929932
0.451,0,0,8.604489009
0.452,0,0,8.627014106
0.453,0,0,8.649491104
0.454,0,0,8.672280875
0.455,0,0,8.694921565
0.456,0,0,8.717522281
0.457,0,0,8.739939855
0.458,0,0,8.762104195
0.459,0,0,8.783998146
0.46,0,0,8.805779948
0.461,0,0,8.827809687
0.462,0,0,8.849535435
0.463,0,0,8.871307344
0.464,0,0,8.893127033
0.465,0,0,8.914942679
0.466,0,0,8.936483873
0.467,0,0,8.957514223
0.468,0,0,8.978330166
0.469,0,0,8.999022098
0.47,0,0,9.01972271
0.471,0,0,9.040648909
0.472,0,0,9.061725451
0.473,0,0,9.082490141
0.474,0,0,9.102986872
0.475,0,0,9.123078133
0.476,0,0,9.142968083
0.477,0,0,9.16258484
0.478,0,0,9.182327225
0.479,0,0,9.202084733
0.48,0,0,9.221887071
0.481,0,0,9.241685862
0.482,0,0,9.26157069
0.483,0,0,9.281264489
0.484,0,0,9.300787201
0.485,0,0,9.320185283
0.486,0,0,9.339275396
0.487,0,0,9.358324886
0.488,0,0,9.377661191
0.489,0,0,9.397174149
0.49,0,0,9.41683638
0.491,0,0,9.436143867
0.492,0,0,9.455077346
0.493,0,0,9.473998182
0.494,0,0,9.492924602
0.495,0,0,9.511970208
0.496,0,0,9.531195925
0.497,0,0,9.550186361
0.498,0,0,9.569226669
0.499,0,0,9.588140214
0.5,0,0,9.606814062
0.501,0,0,9.625522769
0.502,0,0,9.644275005
0.503,0,0,9.662838395
0.504,0,0,9.681572781
0.505,0,0,9.700276774
0.506,0,0,9.719222501
0.507,0,0,9.738109639
0.508,0,0,9.756939973
0.509,0,0,9.776010571
0.51,0,0,9.794832276
0.511,0,0,9.813495822
0.512,0,0,9.832002446
0.513,0,0,9.850397008
0.514,0,0,9.868909375
0.515,0,0,9.887683531
0.516,0,0,9.90662266
0.517,0,0,9.925508586
0.518,0,0,9.944310614
0.519,0,0,9.962542989
0.52,0,0,9.980931371
0.521,0,0,9.999252493
0.522,0,0,10.01743902
0.523,0,0,10.03587975
0.524,0,0,10.05439416
0.525,0,0,10.07279592
0.526,0,0,10.0913479
0.527,0,0,10.10988996
0.528,0,0,10.12891745
0.529,0,0,10.14779611
0.53,0,0,10.16646767
0.531,0,0,10.18523887
0.532,0,0,10.20370895
0.533,0,0,10.22244635
0.534,0,0,10.24169198
0.535,0,0,10.26087017
0.536,0,0,10.27968709
0.537,0,0,10.29848017
0.538,0,0,10.31742199
0.539,0,0,10.33643315
0.54,0,0,10.35511389
0.541,0,0,10.37388948
0.542,0,0,10.39302821
0.543,0,0,10.41155347
0.544,0,0,10.43083973
0.545,0,0,10.4505056
0.546,0,0,10.46964579
0.547,0,0,10.48856636
0.548,0,0,10.5070101
0.549,0,0,10.52570672
0.55,0,0,10.54464022
0.551,0,0,10.56399788
0.552,0,0,10.58380338
0.553,0,0,10.60341758
0.554,0,0,10.62290355
0.555,0,0,10.6425536
0.556,0,0,10.66179364
0.557,0,0,10.68084778
0.558,0,0,10.70003508
0.559,0,0,10.71963358
0.56,0,0,10.73909474
0.561,0,0,10.75878055
0.562,0,0,10.77883268
0.563,0,0,10.79921464
0.564,0,0,10.81893863
0.565,0,0,10.8389769
0.566,0,0,10.85867677
0.567,0,0,10.87778902
0.568,0,0,10.89773001
0.569,0,0,10.91865748
0.57,0,0,10.93926107
0.571,0,0,10.95981737
0.572,0,0,10.98008869
0.573,0,0,11.0002618
0.574,0,0,11.02052155
0.575,0,0,11.04081758
0.576,0,0,11.0617663
0.577,0,0,11.08228566
0.578,0,0,11.10284651
0.579,0,0,11.12396446
0.58,0,0,11.14509251
0.581,0,0,11.16585956
0.582,0,0,11.18611258
0.583,0,0,11.20637866
0.584,0,0,11.22742664
0.585,0,0,11.24890949
0.586,0,0,11.27075233
0.587,0,0,11.29233703
0.588,0,0,11.31330808
0.589,0,0,11.33485735
0.59,0,0,11.35629154
0.591,0,0,11.37627312
0.592,0,0,11.39700868
0.593,0,0,11.4189494
0.594,0,0,11.44101064
0.595,0,0,11.46269435
0.596,0,0,11.48349924
0.597,0,0,11.50497434
0.598,0,0,11.52637968
0.599,0,0,11.54772192
0.6,0,0,11.56928102
0.601,0,0,11.59032775
0.602,0,0,11.6120363
0.603,0,0,11.6340498
0.604,0,0,11.65587769
0.605,0,0,11.67724424
0.606,0,0,11.69815671
0.607,0,0,11.71845371
0.608,0,0,11.73880014
0.609,0,0,11.75919274
0.61,0,0,11.77997781
0.611,0,0,11.80046137
0.612,0,0,11.82006748
0.613,0,0,11.83987263
0.614,0,0,11.85895813
0.615,0,0,11.87655317
0.616,0,0,11.89409028
0.617,0,0,11.91130992
0.618,0,0,11.92808783
0.619,0,0,11.94448945
0.62,0,0,11.96081732
0.621,0,0,11.97724547
0.622,0,0,11.99211613
0.623,0,0,12.00642496
0.624,0,0,12.01987171
0.625,0,0,12.03267619
0.626,0,0,12.04484107
0.627,0,0,12.05683413
0.628,0,0,12.06826406
0.629,0,0,12.07963641
0.63,0,0,12.09015953
0.631,0,0,12.09946532
0.632,0,0,12.10776042
0.633,0,0,12.11585948
0.634,0,0,12.12361744
0.635,0,0,12.13060106
0.636,0,0,12.13619684
0.637,0,0,12.14249831
0.638,0,0,12.14756415
0.639,0,0,12.15144676
0.64,0,0,12.15490746
0.641,0,0,12.15740944
0.642,0,0,12.15955309
0.643,0,0,12.16043045
0.644,0,0,12.16116452
0.645,0,0,12.16144094
0.646,0,0,12.16066048
0.647,0,0,12.15933711
0.648,0,0,12.15756939
0.649,0,0,12.15498896
0.65,0,0,12.15177054
0.651,0,0,12.14753422
0.652,0,0,12.14217392
0.653,0,0,12.13669625
0.654,0,0,12.13108244
0.655,0,0,12.12524536
0.656,0,0,12.11893162
0.657,0,0,12.11185371
0.658,0,0,12.10421573
0.659,0,0,12.09581437
0.66,0,0,12.08612074
0.661,0,0,12.07622576
0.662,0,0,12.0669198
0.663,0,0,12.0566529
0.664,0,0,12.04607791
0.665,0,0,12.0348528
0.666,0,0,12.02399646
0.667,0,0,12.01249109
0.668,0,0,12.00007618
0.669,0,0,11.98743091
0.67,0,0,11.97437806
0.671,0,0,11.96101897
0.672,0,0,11.94820733
0.673,0,0,11.93556919
0.674,0,0,11.92242604
0.675,0,0,11.90829712
0.676,0,0,11.89355145
0.677,0,0,11.879214
0.678,0,0,11.86488618
0.679,0,0,11.85054991
0.68,0,0,11.83629631
0.681,0,0,11.82217005
0.682,0,0,11.808478
0.683,0,0,11.79480987
0.684,0,0,11.78014222
0.685,0,0,11.7641799
0.686,0,0,11.74959838
0.687,0,0,11.73536445
0.688,0,0,11.72136185
0.689,0,0,11.70732857
0.69,0,0,11.69399217
0.691,0,0,11.68124237
0.692,0,0,11.66783856
0.693,0,0,11.65348652
0.694,0,0,11.63917292
0.695,0,0,11.62593844
0.696,0,0,11.61319891
0.697,0,0,11.60093288
0.698,0,0,11.58877682
0.699,0,0,11.57724801
0.7,0,0,11.56622365
0.701,0,0,11.55501634
0.702,0,0,11.54359696
0.703,0,0,11.53240106
0.704,0,0,11.52186023
0.705,0,0,11.51275885
0.706,0,0,11.50411435
0.707,0,0,11.49508554
0.708,0,0,11.48687106
0.709,0,0,11.47839745
0.71,0,0,11.47007472
0.711,0,0,11.46215539
0.712,0,0,11.45492696
0.713,0,0,11.44834822
0.714,0,0,11.44213782
0.715,0,0,11.43733378
0.716,0,0,11.43304516
0.717,0,0,11.42856162
0.718,0,0,11.42346749
0.719,0,0,11.41885571
0.72,0,0,11.41445381
0.721,0,0,11.41105807
0.722,0,0,11.40840347
0.723,0,0,11.40655424
0.724,0,0,11.40532596
0.725,0,0,11.40430062
0.726,0,0,11.40298255
0.727,0,0,11.40210287
0.728,0,0,11.40144079
0.729,0,0,11.40152952
0.73,0,0,11.40266027
0.731,0,0,11.40362861
0.732,0,0,11.40517496
0.733,0,0,11.40795645
0.734,0,0,11.41089186
0.735,0,0,11.41376419
0.736,0,0,11.41619156
0.737,0,0,11.41944176
0.738,0,0,11.42292642
0.739,0,0,11.42698113
0.74,0,0,11.43146977
0.741,0,0,11.43680515
0.742,0,0,11.44189312
0.743,0,0,11.44733625
0.744,0,0,11.45298143
0.745,0,0,11.45844785
0.746,0,0,11.46368135
0.747,0,0,11.46942804
0.748,0,0,11.47609685
0.749,0,0,11.48370591
0.75,0,0,11.49117557
0.751,0,0,11.49831569
0.752,0,0,11.50558223
0.753,0,0,11.51253195
0.754,0,0,11.52039457
0.755,0,0,11.52772594
0.756,0,0,11.53522735
0.757,0,0,11.54391218
0.758,0,0,11.55279085
0.759,0,0,11.56117241
0.76,0,0,11.56918996
0.761,0,0,11.57739296
0.762,0,0,11.5858174
0.763,0,0,11.59359208
0.764,0,0,11.60123522
0.765,0,0,11.60942039
0.766,0,0,11.61818078
0.767,0,0,11.62726025
0.768,0,0,11.63654506
0.769,0,0,11.64513915
0.77,0,0,11.65339037
0.771,0,0,11.66148049
0.772,0,0,11.66965907
0.773,0,0,11.67781566
0.774,0,0,11.68630158
0.775,0,0,11.69419243
0.776,0,0,11.7024384
0.777,0,0,11.70973958
0.778,0,0,11.71792025
0.779,0,0,11.72526773
0.78,0,0,11.73241701
0.781,0,0,11.73945866
0.782,0,0,11.74722862
0.783,0,0,11.75463467
0.784,0,0,11.76216977
0.785,0,0,11.76879195
0.786,0,0,11.7753103
0.787,0,0,11.78076126
0.788,0,0,11.7861197
0.789,0,0,11.79193725
0.79,0,0,11.79798595
0.791,0,0,11.80411747
0.792,0,0,11.81023548
0.793,0,0,11.81518613
0.794,0,0,11.81951808
0.795,0,0,11.82322371
0.796,0,0,11.82679847
0.797,0,0,11.83074401
0.798,0,0,11.83487162
0.799,0,0,11.83840332
0.8,0,0,11.84195594
0.801,0,0,11.8450573
0.802,0,0,11.8488014
0.803,0,0,11.85159932
0.804,0,0,11.85321333
0.805,0,0,11.85468108
0.806,0,0,11.85714402
0.807,0,0,11.85969542
0.808,0,0,11.86162534
0.809,0,0,11.86274412
0.81,0,0,11.86379267
0.811,0,0,11.86430122
0.812,0,0,11.86377972
0.813,0,0,11.86308264
0.814,0,0,11.86287988
0.815,0,0,11.86326132
0.816,0,0,11.86363819
0.817,0,0,11.86384595
0.818,0,0,11.86296916
0.819,0,0,11.86163269
0.82,0,0,11.8592355
0.821,0,0,11.85716216
0.822,0,0,11.8547999
0.823,0,0,11.85294047
0.824,0,0,11.8519757
0.825,0,0,11.85026193
0.826,0,0,11.84805511
0.827,0,0,11.84555166
0.828,0,0,11.84174097
0.829,0,0,11.8376077
0.83,0,0,11.83397289
0.831,0,0,11.83136418
0.832,0,0,11.82833029
0.833,0,0,11.82498542
0.834,0,0,11.8215279
0.835,0,0,11.81822918
0.836,0,0,11.81384688
0.837,0,0,11.80914649
0.838,0,0,11.80421988
0.839,0,0,11.80021441
0.84,0,0,11.79668785
0.841,0,0,11.7941848
0.842,0,0,11.79031903
0.843,0,0,11.7856953
0.844,0,0,11.780367
0.845,0,0,11.77542614
0.846,0,0,11.77031052
0.847,0,0,11.76520308
0.848,0,0,11.76076339
0.849,0,0,11.75717415
0.85,0,0,11.753326
0.851,0,0,11.7498791
0.852,0,0,11.74499996
0.853,0,0,11.73974202
0.854,0,0,11.73436882
0.855,0,0,11.72978896
0.856,0,0,11.72541905
0.857,0,0,11.72155484
0.858,0,0,11.71809727
0.859,0,0,11.71543483
0.86,0,0,11.71149036
0.861,0,0,11.7064653
0.862,0,0,11.70095652
0.863,0,0,11.69664905
0.864,0,0,11.69276575
0.865,0,0,11.68992258
0.866,0,0,11.68679684
0.867,0,0,11.68372505
0.868,0,0,11.68033446
0.869,0,0,11.67693011
0.87,0,0,11.67295708
0.871,0,0,11.66907813
0.872,0,0,11.66539671
0.873,0,0,11.6634966
0.874,0,0,11.66150848
0.875,0,0,11.66007812
0.876,0,0,11.65807062
0.877,0,0,11.65605855
0.878,0,0,11.65307127
0.879,0,0,11.65022823
0.88,0,0,11.64802113
0.881,0,0,11.64634542
0.882,0,0,11.64449503
0.883,0,0,11.64406713
0.884,0,0,11.64399296
0.885,0,0,11.64341578
0.886,0,0,11.6416922
0.887,0,0,11.63985424
0.888,0,0,11.63787826
0.889,0,0,11.63698484
0.89,0,0,11.6364824
0.891,0,0,11.63689282
0.892,0,0,11.63754975
0.893,0,0,11.6383851
0.894,0,0,11.63811664
0.895,0,0,11.63777937
0.896,0,0,11.63631783
0.897,0,0,11.63632311
0.898,0,0,11.63663536
0.899,0,0,11.63712113
0.9,0,0,11.6377361
0.901,0,0,11.63869593
0.902,0,0,11.63966473
0.903,0,0,11.64064573
0.904,0,0,11.64115335
0.905,0,0,11.64159331
0.906,0,0,11.6422502
0.907,0,0,11.64387196
0.908,0,0,11.64621451
0.909,0,0,11.64886281
0.91,0,0,11.65031431
0.911,0,0,11.65173196
0.912,0,0,11.6529046
0.913,0,0,11.65412552
0.914,0,0,11.65481087
0.915,0,0,11.65628243
0.916,0,0,11.65778476
0.917,0,0,11.66025195
0.918,0,0,11.66241614
0.919,0,0,11.66493025
0.92,0,0,11.66637231
0.921,0,0,11.6680458
0.922,0,0,11.66955624
0.923,0,0,11.67058212
0.924,0,0,11.67220229
0.925,0,0,11.67451369
0.926,0,0,11.67750912
0.927,0,0,11.68023572
0.928,0,0,11.68203388
0.929,0,0,11.68401632
0.93,0,0,11.68587299
0.931,0,0,11.68738735
0.932,0,0,11.68894054
0.933,0,0,11.69122318
0.934,0,0,11.6929017
0.935,0,0,11.69470759
0.936,0,0,11.69641423
0.937,0,0,11.69857558
0.938,0,0,11.70012221
0.939,0,0,11.70192643
0.94,0,0,11.70370753
0.941,0,0,11.70592317
0.942,0,0,11.70792902
0.943,0,0,11.71011671
0.944,0,0,11.71176758
0.945,0,0,11.7130417
0.946,0,0,11.71491171
0.947,0,0,11.71652921
0.948,0,0,11.71759966
0.949,0,0,11.7185819
0.95,0,0,11.71992275
0.951,0,0,11.72166694
0.952,0,0,11.72295191
0.953,0,0,11.72454364
0.954,0,0,11.72607491
0.955,0,0,11.72737912
0.956,0,0,11.72810803
0.957,0,0,11.72906879
0.958,0,0,11.7300543
0.959,0,0,11.73106188
0.96,0,0,11.73218999
0.961,0,0,11.73343116
0.962,0,0,11.73420334
0.963,0,0,11.73470507
0.964,0,0,11.73576237
0.965,0,0,11.73691859
0.966,0,0,11.73750527
0.967,0,0,11.7373967
0.968,0,0,11.73719105
0.969,0,0,11.73703105
0.97,0,0,11.73753863
0.971,0,0,11.73818318
0.972,0,0,11.73833302
0.973,0,0,11.73815087
0.974,0,0,11.73863378
0.975,0,0,11.73936538
0.976,0,0,11.73924225
0.977,0,0,11.73896672
0.978,0,0,11.73934464
0.979,0,0,11.73988777
0.98,0,0,11.73998219
0.981,0,0,11.73960905
0.982,0,0,11.73988885
0.983,0,0,11.73952389
0.984,0,0,11.73916458
0.985,0,0,11.73828883
0.986,0,0,11.73796856
0.987,0,0,11.73758869
0.988,0,0,11.7375429
0.989,0,0,11.73752212
0.99,0,0,11.73697507
0.991,0,0,11.73572355
0.992,0,0,11.73501574
0.993,0,0,11.73401003
0.994,0,0,11.73340078
0.995,0,0,11.73269955
0.996,0,0,11.73248244
0.997,0,0,11.73162597
0.998,0,0,11.73116512
0.999,0,0,11.73093406
1,0,0,11.73040292
1.001,0,0,11.72884174
1.002,0,0,11.7273406
1.003,0,0,11.7264986
1.004,0,0,11.72633643
1.005,0,0,11.72507276
1.006,0,0,11.7244318
1.007,0,0,11.72361038
1.008,0,0,11.72312218
1.009,0,0,11.72204041
1.01,0,0,11.72111553
1.011,0,0,11.71967151
1.012,0,0,11.7187064
1.013,0,0,11.71833509
1.014,0,0,11.71817556
1.015,0,0,11.71689718
1.016,0,0,11.71595097
1.017,0,0,11.71446552
1.018,0,0,11.71339914
1.019,0,0,11.71194172
1.02,0,0,11.71098095
1.021,0,0,11.71006442
1.022,0,0,11.70921194
1.023,0,0,11.70792635
1.024,0,0,11.70677879
1.025,0,0,11.70466059
1.026,0,0,11.70293958
1.027,0,0,11.70186199
1.028,0,0,11.70153599
1.029,0,0,11.69987306
1.03,0,0,11.69843167
1.031,0,0,11.69723922
1.032,0,0,11.69660447
1.033,0,0,11.69543918
1.034,0,0,11.69354858
1.035,0,0,11.69170633
1.036,0,0,11.69014125
1.037,0,0,11.68863878
1.038,0,0,11.68774958
1.039,0,0,11.68598671
1.04,0,0,11.68421873
1.041,0,0,11.68227969
1.042,0,0,11.68046876
1.043,0,0,11.67873908
1.044,0,0,11.67711551
1.045,0,0,11.6760098
1.046,0,0,11.67465132
1.047,0,0,11.67287003
1.048,0,0,11.67137832
1.049,0,0,11.66953643
1.05,0,0,11.66741636
1.051,0,0,11.66515287
1.052,0,0,11.66379215
1.053,0,0,11.66260393
1.054,0,0,11.66126736
1.055,0,0,11.65984821
1.056,0,0,11.65832309
1.057,0,0,11.65653527
1.058,0,0,11.65368809
1.059,0,0,11.65087478
1.06,0,0,11.64820764
1.061,0,0,11.64645158
1.062,0,0,11.64571277
1.063,0,0,11.64432138
1.064,0,0,11.64223365
1.065,0,0,11.64038355
1.066,0,0,11.63833339
1.067,0,0,11.6360671
1.068,0,0,11.6331087
1.069,0,0,11.63079055
1.07,0,0,11.62914393
1.071,0,0,11.62781264
1.072,0,0,11.62598472
1.073,0,0,11.62390596
1.074,0,0,11.62135495
1.075,0,0,11.61859462
1.076,0,0,11.6160284
1.077,0,0,11.61426459
1.078,0,0,11.6122061
1.079,0,0,11.61070712
1.08,0,0,11.60952562
1.081,0,0,11.60863325
1.082,0,0,11.60629296
1.083,0,0,11.60366704
1.084,0,0,11.60088257
1.085,0,0,11.59804432
1.086,0,0,11.59600665
1.087,0,0,11.59462594
1.088,0,0,11.59346901
1.089,0,0,11.59291877
1.09,0,0,11.59114254
1.091,0,0,11.58864999
1.092,0,0,11.58515089
1.093,0,0,11.58191384
1.094,0,0,11.57946006
1.095,0,0,11.57773617
1.096,0,0,11.5765767
1.097,0,0,11.57549949
1.098,0,0,11.57423733
1.099,0,0,11.57221364
1.1,0,0,11.56977906
1.101,0,0,11.56748434
1.102,0,0,11.56493101
1.103,0,0,11.56267386
1.104,0,0,11.56090718
1.105,0,0,11.56036281
1.106,0,0,11.55949261
1.107,0,0,11.5577885
1.108,0,0,11.55554904
1.109,0,0,11.55258165
1.11,0,0,11.55016614
1.111,0,0,11.54833381
1.112,0,0,11.54682525
1.113,0,0,11.54580625
1.114,0,0,11.54516314
1.115,0,0,11.5447004
1.116,0,0,11.54313443
1.117,0,0,11.54036433
1.118,0,0,11.53800361
1.119,0,0,11.53571169
1.12,0,0,11.53393713
1.121,0,0,11.53253048
1.122,0,0,11.53214185
1.123,0,0,11.53149986
1.124,0,0,11.53105412
1.125,0,0,11.52978711
1.126,0,0,11.52754452
1.127,0,0,11.52475415
1.128,0,0,11.5225621
1.129,0,0,11.52171095
1.13,0,0,11.52128587
1.131,0,0,11.52089786
1.132,0,0,11.52005763
1.133,0,0,11.51870417
1.134,0,0,11.51729573
1.135,0,0,11.51556213
1.136,0,0,11.51367894
1.137,0,0,11.51198892
1.138,0,0,11.51095641
1.139,0,0,11.51052414
1.14,0,0,11.50984367
1.141,0,0,11.50903807
1.142,0,0,11.50776402
1.143,0,0,11.5064396
1.144,0,0,11.50461952
1.145,0,0,11.50321705
1.146,0,0,11.50250964
1.147,0,0,11.5016212
1.148,0,0,11.5007704
1.149,0,0,11.50060583
1.15,0,0,11.50055817
1.151,0,0,11.49971334
1.152,0,0,11.49817706
1.153,0,0,11.49672694
1.154,0,0,11.49576613
1.155,0,0,11.49484362
1.156,0,0,11.49403563
1.157,0,0,11.49331163
1.158,0,0,11.49284879
1.159,0,0,11.49308389
1.16,0,0,11.49293822
1.161,0,0,11.49168417
1.162,0,0,11.49011767
1.163,0,0,11.48924745
1.164,0,0,11.48820827
1.165,0,0,11.48718818
1.166,0,0,11.48614482
1.167,0,0,11.4853887
1.168,0,0,11.48458213
1.169,0,0,11.48455434
1.17,0,0,11.48408767
1.171,0,0,11.48265083
1.172,0,0,11.48109461
1.173,0,0,11.47995374
1.174,0,0,11.47954486
1.175,0,0,11.47879049
1.176,0,0,11.47799326
1.177,0,0,11.47788673
1.178,0,0,11.47776292
1.179,0,0,11.47728409
1.18,0,0,11.47630724
1.181,0,0,11.4745166
1.182,0,0,11.47292151
1.183,0,0,11.47167589
1.184,0,0,11.47130008
1.185,0,0,11.47088881
1.186,0,0,11.47130822
1.187,0,0,11.47100767
1.188,0,0,11.46987909
1.189,0,0,11.46825163
1.19,0,0,11.4667744
1.191,0,0,11.46489262
1.192,0,0,11.46327416
1.193,0,0,11.46290307
1.194,0,0,11.4632392
1.195,0,0,11.46365235
1.196,0,0,11.46316902
1.197,0,0,11.46183299
1.198,0,0,11.46025326
1.199,0,0,11.45815448
1.2,0,0,11.45643917
1.201,0,0,11.4549856
1.202,0,0,11.45426676
1.203,0,0,11.45427661
1.204,0,0,11.45403261
1.205,0,0,11.453478
1.206,0,0,11.45216364
1.207,0,0,11.45046231
1.208,0,0,11.44829804
1.209,0,0,11.44673824
1.21,0,0,11.44544832
1.211,0,0,11.44445524
1.212,0,0,11.44359471
1.213,0,0,11.4428096
1.214,0,0,11.4422547
1.215,0,0,11.44029617
1.216,0,0,11.43855146
1.217,0,0,11.43690121
1.218,0,0,11.43532081
1.219,0,0,11.4335407
1.22,0,0,11.4325489
1.221,0,0,11.43247811
1.222,0,0,11.43205462
1.223,0,0,11.43085649
1.224,0,0,11.429168
1.225,0,0,11.42760509
1.226,0,0,11.42616426
1.227,0,0,11.42428567
1.228,0,0,11.42195868
1.229,0,0,11.41992059
1.23,0,0,11.41937994
1.231,0,0,11.41953398
1.232,0,0,11.41903171
1.233,0,0,11.41766261
1.234,0,0,11.41609512
1.235,0,0,11.414405
1.236,0,0,11.41229462
1.237,0,0,11.41007137
1.238,0,0,11.40733276
1.239,0,0,11.4053597
1.24,0,0,11.40439447
1.241,0,0,11.40410472
1.242,0,0,11.40306597
1.243,0,0,11.4015441
1.244,0,0,11.40005223
1.245,0,0,11.39823632
1.246,0,0,11.39600299
1.247,0,0,11.39338629
1.248,0,0,11.39207163
1.249,0,0,11.39125376
1.25,0,0,11.39098994
1.251,0,0,11.38977962
1.252,0,0,11.38771944
1.253,0,0,11.38594777
1.254,0,0,11.38371066
1.255,0,0,11.38122574
1.256,0,0,11.37908671
1.257,0,0,11.37792164
1.258,0,0,11.37736841
1.259,0,0,11.37700824
1.26,0,0,11.37631913
1.261,0,0,11.37470905
1.262,0,0,11.37269224
1.263,0,0,11.37054976
1.264,0,0,11.368153
1.265,0,0,11.36551589
1.266,0,0,11.36331008
1.267,0,0,11.36290336
1.268,0,0,11.36298676
1.269,0,0,11.36261234
1.27,0,0,11.36106764
1.271,0,0,11.35936415
1.272,0,0,11.35766213
1.273,0,0,11.35620639
1.274,0,0,11.35413471
1.275,0,0,11.35150237
1.276,0,0,11.34990257
1.277,0,0,11.34873758
1.278,0,0,11.34783599
1.279,0,0,11.3468366
1.28,0,0,11.34629116
1.281,0,0,11.34474775
1.282,0,0,11.34301696
1.283,0,0,11.34112562
1.284,0,0,11.33910209
1.285,0,0,11.33734367
1.286,0,0,11.33600648
1.287,0,0,11.33542803
1.288,0,0,11.33424519
1.289,0,0,11.33298249
1.29,0,0,11.33178877
1.291,0,0,11.33076115
1.292,0,0,11.32878382
1.293,0,0,11.32638926
1.294,0,0,11.32483228
1.295,0,0,11.32409451
1.296,0,0,11.32423837
1.297,0,0,11.32361124
1.298,0,0,11.32274729
1.299,0,0,11.32183096
1.3,0,0,11.32109455
1.301,0,0,11.31943458
1.302,0,0,11.31771211
1.303,0,0,11.31596377
1.304,0,0,11.31419838
1.305,0,0,11.31341135
1.306,0,0,11.31308229
1.307,0,0,11.3123512
1.308,0,0,11.31119426
1.309,0,0,11.31047983
1.31,0,0,11.30968936
1.311,0,0,11.3081552
1.312,0,0,11.30678492
1.313,0,0,11.30602916
1.314,0,0,11.30507518
1.315,0,0,11.30351701
1.316,0,0,11.30221497
1.317,0,0,11.30128656
1.318,0,0,11.30151649
1.319,0,0,11.30165037
1.32,0,0,11.30067527
1.321,0,0,11.29900686
1.322,0,0,11.2982287
1.323,0,0,11.29715825
1.324,0,0,11.29626784
1.325,0,0,11.29520548
1.326,0,0,11.29418366
1.327,0,0,11.29370382
1.328,0,0,11.29362388
1.329,0,0,11.29275559
1.33,0,0,11.29089519
1.331,0,0,11.28961352
1.332,0,0,11.28877225
1.333,0,0,11.28783663
1.334,0,0,11.28683949
1.335,0,0,11.28655527
1.336,0,0,11.28725182
1.337,0,0,11.28790192
1.338,0,0,11.28801327
1.339,0,0,11.28718559
1.34,0,0,11.28693415
1.341,0,0,11.28627872
1.342,0,0,11.28501598
1.343,0,0,11.28268795
1.344,0,0,11.28129529
1.345,0,0,11.28089603
1.346,0,0,11.28128491
1.347,0,0,11.28156623
1.348,0,0,11.28174761
1.349,0,0,11.28193829
1.35,0,0,11.2824713
1.351,0,0,11.2819149
1.352,0,0,11.28013945
1.353,0,0,11.27844458
1.354,0,0,11.27731196
1.355,0,0,11.27659659
1.356,0,0,11.27598021
1.357,0,0,11.27575442
1.358,0,0,11.27666765
1.359,0,0,11.27757174
1.36,0,0,11.27755878
1.361,0,0,11.27600375
1.362,0,0,11.27525306
1.363,0,0,11.27515816
1.364,0,0,11.27485273
1.365,0,0,11.27346657
1.366,0,0,11.27260112
1.367,0,0,11.27260785
1.368,0,0,11.27273052
1.369,0,0,11.27236316
1.37,0,0,11.27147154
1.371,0,0,11.27068471
1.372,0,0,11.27078108
1.373,0,0,11.2709234
1.374,0,0,11.27035462
1.375,0,0,11.26994195
1.376,0,0,11.27033584
1.377,0,0,11.27129577
1.378,0,0,11.27142901
1.379,0,0,11.27132715
1.38,0,0,11.27070109
1.381,0,0,11.27074741
1.382,0,0,11.269518
1.383,0,0,11.26760954
1.384,0,0,11.26658685
1.385,0,0,11.26754965
1.386,0,0,11.26904226
1.387,0,0,11.26901448
1.388,0,0,11.26889505
1.389,0,0,11.26911455
1.39,0,0,11.26981178
1.391,0,0,11.26970414
1.392,0,0,11.26900943
1.393,0,0,11.26823067
1.394,0,0,11.26853493
1.395,0,0,11.26914986
1.396,0,0,11.26840066
1.397,0,0,11.26742848
1.398,0,0,11.26743386
1.399,0,0,11.26808261
1.4,0,0,11.26751641
1.401,0,0,11.26693593
1.402,0,0,11.26701798
1.403,0,0,11.26829331
1.404,0,0,11.26889222
1.405,0,0,11.26830908
1.406,0,0,11.26743299
1.407,0,0,11.26847018
1.408,0,0,11.26946971
1.409,0,0,11.26895401
1.41,0,0,11.26744529
1.411,0,0,11.26706104
1.412,0,0,11.26752101
1.413,0,0,11.26825938
1.414,0,0,11.2683681
1.415,0,0,11.26835556
1.416,0,0,11.26971739
1.417,0,0,11.27135995
1.418,0,0,11.27170424
1.419,0,0,11.27101909
1.42,0,0,11.27176095
1.421,0,0,11.27229722
1.422,0,0,11.27172706
1.423,0,0,11.27014428
1.424,0,0,11.2699068
1.425,0,0,11.27091798
1.426,0,0,11.27205925
1.427,0,0,11.27224594
1.428,0,0,11.2725018
1.429,0,0,11.27434632
1.43,0,0,11.27682444
1.431,0,0,11.27780489
1.432,0,0,11.27739325
1.433,0,0,11.27707908
1.434,0,0,11.2773895
1.435,0,0,11.27763992
1.436,0,0,11.2769563
1.437,0,0,11.27674459
1.438,0,0,11.27800188
1.439,0,0,11.27997482
1.44,0,0,11.28052066
1.441,0,0,11.28026639
1.442,0,0,11.28062093
1.443,0,0,11.28183383
1.444,0,0,11.28241129
1.445,0,0,11.28186016
1.446,0,0,11.28241137
1.447,0,0,11.28437132
1.448,0,0,11.28618359
1.449,0,0,11.28634968
1.45,0,0,11.28656127
1.451,0,0,11.28779084
1.452,0,0,11.28883362
1.453,0,0,11.28873258
1.454,0,0,11.28796041
1.455,0,0,11.28779773
1.456,0,0,11.28893712
1.457,0,0,11.29072544
1.458,0,0,11.29167917
1.459,0,0,11.29298782
1.46,0,0,11.29588216
1.461,0,0,11.29866164
1.462,0,0,11.29906982
1.463,0,0,11.29897245
1.464,0,0,11.29880768
1.465,0,0,11.29914949
1.466,0,0,11.2991287
1.467,0,0,11.29948877
1.468,0,0,11.30067814
1.469,0,0,11.3029746
1.47,0,0,11.30506735
1.471,0,0,11.30625492
1.472,0,0,11.3078254
1.473,0,0,11.31019672
1.474,0,0,11.31182166
1.475,0,0,11.3123185
1.476,0,0,11.31250082
1.477,0,0,11.31277483
1.478,0,0,11.31401144
1.479,0,0,11.31519679
1.48,0,0,11.31620943
1.481,0,0,11.3173466
1.482,0,0,11.31988686
1.483,0,0,11.3219627
1.484,0,0,11.32316832
1.485,0,0,11.32390336
1.486,0,0,11.32509761
1.487,0,0,11.32603801
1.488,0,0,11.32670783
1.489,0,0,11.32784524
1.49,0,0,11.32977948
1.491,0,0,11.3318327
1.492,0,0,11.33326564
1.493,0,0,11.3342711
1.494,0,0,11.3357997
1.495,0,0,11.33747131
1.496,0,0,11.33865337
1.497,0,0,11.33943071
1.498,0,0,11.33972177
1.499,0,0,11.34107572
1.5,0,0,11.34329534
1.501,0,0,11.34576883
1.502,0,0,11.3479388
1.503,0,0,11.35117455
1.504,0,0,11.3544231
1.505,0,0,11.35582169
1.506,0,0,11.35595855
1.507,0,0,11.35651843
1.508,0,0,11.35686765
1.509,0,0,11.3569863
1.51,0,0,11.35767358
1.511,0,0,11.3592235
1.512,0,0,11.36235816
1.513,0,0,11.36556227
1.514,0,0,11.36748441
1.515,0,0,11.36949273
1.516,0,0,11.3722789
1.517,0,0,11.37437454
1.518,0,0,11.37510755
1.519,0,0,11.37511382
1.52,0,0,11.37540325
1.521,0,0,11.3765155
1.522,0,0,11.37785131
1.523,0,0,11.37874205
1.524,0,0,11.38033001
1.525,0,0,11.38328727
1.526,0,0,11.38579212
1.527,0,0,11.38645228
1.528,0,0,11.38694464
1.529,0,0,11.38797652
1.53,0,0,11.38876052
1.531,0,0,11.38888838
1.532,0,0,11.38905915
1.533,0,0,11.39051087
1.534,0,0,11.39269352
1.535,0,0,11.39358748
1.536,0,0,11.39386038
1.537,0,0,11.3948032
1.538,0,0,11.39644439
1.539,0,0,11.39740868
1.54,0,0,11.39738652
1.541,0,0,11.39684727
1.542,0,0,11.39700364
1.543,0,0,11.39837401
1.544,0,0,11.39945569
1.545,0,0,11.40024266
1.546,0,0,11.4019777
1.547,0,0,11.40406007
1.548,0,0,11.40423318
1.549,0,0,11.40346423
1.55,0,0,11.40242509
1.551,0,0,11.40159725
1.552,0,0,11.40083568
1.553,0,0,11.39983119
1.554,0,0,11.39942185
1.555,0,0,11.40080581
1.556,0,0,11.4029441
1.557,0,0,11.40394476
1.558,0,0,11.40407865
1.559,0,0,11.40456346
1.56,0,0,11.40489596
1.561,0,0,11.40439911
1.562,0,0,11.4027582
1.563,0,0,11.40051149
1.564,0,0,11.39919884
1.565,0,0,11.39928521
1.566,0,0,11.39874773
1.567,0,0,11.39835495
1.568,0,0,11.39907061
1.569,0,0,11.39995094
1.57,0,0,11.3996808
1.571,0,0,11.39820625
1.572,0,0,11.39671204
1.573,0,0,11.39598493
1.574,0,0,11.39518419
1.575,0,0,11.39345496
1.576,0,0,11.39224025
1.577,0,0,11.39235977
1.578,0,0,11.39267968
1.579,0,0,11.39144519
1.58,0,0,11.38996459
1.581,0,0,11.38894821
1.582,0,0,11.38838485
1.583,0,0,11.38730859
1.584,0,0,11.38522726
1.585,0,0,11.38349717
1.586,0,0,11.38345368
1.587,0,0,11.38401191
1.588,0,0,11.38369821
1.589,0,0,11.38296142
1.59,0,0,11.38309236
1.591,0,0,11.38292048
1.592,0,0,11.38104317
1.593,0,0,11.37830222
1.594,0,0,11.37578324
1.595,0,0,11.37439637
1.596,0,0,11.37276487
1.597,0,0,11.37118401
1.598,0,0,11.37086546
1.599,0,0,11.37186371
1.6,0,0,11.37212184
1.601,0,0,11.37141922
1.602,0,0,11.37027716
1.603,0,0,11.36977051
1.604,0,0,11.36875981
1.605,0,0,11.36685143
1.606,0,0,11.36450033
1.607,0,0,11.36223756
1.608,0,0,11.36133445
1.609,0,0,11.36100938
1.61,0,0,11.3602145
1.611,0,0,11.35985176
1.612,0,0,11.3599096
1.613,0,0,11.35969229
1.614,0,0,11.35880909
1.615,0,0,11.35729321
1.616,0,0,11.35592298
1.617,0,0,11.35439484
1.618,0,0,11.35305387
1.619,0,0,11.3513457
1.62,0,0,11.35074889
1.621,0,0,11.35072226
1.622,0,0,11.35047875
1.623,0,0,11.34940864
1.624,0,0,11.34851254
1.625,0,0,11.34806301
1.626,0,0,11.34769245
1.627,0,0,11.34727212
1.628,0,0,11.3464295
1.629,0,0,11.3460451
1.63,0,0,11.34651428
1.631,0,0,11.34685773
1.632,0,0,11.34629664
1.633,0,0,11.34611014
1.634,0,0,11.34583182
1.635,0,0,11.34511698
1.636,0,0,11.34374511
1.637,0,0,11.34262686
1.638,0,0,11.34182594
1.639,0,0,11.34158757
1.64,0,0,11.34133259
1.641,0,0,11.34118282
1.642,0,0,11.34251414
1.643,0,0,11.34405202
1.644,0,0,11.34461699
1.645,0,0,11.34432724
1.646,0,0,11.34430864
1.647,0,0,11.34444868
1.648,0,0,11.34380457
1.649,0,0,11.34247564
1.65,0,0,11.34151953
1.651,0,0,11.34193955
1.652,0,0,11.34240071
1.653,0,0,11.34227915
1.654,0,0,11.34268092
1.655,0,0,11.34417243
1.656,0,0,11.34559506
1.657,0,0,11.34588361
1.658,0,0,11.34563699
1.659,0,0,11.34536446
1.66,0,0,11.34520262
1.661,0,0,11.34486079
1.662,0,0,11.34413105
1.663,0,0,11.3446575
1.664,0,0,11.3461622
1.665,0,0,11.34707903
1.666,0,0,11.3467926
1.667,0,0,11.34687846
1.668,0,0,11.34797651
1.669,0,0,11.34919584
1.67,0,0,11.34958274
1.671,0,0,11.34941809
1.672,0,0,11.35033606
1.673,0,0,11.35216096
1.674,0,0,11.35303887
1.675,0,0,11.35318798
1.676,0,0,11.35354315
1.677,0,0,11.35443639
1.678,0,0,11.35501463
1.679,0,0,11.35473829
1.68,0,0,11.35493103
1.681,0,0,11.35528648
1.682,0,0,11.3563377
1.683,0,0,11.35675896
1.684,0,0,11.3573529
1.685,0,0,11.35913389
1.686,0,0,11.36144483
1.687,0,0,11.36269373
1.688,0,0,11.36258863
1.689,0,0,11.36238673
1.69,0,0,11.36304273
1.691,0,0,11.36419139
1.692,0,0,11.36418657
1.693,0,0,11.36363625
1.694,0,0,11.3639735
1.695,0,0,11.3652237
1.696,0,0,11.3660778
1.697,0,0,11.36665746
1.698,0,0,11.36796353
1.699,0,0,11.37001171
1.7,0,0,11.37127153
1.701,0,0,11.37150367
1.702,0,0,11.37093611
1.703,0,0,11.37121236
1.704,0,0,11.37163986
1.705,0,0,11.37134054
1.706,0,0,11.37084711
1.707,0,0,11.37135171
1.708,0,0,11.37264532
1.709,0,0,11.37331224
1.71,0,0,11.37330081
1.711,0,0,11.37364989
1.712,0,0,11.37527907
1.713,0,0,11.37682119
1.714,0,0,11.37745543
1.715,0,0,11.37733271
1.716,0,0,11.37825347
1.717,0,0,11.3795445
1.718,0,0,11.37956423
1.719,0,0,11.3784605
1.72,0,0,11.37868418
1.721,0,0,11.3795998
1.722,0,0,11.38001328
1.723,0,0,11.37971014
1.724,0,0,11.37959997
1.725,0,0,11.3800074
1.726,0,0,11.38037373
1.727,0,0,11.38043467
1.728,0,0,11.38101865
1.729,0,0,11.38223872
1.73,0,0,11.38310015
1.731,0,0,11.38288744
1.732,0,0,11.38204722
1.733,0,0,11.3819922
1.734,0,0,11.38267274
1.735,0,0,11.38291385
1.736,0,0,11.38230558
1.737,0,0,11.38149651
1.738,0,0,11.38126251
1.739,0,0,11.38182835
1.74,0,0,11.38185575
1.741,0,0,11.38212464
1.742,0,0,11.38266872
1.743,0,0,11.38310023
1.744,0,0,11.38293609
1.745,0,0,11.38243856
1.746,0,0,11.38185849
1.747,0,0,11.38124465
1.748,0,0,11.38031939
1.749,0,0,11.37877206
1.75,0,0,11.37815808
1.751,0,0,11.37830645
1.752,0,0,11.37863137
1.753,0,0,11.37870049
1.754,0,0,11.37854295
1.755,0,0,11.3791052
1.756,0,0,11.3800019
1.757,0,0,11.38038524
1.758,0,0,11.37994097
1.759,0,0,11.37905373
1.76,0,0,11.3783656
1.761,0,0,11.37697109
1.762,0,0,11.37576365
1.763,0,0,11.37542028
1.764,0,0,11.37566075
1.765,0,0,11.37590519
1.766,0,0,11.37554413
1.767,0,0,11.37478907
1.768,0,0,11.3745806
1.769,0,0,11.37452285
1.77,0,0,11.37432447
1.771,0,0,11.37364754
1.772,0,0,11.37358979
1.773,0,0,11.37344594
1.774,0,0,11.3728887
1.775,0,0,11.37217256
1.776,0,0,11.37168579
1.777,0,0,11.37189397
1.778,0,0,11.37161662
1.779,0,0,11.37002725
1.78,0,0,11.36878099
1.781,0,0,11.36878286
1.782,0,0,11.3691305
1.783,0,0,11.36850815
1.784,0,0,11.36797183
1.785,0,0,11.36773334
1.786,0,0,11.36814438
1.787,0,0,11.36817544
1.788,0,0,11.36719644
1.789,0,0,11.3666524
1.79,0,0,11.36612251
1.791,0,0,11.36473307
1.792,0,0,11.36266858
1.793,0,0,11.36185654
1.794,0,0,11.36229505
1.795,0,0,11.36233622
1.796,0,0,11.36175161
1.797,0,0,11.36144434
1.798,0,0,11.36192579
1.799,0,0,11.36347726
1.8,0,0,11.36401514
1.801,0,0,11.36318931
1.802,0,0,11.36197032
1.803,0,0,11.36121126
1.804,0,0,11.36028157
1.805,0,0,11.35919198
1.806,0,0,11.35859043
1.807,0,0,11.35898333
1.808,0,0,11.35957874
1.809,0,0,11.35926196
1.81,0,0,11.35900884
1.811,0,0,11.35944477
1.812,0,0,11.36026029
1.813,0,0,11.35950637
1.814,0,0,11.35811642
1.815,0,0,11.35736033
1.816,0,0,11.35771608
1.817,0,0,11.35814766
1.818,0,0,11.35773634
1.819,0,0,11.35706884
1.82,0,0,11.35751698
1.821,0,0,11.35804333
1.822,0,0,11.3577289
1.823,0,0,11.35712672
1.824,0,0,11.35679102
1.825,0,0,11.35731383
1.826,0,0,11.35729896
1.827,0,0,11.356576
1.828,0,0,11.35630662
1.829,0,0,11.35730133
1.83,0,0,11.35843503
1.831,0,0,11.3583961
1.832,0,0,11.35744452
1.833,0,0,11.35729121
1.834,0,0,11.35679337
1.835,0,0,11.35588479
1.836,0,0,11.35446277
1.837,0,0,11.35447394
1.838,0,0,11.35524577
1.839,0,0,11.35601399
1.84,0,0,11.35630221
1.841,0,0,11.35726531
1.842,0,0,11.35923109
1.843,0,0,11.3610369
1.844,0,0,11.36115421
1.845,0,0,11.35959119
1.846,0,0,11.35860307
1.847,0,0,11.3586284
1.848,0,0,11.35809533
1.849,0,0,11.35709453
1.85,0,0,11.35713913
1.851,0,0,11.35822162
1.852,0,0,11.35972311
1.853,0,0,11.36050047
1.854,0,0,11.3614826
1.855,0,0,11.36220237
1.856,0,0,11.36225432
1.857,0,0,11.36092897
1.858,0,0,11.3597985
1.859,0,0,11.36022904
1.86,0,0,11.36148631
1.861,0,0,11.36178979
1.862,0,0,11.36161723
1.863,0,0,11.36176795
1.864,0,0,11.36260915
1.865,0,0,11.36394933
1.866,0,0,11.36400725
1.867,0,0,11.36349928
1.868,0,0,11.36310975
1.869,0,0,11.36296186
1.87,0,0,11.36300502
1.871,0,0,11.36322721
1.872,0,0,11.36399271
1.873,0,0,11.36542532
1.874,0,0,11.36631337
1.875,0,0,11.36566492
1.876,0,0,11.36530464
1.877,0,0,11.36524347
1.878,0,0,11.36493862
1.879,0,0,11.36389062
1.88,0,0,11.36325389
1.881,0,0,11.36404129
1.882,0,0,11.3652603
1.883,0,0,11.36684202
1.884,0,0,11.3679604
1.885,0,0,11.36892754
1.886,0,0,11.36985812
1.887,0,0,11.36991492
1.888,0,0,11.36907258
1.889,0,0,11.36864466
1.89,0,0,11.36835888
1.891,0,0,11.36797622
1.892,0,0,11.36739905
1.893,0,0,11.36724524
1.894,0,0,11.36804038
1.895,0,0,11.36999904
1.896,0,0,11.37151842
1.897,0,0,11.37215639
1.898,0,0,11.37202404
1.899,0,0,11.37175381
1.9,0,0,11.3708329
1.901,0,0,11.37007649
1.902,0,0,11.37021603
1.903,0,0,11.37057593
1.904,0,0,11.37061542
1.905,0,0,11.37032798
1.906,0,0,11.3704636
1.907,0,0,11.37157788
1.908,0,0,11.37275737
1.909,0,0,11.37244276
1.91,0,0,11.37179865
1.911,0,0,11.37121789
1.912,0,0,11.37118841
1.913,0,0,11.37125229
1.914,0,0,11.37113815
1.915,0,0,11.37156855
1.916,0,0,11.37243849
1.917,0,0,11.37284127
1.918,0,0,11.37260322
1.919,0,0,11.37240038
1.92,0,0,11.37236628
1.921,0,0,11.37095756
1.922,0,0,11.36896223
1.923,0,0,11.36806862
1.924,0,0,11.36873119
1.925,0,0,11.37027335
1.926,0,0,11.37132418
1.927,0,0,11.37188025
1.928,0,0,11.37225793
1.929,0,0,11.3731577
1.93,0,0,11.37359073
1.931,0,0,11.37289527
1.932,0,0,11.37177635
1.933,0,0,11.3711815
1.934,0,0,11.37029608
1.935,0,0,11.36917535
1.936,0,0,11.36874884
1.937,0,0,11.37002797
1.938,0,0,11.37184123
1.939,0,0,11.37260504
1.94,0,0,11.37221931
1.941,0,0,11.37212355
1.942,0,0,11.37246169
1.943,0,0,11.37184389
1.944,0,0,11.37033922
1.945,0,0,11.36920437
1.946,0,0,11.36938104
1.947,0,0,11.36955866
1.948,0,0,11.36923508
1.949,0,0,11.36910939
1.95,0,0,11.36960815
1.951,0,0,11.37065211
1.952,0,0,11.37101686
1.953,0,0,11.36979844
1.954,0,0,11.36902184
1.955,0,0,11.36919186
1.956,0,0,11.36929737
1.957,0,0,11.3684071
1.958,0,0,11.36752424
1.959,0,0,11.36802145
1.96,0,0,11.36898139
1.961,0,0,11.36891155
1.962,0,0,11.36774819
1.963,0,0,11.36709958
1.964,0,0,11.36634478
1.965,0,0,11.36479479
1.966,0,0,11.3636341
1.967,0,0,11.36381892
1.968,0,0,11.3653727
1.969,0,0,11.36699099
1.97,0,0,11.36722432
1.971,0,0,11.36693152
1.972,0,0,11.36742398
1.973,0,0,11.36848063
1.974,0,0,11.36754001
1.975,0,0,11.36548035
1.976,0,0,11.36368417
1.977,0,0,11.36283535
1.978,0,0,11.36274712
1.979,0,0,11.36280563
1.98,0,0,11.36339044
1.981,0,0,11.36457884
1.982,0,0,11.3661548
1.983,0,0,11.36601134
1.984,0,0,11.36566462
1.985,0,0,11.36582276
1.986,0,0,11.36547904
1.987,0,0,11.36388279
1.988,0,0,11.36220309
1.989,0,0,11.36142899
1.99,0,0,11.36190519
1.991,0,0,11.36293347
1.992,0,0,11.36314729
1.993,0,0,11.36282749
1.994,0,0,11.36319145
1.995,0,0,11.36368948
1.996,0,0,11.36368188
1.997,0,0,11.36329898
1.998,0,0,11.36261224
1.999,0,0,11.36246849
2,0,0,11.36222303
2.001,0,0,11.36151223
2.002,0,0,11.36151365
2.003,0,0,11.36271943
2.004,0,0,11.36329723
2.005,0,0,11.36249054
2.006,0,0,11.36142204
2.007,0,0,11.36087659
2.008,0,0,11.36041065
2.009,0,0,11.36019796
2.01,0,0,11.36018215
2.011,0,0,11.36060869
2.012,0,0,11.36162825
2.013,0,0,11.36230603
2.014,0,0,11.36252657
2.015,0,0,11.36295029
2.016,0,0,11.36343723
2.017,0,0,11.36284266
2.018,0,0,11.36153711
2.019,0,0,11.36045136
2.02,0,0,11.36014253
2.021,0,0,11.36071009
2.022,0,0,11.36128599
2.023,0,0,11.36152641
2.024,0,0,11.36218396
2.025,0,0,11.36341202
2.026,0,0,11.36417696
2.027,0,0,11.36446806
2.028,0,0,11.36427574
2.029,0,0,11.36344049
2.03,0,0,11.36204679
2.031,0,0,11.36051052
2.032,0,0,11.36017725
2.033,0,0,11.36103309
2.034,0,0,11.36198254
2.035,0,0,11.3624277
2.036,0,0,11.36214438
2.037,0,0,11.36279038
2.038,0,0,11.3638742
2.039,0,0,11.36434816
2.04,0,0,11.3641719
2.041,0,0,11.36372573
2.042,0,0,11.36348718
2.043,0,0,11.36326961
2.044,0,0,11.36319483
2.045,0,0,11.36346938
2.046,0,0,11.36398894
2.047,0,0,11.36371566
2.048,0,0,11.36297968
2.049,0,0,11.36286291
2.05,0,0,11.36347765
2.051,0,0,11.36384025
2.052,0,0,11.36351184
2.053,0,0,11.36329214
2.054,0,0,11.36344132
2.055,0,0,11.36449195
2.056,0,0,11.36577932
2.057,0,0,11.36632045
2.058,0,0,11.36620716
2.059,0,0,11.36639071
2.06,0,0,11.36617705
2.061,0,0,11.36544634
2.062,0,0,11.36493687
2.063,0,0,11.36520315
2.064,0,0,11.36579514
2.065,0,0,11.36584988
2.066,0,0,11.36540487
2.067,0,0,11.36594317
2.068,0,0,11.36763914
2.069,0,0,11.36879695
2.07,0,0,11.36860221
2.071,0,0,11.36827165
2.072,0,0,11.36836102
2.073,0,0,11.36762508
2.074,0,0,11.36659303
2.075,0,0,11.36590812
2.076,0,0,11.36624491
2.077,0,0,11.36724439
2.078,0,0,11.36752545
2.079,0,0,11.36718164
2.08,0,0,11.36776826
2.081,0,0,11.36917596
2.082,0,0,11.36970419
2.083,0,0,11.36896485
2.084,0,0,11.36798092
2.085,0,0,11.3681809
2.086,0,0,11.36883934
2.087,0,0,11.36861158
2.088,0,0,11.36759196
2.089,0,0,11.36747929
2.09,0,0,11.36771907
2.091,0,0,11.36754984
2.092,0,0,11.36735713
2.093,0,0,11.36794534
2.094,0,0,11.36858895
2.095,0,0,11.36865355
2.096,0,0,11.36761884
2.097,0,0,11.36762121
2.098,0,0,11.36901553
2.099,0,0,11.37052965
2.1,0,0,11.37016249
2.101,0,0,11.36884951
2.102,0,0,11.36831988
2.103,0,0,11.36862439
2.104,0,0,11.36899155
2.105,0,0,11.36872124
2.106,0,0,11.36850141
2.107,0,0,11.36852171
2.108,0,0,11.36869961
2.109,0,0,11.36854531
2.11,0,0,11.36887262
2.111,0,0,11.36993121
2.112,0,0,11.37097729
2.113,0,0,11.37079856
2.114,0,0,11.37013303
2.115,0,0,11.36974239
2.116,0,0,11.36981751
2.117,0,0,11.36940122
2.118,0,0,11.36828344
2.119,0,0,11.36720757
2.12,0,0,11.36732589
2.121,0,0,11.36803925
2.122,0,0,11.36850686
2.123,0,0,11.36829097
2.124,0,0,11.36847244
2.125,0,0,11.36930966
2.126,0,0,11.36950464
2.127,0,0,11.36908811
2.128,0,0,11.36889894
2.129,0,0,11.36918562
2.13,0,0,11.36901494
2.131,0,0,11.36769156
2.132,0,0,11.36639695
2.133,0,0,11.36645954
2.134,0,0,11.36719295
2.135,0,0,11.36749954
2.136,0,0,11.36736835
2.137,0,0,11.36740065
2.138,0,0,11.36740912
2.139,0,0,11.36749262
2.14,0,0,11.36739137
2.141,0,0,11.36753129
2.142,0,0,11.36789706
2.143,0,0,11.36767059
2.144,0,0,11.36659727
2.145,0,0,11.36580049
2.146,0,0,11.3662138
2.147,0,0,11.36713237
2.148,0,0,11.367255
2.149,0,0,11.36686077
2.15,0,0,11.36648687
2.151,0,0,11.36680231
2.152,0,0,11.36714978
2.153,0,0,11.3670452
2.154,0,0,11.36697439
2.155,0,0,11.36693224
2.156,0,0,11.3668585
2.157,0,0,11.36673255
2.158,0,0,11.36713528
2.159,0,0,11.3671855
2.16,0,0,11.36649373
2.161,0,0,11.36532404
2.162,0,0,11.3640474
2.163,0,0,11.36400667
2.164,0,0,11.36500611
2.165,0,0,11.36563325
2.166,0,0,11.36543819
2.167,0,0,11.36541471
2.168,0,0,11.36594548
2.169,0,0,11.36653899
2.17,0,0,11.36686842
2.171,0,0,11.36690624
2.172,0,0,11.36625814
2.173,0,0,11.36467586
2.174,0,0,11.36300038
2.175,0,0,11.36243095
2.176,0,0,11.36310606
2.177,0,0,11.36342125
2.178,0,0,11.3637357
2.179,0,0,11.36413317
2.18,0,0,11.3646255
2.181,0,0,11.3654679
2.182,0,0,11.36594198
2.183,0,0,11.36587859
2.184,0,0,11.36507805
2.185,0,0,11.36463782
2.186,0,0,11.3642111
2.187,0,0,11.36356627
2.188,0,0,11.36333346
2.189,0,0,11.36382994
2.19,0,0,11.36450324
2.191,0,0,11.36456887
2.192,0,0,11.36414266
2.193,0,0,11.36450342
2.194,0,0,11.36576166
2.195,0,0,11.3661344
2.196,0,0,11.36503537
2.197,0,0,11.36455824
2.198,0,0,11.36468864
2.199,0,0,11.36526987
2.2,0,0,11.36540456
2.201,0,0,11.36550454
2.202,0,0,11.36576122
2.203,0,0,11.36551758
2.204,0,0,11.36439983
2.205,0,0,11.36353482
2.206,0,0,11.36388817
2.207,0,0,11.36477107
2.208,0,0,11.36476397
2.209,0,0,11.36387036
2.21,0,0,11.36369554
2.211,0,0,11.36504297
2.212,0,0,11.36677095
2.213,0,0,11.36666188
2.214,0,0,11.36558454
2.215,0,0,11.36467363
2.216,0,0,11.36409957
2.217,0,0,11.36329773
2.218,0,0,11.36246668
2.219,0,0,11.36247349
2.22,0,0,11.36337555
2.221,0,0,11.36389796
2.222,0,0,11.36400667
2.223,0,0,11.36511819
2.224,0,0,11.36693477
2.225,0,0,11.36760338
2.226,0,0,11.3662647
2.227,0,0,11.36418217
2.228,0,0,11.36330175
2.229,0,0,11.36375618
2.23,0,0,11.36380597
2.231,0,0,11.36333293
2.232,0,0,11.36321151
2.233,0,0,11.3643308
2.234,0,0,11.3653776
2.235,0,0,11.3659412
2.236,0,0,11.36641901
2.237,0,0,11.36696875
2.238,0,0,11.36711948
2.239,0,0,11.36612449
2.24,0,0,11.36486352
2.241,0,0,11.36508849
2.242,0,0,11.3659533
2.243,0,0,11.36625364
2.244,0,0,11.36622705
2.245,0,0,11.36589048
2.246,0,0,11.36613055
2.247,0,0,11.3664312
2.248,0,0,11.36615258
2.249,0,0,11.36501545
2.25,0,0,11.3646379
2.251,0,0,11.36510929
2.252,0,0,11.36526281
2.253,0,0,11.36545767
2.254,0,0,11.36621426
2.255,0,0,11.36762615
2.256,0,0,11.36819521
2.257,0,0,11.36743927
2.258,0,0,11.36601332
2.259,0,0,11.36573966
2.26,0,0,11.36575245
2.261,0,0,11.36459801
2.262,0,0,11.36356395
2.263,0,0,11.36354243
2.264,0,0,11.36432098
2.265,0,0,11.36578924
2.266,0,0,11.36720378
2.267,0,0,11.36824956
2.268,0,0,11.36841557
2.269,0,0,11.36765499
2.27,0,0,11.36572054
2.271,0,0,11.36456182
2.272,0,0,11.36457374
2.273,0,0,11.36494473
2.274,0,0,11.36477673
2.275,0,0,11.36450417
2.276,0,0,11.36506756
2.277,0,0,11.36668685
2.278,0,0,11.36802597
2.279,0,0,11.36825395
2.28,0,0,11.36773332
2.281,0,0,11.36716485
2.282,0,0,11.36618205
2.283,0,0,11.36544577
2.284,0,0,11.36567115
2.285,0,0,11.36594801
2.286,0,0,11.36607079
2.287,0,0,11.36630049
2.288,0,0,11.36626266
2.289,0,0,11.36704744
2.29,0,0,11.36762767
2.291,0,0,11.36690149
2.292,0,0,11.36564052
2.293,0,0,11.36490985
2.294,0,0,11.36519574
2.295,0,0,11.36593098
2.296,0,0,11.36667436
2.297,0,0,11.36717545
2.298,0,0,11.36727516
2.299,0,0,11.36690521
2.3,0,0,11.3663119
2.301,0,0,11.3660762
2.302,0,0,11.36602718
2.303,0,0,11.3652401
2.304,0,0,11.3641477
2.305,0,0,11.36326012
2.306,0,0,11.36347685
2.307,0,0,11.36478564
2.308,0,0,11.36651281
2.309,0,0,11.36773158
2.31,0,0,11.36832408
2.311,0,0,11.36829065
2.312,0,0,11.36734137
2.313,0,0,11.36614948
2.314,0,0,11.36510207
2.315,0,0,11.36448255
2.316,0,0,11.3641259
2.317,0,0,11.36367517
2.318,0,0,11.36358849
2.319,0,0,11.36460704
2.32,0,0,11.36653893
2.321,0,0,11.36771774
2.322,0,0,11.36730611
2.323,0,0,11.36687922
2.324,0,0,11.36672177
2.325,0,0,11.36689033
2.326,0,0,11.36612655
2.327,0,0,11.36523573
2.328,0,0,11.36505722
2.329,0,0,11.36515754
2.33,0,0,11.36533818
2.331,0,0,11.36617726
2.332,0,0,11.36711466
2.333,0,0,11.36762729
2.334,0,0,11.36652351
2.335,0,0,11.36453058
2.336,0,0,11.36386384
2.337,0,0,11.36486163
2.338,0,0,11.36575577
2.339,0,0,11.36540024
2.34,0,0,11.36504715
2.341,0,0,11.36500624
2.342,0,0,11.36584354
2.343,0,0,11.36625439
2.344,0,0,11.3657156
2.345,0,0,11.36513955
2.346,0,0,11.36494489
2.347,0,0,11.36414773
2.348,0,0,11.36304356
2.349,0,0,11.36354129
2.35,0,0,11.36515178
2.351,0,0,11.36620015
2.352,0,0,11.36641615
2.353,0,0,11.36627234
2.354,0,0,11.36673811
2.355,0,0,11.36725009
2.356,0,0,11.36618674
2.357,0,0,11.3643554
2.358,0,0,11.36331192
2.359,0,0,11.36343766
2.36,0,0,11.36376299
2.361,0,0,11.3641361
2.362,0,0,11.36490462
2.363,0,0,11.36620732
2.364,0,0,11.36732044
2.365,0,0,11.3671732
2.366,0,0,11.36663334
2.367,0,0,11.36692724
2.368,0,0,11.36687906
2.369,0,0,11.36584363
2.37,0,0,11.36448809
2.371,0,0,11.36385834
2.372,0,0,11.36439014
2.373,0,0,11.36566633
2.374,0,0,11.36634785
2.375,0,0,11.36606038
2.376,0,0,11.36638757
2.377,0,0,11.36615628
2.378,0,0,11.36502562
2.379,0,0,11.36436981
2.38,0,0,11.36448639
2.381,0,0,11.36519554
2.382,0,0,11.36559921
2.383,0,0,11.36482377
2.384,0,0,11.36472411
2.385,0,0,11.36581637
2.386,0,0,11.36667553
2.387,0,0,11.3658733
2.388,0,0,11.36437024
2.389,0,0,11.36343324
2.39,0,0,11.36320799
2.391,0,0,11.36341317
2.392,0,0,11.36365029
2.393,0,0,11.36424094
2.394,0,0,11.36525339
2.395,0,0,11.36603258
2.396,0,0,11.36610158
2.397,0,0,11.36654473
2.398,0,0,11.3669709
2.399,0,0,11.36642711
2.4,0,0,11.36469082
2.401,0,0,11.3629287
2.402,0,0,11.36261949
2.403,0,0,11.36386662
2.404,0,0,11.36464028
2.405,0,0,11.36472581
2.406,0,0,11.36499808
2.407,0,0,11.36574448
2.408,0,0,11.36650267
2.409,0,0,11.36696174
2.41,0,0,11.36689494
2.411,0,0,11.36629388
2.412,0,0,11.3653996
2.413,0,0,11.36450952
2.414,0,0,11.36421711
2.415,0,0,11.36477531
2.416,0,0,11.36558414
2.417,0,0,11.36586033
2.418,0,0,11.36564459
2.419,0,0,11.36569476
2.42,0,0,11.36605433
2.421,0,0,11.36617127
2.422,0,0,11.36581709
2.423,0,0,11.36532186
2.424,0,0,11.36510444
2.425,0,0,11.36484739
2.426,0,0,11.3649475
2.427,0,0,11.36530055
2.428,0,0,11.36523935
2.429,0,0,11.36516123
2.43,0,0,11.36460196
2.431,0,0,11.36352874
2.432,0,0,11.36364576
2.433,0,0,11.36418891
2.434,0,0,11.36452889
2.435,0,0,11.3647186
2.436,0,0,11.36528909
2.437,0,0,11.36570418
2.438,0,0,11.36629251
2.439,0,0,11.36701655
2.44,0,0,11.36721237
2.441,0,0,11.36675886
2.442,0,0,11.36577673
2.443,0,0,11.36426908
2.444,0,0,11.36321721
2.445,0,0,11.36338188
2.446,0,0,11.3642743
2.447,0,0,11.36464818
2.448,0,0,11.36476254
2.449,0,0,11.36520319
2.45,0,0,11.36644779
