#Exudyn implicit second order time integration sensor output file
#measure Node number = 963
#OutputVariableType = AngularVelocity
#simulation started = 2022-04-08,00:48:31
#columns contain: time, comma separated sensor values (e.g, x,y,z position coordinates)
#number of sensor values = 3
#Exudyn version = 1.2.34.dev1; Python3.9.11; Windows AVX2 FLOAT64
#
0,0,0,0
0.001,0,0,1.643239295e-06
0.002,0,0,2.54801985e-06
0.003,0,0,3.164798451e-06
0.004,0,0,3.569563188e-06
0.005,0,0,4.089907172e-06
0.006,0,0,4.471585206e-06
0.007,0,0,5.986740231e-06
0.008,0,0,7.791253196e-06
0.009,0,0,8.67550029e-06
0.01,0,0,9.191936818e-06
0.011,0,0,9.495365437e-06
0.012,0,0,9.899904779e-06
0.013,0,0,1.068836577e-05
0.014,0,0,1.19205454e-05
0.015,0,0,1.297477725e-05
0.016,0,0,1.355997554e-05
0.017,0,0,1.390125103e-05
0.018,0,0,1.408248357e-05
0.019,0,0,1.454112659e-05
0.02,0,0,1.528881119e-05
0.021,0,0,1.614418375e-05
0.022,0,0,1.678031518e-05
0.023,0,0,1.70779804e-05
0.024,0,0,1.719394696e-05
0.025,0,0,1.74187966e-05
0.026,0,0,1.784143625e-05
0.027,0,0,1.833685551e-05
0.028,0,0,1.877506458e-05
0.029,0,0,1.907834483e-05
0.03,0,0,1.915142988e-05
0.031,0,0,1.907080177e-05
0.032,0,0,1.912740562e-05
0.033,0,0,1.9305662e-05
0.034,0,0,1.947464646e-05
0.035,0,0,1.957646375e-05
0.036,0,0,1.950189918e-05
0.037,0,0,1.922790938e-05
0.038,0,0,1.898784494e-05
0.039,0,0,1.885959603e-05
0.04,0,0,1.867197547e-05
0.041,0,0,1.852565085e-05
0.042,0,0,1.82824137e-05
0.043,0,0,1.7850877e-05
0.044,0,0,1.739450528e-05
0.045,0,0,1.700542521e-05
0.046,0,0,1.659943053e-05
0.047,0,0,1.620676855e-05
0.048,0,0,1.577984097e-05
0.049,0,0,1.53032342e-05
0.05,0,0,1.475073923e-05
0.051,0,0,1.413284627e-05
0.052,0,0,1.366954549e-05
0.053,0,0,2.557932814e-05
0.054,0,0,0.0001503459146
0.055,0,0,0.0005109626473
0.056,0,0,0.00114139882
0.057,0,0,0.00204138531
0.058,0,0,0.003208335261
0.059,0,0,0.004653334631
0.06,0,0,0.006428526187
0.061,0,0,0.00861909522
0.062,0,0,0.01128959174
0.063,0,0,0.01446209762
0.064,0,0,0.01813551896
0.065,0,0,0.02230982338
0.066,0,0,0.02701174507
0.067,0,0,0.03229421702
0.068,0,0,0.03821548953
0.069,0,0,0.04480552155
0.07,0,0,0.05207296712
0.071,0,0,0.06001644346
0.072,0,0,0.06864041523
0.073,0,0,0.07797052494
0.074,0,0,0.08804319167
0.075,0,0,0.09888799124
0.076,0,0,0.1105161819
0.077,0,0,0.1229261257
0.078,0,0,0.1361092053
0.079,0,0,0.1500682707
0.08,0,0,0.1648162734
0.081,0,0,0.180370189
0.082,0,0,0.1967395882
0.083,0,0,0.2139230794
0.084,0,0,0.2319094162
0.085,0,0,0.2506858751
0.086,0,0,0.2702462931
0.087,0,0,0.2905920062
0.088,0,0,0.3117243846
0.089,0,0,0.3336393531
0.09,0,0,0.3563249834
0.091,0,0,0.3797648739
0.092,0,0,0.4039388693
0.093,0,0,0.4288339059
0.094,0,0,0.4544388027
0.095,0,0,0.4807448765
0.096,0,0,0.5077390795
0.097,0,0,0.5353997882
0.098,0,0,0.5637064661
0.099,0,0,0.5926355754
0.1,0,0,0.6221655655
0.101,0,0,0.6522775182
0.102,0,0,0.6829553781
0.103,0,0,0.7141791229
0.104,0,0,0.7459240178
0.105,0,0,0.7781652866
0.106,0,0,0.8108765421
0.107,0,0,0.8440310005
0.108,0,0,0.8776070492
0.109,0,0,0.9115795565
0.11,0,0,0.9459266414
0.111,0,0,0.9806214867
0.112,0,0,1.015634993
0.113,0,0,1.050944938
0.114,0,0,1.086521537
0.115,0,0,1.122337822
0.116,0,0,1.158366155
0.117,0,0,1.194581971
0.118,0,0,1.230963041
0.119,0,0,1.267481822
0.12,0,0,1.304109661
0.121,0,0,1.340819269
0.122,0,0,1.377587471
0.123,0,0,1.414383277
0.124,0,0,1.451183867
0.125,0,0,1.487963204
0.126,0,0,1.524700129
0.127,0,0,1.561356009
0.128,0,0,1.59790396
0.129,0,0,1.634324505
0.13,0,0,1.670590001
0.131,0,0,1.706679572
0.132,0,0,1.742570051
0.133,0,0,1.778239595
0.134,0,0,1.813660163
0.135,0,0,1.848807737
0.136,0,0,1.883661662
0.137,0,0,1.918194714
0.138,0,0,1.952391941
0.139,0,0,1.986240813
0.14,0,0,2.019716988
0.141,0,0,2.052802549
0.142,0,0,2.085480386
0.143,0,0,2.117729848
0.144,0,0,2.149530088
0.145,0,0,2.180876844
0.146,0,0,2.211759688
0.147,0,0,2.242157953
0.148,0,0,2.272063114
0.149,0,0,2.301466476
0.15,0,0,2.330351468
0.151,0,0,2.358709964
0.152,0,0,2.386534727
0.153,0,0,2.413823679
0.154,0,0,2.440562475
0.155,0,0,2.466749008
0.156,0,0,2.492385547
0.157,0,0,2.517464693
0.158,0,0,2.541976572
0.159,0,0,2.565936276
0.16,0,0,2.58933647
0.161,0,0,2.612174687
0.162,0,0,2.634457779
0.163,0,0,2.656192623
0.164,0,0,2.677375799
0.165,0,0,2.698013741
0.166,0,0,2.718123004
0.167,0,0,2.737702933
0.168,0,0,2.756760233
0.169,0,0,2.775313266
0.17,0,0,2.793362213
0.171,0,0,2.81091776
0.172,0,0,2.828000338
0.173,0,0,2.844622317
0.174,0,0,2.860786507
0.175,0,0,2.876520747
0.176,0,0,2.891830349
0.177,0,0,2.906730192
0.178,0,0,2.921239949
0.179,0,0,2.935382236
0.18,0,0,2.949167174
0.181,0,0,2.962612508
0.182,0,0,2.975737318
0.183,0,0,2.988558581
0.184,0,0,3.001091773
0.185,0,0,3.013348111
0.186,0,0,3.025354407
0.187,0,0,3.037131375
0.188,0,0,3.048704786
0.189,0,0,3.06009482
0.19,0,0,3.071319193
0.191,0,0,3.082392712
0.192,0,0,3.09333551
0.193,0,0,3.104175616
0.194,0,0,3.114926296
0.195,0,0,3.125618497
0.196,0,0,3.136276553
0.197,0,0,3.146907148
0.198,0,0,3.157528863
0.199,0,0,3.168180438
0.2,0,0,3.178858104
0.201,0,0,3.189600998
0.202,0,0,3.200422067
0.203,0,0,3.21134334
0.204,0,0,3.222377968
0.205,0,0,3.233542953
0.206,0,0,3.244871717
0.207,0,0,3.256361388
0.208,0,0,3.268036811
0.209,0,0,3.279914982
0.21,0,0,3.292019378
0.211,0,0,3.304353424
0.212,0,0,3.316940679
0.213,0,0,3.329788605
0.214,0,0,3.342917431
0.215,0,0,3.356326672
0.216,0,0,3.37004758
0.217,0,0,3.38407202
0.218,0,0,3.398426778
0.219,0,0,3.413111793
0.22,0,0,3.428144113
0.221,0,0,3.443524264
0.222,0,0,3.459263946
0.223,0,0,3.475375391
0.224,0,0,3.491842656
0.225,0,0,3.508696746
0.226,0,0,3.525937084
0.227,0,0,3.543562305
0.228,0,0,3.561572258
0.229,0,0,3.579977183
0.23,0,0,3.598772948
0.231,0,0,3.617960619
0.232,0,0,3.637546306
0.233,0,0,3.657526628
0.234,0,0,3.67790269
0.235,0,0,3.698654268
0.236,0,0,3.719810582
0.237,0,0,3.741338827
0.238,0,0,3.763249798
0.239,0,0,3.78553412
0.24,0,0,3.808198773
0.241,0,0,3.831215889
0.242,0,0,3.854603333
0.243,0,0,3.878333334
0.244,0,0,3.902404276
0.245,0,0,3.926802806
0.246,0,0,3.95154724
0.247,0,0,3.976590648
0.248,0,0,4.001953445
0.249,0,0,4.027613532
0.25,0,0,4.053545969
0.251,0,0,4.079766089
0.252,0,0,4.106237542
0.253,0,0,4.132970885
0.254,0,0,4.159947054
0.255,0,0,4.187152823
0.256,0,0,4.214561312
0.257,0,0,4.242184977
0.258,0,0,4.269989412
0.259,0,0,4.297972154
0.26,0,0,4.326128369
0.261,0,0,4.354416513
0.262,0,0,4.382864582
0.263,0,0,4.411411529
0.264,0,0,4.440075796
0.265,0,0,4.468839274
0.266,0,0,4.497683477
0.267,0,0,4.526582234
0.268,0,0,4.555556017
0.269,0,0,4.584561547
0.27,0,0,4.613582047
0.271,0,0,4.642618171
0.272,0,0,4.671659601
0.273,0,0,4.700680022
0.274,0,0,4.729683131
0.275,0,0,4.758646149
0.276,0,0,4.787538146
0.277,0,0,4.816383015
0.278,0,0,4.845144536
0.279,0,0,4.873805833
0.28,0,0,4.902375727
0.281,0,0,4.930831407
0.282,0,0,4.959160056
0.283,0,0,4.987352391
0.284,0,0,5.015393563
0.285,0,0,5.043294821
0.286,0,0,5.071016359
0.287,0,0,5.098569396
0.288,0,0,5.125922911
0.289,0,0,5.153110087
0.29,0,0,5.180072021
0.291,0,0,5.206846371
0.292,0,0,5.233379037
0.293,0,0,5.259710588
0.294,0,0,5.28581035
0.295,0,0,5.311668786
0.296,0,0,5.337280872
0.297,0,0,5.362662694
0.298,0,0,5.387782907
0.299,0,0,5.412647721
0.3,0,0,5.437274967
0.301,0,0,5.461618539
0.302,0,0,5.485708167
0.303,0,0,5.509525144
0.304,0,0,5.533079621
0.305,0,0,5.556364491
0.306,0,0,5.579379873
0.307,0,0,5.602135357
0.308,0,0,5.624617078
0.309,0,0,5.64682306
0.31,0,0,5.668764821
0.311,0,0,5.690438382
0.312,0,0,5.711866874
0.313,0,0,5.733016506
0.314,0,0,5.753917567
0.315,0,0,5.774551463
0.316,0,0,5.794951108
0.317,0,0,5.81509383
0.318,0,0,5.835002526
0.319,0,0,5.854664206
0.32,0,0,5.874108118
0.321,0,0,5.893316261
0.322,0,0,5.912306101
0.323,0,0,5.931090662
0.324,0,0,5.949647856
0.325,0,0,5.968038126
0.326,0,0,5.986218074
0.327,0,0,6.004208421
0.328,0,0,6.022028043
0.329,0,0,6.039686905
0.33,0,0,6.057175014
0.331,0,0,6.074505972
0.332,0,0,6.091700541
0.333,0,0,6.108764024
0.334,0,0,6.125707916
0.335,0,0,6.142525322
0.336,0,0,6.15923393
0.337,0,0,6.175853191
0.338,0,0,6.192382798
0.339,0,0,6.208830169
0.34,0,0,6.22520018
0.341,0,0,6.241518229
0.342,0,0,6.257788681
0.343,0,0,6.274017379
0.344,0,0,6.290213719
0.345,0,0,6.306391072
0.346,0,0,6.322557628
0.347,0,0,6.33871591
0.348,0,0,6.354879094
0.349,0,0,6.371051696
0.35,0,0,6.3872597
0.351,0,0,6.403499389
0.352,0,0,6.419784859
0.353,0,0,6.436098014
0.354,0,0,6.452483368
0.355,0,0,6.468946816
0.356,0,0,6.4854777
0.357,0,0,6.502101021
0.358,0,0,6.51879165
0.359,0,0,6.535592949
0.36,0,0,6.552490842
0.361,0,0,6.569509888
0.362,0,0,6.586634827
0.363,0,0,6.603888676
0.364,0,0,6.621271183
0.365,0,0,6.63879654
0.366,0,0,6.656451185
0.367,0,0,6.674256413
0.368,0,0,6.692204019
0.369,0,0,6.710315553
0.37,0,0,6.72858968
0.371,0,0,6.747017476
0.372,0,0,6.765610698
0.373,0,0,6.784378096
0.374,0,0,6.803311504
0.375,0,0,6.822410202
0.376,0,0,6.841687806
0.377,0,0,6.861155365
0.378,0,0,6.880805498
0.379,0,0,6.900624962
0.38,0,0,6.920619856
0.381,0,0,6.940791184
0.382,0,0,6.961165182
0.383,0,0,6.981696304
0.384,0,0,7.002419027
0.385,0,0,7.023302993
0.386,0,0,7.04439049
0.387,0,0,7.065640511
0.388,0,0,7.087070774
0.389,0,0,7.108676759
0.39,0,0,7.130456335
0.391,0,0,7.152386202
0.392,0,0,7.174487728
0.393,0,0,7.196759722
0.394,0,0,7.219177154
0.395,0,0,7.241748652
0.396,0,0,7.264485062
0.397,0,0,7.287357239
0.398,0,0,7.31037138
0.399,0,0,7.333520275
0.4,0,0,7.35680127
0.401,0,0,7.380221881
0.402,0,0,7.403771737
0.403,0,0,7.427427914
0.404,0,0,7.451193205
0.405,0,0,7.475086446
0.406,0,0,7.499064382
0.407,0,0,7.52315188
0.408,0,0,7.547316979
0.409,0,0,7.571569686
0.41,0,0,7.595888426
0.411,0,0,7.620291476
0.412,0,0,7.644766095
0.413,0,0,7.669295325
0.414,0,0,7.693882775
0.415,0,0,7.718523455
0.416,0,0,7.743202587
0.417,0,0,7.767901739
0.418,0,0,7.792653119
0.419,0,0,7.817427374
0.42,0,0,7.842207769
0.421,0,0,7.867010142
0.422,0,0,7.891795354
0.423,0,0,7.916605137
0.424,0,0,7.941397096
0.425,0,0,7.966168875
0.426,0,0,7.990923865
0.427,0,0,8.015656694
0.428,0,0,8.040367739
0.429,0,0,8.065049344
0.43,0,0,8.089676342
0.431,0,0,8.11427086
0.432,0,0,8.138811332
0.433,0,0,8.16329164
0.434,0,0,8.187696392
0.435,0,0,8.212055836
0.436,0,0,8.236339663
0.437,0,0,8.260556457
0.438,0,0,8.284674932
0.439,0,0,8.30872928
0.44,0,0,8.332697529
0.441,0,0,8.356570438
0.442,0,0,8.380345324
0.443,0,0,8.404017631
0.444,0,0,8.427604102
0.445,0,0,8.451092305
0.446,0,0,8.474488121
0.447,0,0,8.497754545
0.448,0,0,8.520915872
0.449,0,0,8.543966527
0.45,0,0,8.566897134
0.451,0,0,8.589704446
0.452,0,0,8.612423091
0.453,0,0,8.63500263
0.454,0,0,8.657481051
0.455,0,0,8.67982156
0.456,0,0,8.70206101
0.457,0,0,8.72416273
0.458,0,0,8.746152882
0.459,0,0,8.768025958
0.46,0,0,8.789767945
0.461,0,0,8.811390138
0.462,0,0,8.832906014
0.463,0,0,8.854306027
0.464,0,0,8.875582174
0.465,0,0,8.896747754
0.466,0,0,8.917777806
0.467,0,0,8.938684937
0.468,0,0,8.959524183
0.469,0,0,8.980230815
0.47,0,0,9.000834509
0.471,0,0,9.021335602
0.472,0,0,9.041731264
0.473,0,0,9.062020193
0.474,0,0,9.082217772
0.475,0,0,9.102315051
0.476,0,0,9.122325899
0.477,0,0,9.142247027
0.478,0,0,9.162086517
0.479,0,0,9.181831654
0.48,0,0,9.201522717
0.481,0,0,9.221113529
0.482,0,0,9.240636722
0.483,0,0,9.260099799
0.484,0,0,9.279497171
0.485,0,0,9.298820046
0.486,0,0,9.318107733
0.487,0,0,9.337318632
0.488,0,0,9.356484198
0.489,0,0,9.375624974
0.49,0,0,9.394708941
0.491,0,0,9.413742511
0.492,0,0,9.432774281
0.493,0,0,9.451755821
0.494,0,0,9.470714884
0.495,0,0,9.489662274
0.496,0,0,9.508581076
0.497,0,0,9.52749588
0.498,0,0,9.546381133
0.499,0,0,9.5652814
0.5,0,0,9.584146472
0.501,0,0,9.603043291
0.502,0,0,9.621915311
0.503,0,0,9.640761463
0.504,0,0,9.659446943
0.505,0,0,9.67798502
0.506,0,0,9.696461614
0.507,0,0,9.714931636
0.508,0,0,9.733440937
0.509,0,0,9.751969952
0.51,0,0,9.770568055
0.511,0,0,9.789174523
0.512,0,0,9.807774138
0.513,0,0,9.826333558
0.514,0,0,9.844822036
0.515,0,0,9.863290847
0.516,0,0,9.881774865
0.517,0,0,9.900304915
0.518,0,0,9.918717214
0.519,0,0,9.937200576
0.52,0,0,9.955746066
0.521,0,0,9.974310427
0.522,0,0,9.992873192
0.523,0,0,10.01143128
0.524,0,0,10.02995998
0.525,0,0,10.04842246
0.526,0,0,10.0667904
0.527,0,0,10.08520025
0.528,0,0,10.10364456
0.529,0,0,10.12213508
0.53,0,0,10.14062098
0.531,0,0,10.15907859
0.532,0,0,10.17747211
0.533,0,0,10.1958239
0.534,0,0,10.21412532
0.535,0,0,10.23247021
0.536,0,0,10.25089652
0.537,0,0,10.26940697
0.538,0,0,10.28799144
0.539,0,0,10.30661929
0.54,0,0,10.32517274
0.541,0,0,10.34372759
0.542,0,0,10.36225371
0.543,0,0,10.38075494
0.544,0,0,10.39926875
0.545,0,0,10.41787964
0.546,0,0,10.43659504
0.547,0,0,10.45539307
0.548,0,0,10.47420097
0.549,0,0,10.49302144
0.55,0,0,10.51181444
0.551,0,0,10.53056292
0.552,0,0,10.54928151
0.553,0,0,10.56806328
0.554,0,0,10.58694342
0.555,0,0,10.60593619
0.556,0,0,10.624973
0.557,0,0,10.64407235
0.558,0,0,10.66317005
0.559,0,0,10.68227559
0.56,0,0,10.70139626
0.561,0,0,10.72055002
0.562,0,0,10.73978787
0.563,0,0,10.75915482
0.564,0,0,10.77859748
0.565,0,0,10.7981019
0.566,0,0,10.81766117
0.567,0,0,10.83724179
0.568,0,0,10.85688481
0.569,0,0,10.87657905
0.57,0,0,10.89634954
0.571,0,0,10.91620935
0.572,0,0,10.936143
0.573,0,0,10.95614772
0.574,0,0,10.97621675
0.575,0,0,10.99634832
0.576,0,0,11.01653801
0.577,0,0,11.03677954
0.578,0,0,11.05710523
0.579,0,0,11.07750981
0.58,0,0,11.09796907
0.581,0,0,11.11847785
0.582,0,0,11.13904876
0.583,0,0,11.15965605
0.584,0,0,11.18032894
0.585,0,0,11.20106071
0.586,0,0,11.22184501
0.587,0,0,11.24270777
0.588,0,0,11.2636058
0.589,0,0,11.28453932
0.59,0,0,11.30550709
0.591,0,0,11.3264797
0.592,0,0,11.34750047
0.593,0,0,11.36856317
0.594,0,0,11.3896537
0.595,0,0,11.41082171
0.596,0,0,11.43198659
0.597,0,0,11.45317334
0.598,0,0,11.47437423
0.599,0,0,11.49559963
0.6,0,0,11.51680225
0.601,0,0,11.53801965
0.602,0,0,11.55926431
0.603,0,0,11.58054472
0.604,0,0,11.60180579
0.605,0,0,11.62299878
0.606,0,0,11.64398552
0.607,0,0,11.66472033
0.608,0,0,11.68520241
0.609,0,0,11.70543317
0.61,0,0,11.72538242
0.611,0,0,11.74509114
0.612,0,0,11.76453964
0.613,0,0,11.78368723
0.614,0,0,11.80250084
0.615,0,0,11.82088983
0.616,0,0,11.83884717
0.617,0,0,11.85636786
0.618,0,0,11.87340553
0.619,0,0,11.89000754
0.62,0,0,11.90610257
0.621,0,0,11.92169792
0.622,0,0,11.93677336
0.623,0,0,11.95133428
0.624,0,0,11.96533182
0.625,0,0,11.97874688
0.626,0,0,11.99157973
0.627,0,0,12.00383416
0.628,0,0,12.01546403
0.629,0,0,12.02648829
0.63,0,0,12.03684685
0.631,0,0,12.04655218
0.632,0,0,12.05561133
0.633,0,0,12.06403381
0.634,0,0,12.07178964
0.635,0,0,12.07893133
0.636,0,0,12.08540627
0.637,0,0,12.09119805
0.638,0,0,12.09630441
0.639,0,0,12.10072174
0.64,0,0,12.10443232
0.641,0,0,12.10747694
0.642,0,0,12.10983672
0.643,0,0,12.11157243
0.644,0,0,12.11265908
0.645,0,0,12.11309968
0.646,0,0,12.11286218
0.647,0,0,12.11197369
0.648,0,0,12.11043198
0.649,0,0,12.10823318
0.65,0,0,12.10540509
0.651,0,0,12.10198344
0.652,0,0,12.09796707
0.653,0,0,12.09337813
0.654,0,0,12.08822042
0.655,0,0,12.08248114
0.656,0,0,12.07617986
0.657,0,0,12.06934635
0.658,0,0,12.06196214
0.659,0,0,12.05406963
0.66,0,0,12.04572164
0.661,0,0,12.03687567
0.662,0,0,12.02758864
0.663,0,0,12.01786503
0.664,0,0,12.00772941
0.665,0,0,11.99718618
0.666,0,0,11.98625566
0.667,0,0,11.97494665
0.668,0,0,11.96331636
0.669,0,0,11.95136522
0.67,0,0,11.93909289
0.671,0,0,11.92654734
0.672,0,0,11.91375108
0.673,0,0,11.9007293
0.674,0,0,11.88748532
0.675,0,0,11.87403529
0.676,0,0,11.86042335
0.677,0,0,11.84665048
0.678,0,0,11.83275938
0.679,0,0,11.81874313
0.68,0,0,11.80463357
0.681,0,0,11.79046738
0.682,0,0,11.77628029
0.683,0,0,11.76205362
0.684,0,0,11.74782935
0.685,0,0,11.73364529
0.686,0,0,11.71948385
0.687,0,0,11.7053774
0.688,0,0,11.6913491
0.689,0,0,11.67740309
0.69,0,0,11.66359446
0.691,0,0,11.6499361
0.692,0,0,11.63643129
0.693,0,0,11.62310905
0.694,0,0,11.60997942
0.695,0,0,11.59704506
0.696,0,0,11.58433794
0.697,0,0,11.57186245
0.698,0,0,11.55963997
0.699,0,0,11.54769239
0.7,0,0,11.53602977
0.701,0,0,11.52469656
0.702,0,0,11.51367482
0.703,0,0,11.5029718
0.704,0,0,11.49259806
0.705,0,0,11.482556
0.706,0,0,11.47287281
0.707,0,0,11.46357164
0.708,0,0,11.45462915
0.709,0,0,11.4460834
0.71,0,0,11.43794623
0.711,0,0,11.43020589
0.712,0,0,11.42285565
0.713,0,0,11.41592703
0.714,0,0,11.40939394
0.715,0,0,11.40328765
0.716,0,0,11.39759531
0.717,0,0,11.39234228
0.718,0,0,11.3875242
0.719,0,0,11.38315137
0.72,0,0,11.37919975
0.721,0,0,11.37566582
0.722,0,0,11.37255816
0.723,0,0,11.36988397
0.724,0,0,11.36763449
0.725,0,0,11.36581206
0.726,0,0,11.36442535
0.727,0,0,11.3634414
0.728,0,0,11.36287238
0.729,0,0,11.36272726
0.73,0,0,11.36297706
0.731,0,0,11.36360674
0.732,0,0,11.36465178
0.733,0,0,11.36604415
0.734,0,0,11.36784229
0.735,0,0,11.37001297
0.736,0,0,11.37255295
0.737,0,0,11.37542784
0.738,0,0,11.37865103
0.739,0,0,11.38218888
0.74,0,0,11.38607314
0.741,0,0,11.39026583
0.742,0,0,11.3947545
0.743,0,0,11.39954978
0.744,0,0,11.40463433
0.745,0,0,11.40998592
0.746,0,0,11.41558943
0.747,0,0,11.42142303
0.748,0,0,11.42751134
0.749,0,0,11.43382375
0.75,0,0,11.44036265
0.751,0,0,11.4470977
0.752,0,0,11.4540154
0.753,0,0,11.46112427
0.754,0,0,11.46839849
0.755,0,0,11.47579984
0.756,0,0,11.48335617
0.757,0,0,11.49103493
0.758,0,0,11.49882043
0.759,0,0,11.50673338
0.76,0,0,11.51475274
0.761,0,0,11.52283586
0.762,0,0,11.53099789
0.763,0,0,11.53919758
0.764,0,0,11.54745051
0.765,0,0,11.55573847
0.766,0,0,11.56403335
0.767,0,0,11.57234642
0.768,0,0,11.58067074
0.769,0,0,11.58899518
0.77,0,0,11.59730383
0.771,0,0,11.60555462
0.772,0,0,11.61377152
0.773,0,0,11.62192457
0.774,0,0,11.63002175
0.775,0,0,11.63804652
0.776,0,0,11.64597967
0.777,0,0,11.65383404
0.778,0,0,11.66160604
0.779,0,0,11.66924597
0.78,0,0,11.67675372
0.781,0,0,11.68414729
0.782,0,0,11.69138554
0.783,0,0,11.69849037
0.784,0,0,11.70545483
0.785,0,0,11.71225445
0.786,0,0,11.7189027
0.787,0,0,11.72537356
0.788,0,0,11.73165059
0.789,0,0,11.73773629
0.79,0,0,11.74363599
0.791,0,0,11.74933554
0.792,0,0,11.75484322
0.793,0,0,11.76014588
0.794,0,0,11.76524688
0.795,0,0,11.77011209
0.796,0,0,11.77476425
0.797,0,0,11.77918855
0.798,0,0,11.78339075
0.799,0,0,11.78736335
0.8,0,0,11.79109638
0.801,0,0,11.79460562
0.802,0,0,11.79788729
0.803,0,0,11.80094613
0.804,0,0,11.80372587
0.805,0,0,11.80629197
0.806,0,0,11.80859982
0.807,0,0,11.81067898
0.808,0,0,11.81252848
0.809,0,0,11.81413583
0.81,0,0,11.81550684
0.811,0,0,11.81664797
0.812,0,0,11.81755893
0.813,0,0,11.81822306
0.814,0,0,11.81865342
0.815,0,0,11.81884782
0.816,0,0,11.81883138
0.817,0,0,11.81860694
0.818,0,0,11.81817185
0.819,0,0,11.81751266
0.82,0,0,11.81663627
0.821,0,0,11.81556378
0.822,0,0,11.81428142
0.823,0,0,11.81280556
0.824,0,0,11.81113181
0.825,0,0,11.8092865
0.826,0,0,11.80725083
0.827,0,0,11.80507876
0.828,0,0,11.80270469
0.829,0,0,11.80017111
0.83,0,0,11.79747907
0.831,0,0,11.79464033
0.832,0,0,11.79165172
0.833,0,0,11.78854265
0.834,0,0,11.78529804
0.835,0,0,11.7819345
0.836,0,0,11.77846467
0.837,0,0,11.77487567
0.838,0,0,11.77118256
0.839,0,0,11.76739041
0.84,0,0,11.76350481
0.841,0,0,11.75956586
0.842,0,0,11.75555065
0.843,0,0,11.75148258
0.844,0,0,11.74733495
0.845,0,0,11.74314875
0.846,0,0,11.73891999
0.847,0,0,11.73464712
0.848,0,0,11.73035285
0.849,0,0,11.72603777
0.85,0,0,11.72171139
0.851,0,0,11.71738536
0.852,0,0,11.71307889
0.853,0,0,11.70874464
0.854,0,0,11.70444672
0.855,0,0,11.70016496
0.856,0,0,11.69589969
0.857,0,0,11.69168392
0.858,0,0,11.68750789
0.859,0,0,11.68337926
0.86,0,0,11.6793083
0.861,0,0,11.67529459
0.862,0,0,11.67133918
0.863,0,0,11.66745413
0.864,0,0,11.66363432
0.865,0,0,11.65989724
0.866,0,0,11.65624965
0.867,0,0,11.65270288
0.868,0,0,11.64924564
0.869,0,0,11.6458678
0.87,0,0,11.6425947
0.871,0,0,11.6394174
0.872,0,0,11.636357
0.873,0,0,11.63338844
0.874,0,0,11.63055587
0.875,0,0,11.62781611
0.876,0,0,11.62521895
0.877,0,0,11.62271816
0.878,0,0,11.62033319
0.879,0,0,11.61807344
0.88,0,0,11.61594087
0.881,0,0,11.61391318
0.882,0,0,11.61200749
0.883,0,0,11.61023388
0.884,0,0,11.60858933
0.885,0,0,11.60707558
0.886,0,0,11.60566198
0.887,0,0,11.60436477
0.888,0,0,11.6032018
0.889,0,0,11.60214501
0.89,0,0,11.60122445
0.891,0,0,11.60040737
0.892,0,0,11.59971744
0.893,0,0,11.59913939
0.894,0,0,11.59866763
0.895,0,0,11.5983112
0.896,0,0,11.59805447
0.897,0,0,11.5978995
0.898,0,0,11.59784684
0.899,0,0,11.59791523
0.9,0,0,11.5980656
0.901,0,0,11.59833901
0.902,0,0,11.59867479
0.903,0,0,11.59909648
0.904,0,0,11.59962437
0.905,0,0,11.60023785
0.906,0,0,11.60091656
0.907,0,0,11.6016741
0.908,0,0,11.60251639
0.909,0,0,11.60344674
0.91,0,0,11.60444694
0.911,0,0,11.60549561
0.912,0,0,11.60660735
0.913,0,0,11.60777862
0.914,0,0,11.60901605
0.915,0,0,11.61030701
0.916,0,0,11.6116435
0.917,0,0,11.61304493
0.918,0,0,11.61448397
0.919,0,0,11.61596838
0.92,0,0,11.61748197
0.921,0,0,11.61904335
0.922,0,0,11.62061434
0.923,0,0,11.62224662
0.924,0,0,11.62388563
0.925,0,0,11.62557078
0.926,0,0,11.62727616
0.927,0,0,11.62898645
0.928,0,0,11.63070932
0.929,0,0,11.63246272
0.93,0,0,11.63421832
0.931,0,0,11.63597459
0.932,0,0,11.63773834
0.933,0,0,11.63950738
0.934,0,0,11.64129396
0.935,0,0,11.64308074
0.936,0,0,11.64483876
0.937,0,0,11.64659117
0.938,0,0,11.64833392
0.939,0,0,11.65007403
0.94,0,0,11.65179253
0.941,0,0,11.6534993
0.942,0,0,11.65519824
0.943,0,0,11.65687647
0.944,0,0,11.65852374
0.945,0,0,11.66015117
0.946,0,0,11.66174003
0.947,0,0,11.66330528
0.948,0,0,11.66485073
0.949,0,0,11.66635213
0.95,0,0,11.6678351
0.951,0,0,11.66929416
0.952,0,0,11.67069609
0.953,0,0,11.67206452
0.954,0,0,11.67340256
0.955,0,0,11.67468903
0.956,0,0,11.67594238
0.957,0,0,11.67715041
0.958,0,0,11.67832467
0.959,0,0,11.67947362
0.96,0,0,11.68056172
0.961,0,0,11.68160209
0.962,0,0,11.68259245
0.963,0,0,11.6835395
0.964,0,0,11.68444652
0.965,0,0,11.68530117
0.966,0,0,11.68612246
0.967,0,0,11.68689477
0.968,0,0,11.68762912
0.969,0,0,11.68830022
0.97,0,0,11.68893357
0.971,0,0,11.68949189
0.972,0,0,11.69003596
0.973,0,0,11.69051859
0.974,0,0,11.69095118
0.975,0,0,11.6913586
0.976,0,0,11.6917214
0.977,0,0,11.69202082
0.978,0,0,11.69228751
0.979,0,0,11.69249568
0.98,0,0,11.69266073
0.981,0,0,11.69278921
0.982,0,0,11.6928743
0.983,0,0,11.69292396
0.984,0,0,11.69293765
0.985,0,0,11.69290825
0.986,0,0,11.69283582
0.987,0,0,11.69271575
0.988,0,0,11.69256189
0.989,0,0,11.69236936
0.99,0,0,11.69215132
0.991,0,0,11.69190791
0.992,0,0,11.69164182
0.993,0,0,11.69132196
0.994,0,0,11.69098377
0.995,0,0,11.69059295
0.996,0,0,11.69019066
0.997,0,0,11.6897678
0.998,0,0,11.68930929
0.999,0,0,11.68882863
1,0,0,11.68834271
1.001,0,0,11.68782755
1.002,0,0,11.68729165
1.003,0,0,11.68673059
1.004,0,0,11.68612991
1.005,0,0,11.68550714
1.006,0,0,11.68487582
1.007,0,0,11.68421539
1.008,0,0,11.68353755
1.009,0,0,11.68283386
1.01,0,0,11.68209719
1.011,0,0,11.68133439
1.012,0,0,11.68054077
1.013,0,0,11.67971665
1.014,0,0,11.6788563
1.015,0,0,11.67798787
1.016,0,0,11.67709434
1.017,0,0,11.6761774
1.018,0,0,11.67521674
1.019,0,0,11.67422976
1.02,0,0,11.67319397
1.021,0,0,11.6721427
1.022,0,0,11.67107018
1.023,0,0,11.66995379
1.024,0,0,11.66881767
1.025,0,0,11.66766689
1.026,0,0,11.66646775
1.027,0,0,11.66525123
1.028,0,0,11.66399158
1.029,0,0,11.66269256
1.03,0,0,11.66136839
1.031,0,0,11.66001636
1.032,0,0,11.65864298
1.033,0,0,11.65725144
1.034,0,0,11.65581982
1.035,0,0,11.65435797
1.036,0,0,11.65286208
1.037,0,0,11.65133921
1.038,0,0,11.64977635
1.039,0,0,11.64819363
1.04,0,0,11.64658317
1.041,0,0,11.64496524
1.042,0,0,11.64330143
1.043,0,0,11.6416241
1.044,0,0,11.63990391
1.045,0,0,11.63815481
1.046,0,0,11.63638597
1.047,0,0,11.63458675
1.048,0,0,11.6327605
1.049,0,0,11.63093627
1.05,0,0,11.62907868
1.051,0,0,11.62719005
1.052,0,0,11.6252798
1.053,0,0,11.62334831
1.054,0,0,11.62138684
1.055,0,0,11.61940812
1.056,0,0,11.6174019
1.057,0,0,11.61538869
1.058,0,0,11.61336902
1.059,0,0,11.61133022
1.06,0,0,11.6092723
1.061,0,0,11.60718413
1.062,0,0,11.60508309
1.063,0,0,11.60295797
1.064,0,0,11.60082922
1.065,0,0,11.59870085
1.066,0,0,11.59656414
1.067,0,0,11.59440654
1.068,0,0,11.59224212
1.069,0,0,11.59006612
1.07,0,0,11.58788214
1.071,0,0,11.58569006
1.072,0,0,11.5834769
1.073,0,0,11.58126896
1.074,0,0,11.57908058
1.075,0,0,11.57688004
1.076,0,0,11.57466715
1.077,0,0,11.57245545
1.078,0,0,11.57023932
1.079,0,0,11.56802891
1.08,0,0,11.56581334
1.081,0,0,11.56358857
1.082,0,0,11.56139308
1.083,0,0,11.55920015
1.084,0,0,11.55702212
1.085,0,0,11.55483046
1.086,0,0,11.55265413
1.087,0,0,11.55046761
1.088,0,0,11.54829682
1.089,0,0,11.54613201
1.09,0,0,11.54400123
1.091,0,0,11.54187106
1.092,0,0,11.53975656
1.093,0,0,11.53765712
1.094,0,0,11.53555974
1.095,0,0,11.53348859
1.096,0,0,11.53142544
1.097,0,0,11.5293569
1.098,0,0,11.52733
1.099,0,0,11.52533166
1.1,0,0,11.52334959
1.101,0,0,11.52137935
1.102,0,0,11.519421
1.103,0,0,11.51748397
1.104,0,0,11.51557977
1.105,0,0,11.51367293
1.106,0,0,11.51179933
1.107,0,0,11.5099498
1.108,0,0,11.508137
1.109,0,0,11.50634065
1.11,0,0,11.50456614
1.111,0,0,11.50280086
1.112,0,0,11.50106249
1.113,0,0,11.49934383
1.114,0,0,11.4976631
1.115,0,0,11.49600835
1.116,0,0,11.49437217
1.117,0,0,11.49277318
1.118,0,0,11.49118673
1.119,0,0,11.48962546
1.12,0,0,11.48810357
1.121,0,0,11.48657089
1.122,0,0,11.48507633
1.123,0,0,11.48362048
1.124,0,0,11.48219722
1.125,0,0,11.48078846
1.126,0,0,11.47940303
1.127,0,0,11.47803452
1.128,0,0,11.47670433
1.129,0,0,11.4753917
1.13,0,0,11.47409331
1.131,0,0,11.47282144
1.132,0,0,11.47158242
1.133,0,0,11.47037153
1.134,0,0,11.46919037
1.135,0,0,11.468016
1.136,0,0,11.46685707
1.137,0,0,11.46571206
1.138,0,0,11.46460341
1.139,0,0,11.46352476
1.14,0,0,11.4624593
1.141,0,0,11.46141931
1.142,0,0,11.46039321
1.143,0,0,11.45937284
1.144,0,0,11.45839801
1.145,0,0,11.45741444
1.146,0,0,11.45644472
1.147,0,0,11.45550291
1.148,0,0,11.45458255
1.149,0,0,11.45367652
1.15,0,0,11.45279283
1.151,0,0,11.45190874
1.152,0,0,11.45103802
1.153,0,0,11.45017159
1.154,0,0,11.44932192
1.155,0,0,11.44848508
1.156,0,0,11.44766697
1.157,0,0,11.44685227
1.158,0,0,11.44605113
1.159,0,0,11.44525509
1.16,0,0,11.44446623
1.161,0,0,11.4436651
1.162,0,0,11.44287584
1.163,0,0,11.44210703
1.164,0,0,11.44134157
1.165,0,0,11.44058765
1.166,0,0,11.4398315
1.167,0,0,11.43906024
1.168,0,0,11.4383135
1.169,0,0,11.43755489
1.17,0,0,11.436783
1.171,0,0,11.43602141
1.172,0,0,11.43526932
1.173,0,0,11.43451618
1.174,0,0,11.43376948
1.175,0,0,11.43300257
1.176,0,0,11.43224077
1.177,0,0,11.43145846
1.178,0,0,11.43068115
1.179,0,0,11.42989025
1.18,0,0,11.42910701
1.181,0,0,11.42831443
1.182,0,0,11.42752404
1.183,0,0,11.42672592
1.184,0,0,11.42591073
1.185,0,0,11.42507289
1.186,0,0,11.42423403
1.187,0,0,11.42339494
1.188,0,0,11.4225372
1.189,0,0,11.42168489
1.19,0,0,11.42081496
1.191,0,0,11.41993967
1.192,0,0,11.41905838
1.193,0,0,11.41813716
1.194,0,0,11.41719996
1.195,0,0,11.41627311
1.196,0,0,11.41533398
1.197,0,0,11.41437746
1.198,0,0,11.41340956
1.199,0,0,11.41242752
1.2,0,0,11.4114501
1.201,0,0,11.41044504
1.202,0,0,11.40940446
1.203,0,0,11.40835214
1.204,0,0,11.4073038
1.205,0,0,11.40625527
1.206,0,0,11.40518224
1.207,0,0,11.4040896
1.208,0,0,11.40298099
1.209,0,0,11.401855
1.21,0,0,11.40072847
1.211,0,0,11.39957876
1.212,0,0,11.39840883
1.213,0,0,11.39724223
1.214,0,0,11.39604916
1.215,0,0,11.39486
1.216,0,0,11.39364781
1.217,0,0,11.39240722
1.218,0,0,11.39115347
1.219,0,0,11.38990307
1.22,0,0,11.38862991
1.221,0,0,11.38735973
1.222,0,0,11.38606002
1.223,0,0,11.38475874
1.224,0,0,11.38343826
1.225,0,0,11.38211145
1.226,0,0,11.38076032
1.227,0,0,11.37939926
1.228,0,0,11.37803379
1.229,0,0,11.37666006
1.23,0,0,11.37528237
1.231,0,0,11.37389312
1.232,0,0,11.37247523
1.233,0,0,11.37104397
1.234,0,0,11.3696189
1.235,0,0,11.36817464
1.236,0,0,11.36674546
1.237,0,0,11.3652922
1.238,0,0,11.36382756
1.239,0,0,11.36237412
1.24,0,0,11.36090415
1.241,0,0,11.35940931
1.242,0,0,11.35791651
1.243,0,0,11.35641936
1.244,0,0,11.35492955
1.245,0,0,11.35342393
1.246,0,0,11.35192287
1.247,0,0,11.35041598
1.248,0,0,11.34890816
1.249,0,0,11.34737706
1.25,0,0,11.34584484
1.251,0,0,11.34432119
1.252,0,0,11.34280257
1.253,0,0,11.34127321
1.254,0,0,11.33974651
1.255,0,0,11.33821685
1.256,0,0,11.33668026
1.257,0,0,11.33515614
1.258,0,0,11.33361154
1.259,0,0,11.33207865
1.26,0,0,11.33055235
1.261,0,0,11.3290192
1.262,0,0,11.32750268
1.263,0,0,11.32598519
1.264,0,0,11.32445688
1.265,0,0,11.32293587
1.266,0,0,11.32141189
1.267,0,0,11.319909
1.268,0,0,11.31839994
1.269,0,0,11.31690033
1.27,0,0,11.31539928
1.271,0,0,11.31390639
1.272,0,0,11.31241292
1.273,0,0,11.31093004
1.274,0,0,11.30945251
1.275,0,0,11.30798727
1.276,0,0,11.3065265
1.277,0,0,11.3050851
1.278,0,0,11.30364362
1.279,0,0,11.3021956
1.28,0,0,11.30076937
1.281,0,0,11.29934216
1.282,0,0,11.29794034
1.283,0,0,11.29653844
1.284,0,0,11.2951416
1.285,0,0,11.29377327
1.286,0,0,11.29242343
1.287,0,0,11.29105765
1.288,0,0,11.28970379
1.289,0,0,11.2883588
1.29,0,0,11.28704857
1.291,0,0,11.28574807
1.292,0,0,11.28444911
1.293,0,0,11.28315719
1.294,0,0,11.28189067
1.295,0,0,11.28063893
1.296,0,0,11.27939273
1.297,0,0,11.2781503
1.298,0,0,11.27692688
1.299,0,0,11.27573083
1.3,0,0,11.27455635
1.301,0,0,11.2733827
1.302,0,0,11.27221108
1.303,0,0,11.27107157
1.304,0,0,11.26994383
1.305,0,0,11.26883724
1.306,0,0,11.26773034
1.307,0,0,11.26663807
1.308,0,0,11.26558149
1.309,0,0,11.26453957
1.31,0,0,11.26349538
1.311,0,0,11.26246151
1.312,0,0,11.26144977
1.313,0,0,11.26046839
1.314,0,0,11.25950912
1.315,0,0,11.25855311
1.316,0,0,11.25760777
1.317,0,0,11.25668265
1.318,0,0,11.25577828
1.319,0,0,11.25488734
1.32,0,0,11.25400381
1.321,0,0,11.25313537
1.322,0,0,11.25228999
1.323,0,0,11.25148346
1.324,0,0,11.25066804
1.325,0,0,11.24986921
1.326,0,0,11.24907894
1.327,0,0,11.24831661
1.328,0,0,11.24758266
1.329,0,0,11.24684686
1.33,0,0,11.24612158
1.331,0,0,11.24543109
1.332,0,0,11.24474293
1.333,0,0,11.24407496
1.334,0,0,11.24340915
1.335,0,0,11.24276708
1.336,0,0,11.24214682
1.337,0,0,11.24153881
1.338,0,0,11.24093868
1.339,0,0,11.24036553
1.34,0,0,11.23979689
1.341,0,0,11.23923641
1.342,0,0,11.23869473
1.343,0,0,11.23817131
1.344,0,0,11.2376617
1.345,0,0,11.23717053
1.346,0,0,11.23669037
1.347,0,0,11.23621079
1.348,0,0,11.2357513
1.349,0,0,11.2352975
1.35,0,0,11.23487185
1.351,0,0,11.23444624
1.352,0,0,11.23403045
1.353,0,0,11.23365017
1.354,0,0,11.23327812
1.355,0,0,11.2329125
1.356,0,0,11.23254076
1.357,0,0,11.23218946
1.358,0,0,11.23186014
1.359,0,0,11.23154773
1.36,0,0,11.23123857
1.361,0,0,11.23093548
1.362,0,0,11.23064792
1.363,0,0,11.23036938
1.364,0,0,11.23010597
1.365,0,0,11.2298482
1.366,0,0,11.22959994
1.367,0,0,11.2293679
1.368,0,0,11.22915324
1.369,0,0,11.22894211
1.37,0,0,11.22873975
1.371,0,0,11.2285381
1.372,0,0,11.22836019
1.373,0,0,11.2281921
1.374,0,0,11.22801969
1.375,0,0,11.22787144
1.376,0,0,11.22772899
1.377,0,0,11.22760396
1.378,0,0,11.22747346
1.379,0,0,11.22734852
1.38,0,0,11.22723456
1.381,0,0,11.22714787
1.382,0,0,11.22707354
1.383,0,0,11.22699402
1.384,0,0,11.22691895
1.385,0,0,11.22685746
1.386,0,0,11.22681159
1.387,0,0,11.22676875
1.388,0,0,11.22672399
1.389,0,0,11.22669536
1.39,0,0,11.22668897
1.391,0,0,11.22667978
1.392,0,0,11.2266765
1.393,0,0,11.22667759
1.394,0,0,11.22670498
1.395,0,0,11.22674685
1.396,0,0,11.22676747
1.397,0,0,11.22680969
1.398,0,0,11.22687375
1.399,0,0,11.22695558
1.4,0,0,11.22702318
1.401,0,0,11.22709259
1.402,0,0,11.22718027
1.403,0,0,11.22729342
1.404,0,0,11.22740972
1.405,0,0,11.22753098
1.406,0,0,11.22766629
1.407,0,0,11.22780758
1.408,0,0,11.22795718
1.409,0,0,11.22812022
1.41,0,0,11.22828584
1.411,0,0,11.22847405
1.412,0,0,11.22867615
1.413,0,0,11.22887776
1.414,0,0,11.22909313
1.415,0,0,11.22931081
1.416,0,0,11.22954951
1.417,0,0,11.22981152
1.418,0,0,11.2300594
1.419,0,0,11.23032959
1.42,0,0,11.23060718
1.421,0,0,11.23091194
1.422,0,0,11.23121736
1.423,0,0,11.23152986
1.424,0,0,11.23185398
1.425,0,0,11.23220274
1.426,0,0,11.23256253
1.427,0,0,11.2329322
1.428,0,0,11.23331486
1.429,0,0,11.23371248
1.43,0,0,11.2341116
1.431,0,0,11.23452204
1.432,0,0,11.23494483
1.433,0,0,11.23539233
1.434,0,0,11.23585992
1.435,0,0,11.23633031
1.436,0,0,11.23681808
1.437,0,0,11.23731647
1.438,0,0,11.23783298
1.439,0,0,11.23836864
1.44,0,0,11.23890628
1.441,0,0,11.23946721
1.442,0,0,11.24005179
1.443,0,0,11.24064398
1.444,0,0,11.24124345
1.445,0,0,11.24185705
1.446,0,0,11.2424977
1.447,0,0,11.24315343
1.448,0,0,11.243824
1.449,0,0,11.24450997
1.45,0,0,11.2452157
1.451,0,0,11.24594037
1.452,0,0,11.24667005
1.453,0,0,11.24741885
1.454,0,0,11.24817709
1.455,0,0,11.24898079
1.456,0,0,11.24978458
1.457,0,0,11.2506032
1.458,0,0,11.25143283
1.459,0,0,11.25228804
1.46,0,0,11.25316939
1.461,0,0,11.25405282
1.462,0,0,11.25495121
1.463,0,0,11.25587217
1.464,0,0,11.25682711
1.465,0,0,11.25778857
1.466,0,0,11.25876505
1.467,0,0,11.25974774
1.468,0,0,11.26076122
1.469,0,0,11.26179928
1.47,0,0,11.2628523
1.471,0,0,11.26391774
1.472,0,0,11.26500146
1.473,0,0,11.26609561
1.474,0,0,11.2672102
1.475,0,0,11.268335
1.476,0,0,11.26948249
1.477,0,0,11.27065972
1.478,0,0,11.27184654
1.479,0,0,11.27305298
1.48,0,0,11.27427426
1.481,0,0,11.27550402
1.482,0,0,11.27677244
1.483,0,0,11.27804787
1.484,0,0,11.27933327
1.485,0,0,11.28063672
1.486,0,0,11.28196273
1.487,0,0,11.28330809
1.488,0,0,11.28465906
1.489,0,0,11.28602793
1.49,0,0,11.28741392
1.491,0,0,11.28881856
1.492,0,0,11.29024477
1.493,0,0,11.29169059
1.494,0,0,11.29314877
1.495,0,0,11.29460665
1.496,0,0,11.29609352
1.497,0,0,11.29758445
1.498,0,0,11.29910367
1.499,0,0,11.30062765
1.5,0,0,11.30217707
1.501,0,0,11.30373519
1.502,0,0,11.30529841
1.503,0,0,11.30687565
1.504,0,0,11.30846191
1.505,0,0,11.31005247
1.506,0,0,11.31164418
1.507,0,0,11.31324655
1.508,0,0,11.31484572
1.509,0,0,11.31644564
1.51,0,0,11.31802931
1.511,0,0,11.31961176
1.512,0,0,11.32119184
1.513,0,0,11.32276073
1.514,0,0,11.32432006
1.515,0,0,11.3258608
1.516,0,0,11.32738065
1.517,0,0,11.3288805
1.518,0,0,11.33036686
1.519,0,0,11.33182015
1.52,0,0,11.33327251
1.521,0,0,11.33469566
1.522,0,0,11.33609118
1.523,0,0,11.3374635
1.524,0,0,11.33879516
1.525,0,0,11.34011452
1.526,0,0,11.34139425
1.527,0,0,11.34264637
1.528,0,0,11.34384951
1.529,0,0,11.34503081
1.53,0,0,11.34618131
1.531,0,0,11.34729209
1.532,0,0,11.34835248
1.533,0,0,11.34937887
1.534,0,0,11.35037258
1.535,0,0,11.35133042
1.536,0,0,11.35224577
1.537,0,0,11.35311798
1.538,0,0,11.35394688
1.539,0,0,11.35473217
1.54,0,0,11.35546455
1.541,0,0,11.35615947
1.542,0,0,11.35681538
1.543,0,0,11.35742902
1.544,0,0,11.35799558
1.545,0,0,11.35850561
1.546,0,0,11.35896866
1.547,0,0,11.35940059
1.548,0,0,11.35978583
1.549,0,0,11.36011609
1.55,0,0,11.36040203
1.551,0,0,11.36064941
1.552,0,0,11.36085571
1.553,0,0,11.36100703
1.554,0,0,11.36111139
1.555,0,0,11.36117462
1.556,0,0,11.36119715
1.557,0,0,11.36117637
1.558,0,0,11.36110896
1.559,0,0,11.36099634
1.56,0,0,11.36083141
1.561,0,0,11.36064107
1.562,0,0,11.36039258
1.563,0,0,11.36010979
1.564,0,0,11.35979155
1.565,0,0,11.35943865
1.566,0,0,11.35905339
1.567,0,0,11.35861048
1.568,0,0,11.3581434
1.569,0,0,11.3576383
1.57,0,0,11.35710447
1.571,0,0,11.35652359
1.572,0,0,11.35591667
1.573,0,0,11.35527796
1.574,0,0,11.35461131
1.575,0,0,11.35391432
1.576,0,0,11.35318259
1.577,0,0,11.35242287
1.578,0,0,11.35164315
1.579,0,0,11.35084666
1.58,0,0,11.35002827
1.581,0,0,11.34917759
1.582,0,0,11.34829937
1.583,0,0,11.34740544
1.584,0,0,11.34649631
1.585,0,0,11.34556743
1.586,0,0,11.34462557
1.587,0,0,11.34366453
1.588,0,0,11.3426981
1.589,0,0,11.34170359
1.59,0,0,11.34070583
1.591,0,0,11.33970044
1.592,0,0,11.33868689
1.593,0,0,11.33766562
1.594,0,0,11.33663484
1.595,0,0,11.33560867
1.596,0,0,11.33457798
1.597,0,0,11.33354258
1.598,0,0,11.33250469
1.599,0,0,11.33146596
1.6,0,0,11.33042594
1.601,0,0,11.32939001
1.602,0,0,11.32837463
1.603,0,0,11.3273414
1.604,0,0,11.32632428
1.605,0,0,11.32530391
1.606,0,0,11.3243015
1.607,0,0,11.3233133
1.608,0,0,11.32233167
1.609,0,0,11.32137373
1.61,0,0,11.32041729
1.611,0,0,11.31947487
1.612,0,0,11.31854601
1.613,0,0,11.31764466
1.614,0,0,11.31674496
1.615,0,0,11.31586873
1.616,0,0,11.31501495
1.617,0,0,11.31418438
1.618,0,0,11.31336892
1.619,0,0,11.3125681
1.62,0,0,11.31179639
1.621,0,0,11.31104868
1.622,0,0,11.31032722
1.623,0,0,11.30962742
1.624,0,0,11.30896016
1.625,0,0,11.30830746
1.626,0,0,11.30768725
1.627,0,0,11.30708181
1.628,0,0,11.3065057
1.629,0,0,11.30596692
1.63,0,0,11.30544834
1.631,0,0,11.30496589
1.632,0,0,11.30449506
1.633,0,0,11.30406403
1.634,0,0,11.30366311
1.635,0,0,11.30329362
1.636,0,0,11.30294265
1.637,0,0,11.30262729
1.638,0,0,11.30234423
1.639,0,0,11.30210092
1.64,0,0,11.30187733
1.641,0,0,11.3016736
1.642,0,0,11.30150264
1.643,0,0,11.30136317
1.644,0,0,11.30125404
1.645,0,0,11.30117626
1.646,0,0,11.3011249
1.647,0,0,11.30110444
1.648,0,0,11.30110652
1.649,0,0,11.30112917
1.65,0,0,11.30119375
1.651,0,0,11.30128684
1.652,0,0,11.3014075
1.653,0,0,11.30155762
1.654,0,0,11.30172058
1.655,0,0,11.30191635
1.656,0,0,11.30214019
1.657,0,0,11.30238939
1.658,0,0,11.30265398
1.659,0,0,11.30294727
1.66,0,0,11.30326584
1.661,0,0,11.30361082
1.662,0,0,11.30397308
1.663,0,0,11.3043526
1.664,0,0,11.30475831
1.665,0,0,11.30518397
1.666,0,0,11.30563021
1.667,0,0,11.30610086
1.668,0,0,11.30658574
1.669,0,0,11.30708545
1.67,0,0,11.30760126
1.671,0,0,11.30812452
1.672,0,0,11.30866794
1.673,0,0,11.30922247
1.674,0,0,11.30980471
1.675,0,0,11.31039009
1.676,0,0,11.31097856
1.677,0,0,11.31158701
1.678,0,0,11.31220576
1.679,0,0,11.31283237
1.68,0,0,11.31346402
1.681,0,0,11.31410893
1.682,0,0,11.31476582
1.683,0,0,11.31542393
1.684,0,0,11.31608389
1.685,0,0,11.3167383
1.686,0,0,11.31740147
1.687,0,0,11.31806581
1.688,0,0,11.31874398
1.689,0,0,11.31941141
1.69,0,0,11.32008045
1.691,0,0,11.32074922
1.692,0,0,11.32141485
1.693,0,0,11.32207613
1.694,0,0,11.32273467
1.695,0,0,11.32339536
1.696,0,0,11.32405831
1.697,0,0,11.32470528
1.698,0,0,11.3253376
1.699,0,0,11.32597328
1.7,0,0,11.32660436
1.701,0,0,11.32722163
1.702,0,0,11.32782488
1.703,0,0,11.32841939
1.704,0,0,11.329016
1.705,0,0,11.32959994
1.706,0,0,11.3301666
1.707,0,0,11.33071186
1.708,0,0,11.33126089
1.709,0,0,11.33178706
1.71,0,0,11.33231208
1.711,0,0,11.33281814
1.712,0,0,11.333308
1.713,0,0,11.33378416
1.714,0,0,11.33423426
1.715,0,0,11.33467442
1.716,0,0,11.33509025
1.717,0,0,11.33550583
1.718,0,0,11.33590457
1.719,0,0,11.33627664
1.72,0,0,11.33662157
1.721,0,0,11.33696168
1.722,0,0,11.33729171
1.723,0,0,11.33759638
1.724,0,0,11.3378781
1.725,0,0,11.33814849
1.726,0,0,11.33840571
1.727,0,0,11.33863495
1.728,0,0,11.33883803
1.729,0,0,11.33902344
1.73,0,0,11.33919038
1.731,0,0,11.33934183
1.732,0,0,11.33947882
1.733,0,0,11.33959218
1.734,0,0,11.33968649
1.735,0,0,11.33976434
1.736,0,0,11.33981682
1.737,0,0,11.33985514
1.738,0,0,11.33986961
1.739,0,0,11.33987639
1.74,0,0,11.33986534
1.741,0,0,11.33982607
1.742,0,0,11.33976816
1.743,0,0,11.33970005
1.744,0,0,11.33961143
1.745,0,0,11.33950543
1.746,0,0,11.33938013
1.747,0,0,11.33924128
1.748,0,0,11.33909106
1.749,0,0,11.33892786
1.75,0,0,11.33873322
1.751,0,0,11.33853108
1.752,0,0,11.33830951
1.753,0,0,11.33808891
1.754,0,0,11.33785417
1.755,0,0,11.33759982
1.756,0,0,11.33733305
1.757,0,0,11.33704138
1.758,0,0,11.33674462
1.759,0,0,11.3364368
1.76,0,0,11.33611703
1.761,0,0,11.33578956
1.762,0,0,11.3354532
1.763,0,0,11.33510082
1.764,0,0,11.33474044
1.765,0,0,11.33437731
1.766,0,0,11.33400706
1.767,0,0,11.33363025
1.768,0,0,11.33323908
1.769,0,0,11.33284592
1.77,0,0,11.332446
1.771,0,0,11.33204061
1.772,0,0,11.33162177
1.773,0,0,11.33120021
1.774,0,0,11.33077196
1.775,0,0,11.33035092
1.776,0,0,11.32992969
1.777,0,0,11.32949931
1.778,0,0,11.32907193
1.779,0,0,11.32863057
1.78,0,0,11.32820168
1.781,0,0,11.32776128
1.782,0,0,11.32732897
1.783,0,0,11.3269052
1.784,0,0,11.32647476
1.785,0,0,11.32604046
1.786,0,0,11.32561443
1.787,0,0,11.32519178
1.788,0,0,11.32476814
1.789,0,0,11.32435068
1.79,0,0,11.32393824
1.791,0,0,11.32353568
1.792,0,0,11.32313753
1.793,0,0,11.32273536
1.794,0,0,11.3223478
1.795,0,0,11.32195905
1.796,0,0,11.32158764
1.797,0,0,11.32122581
1.798,0,0,11.32086714
1.799,0,0,11.32051436
1.8,0,0,11.32017075
1.801,0,0,11.31982987
1.802,0,0,11.31949841
1.803,0,0,11.31917552
1.804,0,0,11.31886934
1.805,0,0,11.31857542
1.806,0,0,11.31828037
1.807,0,0,11.31800021
1.808,0,0,11.31773797
1.809,0,0,11.31748918
1.81,0,0,11.31724328
1.811,0,0,11.31700435
1.812,0,0,11.31678693
1.813,0,0,11.31657845
1.814,0,0,11.31638424
1.815,0,0,11.31618611
1.816,0,0,11.31600909
1.817,0,0,11.31583645
1.818,0,0,11.31568491
1.819,0,0,11.31554514
1.82,0,0,11.31541901
1.821,0,0,11.31531259
1.822,0,0,11.31520461
1.823,0,0,11.31511276
1.824,0,0,11.31503002
1.825,0,0,11.314964
1.826,0,0,11.31491357
1.827,0,0,11.31488037
1.828,0,0,11.31484212
1.829,0,0,11.31481863
1.83,0,0,11.31481354
1.831,0,0,11.31482374
1.832,0,0,11.31483922
1.833,0,0,11.31486336
1.834,0,0,11.31490892
1.835,0,0,11.31496586
1.836,0,0,11.31503005
1.837,0,0,11.31510124
1.838,0,0,11.31519026
1.839,0,0,11.31528395
1.84,0,0,11.31539342
1.841,0,0,11.31551312
1.842,0,0,11.31564253
1.843,0,0,11.31578504
1.844,0,0,11.31592462
1.845,0,0,11.31608021
1.846,0,0,11.31623333
1.847,0,0,11.31640314
1.848,0,0,11.31658483
1.849,0,0,11.31678018
1.85,0,0,11.31697154
1.851,0,0,11.31717389
1.852,0,0,11.31739274
1.853,0,0,11.31761395
1.854,0,0,11.3178361
1.855,0,0,11.31806399
1.856,0,0,11.31830028
1.857,0,0,11.31854541
1.858,0,0,11.31879009
1.859,0,0,11.31903152
1.86,0,0,11.31927897
1.861,0,0,11.31953407
1.862,0,0,11.31980234
1.863,0,0,11.32006902
1.864,0,0,11.32034
1.865,0,0,11.32061611
1.866,0,0,11.32088472
1.867,0,0,11.32115972
1.868,0,0,11.32142926
1.869,0,0,11.32170897
1.87,0,0,11.32199412
1.871,0,0,11.32227334
1.872,0,0,11.32254621
1.873,0,0,11.32282071
1.874,0,0,11.3231051
1.875,0,0,11.3233858
1.876,0,0,11.32366181
1.877,0,0,11.32392763
1.878,0,0,11.32420604
1.879,0,0,11.3244878
1.88,0,0,11.32475825
1.881,0,0,11.32502425
1.882,0,0,11.32528225
1.883,0,0,11.32554629
1.884,0,0,11.32580814
1.885,0,0,11.32606277
1.886,0,0,11.32631565
1.887,0,0,11.32656348
1.888,0,0,11.3268016
1.889,0,0,11.32702991
1.89,0,0,11.32725247
1.891,0,0,11.32747553
1.892,0,0,11.32770928
1.893,0,0,11.32792246
1.894,0,0,11.32812859
1.895,0,0,11.32832943
1.896,0,0,11.32853701
1.897,0,0,11.32872628
1.898,0,0,11.32890703
1.899,0,0,11.32907821
1.9,0,0,11.32925037
1.901,0,0,11.32941271
1.902,0,0,11.32956094
1.903,0,0,11.32970572
1.904,0,0,11.32983117
1.905,0,0,11.32996973
1.906,0,0,11.33009871
1.907,0,0,11.33021606
1.908,0,0,11.33032841
1.909,0,0,11.33042781
1.91,0,0,11.33052555
1.911,0,0,11.33060289
1.912,0,0,11.33067566
1.913,0,0,11.33074426
1.914,0,0,11.33081221
1.915,0,0,11.33085946
1.916,0,0,11.33090199
1.917,0,0,11.33094019
1.918,0,0,11.33097175
1.919,0,0,11.33099278
1.92,0,0,11.33100087
1.921,0,0,11.33100933
1.922,0,0,11.3310109
1.923,0,0,11.331008
1.924,0,0,11.33099445
1.925,0,0,11.33096691
1.926,0,0,11.33092736
1.927,0,0,11.33089427
1.928,0,0,11.33085363
1.929,0,0,11.33080576
1.93,0,0,11.33075067
1.931,0,0,11.33067524
1.932,0,0,11.33060165
1.933,0,0,11.33051814
1.934,0,0,11.33042726
1.935,0,0,11.33034116
1.936,0,0,11.33025057
1.937,0,0,11.33015039
1.938,0,0,11.3300365
1.939,0,0,11.32992881
1.94,0,0,11.32981163
1.941,0,0,11.32969114
1.942,0,0,11.32955444
1.943,0,0,11.32942134
1.944,0,0,11.32928285
1.945,0,0,11.32913663
1.946,0,0,11.32899137
1.947,0,0,11.32883255
1.948,0,0,11.32867585
1.949,0,0,11.32851673
1.95,0,0,11.32836117
1.951,0,0,11.328206
1.952,0,0,11.32803894
1.953,0,0,11.32787127
1.954,0,0,11.32769989
1.955,0,0,11.32752114
1.956,0,0,11.32733748
1.957,0,0,11.32716816
1.958,0,0,11.32699054
1.959,0,0,11.32681204
1.96,0,0,11.3266251
1.961,0,0,11.32644871
1.962,0,0,11.32626704
1.963,0,0,11.32608482
1.964,0,0,11.32590298
1.965,0,0,11.32572666
1.966,0,0,11.32555349
1.967,0,0,11.32537189
1.968,0,0,11.32519605
1.969,0,0,11.32500941
1.97,0,0,11.32483731
1.971,0,0,11.3246644
1.972,0,0,11.32449358
1.973,0,0,11.3243275
1.974,0,0,11.32415634
1.975,0,0,11.32398748
1.976,0,0,11.32381517
1.977,0,0,11.32365059
1.978,0,0,11.32349293
1.979,0,0,11.32334495
1.98,0,0,11.32319295
1.981,0,0,11.32304256
1.982,0,0,11.32289872
1.983,0,0,11.32275949
1.984,0,0,11.32262402
1.985,0,0,11.32248144
1.986,0,0,11.32234491
1.987,0,0,11.32221798
1.988,0,0,11.32209676
1.989,0,0,11.32197336
1.99,0,0,11.32185514
1.991,0,0,11.32173844
1.992,0,0,11.32163397
1.993,0,0,11.32153134
1.994,0,0,11.32143947
1.995,0,0,11.32135504
1.996,0,0,11.32127028
1.997,0,0,11.32118473
1.998,0,0,11.32109753
1.999,0,0,11.32102002
2,0,0,11.32095518
2.001,0,0,11.32089782
2.002,0,0,11.32084011
2.003,0,0,11.32077913
2.004,0,0,11.32073406
2.005,0,0,11.3206928
2.006,0,0,11.32065846
2.007,0,0,11.32062174
2.008,0,0,11.32060023
2.009,0,0,11.32058466
2.01,0,0,11.32056835
2.011,0,0,11.32055962
2.012,0,0,11.32055188
2.013,0,0,11.32054792
2.014,0,0,11.32055522
2.015,0,0,11.32056431
2.016,0,0,11.32057858
2.017,0,0,11.32059874
2.018,0,0,11.32062168
2.019,0,0,11.32064882
2.02,0,0,11.32067404
2.021,0,0,11.32070709
2.022,0,0,11.32075684
2.023,0,0,11.32080971
2.024,0,0,11.32085898
2.025,0,0,11.32091129
2.026,0,0,11.32097455
2.027,0,0,11.32103771
2.028,0,0,11.32110151
2.029,0,0,11.32116123
2.03,0,0,11.32123407
2.031,0,0,11.32131032
2.032,0,0,11.32139067
2.033,0,0,11.32147442
2.034,0,0,11.32154805
2.035,0,0,11.32163551
2.036,0,0,11.32173009
2.037,0,0,11.32183027
2.038,0,0,11.3219283
2.039,0,0,11.32202982
2.04,0,0,11.3221289
2.041,0,0,11.32223085
2.042,0,0,11.32232569
2.043,0,0,11.32242788
2.044,0,0,11.32254181
2.045,0,0,11.32265602
2.046,0,0,11.32276057
2.047,0,0,11.32286525
2.048,0,0,11.32298293
2.049,0,0,11.32310431
2.05,0,0,11.32322044
2.051,0,0,11.32332778
2.052,0,0,11.32344928
2.053,0,0,11.32357005
2.054,0,0,11.32369174
2.055,0,0,11.32381061
2.056,0,0,11.32391805
2.057,0,0,11.32403888
2.058,0,0,11.32415123
2.059,0,0,11.32427157
2.06,0,0,11.32438609
2.061,0,0,11.32450013
2.062,0,0,11.3246152
2.063,0,0,11.32472979
2.064,0,0,11.32483183
2.065,0,0,11.32494132
2.066,0,0,11.32506229
2.067,0,0,11.32517588
2.068,0,0,11.3252799
2.069,0,0,11.32537811
2.07,0,0,11.32548447
2.071,0,0,11.32558679
2.072,0,0,11.32567726
2.073,0,0,11.32576791
2.074,0,0,11.32586357
2.075,0,0,11.32595661
2.076,0,0,11.32604499
2.077,0,0,11.32612812
2.078,0,0,11.32620475
2.079,0,0,11.3262894
2.08,0,0,11.32636965
2.081,0,0,11.32645038
2.082,0,0,11.32652341
2.083,0,0,11.32659172
2.084,0,0,11.32666224
2.085,0,0,11.32671849
2.086,0,0,11.32677486
2.087,0,0,11.32682842
2.088,0,0,11.32688721
2.089,0,0,11.32693586
2.09,0,0,11.32698248
2.091,0,0,11.32702511
2.092,0,0,11.32706946
2.093,0,0,11.32711494
2.094,0,0,11.32714336
2.095,0,0,11.32717646
2.096,0,0,11.32720413
2.097,0,0,11.32723664
2.098,0,0,11.32726418
2.099,0,0,11.32727712
2.1,0,0,11.32728885
2.101,0,0,11.32729554
2.102,0,0,11.3273067
2.103,0,0,11.3273127
2.104,0,0,11.3273199
2.105,0,0,11.32731489
2.106,0,0,11.32731361
2.107,0,0,11.32730045
2.108,0,0,11.32729108
2.109,0,0,11.32727965
2.11,0,0,11.32727073
2.111,0,0,11.32725712
2.112,0,0,11.32722918
2.113,0,0,11.32720292
2.114,0,0,11.32717226
2.115,0,0,11.32714485
2.116,0,0,11.32710304
2.117,0,0,11.32706659
2.118,0,0,11.32702327
2.119,0,0,11.32698267
2.12,0,0,11.32694533
2.121,0,0,11.32689296
2.122,0,0,11.32684587
2.123,0,0,11.32678991
2.124,0,0,11.32674561
2.125,0,0,11.32669106
2.126,0,0,11.3266357
2.127,0,0,11.32657818
2.128,0,0,11.32651814
2.129,0,0,11.32645068
2.13,0,0,11.32637681
2.131,0,0,11.32631735
2.132,0,0,11.32625059
2.133,0,0,11.32618437
2.134,0,0,11.32611269
2.135,0,0,11.32604657
2.136,0,0,11.32597721
2.137,0,0,11.32590427
2.138,0,0,11.32583369
2.139,0,0,11.32576181
2.14,0,0,11.32569237
2.141,0,0,11.32562268
2.142,0,0,11.3255511
2.143,0,0,11.32546759
2.144,0,0,11.3253886
2.145,0,0,11.32531092
2.146,0,0,11.32523654
2.147,0,0,11.32516528
2.148,0,0,11.32508843
2.149,0,0,11.32502128
2.15,0,0,11.32494116
2.151,0,0,11.32486732
2.152,0,0,11.3247924
2.153,0,0,11.32473158
2.154,0,0,11.32465835
2.155,0,0,11.32458198
2.156,0,0,11.3245093
2.157,0,0,11.32443696
2.158,0,0,11.32437373
2.159,0,0,11.32429287
2.16,0,0,11.32422316
2.161,0,0,11.32415512
2.162,0,0,11.32409359
2.163,0,0,11.3240317
2.164,0,0,11.32396793
2.165,0,0,11.32390842
2.166,0,0,11.32384328
2.167,0,0,11.32378507
2.168,0,0,11.3237278
2.169,0,0,11.32368236
2.17,0,0,11.32362695
2.171,0,0,11.32358014
2.172,0,0,11.3235214
2.173,0,0,11.32346424
2.174,0,0,11.32341708
2.175,0,0,11.32337791
2.176,0,0,11.32333933
2.177,0,0,11.32329245
2.178,0,0,11.32325625
2.179,0,0,11.32322298
2.18,0,0,11.32319521
2.181,0,0,11.32315496
2.182,0,0,11.32313095
2.183,0,0,11.32310815
2.184,0,0,11.32308466
2.185,0,0,11.32306405
2.186,0,0,11.32303596
2.187,0,0,11.32301727
2.188,0,0,11.32299269
2.189,0,0,11.32297995
2.19,0,0,11.32296854
2.191,0,0,11.32296161
2.192,0,0,11.32295809
2.193,0,0,11.32295551
2.194,0,0,11.32295186
2.195,0,0,11.3229439
2.196,0,0,11.32295162
2.197,0,0,11.32295448
2.198,0,0,11.32296116
2.199,0,0,11.32296243
2.2,0,0,11.32296851
2.201,0,0,11.32298156
2.202,0,0,11.32299107
2.203,0,0,11.32299727
2.204,0,0,11.32300954
2.205,0,0,11.32302911
2.206,0,0,11.32305578
2.207,0,0,11.32308017
2.208,0,0,11.32309501
2.209,0,0,11.32311787
2.21,0,0,11.32314338
2.211,0,0,11.32317169
2.212,0,0,11.32320651
2.213,0,0,11.32323563
2.214,0,0,11.32327253
2.215,0,0,11.32330025
2.216,0,0,11.32332835
2.217,0,0,11.32335551
2.218,0,0,11.32339763
2.219,0,0,11.32344116
2.22,0,0,11.3234812
2.221,0,0,11.323516
2.222,0,0,11.32355604
2.223,0,0,11.32360954
2.224,0,0,11.32365217
2.225,0,0,11.32369706
2.226,0,0,11.32373796
2.227,0,0,11.32378802
2.228,0,0,11.3238413
2.229,0,0,11.32388383
2.23,0,0,11.32392549
2.231,0,0,11.32396821
2.232,0,0,11.32401626
2.233,0,0,11.32406536
2.234,0,0,11.32411639
2.235,0,0,11.32416618
2.236,0,0,11.32422643
2.237,0,0,11.32428016
2.238,0,0,11.32432138
2.239,0,0,11.32436576
2.24,0,0,11.3244218
2.241,0,0,11.32447564
2.242,0,0,11.3245196
2.243,0,0,11.32456209
2.244,0,0,11.3246075
2.245,0,0,11.32465727
2.246,0,0,11.32469755
2.247,0,0,11.32474349
2.248,0,0,11.32478584
2.249,0,0,11.32483728
2.25,0,0,11.32488786
2.251,0,0,11.32492855
2.252,0,0,11.32496656
2.253,0,0,11.32500562
2.254,0,0,11.32504963
2.255,0,0,11.32509552
2.256,0,0,11.32513213
2.257,0,0,11.32517118
2.258,0,0,11.32521197
2.259,0,0,11.32524567
2.26,0,0,11.32527122
2.261,0,0,11.3253052
2.262,0,0,11.3253432
2.263,0,0,11.32537741
2.264,0,0,11.32540721
2.265,0,0,11.32543574
2.266,0,0,11.3254689
2.267,0,0,11.3255022
2.268,0,0,11.32552935
2.269,0,0,11.32555377
2.27,0,0,11.3255745
2.271,0,0,11.32560161
2.272,0,0,11.32562463
2.273,0,0,11.32564341
2.274,0,0,11.32565566
2.275,0,0,11.32566463
2.276,0,0,11.32568017
2.277,0,0,11.32570269
2.278,0,0,11.32572098
2.279,0,0,11.32573719
2.28,0,0,11.32575298
2.281,0,0,11.32576224
2.282,0,0,11.32576313
2.283,0,0,11.32576897
2.284,0,0,11.32577696
2.285,0,0,11.32578365
2.286,0,0,11.32578003
2.287,0,0,11.32577228
2.288,0,0,11.32577304
2.289,0,0,11.32576973
2.29,0,0,11.32576565
2.291,0,0,11.32576114
2.292,0,0,11.32575456
2.293,0,0,11.32574858
2.294,0,0,11.32574304
2.295,0,0,11.32573369
2.296,0,0,11.32571969
2.297,0,0,11.32570122
2.298,0,0,11.32569104
2.299,0,0,11.32567858
2.3,0,0,11.3256625
2.301,0,0,11.32564515
2.302,0,0,11.32562928
2.303,0,0,11.32560751
2.304,0,0,11.32557997
2.305,0,0,11.32556099
2.306,0,0,11.32554139
2.307,0,0,11.32552306
2.308,0,0,11.32549737
2.309,0,0,11.32547577
2.31,0,0,11.32545758
2.311,0,0,11.32543078
2.312,0,0,11.32540793
2.313,0,0,11.32537634
2.314,0,0,11.32535186
2.315,0,0,11.32532716
2.316,0,0,11.32529915
2.317,0,0,11.32526222
2.318,0,0,11.32523003
2.319,0,0,11.32519687
2.32,0,0,11.32517061
2.321,0,0,11.32514757
2.322,0,0,11.32512262
2.323,0,0,11.32509925
2.324,0,0,11.32506788
2.325,0,0,11.32503319
2.326,0,0,11.32499929
2.327,0,0,11.32497155
2.328,0,0,11.32493945
2.329,0,0,11.324904
2.33,0,0,11.32486376
2.331,0,0,11.32483164
2.332,0,0,11.32480476
2.333,0,0,11.32477084
2.334,0,0,11.32474099
2.335,0,0,11.3247039
2.336,0,0,11.32467949
2.337,0,0,11.32465227
2.338,0,0,11.32462006
2.339,0,0,11.32459093
2.34,0,0,11.32455751
2.341,0,0,11.32452558
2.342,0,0,11.32449306
2.343,0,0,11.32446872
2.344,0,0,11.32444119
2.345,0,0,11.32442108
2.346,0,0,11.32439027
2.347,0,0,11.32435435
2.348,0,0,11.32432776
2.349,0,0,11.32430654
2.35,0,0,11.32428725
2.351,0,0,11.32425968
2.352,0,0,11.32423955
2.353,0,0,11.32422347
2.354,0,0,11.32420341
2.355,0,0,11.32418148
2.356,0,0,11.32416116
2.357,0,0,11.3241413
2.358,0,0,11.32412412
2.359,0,0,11.32410794
2.36,0,0,11.32408428
2.361,0,0,11.32406995
2.362,0,0,11.32404819
2.363,0,0,11.32404122
2.364,0,0,11.32403088
2.365,0,0,11.32402153
2.366,0,0,11.32401693
2.367,0,0,11.32401428
2.368,0,0,11.32400258
2.369,0,0,11.32398476
2.37,0,0,11.32397992
2.371,0,0,11.32397078
2.372,0,0,11.32396563
2.373,0,0,11.3239501
2.374,0,0,11.32394544
2.375,0,0,11.32394615
2.376,0,0,11.32394247
2.377,0,0,11.32394246
2.378,0,0,11.32393392
2.379,0,0,11.32393784
2.38,0,0,11.32394151
2.381,0,0,11.32394991
2.382,0,0,11.32394809
2.383,0,0,11.32394833
2.384,0,0,11.32394612
2.385,0,0,11.32395115
2.386,0,0,11.32395795
2.387,0,0,11.3239625
2.388,0,0,11.32397629
2.389,0,0,11.3239854
2.39,0,0,11.32399193
2.391,0,0,11.323989
2.392,0,0,11.32400124
2.393,0,0,11.32401962
2.394,0,0,11.32403813
2.395,0,0,11.32404411
2.396,0,0,11.32405647
2.397,0,0,11.32407869
2.398,0,0,11.32409334
2.399,0,0,11.3241092
2.4,0,0,11.32411529
2.401,0,0,11.32413244
2.402,0,0,11.32414943
2.403,0,0,11.32416538
2.404,0,0,11.32418277
2.405,0,0,11.32419513
2.406,0,0,11.32421657
2.407,0,0,11.32423711
2.408,0,0,11.3242622
2.409,0,0,11.32428013
2.41,0,0,11.32431007
2.411,0,0,11.3243355
2.412,0,0,11.32434984
2.413,0,0,11.32435833
2.414,0,0,11.3243747
2.415,0,0,11.32440245
2.416,0,0,11.32441858
2.417,0,0,11.32443477
2.418,0,0,11.32445381
2.419,0,0,11.32447822
2.42,0,0,11.32449856
2.421,0,0,11.32451672
2.422,0,0,11.32453361
2.423,0,0,11.32455658
2.424,0,0,11.32458653
2.425,0,0,11.32460371
2.426,0,0,11.32462163
2.427,0,0,11.32463276
2.428,0,0,11.32465341
2.429,0,0,11.32467124
2.43,0,0,11.32469326
2.431,0,0,11.3247114
2.432,0,0,11.32473407
2.433,0,0,11.3247542
2.434,0,0,11.32476311
2.435,0,0,11.32478227
2.436,0,0,11.3247988
2.437,0,0,11.3248265
2.438,0,0,11.32484231
2.439,0,0,11.32485895
2.44,0,0,11.32487683
2.441,0,0,11.32489572
2.442,0,0,11.32491613
2.443,0,0,11.3249233
2.444,0,0,11.32493215
2.445,0,0,11.32494487
2.446,0,0,11.32496412
2.447,0,0,11.32497685
2.448,0,0,11.32499077
2.449,0,0,11.32499934
2.45,0,0,11.32501142
